41772.89404171818
41772.89404171818
41772.89404171818
41772.89404171818
41772.672019226884
41772.672019226884
41772.67201922653
41772.67201922653
41772.67201922653
41772.67201922653
41772.67201922653
41772.67201922653
41772.67201922653
35218.70463790101
35218.70463790101
35153.91561021162
35153.91561021162
35130.345655542056
35130.345655542056
35130.345655542056
35129.95698084913
35129.131028041986
35129.131028041986
35129.131028041986
35129.131028041986
35129.131028041986
35127.657062613725
35127.657062613725
35127.657062613725
35127.657062613725
35127.657062613725
35127.657062613725
35127.657062613725
35127.657062613725
35127.657062613725
35127.657062613725
35127.657062613725
35127.53521076733
35127.53521076733
35127.53521076733
32162.633090956388
32162.539671013536
32162.539671013536
32162.539671013536
32162.538176894668
32162.538176894668
32162.476579304803
32162.476579299528
32162.419967298792
32162.41996683126
32162.41996683126
32162.419744829283
32162.08164600215
32160.864504448546
32160.864504448546
32160.864504448546
32160.864504448546
32160.864504448546
32160.864387666992
32160.86431880342
32160.864297663928
32160.864297663928
32160.864297663928
32160.804305166424
32160.804305166424
32160.804305166424
32160.66105906367
32160.66105906367
32123.679159754833
32123.679159754833
32123.679159754833
32123.349352148784
32123.349352148784
32123.349352148784
31737.738159015207
31737.738159015207
31737.158285123245
31737.158285123245
31737.15804610045
31737.158046095705
30034.79612240346
30034.796122401043
29896.74343905392
29896.743438978636
29896.705054157035
29691.85320974683
29691.85320974666
29691.853208923876
29685.699808659167
29685.699808659167
29685.699808659167
29685.639644725507
29685.639644725507
29685.639644725507
29685.639644725507
29685.639644725507
29685.63964472549
29685.63964472549
29114.746117011106
29114.746117011106
29114.746117011106
29114.40610761586
29114.40610761586
28083.69615735424
27979.8382242172
27979.8382242172
27979.8382242172
27979.8382242172
27979.724093126388
27979.724093126388
27979.724093126388
27979.724093126388
27979.724093126137
27979.724093126137
27979.724093126137
27979.724093126137
27979.724093126137
27979.724093126137
27979.724093126137
27979.724093126137
27979.724093126137
23947.416678387104
23823.313432217583
23823.313431568928
23823.31277166046
23823.31277166046
23821.909956361626
23821.892817689113
23821.892817689113
23821.892817689113
23821.892817689113
23821.892817689113
23821.892817689113
23562.089545157847
23562.089545157847
23562.089545157847
23562.089545157847
23562.08952359749
23562.08952359749
22564.59750284648
22564.59747919675
22564.59747919675
22564.59747919675
22564.59747919675
22564.59747919675
22564.59747919675
22564.59747919675
22564.59747919675
22564.59747919675
22564.59747919675
22564.587470793642
22563.43478346185
22563.43478346185
22563.43478346185
22563.43478346185
22563.23247183304
22563.23247183304
22350.382847312478
22350.382847312478
22350.382847312478
22350.382847312478
22350.382847312478
22350.37458827213
22350.353024603908
22350.352986394115
22350.14750399643
22350.14750399643
22350.14750399643
19760.78164196374
19760.78164185424
19760.78164185424
19760.781466737106
19760.781466737106
19760.781466737106
19760.781466737106
19760.78088631476
19760.78088630555
19760.78088630555
19760.78088630555
19760.78088630555
19760.78088630555
19760.78088630555
19760.78088630555
19760.78088630555
19760.78088630555
19760.78088630555
19668.748635972373
19668.74863594101
19668.74863594101
19668.74863594101
19668.74863594101
19668.74863594101
19668.74863594101
19668.74863594101
19668.741067059098
19668.740886548934
19668.740886548934
19668.74078517887
19668.74078517887
19668.473224607304
19668.47322460596
19668.47322460596
19668.47322460596
19668.47322460596
15135.925652092972
15135.925652092972
15135.925652092972
15135.925652092972
15135.925652048676
15135.925652048676
15135.925652048676
15126.570685588063
13006.769252702374
13006.28694795111
13006.277149767524
13006.277149767524
13006.277149767524
13006.277149767524
13006.277149767524
13006.277149767524
13006.277149767524
13006.277149767524
13006.277149767524
13006.277149767524
13006.277149767524
13006.277149767524
12885.897687639972
12885.897687639972
12885.897687639972
12885.897687639972
12885.897687639972
12885.897687639972
12885.897680117303
12885.897680117303
12885.897680117303
12885.897680117303
12885.897680117303
12885.897680117303
12885.897680117303
12885.89766532931
12884.779994071281
12884.779994071281
12884.779993931976
12884.779993931976
12884.779993931976
12884.779993931976
12884.779993931976
12884.779993931976
12884.77244210637
12884.77244210637
12884.77244210637
12884.77244210637
12884.77244210637
12884.77244210637
12884.747108869266
12884.747108869266
12884.747108869266
12786.825273605496
12786.825273553117
12786.825273553117
12786.825273553117
12786.825273553115
12786.825273553115
12786.825273553115
12786.825273553115
12786.814794052572
12786.814794052572
12786.814794052572
12786.814794052572
12786.814794052572
12767.630085990113
12767.630085990113
12767.630085990113
10574.633933688212
10574.633933688212
10574.633933688212
10574.633933688212
10574.56647562958
10574.56647562958
9186.580278309595
9186.580278309595
9186.580278309595
9186.580278264386
9186.580278264386
9178.348291260276
9178.348291260276
9178.348291260276
9178.348291260276
9178.348291260276
9178.111058177808
9178.111058177808
9178.111058177808
9178.111058177808
9178.111057880391
9178.111057880391
9178.111057880391
9178.111057880391
9178.111057880391
9178.10566655458
9178.10566655458
9178.10566655458
9178.10566655458
9178.105602629113
9176.213316056737
9176.213316056737
9176.213316056737
9176.213316056595
9176.213316056595
9176.213316056595
9176.213316056595
9176.213316056595
9176.213316056595
9176.213316056595
9176.213316056595
9176.213316056595
9176.213316056595
9176.213316056595
9174.027198205695
9174.015996947188
9174.008863849162
9174.008863849162
9174.008863849162
9174.008863848996
9174.008863848996
9174.008863848996
9174.008717767003
9174.008717767003
9174.008717767003
9174.008717767
9174.008717767
9174.00691314242
8855.578896576168
8855.577307119935
8855.577307119935
8855.577307119935
8855.577307119935
8855.577296549212
8855.577296549212
8855.577296549212
8855.577296549212
8855.57729653135
8855.57729653135
8855.57729653135
8855.577217201419
8855.577217201419
8855.577217201417
8855.577217201417
8854.954595779544
8854.954595779544
8854.954595779544
8816.273071589747
8807.245140459361
8807.245140459361
8807.245140459361
8807.245140458834
8807.245140458834
8807.245140458834
8796.357914320672
8796.357914320672
8796.357914320672
8796.357914320672
8796.357914320672
8796.357914320672
7131.8422523672825
7131.842248799102
7131.8422487991
7131.8422487991
7131.8422487991
7131.8422487991
7131.8422487991
7131.8422487991
7131.8422487991
7131.8422487991
7131.8422487991
7131.8422487991
7131.8422487991
7131.8422487991
7131.8422487991
7131.8422487991
7131.8422487991
7131.8422487991
7131.8422487991
7131.8422487991
7131.8422487991
7131.8422487991
7131.842004574691
7131.842004574691
7131.842004574691
7131.842004574691
7131.842004569915
6581.884930262983
6581.884930262983
6581.884930262983
6581.88153309484
6581.881533094635
6581.881413729501
6581.881413729501
6547.578496174203
6547.578496174203
6547.578496174203
6501.386355606353
6501.386355510134
6501.386355510134
6501.386340674913
6501.386340674913
6501.386340674913
6497.297390322479
6497.297390322479
6497.297390322479
6497.290077873504
6497.290077873504
6497.290077440111
6497.290077440111
6497.290077440111
6497.290010448133
6497.290010448133
6497.288677662908
6497.288675775658
6497.288187706084
6497.288187706084
6497.288187706084
6497.288187693838
6497.288187693838
6497.288187693838
6497.288187693838
6198.536773749842
6198.536773749842
6198.536773749842
6158.151691956596
6158.151691956596
6158.151691956596
6158.151691956596
6158.151691956596
6158.151691956596
6158.151691956596
6158.151691956596
6158.151691956596
6158.151691956596
6158.151691956596
6158.151691956596
6158.151691956596
6158.151691956596
6158.151691956596
6127.411892498927
6127.411783283069
6127.411783283069
6127.411783188946
6127.411783188946
6127.411783188946
3436.7671831346124
3436.767183134612
3436.767183134612
3436.7668027950363
3434.953986785739
3434.953986785739
3434.953986785739
3434.953986785739
3434.953986785739
3434.953986785739
3434.953986785739
3434.953986785355
3434.953986785355
3434.953985487951
3434.953985487951
3434.953985487951
3434.953985487951
3434.949444310056
3434.949444310056
3434.949444310056
3434.949444310056
3434.949444310056
3434.949444310056
3434.949444310056
3434.949444310056
3434.949444310056
3434.949444310056
3434.949444310056
3434.9494443100307
3434.9494443100307
3434.9494443100307
3434.9494443100307
3434.9494443100307
3434.9494443100307
3053.1833311967002
3053.1833311967002
3053.1833311967002
3053.1833311802484
3053.1833311802484
3053.1833311802484
3053.1833246545953
3053.1833246545953
3053.1830921323613
3053.1830921323613
3053.1830921323613
3053.1830921323613
3053.1830921296264
3053.1830921296264
3053.1830921296264
3053.1830921296264
3053.1830921296264
3053.183092129624
3053.183092129614
3053.183092129614
3053.183092129597
3053.183092129597
3053.183092129597
3053.183092129597
3053.102107414462
3053.102107414462
3053.102107414462
3053.1020185311695
3053.1020185311695
3053.1020185311695
3053.1020185311695
3053.102013422131
3053.102013422131
3053.102013422131
3053.102013422131
3053.101354097535
3053.101354097535
3053.1013540975327
3053.1013540975327
3053.1013540975327
3053.1013540975327
3053.1013540975327
3053.1013540975327
3053.0910054380915
3053.0910054380915
3053.0910054380915
3053.0910054380915
3053.0910054380915
3053.0910054360834
3053.0910054360834
1211.654569802506
1211.6545682350784
1211.6545682350784
1211.6545175075103
1211.6545175075103
1211.6545175075103
1211.6545175075103
1211.6545175075103
1211.6545175075103
1211.6545175075103
1211.6545175075103
1211.6482634359334
1183.2688190526665
1183.2688190526665
1183.2688190526665
1183.2688190526665
1183.2688190526665
1183.2688190526665
1183.2590287863402
1183.2590287863395
1183.2590287863395
1183.2590276941596
1183.2590276941596
1183.2590276941596
1183.2590276941596
1183.2590276941596
1183.2590276941596
1183.2590276941596
1183.0713740471317
1183.0713740471317
1183.071360299827
1183.071360299827
1183.071360299827
1183.071360299827
1183.0713602989952
1145.4901745346222
1145.4901745346222
1145.4635834175547
1145.4635834175547
1145.4635834175547
1145.4635834175547
1145.4635834175547
1145.4635834175547
1145.4635834160324
1145.4635834160324
1145.4635834160324
1145.4635832225754
1145.4635832225185
1145.4635832225185
1145.4635832225185
1145.4635832225185
1140.6720506017402
1140.6720499611738
1140.6720499611738
1140.672042872278
1140.6720428717902
1140.6720428717902
1140.6720428717902
1140.6720428717902
1140.6720428717902
1140.6720428717902
1140.6720428717902
1140.6720428717902
1140.6720428717902
1140.6720428717897
1140.671813395616
1140.6718133913703
1140.6718133913703
1140.6718133913703
1140.6718133913703
1140.6718133913703
1140.6718133913703
1140.6718133913703
1140.671810080918
1140.671810080918
1140.671810080918
1140.6718100808434
1140.6718100808434
1140.6718100808434
1140.6718094824812
1140.6718094824812
1140.6718094824812
1140.6718094824812
1140.6718094824812
1140.6718094824812
1140.6718094824812
1140.6718094824812
1139.880492905431
1139.880492905431
1139.880492905431
1139.8804902953818
1139.8804902953818
1139.8804902953818
1139.8804902953818
1139.8804902953818
1139.8804902953818
1139.8804902953818
1139.8804902953818
1139.8804902953818
1139.8804902953818
1139.8804902953818
1139.8804902953818
1139.8804902953818
1139.8804902953818
1139.8804902953818
1139.8804902851475
1139.1459980137556
1139.1459980137556
1139.1459980137556
1112.1052850428882
1112.0599527276984
1112.0592643166374
1112.0592643166374
1112.0592643166374
1112.0592643166374
1112.0592643166374
1112.0592643166374
1112.0592643166374
1112.0592643164691
1112.0592643164691
1112.0592643164691
1112.0592643164464
1112.0592643164464
1112.058100719893
1112.058100719893
1112.0581007198446
1112.0581007198446
1112.0581007198446
1112.0581007198446
1112.0511190103277
1112.0511190103277
1112.0511190103277
1112.0511190086195
1112.0511190086195
1112.047198627697
1112.047198627697
1112.047198627697
1112.047198627697
1112.047198627697
1112.047198627697
1112.047198627697
1112.0471906970567
1112.0471906970567
1112.0471906970567
1112.0471906970567
1112.0471906953433
1112.0471906953433
1112.0471906953433
1112.0471906953433
1112.0471906953433
1112.0471906953433
1112.0471906953433
1112.0471906953433
1112.0471906953433
1112.047190246962
1112.047190246962
1112.047190246962
1112.047190246962
1112.047190246962
1112.047190246962
1112.047190246962
1112.047190246962
1112.047190246962
1112.047190246962
1112.0471902469617
1112.047190132985
1112.046844354915
1112.0468443549055
1112.0468443549055
1112.0468443549055
1112.0468443549055
1112.0468443549055
1112.046646463935
1112.046646463935
1112.0458420937682
1112.0458420937682
1112.0458420832917
1109.3765824310713
1109.213144393084
1109.213144393084
1105.2962440974013
1105.2962440974013
1105.2962440974013
1105.2962440974013
1105.2962440974013
1105.2962440974013
1105.2962440973777
1105.2962440973777
1105.2962440973777
1105.2962440934027
1105.2962440934027
1105.2884952969412
1105.2884950373461
1105.2884950373448
1105.2884950373448
163.9171051129958
163.91405503410073
163.91405503410073
163.91405503410073
163.9140121334668
163.91401202198264
163.91401202198264
163.91398543588966
163.91398543588966
163.91398543588966
163.91398543588966
163.91398543588966
163.91398543588966
163.91398543588966
163.91398543588966
163.91364018791526
163.91364018791526
163.91364018791526
163.91364018791526
163.91364018791526
163.91364018791526
163.91364018791526
163.91364018791526
163.91364018791526
163.91364018791526
108.4431657366386
108.4431657366386
108.4431657366386
108.4431657366386
103.05941700176983
103.05941700176983
103.05941700176983
103.05941700176983
103.05941700176983
103.05941700176983
103.05941700176969
103.05941700176969
103.05941700176969
103.05941700176969
103.05941700176969
103.05941700176969
103.05941700176969
103.05941700176969
103.05941700176969
97.55340187208566
97.55340187208566
97.55340187208566
97.55340187208556
97.55340187208556
97.55340187155491
97.55340187155491
97.55340187155491
97.55340187154813
97.55340187154813
97.55340187154813
97.55340186574969
97.55340186574969
97.55340186574969
97.55340186574969
97.55340186574969
97.55340186574969
97.55340186574969
97.55340186574934
91.59432156163402
91.59432156163402
91.59432156163402
91.59432156163402
91.59432156163402
91.59432156163402
91.14447483754459
91.1444748345535
91.1436103760249
91.1436103760249
91.1436103760249
91.14361037177173
91.14361037177173
84.40147407013572
83.64940249672912
83.64940249672912
83.64940249672912
83.64940249672912
83.64902009322041
83.64902009322041
83.64902009322041
83.64901943266082
83.64897500044587
83.64897500044587
83.64897500044587
83.64897500044587
83.64547862344862
83.64547862344862
83.64547862344862
83.64547845584093
83.64547845584093
83.64547845584093
83.64547824713691
83.64547824713691
83.64547824711117
83.64547824711117
83.64547718177192
83.64547718177192
83.64547718177192
83.64547718177192
83.64547718177192
83.64547718177192
83.64547718177192
83.64545067483212
83.64545067483212
83.64519736441369
83.64519736441369
83.64519736441369
83.64519736441369
83.64511566621142
83.64511566621142
83.64511566621142
83.64511566621142
83.64511566621138
83.64511566621138
78.66812459260498
78.66812459260498
78.66812459260498
78.66812459260498
78.66812458801618
78.66812458801618
78.53787283082804
78.53787282978689
78.53787282978689
78.48280585216916
78.47927200254759
78.47927200254759
78.47927200254759
78.47927161206735
78.47927161206735
78.47927161206735
78.47927161206735
78.47927084218921
78.4792708416697
78.4792708416697
77.15688836678709
77.15486236081198
77.15486213876217
77.15486153893947
77.15486153893947
77.15486153893947
77.14793845792916
77.14793845792916
77.14793845792916
77.14793845792026
77.14793845792026
77.14793845599046
77.14793845599046
77.14793845599046
77.14793845599046
77.14793845599046
77.14793845599046
77.14788082950459
77.14788082950459
77.14788082950459
77.14788082950459
77.14788082950459
77.14788082950459
77.14788082950459
77.14788082950459
77.14788082950459
77.14788082950459
77.14788082950459
77.14788082950459
77.14774011659289
77.14774011659289
77.14774011659289
77.1477401164277
77.1477401164277
77.1477401164277
77.1477401164277
77.14774011636199
77.14774011636199
77.14774011636199
77.14774011636199
77.14774011636199
77.14774011636199
77.14774011636199
77.14774011636199
77.14770013653823
77.14770013653823
77.14770013648481
77.14770013648481
77.14770013648481
77.14770013648481
77.14770013648481
77.14770009462335
77.14770009462335
77.14770009459464
77.14770009459464
56.02203484120271
56.02203484120271
56.0220348411934
56.02203232629847
56.02203232629847
56.02202915981821
54.47234703487461
54.47234703487461
54.47234703487461
54.472347034850465
54.472347034850465
54.472347034850465
54.472347034850465
54.472347034850465
54.472347034850465
54.472347034850465
54.47233127671743
54.47233127671743
54.47233127671743
54.47233127671743
54.471398250459146
54.47139824925346
54.47139824925346
54.47139824925346
54.47139822528599
54.47139822528599
54.47139822528599
54.47139822528599
54.47139822528599
54.47139822528599
54.47139822528599
54.47139822528599
54.47139822528599
54.47139822528599
54.47139822528599
54.471385257458614
54.471385257458614
54.471385257458614
54.46799422877127
54.46799422877127
54.46799422877127
54.467964679037735
54.467964679037735
54.467964679037735
54.467964679037735
54.467964679037735
54.467964679037735
54.467964679037735
54.467964679037735
54.46796467903739
54.46794336959836
54.46794336959836
54.46794336959836
54.46794336959836
54.46794336959836
54.46794336959836
54.46794336959836
54.46794336959836
54.46794336959836
54.46794336959836
54.46794336959836
54.46794336507795
54.46794336507795
54.46794336507795
54.46794336507795
54.46794141084586
54.46794141084586
54.46794141084586
54.46794141084586
54.46794138382488
54.46794138382488
53.97297667814598
53.97297667814598
53.97287522112203
53.97287522112203
53.97287522112203
53.97287522112201
53.97287522112201
53.97287511606464
53.97287511606464
53.97287511606464
53.97287511606464
53.97287511606464
53.972875083597934
53.972872325766325
53.972872325766325
53.972872325766325
53.972872325766325
53.972872325766325
53.972872325766325
53.972872325766325
53.972872325766325
53.972872325766325
53.972872325766325
53.972872325766325
53.972872325766325
53.97287232576393
53.9728723257634
53.97287232576339
53.97287232576339
53.97287225381287
53.97287225381287
53.97287225381287
53.97287225381287
53.97287225381287
53.97287225381287
53.97287225381287
53.97287225381283
53.97287225381283
53.97287225381283
53.89755361506254
53.89755361506254
53.89755361506254
53.89751027146553
53.897510268854425
53.897510268854425
53.897510268854425
53.897510268854425
53.897510268854425
53.897510268854425
53.897510268854425
53.897510268854425
53.897510268854425
53.864985422298815
53.86498539983244
53.86498539983244
53.86498537432453
53.8513780324158
53.8513780324158
53.8513780324158
53.8513780324158
53.8513780324158
53.8513780324158
53.85137800644334
53.85137800644334
53.85137800644334
53.85137800644334
53.85137800644334
53.8513780064432
53.8513780064432
53.8513780064432
53.851349406407174
53.851349406407174
53.851349406407174
53.851349362564164
53.851349362564164
53.851349362564164
53.851349362564164
53.85134930564627
53.85134930564627
53.851348513425485
53.851348513425485
53.851348513425485
53.851348513425485
53.851348513425485
53.85134851341975
53.85134849808736
53.85134849808736
53.85134849808736
53.85105959779514
53.81289925928493
53.81289925928493
53.81289925928493
53.81289925928493
53.81289925928493
53.81289925928493
53.81289925928493
53.81289925928493
53.81289925928493
53.81289925928493
52.3208163144659
52.3208163144659
52.31974713626163
52.31974713626147
52.31974713626147
52.31974713626147
52.31974713626147
52.31974713626147
52.31974713626147
52.31974713626147
52.31974713626147
52.31974713626147
52.31974713626147
52.31974713626147
52.31974713626147
52.31974713626147
52.31974713626147
52.31974713626147
52.31974713626147
52.31974713626147
52.31974713626147
52.31974713626147
52.31974713626147
52.31974713626147
52.31974713626147
52.31974713626147
52.31974713626147
52.31974713626147
52.31974713626063
52.31974713626063
52.31974713626063
52.319679464568466
52.319679464568466
52.319674562330285
52.319674562330285
52.319674562330285
52.319674562330285
52.319674562330285
52.319674562330285
52.319674562330285
52.3194461717605
52.3194461717605
52.3194461717605
52.3194461717605
52.31944615989612
52.31944614789296
52.31944614789296
52.31944614789296
52.31944614789296
52.31931213068104
52.31931213068104
52.319312130680885
52.319312130680885
52.319312130680885
52.319312130680885
52.319312130680885
52.319312130680885
52.319312130680885
52.31804607536613
52.31804607536613
52.31804607536613
52.31804607536613
52.318046060420755
52.318046060420755
52.31804606042068
52.31804606042068
51.963003348426284
51.963003348426284
51.963003348426284
51.963003348426284
51.962958926617006
51.962958926617006
51.962958926617006
51.962958926617006
51.962958926617006
51.962958926617006
51.962958926617006
51.750008052109386
51.750008052109386
51.750008052109386
51.75000668926398
51.75000668926398
51.75000668926398
51.75000668926398
51.75000668926398
51.75000668926398
51.75000668926398
47.60466170125598
47.60466170125598
47.60466170125598
47.60466163136097
47.60466163136097
47.60466163136097
47.60466163136097
47.60466163136097
47.60466162709993
47.60466162709993
47.60466162709993
47.60466162709993
47.60466162709993
47.60466162709993
47.60466162709993
47.60466162709993
47.60466162709993
47.60466162709993
47.60466162709993
47.60466162709993
47.60466162709993
47.60466162709993
47.60466162405868
47.60466162203367
47.60466162203367
47.60466162203367
47.604661620335335
47.60466162033006
47.60466037409791
47.60466037409791
47.60466037409791
47.60466037409791
47.604656301652845
47.60465630084731
47.604416043046925
47.60439827029478
47.60439827029468
47.60439827029468
47.60374246603047
47.60374246603047
47.60366933675296
47.60366933675296
47.60366933674939
47.60366933674939
47.603669335868645
47.603669335868645
47.60366933583277
47.60366933583277
47.60366933583277
47.60366933583277
47.60366933583277
47.60366249683427
47.60366249683427
47.60366249683427
47.60366249683427
47.60366249683427
47.60366249683427
47.60366249683427
47.6036624422525
47.6036624422525
47.6036624422525
47.6036624422525
47.603403661460526
47.603403661460526
47.603403661460526
47.603403661460526
47.603403661460526
47.603403661460526
47.603403661460526
47.603403661460526
47.603403661460526
47.6034036614575
47.6034036614575
47.6034036614575
47.60340366145744
47.60340366145744
47.60340366145744
47.60338937533071
47.60338937533071
47.60338937533071
47.60338900430413
47.603388636599576
47.603388636599576
47.603388636599576
47.603388636599576
47.603388636599576
47.603388636599576
47.6033886360686
47.6033886360686
47.603388636068544
47.603388636068544
47.60338802286775
47.60338802286775
47.60338802286775
47.60338802286775
47.60338802286775
47.60328624503348
47.60328624503348
47.60328624503348
47.60328624503348
47.60328624503348
47.60328624503348
47.60328624503348
47.60328624503348
47.60328624503348
47.603286108452494
47.603286108441665
47.603286108441665
47.603286108441665
47.602684999548856
47.602684999548856
47.602684999548856
47.60263241736735
47.60263241736735
47.60263241736735
47.602632417299645
47.60263241491221
47.60263241491221
47.60263241491221
47.60263241491221
47.58817389379602
47.58817389379602
47.58817389379602
47.58817389379098
47.58817389379098
47.58817389379098
47.58817389379098
47.58817389379098
47.58817389379098
47.58817389379098
47.58817389379098
47.58817389379098
47.58817389379098
47.58817389379098
47.58817389379098
47.58817389379098
47.58817389379098
47.58817389379098
47.58817389379098
47.58817389379098
47.58817389379098
47.58817389379098
47.58757314071525
47.58757314071525
47.58757314071525
47.58757314071525
47.499497971512525
47.499497971512525
47.499497971512525
47.499497971512525
47.49949797050536
47.49949797050536
47.49949797050536
47.49949797050536
47.49949797050536
47.49949797050536
47.49949797050536
47.49949797050536
47.49949797050536
47.49949797050536
47.49949797050536
47.49949797050536
47.49949797050536
47.49949797050536
47.49949797050536
47.49949796484572
47.49949796484372
47.49949796484372
47.49949796484372
47.49949796484372
47.49949796484372
47.49949796484372
47.49949796484372
47.49949796484372
47.49949796484372
47.49949796484372
47.49949796484372
39.66934661181649
39.66934661181649
39.66934661181649
39.66934661181649
39.66934661181649
39.66934171399029
39.66934171397226
39.66934171397226
39.66934171397226
39.66934171397226
39.669341174173134
39.66933823063282
39.66933823063282
39.66933823063282
39.66933823063282
39.66933823063282
39.66933823063262
39.66933823063262
39.66933823063262
39.66933823063262
39.66933823063262
39.66933823063262
39.66933823063262
39.66933823063262
39.66933822780597
39.66933822780597
39.66933822780597
39.66933822780597
39.66933822780597
39.66933822780597
39.66933822780597
39.66933822780597
39.66933822780597
39.66933822780597
39.66933822780597
39.66933822780597
39.66933822780597
39.66933822780597
39.66933822780597
39.66933822780597
39.66933822780597
39.669337395808114
39.66933339092202
39.66933339092202
39.66933339092202
39.66933339092202
39.66933152224655
39.66933152224655
39.66933152224655
39.66933152223978
39.66933152223978
36.93845241845818
36.93845241845818
36.93845241845818
36.93845241845818
36.93845241845818
36.93845241845818
36.93845241845244
36.93833991662056
36.93833991662056
36.93833991662056
34.56431138468604
34.56431138468604
34.56431138468604
34.5643113772229
34.5643113772229
34.5643113772229
34.5643113772229
34.5643113772229
34.5643113772229
34.5643113772229
34.5643113772229
34.5643113772229
34.5643113772229
34.5643113772229
34.5643113772229
34.5643113772229
34.56430941746488
34.564309417455064
34.564309417455064
34.564309417455064
34.56430941745495
34.56430941745495
34.564309415588575
34.564309415588575
34.564309415542056
34.564309415542056
34.564309415542056
34.564309415542056
34.564309415542056
34.564309415542056
34.56319671297268
34.56319671297268
34.56319671297268
34.56319671297268
34.56319671297222
34.56319671297222
34.56319671297222
34.56319671297222
34.56319671297222
34.56319671297222
34.56319671297222
34.56319671297222
34.56319671297222
34.56319671297222
34.56319671297222
34.56319671297222
34.56319671297222
34.56319671297222
34.56319671297222
34.56319671297222
34.56319671297222
34.56319671297222
34.56319671297222
34.56319671297222
34.56319671297222
34.56319671297222
34.56319671297222
34.56319671272319
34.56319671210658
34.56188942149826
34.56188942149826
34.56188942149826
34.56188942149826
34.56188942149826
34.56188942149826
34.561885193999025
34.561885193999025
34.561885193999025
34.561885193999025
34.561885193972564
34.561885193972564
34.561885193972564
34.56152566605583
34.56152566605583
34.56152566605583
34.56152566605583
34.56152566605583
34.56152566605583
34.56152566586087
34.56152566586087
34.56152561797815
34.51574353254913
34.510960735852414
34.510960735852414
34.510960735852414
34.510960735852414
34.510960735852414
34.51096073585239
34.51096073585239
34.51096073585239
34.51096073585239
34.51096073585239
34.51096073585239
34.51096073585239
34.51096073412084
34.51096073412084
34.51096073412084
34.51096073412084
34.51096073412084
34.51096073412084
34.51096073399853
34.51096056915763
34.51096056915758
34.51096033744246
34.51096033744241
34.51096033744241
34.51096033744241
34.51096033744241
34.51096033744241
34.51096033744241
34.51084025796135
34.51084025796135
34.51084025521067
34.51084025521067
34.51084025521067
34.51084025521067
34.51084025521067
34.51084025521067
31.64595610603947
31.64595610603944
31.64595610603944
31.64595554457832
31.645955492071224
31.645955492071224
31.645955492071224
31.645955492071224
31.645955492071224
31.645955492053417
31.645955492053417
31.645955492053417
31.645955492053417
31.645955492053417
31.645955492053417
1.7746248491923582
1.7746248491923582
1.7746248491923582
1.7746248491923582
1.7746248491923582
1.7746248491923582
1.7746248491923582
1.7746248491923582
1.467920768595862
1.467920768595862
1.467920768595862
1.467920765253349
1.4679207613292264
1.4679207613289706
1.4679207613289706
1.4679207613289706
1.4679207613289706
1.4679207612889953
1.4679207612889953
1.4679207612889953
1.4679207612887868
1.467361365854586
1.467361365854586
1.467361365854586
1.46736136585447
1.46736136585447
1.46736136585447
1.4673613658542743
1.4673613658542743
1.4642770973690016
1.464274873355869
1.464274873355869
1.464274873355869
1.464274873355869
1.464274873355869
1.464274873355869
1.464274873355869
1.464274873355869
1.464274873355869
1.464274873355869
1.464274873271843
1.464274873271843
1.464274873271843
1.4642748732709343
1.4642748732709343
1.4642748661395777
1.4642748661395777
1.4642748627151692
1.4642748627151692
1.4642748627151692
1.4642748458356432
1.4642748458356432
1.464274835779853
1.4642748357481083
1.4642748357481083
1.4642748357481083
1.4642748357481083
1.4642748357481083
1.4642747405113823
1.4642747405110577
1.4642747405103587
1.440260718739874
1.4402607187360241
1.4402607187360241
1.4402607187360241
1.4402607187360241
1.4402607187360241
1.4402607187360241
1.4193666816887305
1.4192524825550497
1.4192524825550497
1.412739004375195
1.412739004375195
1.4127390043751593
1.4127389925150429
1.4127389925150429
1.4127389925150429
1.0882601224842476
1.0882601224842476
1.0882601224842476
1.0882601224842476
1.0882601224842476
1.0882601224842476
1.0882601224842476
1.0882601224842476
1.0882601224842476
1.0882601224669228
1.0882601224669228
1.0882601224669228
1.0882601224668509
1.0882601224668509
1.087621654733492
1.0876216547261304
1.0865481931275032
1.0865481931275032
1.0865481931275032
1.0865481931273553
1.0865481931273553
1.0865481931273553
1.086548162656752
1.0865481626538207
1.0865481626538207
1.0865481626536564
1.0865481626536564
1.0865481626536564
1.0865481626536564
1.08654816237261
1.08654816237261
1.086548161687934
1.0772331628088028
1.0772331628088028
1.0771298615328075
1.0771298615328075
1.0771298615328075
1.0771298615328075
1.0771298615323623
1.0771298615323623
1.0771298615323623
1.0771298615323623
1.0771298615315388
1.0771298615315388
1.0771298615315388
1.0771298615315388
1.0771298615315388
1.0771298615315388
1.0771298615315388
1.0771298615315388
1.0771298615315388
1.0771298615315388
0.9956880577832108
0.9956880577832108
0.9956880577832108
0.9956880577832108
0.9956880577832108
0.9956880577832108
0.9956880577832108
0.9956880577831938
0.9956880576567559
0.9956880576567559
0.9956880576567559
0.9956880576567559
0.9956880576567559
0.9956880576567559
0.9956880576567559
0.9956880576567559
0.9956880576567559
0.9956880576567559
0.9956880576567559
0.9956880576567559
0.9956880576567559
0.9956880576567559
0.9956880576567559
0.9956880576567536
0.9956880576567536
0.9956880576567536
0.9956880576567536
0.9956880576567536
0.9956880576567536
0.9956880570888262
0.9956880570888262
0.9956880570888262
0.9956880570888262
0.9956880570888262
0.9956880570886012
0.9956880570886012
0.9956880570886012
0.995688057088601
0.995688057088601
0.995688057088601
0.995688057088601
0.995688057088601
0.9956880570766277
0.9956880570766277
0.9956880570766277
0.9956880570766277
0.9956880570766277
0.9956868366894278
0.9956868366894278
0.9956868366894278
0.9956868366894278
0.9956868366719721
0.9956868366719721
0.9956868366719721
0.9956868366719721
0.9956868366719721
0.9956868366719721
0.9956868366719721
0.9956868333664083
0.9956868333664083
0.9956868333664083
0.9956868333664083
0.9956868331066838
0.9956561980358212
0.9956561980356158
0.9956561980356158
0.9956561980356158
0.9956466168556743
0.9956466168556743
0.9956466168556743
0.9956466168556743
0.9956466168556743
0.9956466168556743
0.9956466168556743
0.9956466168556743
0.9953124944889133
0.9953040512383424
0.9953040512383424
0.9953040512383424
0.9953040512383424
0.9953040512383424
0.9953040512102637
0.9953040512102599
0.9953040512102599
0.9953040512102599
0.9953040512102599
0.9953040512102599
0.9953040512102599
0.9953040512102599
0.9953040512102599
0.9953040512100281
0.9953040512100281
0.9953040512100281
0.9953040512100281
0.9953040512100281
0.9953040512100281
0.9953040511966887
0.9953040511966887
0.9953040511966887
0.9953040511966887
0.9953040511753763
0.9953040511753763
0.9953040496596615
0.9953040496596615
0.9953040496596615
0.9953040496596615
0.9953040496596615
0.9953040496596615
0.9953040496596615
0.9953040496596615
0.9953040496596615
0.9953040496596585
0.9953040496571828
0.9953040496571828
0.9953040496571828
0.9953040496571828
0.9953040496571828
0.9953040496571828
0.9953040496571828
0.9953040496571828
0.9953040496571828
0.9953040496571828
0.9953040496571828
0.9953040496571828
0.9953040496571828
0.9953040496571828
0.9953040496571828
0.9953040496510208
0.9953040496510208
0.9953040496510208
0.9953040496510208
0.9953040496510208
0.9953040496510208
0.9953040495514788
0.9953040495514788
0.9949309256799106
0.9949309256799106
0.9949309256798875
0.9949228019305834
0.9949172109717674
0.9949172109717674
0.9949172109717674
0.9949172109717674
0.9949172109717674
0.9949172109717674
0.9949172109717674
0.9949172109717674
0.9949172109717674
0.9949172109717674
0.9949172109717674
0.9949172109717674
0.9927511102576088
0.9927511102576088
0.9927511102576088
0.9927511090350069
0.9926724312262748
0.9926724312262748
0.9926724312262748
0.9926724312262748
0.9926724312262744
0.9926724257791747
0.9926724257791747
0.9926724257791747
0.9926724257791747
0.9926724257791747
0.9926724257791747
0.9926724257791747
0.9926724257791747
0.9757067893370773
0.9757067893370773
0.9757067893370773
0.9757067893370773
0.9757067893370773
0.9757067893370773
0.9757067893370773
0.9757067893370773
0.9757067893370773
0.9757067893370773
0.9757067893370773
0.9757067893370773
0.9757067893370773
0.9757067893370773
0.9757067893370773
0.9757067892664296
0.9757067892664296
0.9757067892664296
0.9757067888677504
0.9757067888677494
0.9757067888677494
0.9757067888677494
0.9757067888677494
0.9757067888677494
0.9757067888677494
0.9757067888677494
0.9757067888677494
0.9757067888225228
0.975706593435981
0.975706593435981
0.975706593435981
0.975706593435981
0.975706593435981
0.975706593435981
0.9756937289677737
0.9756937289677737
0.9756937289677495
0.975693726523443
0.975693726523443
0.9756937265233355
0.9756937265233152
0.9756937264941429
0.9756937264941429
0.9756937264941429
0.9756937264941429
0.9756937264941429
0.9756937264941429
0.9756937264941429
0.9756937264941429
0.9756937264941424
0.9756937264941411
0.9756937264941411
0.9756937264941411
0.9756937264941411
0.9756937264941411
0.9756937264941411
0.9756937264941411
0.9756937264941411
0.9756937264941411
0.9756937264941411
0.9756937264941411
0.9756937264941411
0.9756937264941411
0.9756937264941411
0.9756937264919537
0.9756937264919537
0.9756937264919537
0.9756937264919537
0.9756937264919535
0.9756937264919535
0.9756937264919535
0.9756937264619252
0.9756937264619252
0.9756937264619252
0.9756937250345716
0.9756937250345716
0.9756937250345716
0.975693725033989
0.975693725033989
0.975693725033989
0.975693725033989
0.975693725033989
0.975693725033989
0.975693725033989
0.9756923948401067
0.9756923948401067
0.9756923948401067
0.9756923948401067
0.9756922763037017
0.9756922763036842
0.9756922763036842
0.9756922763036842
0.9756922762873722
0.9756922762873722
0.9756922762873722
0.9756922762873722
0.9756922762873722
0.9756922762836493
0.9756922762836493
0.9756922759985421
0.9756922759985421
0.9756922759981767
0.9756922759981767
0.9756922759981767
0.9756922759981767
0.9756922759981767
0.9756922759887694
0.9756922759887694
0.9756768395937436
0.9756768395937436
0.9756768395937436
0.9756768395937436
0.9756768395937433
0.9756768395937433
0.9754947165277283
0.9754947165277283
0.9754947165277059
0.9754947165277059
0.9754947165277059
0.9754947165277059
0.9754947144832473
0.9754947144832473
0.9754947144832473
0.9754947144832473
0.9754947144832473
0.9754947144832473
0.9754946251027903
0.9754946251027903
0.9754946247956569
0.9754946247956569
0.9754946247956569
0.9754946247956569
0.9754946247956569
0.9754946247956569
0.9754946247956569
0.9754946247956569
0.9754944955928617
0.9754944955928617
0.9754944955928617
0.9754944955928617
0.9754944955928616
0.9754944955928547
0.9754944955928547
0.9754944955928547
0.9754944955928547
0.9754944955928547
0.9754944955928547
0.9754944955928547
0.9754944955928392
0.9754944955928392
0.9754944955928392
0.9754944955928392
0.9754944955928392
0.9752704908718184
0.9752704908718184
0.9752704908718184
0.9752704908718184
0.9752704908718184
0.9752704908718184
0.9752704908678733
0.9752683778783082
0.9752623954928942
0.9752623954928942
0.9752623954604758
0.9752623954604758
0.9752623954604758
0.9752623954604758
0.9752623954604758
0.9752623954604758
0.9752623954604758
0.9752623954604758
0.9752623954604758
0.9752623954604758
0.9752623954604758
0.9752623954604758
0.9752623954604758
0.9752623954604758
0.9752623954604758
0.9752623954604758
0.9752623954604758
0.9752623954604758
0.9752623954604758
0.9752623954604758
0.9752623954604758
0.9752623954604758
0.9752623954604736
0.9752623954604736
0.9752623910403315
0.9752621493201795
0.9752621493201795
0.9752621493201795
0.9752621493201795
0.9752621493201795
0.975262149318498
0.9750979063940494
0.9750979063940494
0.9750979063940494
0.9750979063940494
0.9750979063940494
0.9750979063940494
0.9750979063940494
0.9750979063940494
0.9749990468582622
0.9749990468582622
0.9749990468582616
0.9749990468582616
0.9749990468582616
0.9749990468582616
0.9749990468582616
0.9749990468579416
0.9749990468579416
0.9749990468579416
0.9749990468579416
0.9749990468579416
0.9749990468579416
0.9612831819687916
0.9612831819687916
0.9612831819687916
0.9612831819687916
0.9612831819680341
0.9612831819680341
0.9612831819680341
0.9612831819680341
0.9612831819680085
0.9612831819680085
0.9612831819680085
0.9612831819680085
0.9603056844054094
0.9603056844054094
0.9603056844054094
0.9603056844054094
0.9603056844054094
0.9602214277104772
0.9602214277104772
0.9602214277101159
0.9602214277101159
0.9602214277101159
0.9602214277101159
0.9602214021346108
0.9602214021346108
0.9602214021346108
0.9602214021346108
0.9602214021346108
0.9602214021346108
0.9602214021346108
0.9602214021345531
0.9602214021342064
0.9602214021342064
0.9602214021342064
0.9602214021342064
0.960221322130212
0.960221322130212
0.960221322130212
0.960221322130212
0.960221322130212
0.960221322130212
0.9602213220572932
0.9602213220572932
0.9602213220572932
0.9602213220572932
0.9602213220572932
0.9602213215407361
0.9602210207876223
0.9602210207876223
0.9602210207876223
0.9602210203840461
0.9602210203840461
0.9602210203840461
0.9602210203840461
0.9602210203840461
0.9602210203840459
0.9602210203840459
0.9602210203840459
0.9602210203840459
0.9602210203840459
0.9602210203840459
0.9602210203840459
0.9602210203840459
0.9602210203840459
0.9602210203840459
0.9602210203579012
0.9602210203579012
0.952353407079407
0.952353407079407
0.952353407079407
0.952353407079407
0.952353407079407
0.952353407079407
0.952353407079407
0.952353407079407
0.952353407079407
0.9523534058916908
0.9523519522107781
0.9523519522107781
0.9523519522107781
0.9523519522107781
0.9523519522106888
0.952341887956696
0.952341887956696
0.952341887956696
0.952341887956696
0.952341887956696
0.952341887956696
0.952341887956696
0.952341887956696
0.9523418879212913
0.9523418879212913
0.9523418879212913
0.9523418879212913
0.9523418878503744
0.9523418878503744
0.9523418878503744
0.9523418878503744
0.9523418878503744
0.9523418878503744
0.9523418878503744
0.9523418878503744
0.9523418878503744
0.9523418878503744
0.9523418878503744
0.9523418878503744
0.9523418860970978
0.9523418860970978
0.9523418860970978
0.9523418860970978
0.9523418858833063
0.9523418838049632
0.9523418838049632
0.9523418838049632
0.9523416093459125
0.9523416091602525
0.9523416091602523
0.9523416091602523
0.9523411596310022
0.9523411596310022
0.9523411596310022
0.5207390225826493
0.5207390225826493
0.5207390225790701
0.5207390225790701
0.5207386046372746
0.5207386046372746
0.5207386046372746
0.5207386046372746
0.5207386046372746
0.5207386046372581
0.5207386046372581
0.5207386046372581
0.5207386046372581
0.5207386046372581
0.5207386045427523
0.4159833925094404
0.4159833925094404
0.41598337941140107
0.4159772046177704
0.4159772046177704
0.4159772046177704
0.41597720461771903
0.41597720461771903
0.41597720461771903
0.41597720461771903
0.41597720461766247
0.4159772046176296
0.4159772046176296
0.4159772046176296
0.4159772046176296
0.4159772046176296
0.4159772046176296
0.4159772046176296
0.4159772046176296
0.4159772046176296
0.4159772046176296
0.4159772046176296
0.4159772046176296
0.4159772046176296
0.4159772046176296
0.41597720461762894
0.41597720461762894
0.4159772046176288
0.4159772046176288
0.4159771865143025
0.4159771865143025
0.41597718650968557
0.4159771865096855
0.4159771865096855
0.4159771865096855
0.4159771865096855
0.4159771865096855
0.4159771864450106
0.4159771864450106
0.4159771864450106
0.41597717681927
0.41597717681927
0.41597717681927
0.41597717681927
0.41597717681927
0.4143357822827325
0.414335775513975
0.414335775513975
0.414335775513975
0.414335775513975
0.414335775513975
0.414335775513975
0.414335775513975
0.414335775513975
0.414335775513975
0.41433577237595687
0.41433577237595687
0.41433577237595687
0.41433577237595687
0.41433577237595687
0.41433577237595687
0.41433577237595687
0.41433577237595687
0.41433577237595687
0.41433577237595687
0.41433577237595687
0.4143321193488778
0.4143321193488778
0.4143321193488778
0.4143321193488778
0.4143321193488778
0.4143321193488778
0.4143321193488778
0.4143321193488778
0.4143236459514274
0.4143236459514274
0.4143236459514274
0.4143236459514274
0.4143236459514274
0.4143236459514274
0.4143236459514274
0.41430474754846947
0.41430474754846947
0.41430474754846947
0.4143047475481885
0.4143047475481885
0.4143047475481885
0.4143047475481885
0.4143047475481885
0.4143047475481885
0.4143047475479138
0.4143047475479138
0.4143047475479138
0.4143047475479131
0.4143047475479131
0.4143047475479131
0.4143047475479131
0.4143047475479131
0.4143047475479131
0.4143047475479131
0.4143047475479131
0.4143047475479131
0.4143047475479131
0.4143047475479131
0.4143047475431845
0.4143047475431845
0.4143047475372897
0.4143047475372897
0.4143047475372897
0.4143047475372897
0.4143047475372897
0.4143047475372897
0.4143047475372897
0.4143047475372897
0.4143047475372897
0.4143047474928721
0.4143047474899057
0.4143047425162842
0.41430474251628335
0.41430474251628335
0.41430473867368844
0.41430473867368756
0.41430473867368756
0.41430473867368756
0.41430473867368756
0.41430473867368756
0.41430473867368756
0.41430473867368756
0.41430473867368756
0.41430473867317147
0.41430473867316925
0.41430473812565055
0.41427138366756905
0.41427138366756905
0.41427138366756905
0.4142713835825046
0.4142713835825046
0.4142713835810282
0.4142713835810282
0.4142713835810282
0.4142713835810282
0.4142713835810282
0.4142713834643672
0.41427135049719493
0.41427135049719493
0.41427135049719493
0.41427135049719493
0.41427135049719493
0.41427135049719493
0.41426233746136465
0.41426233746136465
0.41426233746136465
0.41426233746136465
0.41426233746136465
0.41426233746136465
0.41426233746136465
0.41426233746136465
0.41426233746136465
0.41426233746136465
0.41426233746136465
0.41426233746136465
0.41426233746136465
0.41426233746136465
0.41426233743564445
0.41403480637889284
0.41403480637889284
0.41403480637889284
0.41403480637889284
0.40952561664033754
0.40952561664033754
0.40952561664033754
0.4095256166401714
0.4095255113916079
0.4095255112691612
0.4095255112691612
0.4095255112691612
0.4095255112691612
0.4095255112691612
0.40952551126911857
0.40952551126911857
0.40952551126911857
0.4093759430004532
0.4093759429981123
0.4093759429981123
0.40937594299811225
0.40937594299811225
0.40937594299811225
0.40937594299811225
0.409375942998102
0.409375942998102
0.409375942998102
0.409375942998102
0.40937594299456675
0.40937594299456675
0.40937594299456675
0.4093759429775051
0.4093759429775051
0.4093759429775051
0.4093759429775038
0.4093759429775038
0.4093759429775038
0.40937590690054276
0.40937590690054276
0.40937590690054276
0.4093759069005427
0.4093759069005427
0.4093759069005427
0.4093759069005427
0.4093759069005427
0.4093759069005427
0.4093759069005427
0.4093759069005427
0.4093759069005427
0.4093759069005427
0.4093759069005427
0.4093759069005427
0.4093759069005427
0.4093759051451561
0.4093759051451561
0.4093759051451561
0.4093758953362036
0.4093758953362036
0.4093758951996672
0.4093758951996672
0.4093758951996672
0.4093758951567441
0.4093758951567441
0.4093758951567441
0.4093758943897767
0.03237904558678425
0.03237904558678425
0.03237904558678425
0.03237904558678425
0.03237904558678425
0.03237904558678425
0.03237904558678425
0.03237904558678425
0.03237904558678425
0.032379045586784165
0.032379045586784165
0.032379045586784165
0.032379045586784165
0.032379045586784165
0.032379045586784165
0.032379045586784165
0.032379045586784165
0.032379038209283395
0.032379038209283395
0.032379038209283395
0.032379038209283395
0.032379038209283395
0.03237901219452032
0.03237893736951966
0.03237893736951966
0.03237893736950863
0.03237893736950863
0.03237893736950863
0.03237893736531338
0.026329575104515265
0.026329575104515265
0.026329573783956266
0.026329573780922086
0.026329573780922048
0.026329573780922048
0.026329573780470825
0.026329573780470825
0.026329573780470825
0.026329573780470825
0.026329573780470825
0.026329573780470825
0.026329573780470825
0.026329573780470825
0.026329573780470825
0.026329573780470825
0.02632957375298544
0.02632957375298544
0.026329573739454635
0.026329573739454635
0.026329573739454635
0.026329573739454635
0.026329573739454618
0.026329573739454618
0.026329573739454618
0.026329573739454618
0.026329573739454618
0.026329573739454618
0.026329573739454618
0.026329573739454618
0.026329573365229925
0.02632957336522777
0.026329573361151364
0.026329573361151364
0.026329573361151364
0.026329573361151364
0.026329573361151364
0.026329573361151364
0.026329573361151364
0.026329573361151364
0.026329573361151364
0.026329573361151364
0.026329573360653457
0.026329573360653457
0.026329573360653457
0.02632957336065343
0.02632957336065343
0.02632957336065343
0.02632957336065343
0.026329573343906586
0.026329573343906586
0.026329573343906586
0.026329573343906586
0.026329573343906586
0.026329573343906586
0.026329296934179243
0.026329296934179243
0.02632924268018105
0.02632924268018105
0.026329242680175776
0.026329242680175776
0.026329242680175776
0.026329242680175776
0.026329242680175776
0.026329242680175776
0.026329242680175776
0.026329242680175776
0.02632924219031058
0.02632924219031058
0.026329242190310576
0.026329242190310576
0.026329242190310576
0.026329242190310576
0.02632924217286287
0.02632924217286287
0.02632924217286287
0.02632924217286287
0.02632924217286287
0.02632924217286287
0.02632924217286287
0.02632924217286287
0.02632924217286287
0.02632924217286287
0.02632924217286287
0.02632924217286287
0.02632924217286287
0.02632924217286287
0.02632924217286287
0.02632924217286287
0.026329239909661115
0.026329239887383248
0.026329239887383143
0.026329239887383143
0.026329239887383143
0.026329239884285774
0.026329239884285774
0.026329239884285774
0.026329239884285774
0.026329239884273114
0.02632923091380054
0.02632923091380054
0.02632923091380054
0.02632923091380054
0.02632923091380054
0.02632923091380054
0.0263292306799954
0.0263292306799954
0.0263292306799954
0.026329230311946387
0.026329230311946387
0.026329230311946387
0.026329230311946387
0.026329230311946387
0.026329230311946387
0.026329230311946387
0.026329230311946387
0.02632923029411292
0.02632923029411292
0.02632923029411292
0.02632923029411292
0.02632923029411292
0.026329187354489605
0.026329187354489605
0.026329187354489605
0.026329187354489605
0.026329064321071422
0.026329064321071422
0.026329064321001235
0.026329064321001235
0.026329064321001235
0.026329064321001235
0.026329064321001235
0.026329064321001235
0.026329064321001235
0.026329064306899026
0.0263290643040162
0.0263290643040162
0.0263290643040162
0.0263290643040162
0.0263290643040162
0.0263290643040162
0.0263290643040162
0.0263290643040162
0.0263290643040162
0.0263290643040162
0.0263290643040162
0.0263290643040162
0.0263290643040162
0.0263290643040162
0.0263290643040162
0.0263290643040162
0.0263290643040162
0.0263290643040162
0.0263290643040162
0.0263290643040162
0.0263290643040162
0.0263290643040162
0.0263290643040162
0.02632906430401573
0.02632906430401573
0.02632906430401573
0.02632906430370152
0.02632906430370152
0.02632906430370152
0.02632906430370152
0.02632906430370152
0.026329064303577007
0.026329064303576972
0.026329064303576972
0.026329064303576972
0.026329064303576972
0.026329008501602
0.02632900850160197
0.02632900850160197
0.02632900850160197
0.02632900850160197
0.02632900850160197
0.02632900850160197
0.02632900850160197
0.02632900850160197
0.026329008501420177
0.026329008501420177
0.026329008501420177
0.0263284232607059
0.026122820947375225
0.026122820947375225
0.026122820947375225
0.026122820947375225
0.026122820947375225
0.026122820947375225
0.026122820947375225
0.026122820947375225
0.026122820947375225
0.026122820947375225
0.026122820947375225
0.026122820945687634
0.026122820945687634
0.026122820941407644
0.026122820941407644
0.026122820941407644
0.026122820941407644
0.026122820941404504
0.026122820941404504
0.026122820941404504
0.026122820941404504
0.026122820941404504
0.026122820941404504
0.026122820941404504
0.026122820941404504
0.026122820941404504
0.0261228209414041
0.0261228209414041
0.0261228209414041
0.0261228209414041
0.0261228209414041
0.008481487081302613
0.008481487081302613
0.008481487081302613
0.008481487081302613
0.008481487081302613
0.008481487081302613
0.008481487081302613
0.008481487081302613
0.008481487081302613
0.008481487081302613
0.008481487081302613
0.008481487081263842
0.008481487081263842
0.008481487081263842
0.008481487081263842
0.008481487081263842
0.008481487081263842
0.008481476937742692
0.008481476937742692
0.008481476937742692
0.008481476937742692
0.008481476937742692
0.008481476937742692
0.008481476937742692
0.008481476937742692
0.008481476937742692
0.008481476937742692
0.008481476937736205
0.008481476937736205
0.008481476937736205
0.008481476937736205
0.008481476937736203
0.008481440983787485
0.008481440983787485
0.008481440983521842
0.00848144098263352
0.00848144098263352
0.00848144098263352
0.00848144098263352
0.00848144098263352
0.008475779794586627
0.008475779794586627
0.008475779794586627
0.008475779794586627
0.008474752755304274
0.008474752755304274
0.008474747470982204
0.008474747470982204
0.008474747470982204
0.008474747470982204
0.008474747470982204
0.008474747470982204
0.00847474746053919
0.00847474746053919
0.00847474746053919
0.00847474746053919
0.00847474746053919
0.00847474746053795
0.00847474746053795
0.00847474746053795
0.00847474746053795
0.00847474746053795
0.00847474746053795
0.00847474746053795
0.00847474746053795
0.00847474746053795
0.008474747459311168
0.008474747459311168
0.008474747459311089
0.008474747459311089
0.008474747459311089
0.008474747459311089
0.008474747459311089
0.008474747459311089
0.008474747459311089
0.008474747459311089
0.008474747446219498
0.008474747446219498
0.008474747446219498
0.008474747446219498
0.008474747446217354
0.008474744217438256
0.008474744217438256
0.008474604287560533
0.008474604287560533
0.008474604287560533
0.008474604287560533
0.008474604287560533
0.008474604287560533
0.008474604287560533
0.008474604287560533
0.008474604287560533
0.008474604287350775
0.008449014896622111
0.008449014896622111
0.008449014896622111
0.008449014896622056
0.008449014896622056
0.008449014894498931
0.008449014894498931
0.008449014894498846
0.008449014894498846
0.008449014894498846
0.008449014894496124
0.008449014894496124
0.008449014894496124
0.008449014894496124
0.008449014894496124
0.008449014894496124
0.008449014894496117
0.008449014894496117
0.008449014894496117
0.008449014894496117
0.008449014894496117
0.008449014894496117
0.008449014894496117
0.008449014785261241
0.008449014785261241
0.008449014479581053
0.008449014479581053
0.008449014423479612
0.008449013348283844
0.008449013334188708
0.008449013334188708
0.008449013334188708
0.008449013334188708
0.008449013334188708
0.008449013334188708
0.008449013334188708
0.008448633926744845
0.008448633926744845
0.008448633926744845
6.5268926284138E-4
6.5268926284138E-4
6.526892628402773E-4
6.526892628402773E-4
6.284547979628037E-4
6.284547979628037E-4
6.284547979628037E-4
6.284547974651572E-4
6.284547974651572E-4
6.284547974651572E-4
6.284220919857761E-4
6.284220919857761E-4
6.284220919857761E-4
6.284220919857761E-4
6.284220919857761E-4
6.284205507667345E-4
6.284205507667345E-4
6.284205507667345E-4
6.284205507667345E-4
6.284205507667345E-4
6.284205507667345E-4
6.284205507667345E-4
6.284205507667345E-4
6.284205507667345E-4
6.284205507667345E-4
6.284205507667345E-4
6.284205507667345E-4
6.284204082862913E-4
6.283909875411802E-4
6.283909852566134E-4
6.283909852566134E-4
6.283896818243072E-4
6.283896818243072E-4
6.283896818243072E-4
6.283896818243072E-4
6.283896818243072E-4
6.283896818243072E-4
6.283896818243072E-4
6.283896818243072E-4
6.283896818243072E-4
6.283896818243072E-4
6.283896818243072E-4
6.283896818243072E-4
6.283896818243072E-4
6.28389681546434E-4
6.28389681546434E-4
6.28389681546434E-4
6.28389681546434E-4
6.28389681546434E-4
6.28389681546434E-4
6.28389681546434E-4
6.28389681546434E-4
6.28389681546434E-4
6.28389681546434E-4
6.28389681546434E-4
6.28389681546434E-4
6.283896815463725E-4
6.283896815463725E-4
6.283896815463725E-4
6.283896815463725E-4
6.283896815463725E-4
6.283896815463674E-4
6.283896815463674E-4
6.283896815463651E-4
6.283896815463651E-4
6.283896815463651E-4
6.283896815463651E-4
6.283896815463651E-4
6.283896815463651E-4
6.283896766885218E-4
6.283896766660469E-4
6.283896766660469E-4
6.283896766660469E-4
6.283896766660469E-4
6.283896766660469E-4
6.283896766660469E-4
6.283896766660469E-4
6.283896766660469E-4
6.283896766660469E-4
6.283896766660469E-4
6.283800340448301E-4
6.283800340448301E-4
6.283800340448301E-4
6.283800340448226E-4
6.283800340448226E-4
6.277032220065203E-4
6.277032220065203E-4
6.277032220065203E-4
6.277032220065203E-4
6.277032220065203E-4
6.277032208568088E-4
6.277032208568088E-4
6.277032208568088E-4
6.277032208568088E-4
6.277032208568088E-4
6.276982245724127E-4
6.276982245724127E-4
6.276982245724127E-4
6.276982245724127E-4
6.276982245724127E-4
6.276982245724127E-4
6.276982245724127E-4
6.276982245724127E-4
6.276982245724127E-4
6.276982245724084E-4
6.275613199593861E-4
6.275613199593861E-4
6.275613191187463E-4
6.275613191176585E-4
6.275613190905149E-4
6.275613190905149E-4
6.275613190905149E-4
6.275613190905149E-4
6.275613187933905E-4
6.275613187933905E-4
6.275613187933905E-4
6.275613187933905E-4
6.275613187933905E-4
6.275613187933905E-4
6.275613156456182E-4
6.275613156456179E-4
6.275613156456178E-4
6.275613156456178E-4
6.275613156456172E-4
6.275613156456172E-4
6.275613156456172E-4
6.275613156456172E-4
6.275613156456172E-4
6.275613156456172E-4
6.275613156456172E-4
6.275613156456172E-4
6.275613156454075E-4
6.275613156454075E-4
6.275613156454075E-4
6.275613156454075E-4
6.275613156454075E-4
6.275613156454075E-4
6.275613156454016E-4
6.275613156454016E-4
6.275613156454016E-4
6.275613156454016E-4
6.27561315642121E-4
6.27561315642121E-4
6.275597068755337E-4
6.275597068755337E-4
6.275597068755337E-4
6.275597066361642E-4
6.275597066361639E-4
6.275590162485108E-4
6.27558734343353E-4
6.27558734343353E-4
6.27558734343353E-4
6.27558734343353E-4
6.275574719673951E-4
6.275574719010594E-4
6.275574719010594E-4
6.275574659071557E-4
6.275574659071557E-4
6.275574659071556E-4
6.275574659071556E-4
6.275571960092586E-4
6.275571960092586E-4
6.275571960092586E-4
6.275571670889263E-4
6.275571670889263E-4
6.275571670889263E-4
6.27557069804593E-4
6.275570698043684E-4
6.275570698043684E-4
6.275570698043684E-4
6.275570698043684E-4
6.00735612134657E-4
6.00735612134657E-4
6.007356121346507E-4
6.007356121346507E-4
6.007356121346507E-4
6.007356121346507E-4
6.007356121346507E-4
6.007356121346507E-4
6.00735612101161E-4
6.00735612101161E-4
6.007346834212149E-4
6.007346834212149E-4
6.007339293122581E-4
6.007339293122581E-4
6.007339293122578E-4
6.007339293122578E-4
6.007339293122578E-4
6.007339293122578E-4
6.007327858789765E-4
6.007327858789765E-4
6.007327858789765E-4
6.007327858789765E-4
6.007327858789765E-4
6.007327858789765E-4
6.007327858789765E-4
6.007327858789765E-4
6.007327858789765E-4
6.007327858789765E-4
6.007327858789765E-4
6.007327858789765E-4
6.007327858789765E-4
6.007327858789765E-4
6.007327858789765E-4
6.007327858789765E-4
6.007327858789765E-4
6.007327858789765E-4
6.007327858789765E-4
6.007327858789765E-4
6.007327858789765E-4
6.007327858789765E-4
6.007327858789765E-4
6.007327858789765E-4
6.007327858789765E-4
5.976674552777581E-4
5.976674552777574E-4
5.97667449362929E-4
5.97667449362929E-4
5.97667449362929E-4
5.97667449362929E-4
5.97667449362929E-4
5.97667449362929E-4
5.97667449362929E-4
5.97667449362929E-4
5.97667449362929E-4
5.97667449362929E-4
5.97667449362929E-4
5.97667449362929E-4
5.97667449362929E-4
5.97667449362929E-4
5.97667449362929E-4
5.97667449362929E-4
5.97667449362929E-4
5.97667275187669E-4
5.97667275187669E-4
5.976672751822099E-4
5.9766727477213E-4
3.3870168816036545E-4
3.3870168816036545E-4
3.3870168811688054E-4
3.3870168811688054E-4
3.3870168811688054E-4
3.3870168811688054E-4
3.3870168811688054E-4
3.3870168811688054E-4
3.3870168811688054E-4
3.3870168811688054E-4
3.3870137182657404E-4
3.3870137182657404E-4
3.3870137182657404E-4
3.3870137182657404E-4
3.3870137182657404E-4
3.3864997931468046E-4
3.3864997931468046E-4
3.3864997931468046E-4
3.3864997931468046E-4
3.3864997931468046E-4
3.386499793146804E-4
3.386499793146804E-4
3.386499793146804E-4
3.386499793146804E-4
3.386499793146804E-4
3.386499793146804E-4
3.3864997931467965E-4
3.3864997931467965E-4
3.386476514710178E-4
3.386476514710178E-4
3.386476514710178E-4
3.386476514710178E-4
3.386476514710178E-4
3.386476514710178E-4
3.386476514710178E-4
3.386476514710178E-4
3.386476514710178E-4
3.386476514710178E-4
3.386476514710165E-4
3.386476514710165E-4
3.386476514710165E-4
3.386476514710165E-4
3.3864765147099566E-4
3.3864765147099566E-4
3.3864765147099566E-4
3.386476494164016E-4
3.386476494164016E-4
3.386476494164016E-4
3.386475764241529E-4
3.386475764241529E-4
3.386475764241529E-4
3.386475764241529E-4
3.386475764241529E-4
3.386475764241529E-4
3.386475764241529E-4
3.386475764241529E-4
3.3859678797717866E-4
3.3859678797717866E-4
3.3859678797717866E-4
3.3859678797717866E-4
3.3859678797717866E-4
3.3859678797717866E-4
3.3859678797717866E-4
3.3859678797717866E-4
3.3859678797717866E-4
3.3859678797717866E-4
3.3859678797717866E-4
3.3859678797717866E-4
3.3859678797717866E-4
3.3859678797717866E-4
3.3859678797717866E-4
3.3859678797717866E-4
3.3859678797717866E-4
3.3859678797717866E-4
3.3859678797717866E-4
3.3859678797591844E-4
3.3859678797591844E-4
3.3859678797591844E-4
3.3859678796227077E-4
3.3859678796227077E-4
3.3859678796227077E-4
3.385967879622701E-4
3.385967879622701E-4
3.385967879622701E-4
3.385967879622701E-4
3.385967879622701E-4
3.385967879622701E-4
3.3859252460708415E-4
3.3859252460708415E-4
3.3859252460708415E-4
3.3859252460708415E-4
3.3859252460708415E-4
3.3859252460708415E-4
3.3859252460708415E-4
3.3859252460708415E-4
3.3859252460708415E-4
3.3859252460708415E-4
3.3859252460708415E-4
3.3859252460706593E-4
3.3859252460706593E-4
3.3859252460706593E-4
3.3859252460706593E-4
3.3859252460706593E-4
3.385925224356599E-4
3.385925224356599E-4
3.385925224356599E-4
3.385925224356599E-4
3.385925224356599E-4
3.385925224356599E-4
3.385925224356599E-4
3.385925224356599E-4
3.385925224356599E-4
3.385925224356599E-4
3.3857729019000143E-4
3.385772901899637E-4
3.385772901899637E-4
3.385772901899637E-4
3.385772901899637E-4
3.385772901893595E-4
3.385772901893595E-4
3.385772901887675E-4
3.385772901887675E-4
3.3857728529354525E-4
3.3857728529354525E-4
3.3857728529354525E-4
3.3857728529354525E-4
3.3857728529354525E-4
3.3857728529354525E-4
3.3857728529354525E-4
3.3857728529354525E-4
3.3857728529354525E-4
3.3857728527367844E-4
3.3857728417005897E-4
3.3857728417005897E-4
3.3857728417005897E-4
3.3857728417005897E-4
3.3857728417005897E-4
3.3857728417005897E-4
3.3857728417005897E-4
3.3857728417005897E-4
3.3857728417005897E-4
3.3857728417005897E-4
3.3857728417005897E-4
3.3857728417005897E-4
3.3857728417005897E-4
3.3857728417005897E-4
3.3857728417005897E-4
3.3857728417005897E-4
3.3857728417005897E-4
3.3857728417005897E-4
3.3857728417005897E-4
3.3857728417005897E-4
3.3857728417005897E-4
3.3857728417005897E-4
3.385753390523998E-4
3.385753390523998E-4
3.385753390523998E-4
3.385753390523998E-4
3.385753390523998E-4
3.385753390523998E-4
3.385753390523998E-4
3.3857353604681376E-4
3.3857353604681376E-4
3.3857353604681376E-4
3.3857353604681376E-4
3.385733583607645E-4
3.385733583607645E-4
3.3857335824383905E-4
3.3857335824383905E-4
3.3857335824383905E-4
3.3857335824383905E-4
3.3857335824383905E-4
3.3857335824383905E-4
3.3857335824383905E-4
3.385733582438331E-4
3.385733582438331E-4
3.3857335823759833E-4
3.3857335823759833E-4
3.3857335823759833E-4
3.3857335823759833E-4
3.3857335823759833E-4
3.3857335823759833E-4
3.3857335823759833E-4
3.3857335823759833E-4
3.3857316393048724E-4
3.3857316393048724E-4
3.3857316393048724E-4
3.3857316368448925E-4
3.3857316368166756E-4
3.3857316368166756E-4
3.3857316367924664E-4
3.3857316355666956E-4
3.3857316355666956E-4
3.3857316355666956E-4
3.385731635566689E-4
3.3840424226411783E-4
3.3840424226411783E-4
3.3840424226411783E-4
3.3840424226411783E-4
3.3840424226411783E-4
3.3840424226411783E-4
3.384042420377254E-4
3.384032016466824E-4
3.384032016466824E-4
3.384032016466824E-4
3.384032016466824E-4
3.384032016466824E-4
3.384032016466824E-4
3.384032016466824E-4
3.384032016466824E-4
3.384032016466796E-4
3.384032016466796E-4
3.384032016466796E-4
3.3840320164667953E-4
3.3840320163916796E-4
3.3840320163916796E-4
3.3767395899891124E-4
3.3767395899891124E-4
3.376078775899142E-4
3.376078775899142E-4
3.376078775899142E-4
3.376078775899142E-4
3.376078775899142E-4
3.3760787741304204E-4
3.3760787741304204E-4
3.3760787741304204E-4
3.3760787741302946E-4
3.3760787741302946E-4
3.3760787741302946E-4
3.376078774130098E-4
3.376078774130098E-4
3.376078774130098E-4
3.376078774130098E-4
3.376078774130098E-4
3.3760787730113866E-4
3.3760787730113866E-4
3.376078773011368E-4
3.376078773011368E-4
3.376078773011368E-4
3.3760771019129094E-4
3.3701016581786703E-4
3.3701016581786703E-4
3.3701016581786703E-4
3.3701016581786703E-4
3.3701016581786703E-4
3.3701016581786703E-4
3.3701016581786703E-4
3.3701016581786703E-4
3.3701016581786703E-4
3.3701016581786703E-4
3.3701016581786703E-4
3.3701016581786703E-4
3.3701016581786703E-4
3.3701016581786703E-4
3.3701016581786703E-4
3.3701016581786703E-4
3.3701016581786703E-4
3.3701016581786703E-4
3.3701016581786703E-4
3.3701016581786703E-4
3.3701016581786703E-4
3.3701016581786703E-4
3.3700839563180517E-4
3.3700839563180517E-4
3.3700839563180517E-4
3.3700839563180517E-4
3.3700839563180517E-4
3.3693953628946707E-4
3.3693953628946707E-4
3.3693953628946707E-4
3.3693953628946707E-4
3.3693953628946707E-4
3.3693953628946707E-4
3.3693953556310956E-4
3.3693953556310956E-4
3.3693953556310956E-4
3.3693953556310956E-4
3.3693953556310956E-4
3.3693953556310956E-4
3.3693953556310956E-4
3.3693953556310956E-4
3.369395355628948E-4
3.369395355628948E-4
3.369395355628948E-4
3.369395355628948E-4
3.369395355628948E-4
3.369395355628948E-4
3.369395355628948E-4
3.369395355628948E-4
3.369395355628948E-4
3.369395355628948E-4
3.369395355628948E-4
3.3693953556282637E-4
3.3693953556282637E-4
3.36939534614549E-4
3.36939534614549E-4
3.369395346145485E-4
3.36939534042087E-4
3.36939534042087E-4
3.36939534042087E-4
3.3693953403715165E-4
3.3693953403715165E-4
3.3693953403715165E-4
3.3693953403715165E-4
3.3693953403715165E-4
3.3693953403715165E-4
3.3693953403715165E-4
3.3693953403715165E-4
3.3693953403715165E-4
3.3693942998016125E-4
3.3693942998016125E-4
3.369394298439274E-4
3.369394298439274E-4
3.369393898348799E-4
3.3693938983487984E-4
3.3693938983487984E-4
3.3693938983487984E-4
3.3693938983487984E-4
3.3693938983487984E-4
3.3693897838937126E-4
3.3693897838936535E-4
3.3693897838936535E-4
3.3693862298175565E-4
3.3693862298175565E-4
3.3693862298175565E-4
3.3693862298175565E-4
3.369386229807222E-4
3.36938622980722E-4
3.36938622980722E-4
3.36938622980722E-4
3.36938622980722E-4
3.36938622980722E-4
3.3693862294270724E-4
3.3693862294270724E-4
3.3693862294270724E-4
3.3693862294270724E-4
3.3693862290665644E-4
3.3693853259773545E-4
3.36938532513727E-4
3.36938532513727E-4
3.36938532513727E-4
3.36938532513727E-4
3.36938532513727E-4
3.36938532513727E-4
3.36938532513727E-4
3.36938532513727E-4
3.3693853250321633E-4
3.3693853250321633E-4
3.3693853250321633E-4
3.3693853250321633E-4
3.3693853250321633E-4
3.3693853250321633E-4
3.3693853250321633E-4
3.3693853250321633E-4
3.3693853250321633E-4
3.3693853250321633E-4
3.3693853250321633E-4
3.3693853250321633E-4
3.3693853250321633E-4
3.1485006692159623E-4
3.1485006692159623E-4
3.1485006692159623E-4
3.1485006692159623E-4
3.1485006692159623E-4
3.1485006692159623E-4
3.148471611175596E-4
3.148471611175596E-4
3.148471611175596E-4
3.148471611175596E-4
3.148471611175596E-4
3.148471611175596E-4
3.148471611175596E-4
3.148471604188781E-4
3.1484716041887804E-4
3.1484716041866955E-4
3.1484716041866955E-4
3.1484716041866955E-4
3.1484716041866955E-4
3.1484716041866955E-4
3.1484716041866955E-4
3.1484716041866955E-4
3.1484716041866955E-4
3.1484716041866955E-4
3.1484716041866955E-4
3.1484716041866955E-4
3.1484716041866955E-4
3.1484716041866955E-4
3.1484716041866955E-4
3.1484716041866955E-4
3.14847160418665E-4
3.14847160418665E-4
3.14847160418665E-4
3.14847160418665E-4
3.14847160418665E-4
3.14847160418665E-4
3.148471592009048E-4
3.148471592009048E-4
3.148471592009048E-4
3.148471592009048E-4
3.148471592009048E-4
3.148469924809765E-4
3.148469924809765E-4
3.148469924809765E-4
3.148469924809765E-4
3.1484699248097623E-4
3.1484699248097623E-4
3.1484699248097623E-4
3.1484699248097623E-4
3.1484699248097623E-4
3.1484699248097623E-4
3.1484699248097623E-4
3.1484699248097623E-4
3.1484699248097623E-4
3.1484699248097623E-4
3.148469924809584E-4
3.1484699247281663E-4
3.1484699247281663E-4
3.1484699247281663E-4
3.1484699247281663E-4
3.1484699247281663E-4
3.1484699247281663E-4
3.1484693029576775E-4
3.1484693029576775E-4
3.1484693029576775E-4
3.1484693029576775E-4
3.1484693029576775E-4
3.1484693029576775E-4
3.1484693029576775E-4
3.1484693029576775E-4
3.1484693029576775E-4
3.1484693029576775E-4
3.1484693029576775E-4
3.1484693029576775E-4
3.1484693029532724E-4
3.1484693029532724E-4
3.1484693029532724E-4
3.1484693029532724E-4
3.1484693029532724E-4
3.1484693029532724E-4
3.1484693029532724E-4
3.1484693029532724E-4
3.1484693029532724E-4
3.1484693029532724E-4
3.1484693029532724E-4
3.1484693029532724E-4
3.1484693029532724E-4
3.1484692617520443E-4
3.1484692617520443E-4
3.1484692617520443E-4
3.1484692617520443E-4
3.1484692617520443E-4
3.1484692617520443E-4
3.1484692617520443E-4
3.1484692617520443E-4
3.148206976734433E-4
3.148206976734433E-4
3.148206976734433E-4
3.148206976733714E-4
3.148206976733714E-4
3.148206976733714E-4
3.148206976733714E-4
3.1482069767319086E-4
3.1482069767319086E-4
3.1482069767319086E-4
3.1482069767319086E-4
3.1482069767319086E-4
3.148206976726997E-4
3.148206976726997E-4
3.148206976726997E-4
3.148206976726997E-4
3.148206976726997E-4
3.148206976726997E-4
3.148206976726997E-4
3.148206976726985E-4
3.148206971267794E-4
3.148206971267794E-4
3.148206971267794E-4
3.148206971267794E-4
3.148206971267794E-4
3.148206971267794E-4
3.1482056732293646E-4
3.1482056732293646E-4
3.1482056732293646E-4
3.1482056732293646E-4
3.1482056732293646E-4
3.1482056732293646E-4
3.148205672763066E-4
3.1482056727532957E-4
3.1482056727532957E-4
3.1482056727532957E-4
3.1482056727532957E-4
3.1482056727532957E-4
3.1482056727532957E-4
3.1482056727532957E-4
3.1482056727532957E-4
3.1482056727532957E-4
3.1482056727532957E-4
3.145983020122192E-4
3.145983020122192E-4
3.145983020122192E-4
3.145983020122192E-4
3.145983020122189E-4
3.145983020122189E-4
3.1459828142137457E-4
3.1459828142137457E-4
3.1459828142137457E-4
3.1459828142137457E-4
3.1459828142137457E-4
3.1459828142137457E-4
3.1459828142137457E-4
3.1459828142137245E-4
3.1459828142137245E-4
3.1459828142137245E-4
3.1459828142137245E-4
3.1459828142137245E-4
3.1459828142137245E-4
3.1459828142137245E-4
3.1459828142137245E-4
3.1459828142137245E-4
3.1459828142137245E-4
3.1459828142137245E-4
3.1459828142137245E-4
3.1459828142137245E-4
3.1459828142137245E-4
3.1459828142137245E-4
3.1459828142137245E-4
3.1459828142137245E-4
3.1459828142137245E-4
3.1459828142137245E-4
3.1459828142137245E-4
3.1459828142137245E-4
3.1459828142137245E-4
3.1459828142137245E-4
3.1459828142137245E-4
3.1459828142137245E-4
3.1459828142136296E-4
3.1459828142136296E-4
3.145982814068257E-4
3.145982814068257E-4
3.145982814068257E-4
3.145982814068257E-4
3.145982814068257E-4
3.145982814068257E-4
3.145982814068257E-4
3.145982814068257E-4
3.145982814067934E-4
3.145982814067934E-4
3.145982814067934E-4
3.145982814067934E-4
3.145982814067934E-4
3.145982814067934E-4
3.145982814067934E-4
3.145982814067934E-4
3.145982814067934E-4
3.145982814067934E-4
3.145982814067934E-4
3.145982814067934E-4
3.145982814067934E-4
3.145982814067934E-4
3.14598268378316E-4
3.1459826837830355E-4
3.145982683783021E-4
3.145982683783021E-4
3.145982683783021E-4
3.1459826754251795E-4
3.1459826754251795E-4
3.1459826754251795E-4
3.1459826754251795E-4
3.1459826754251795E-4
3.1459826754251795E-4
3.1459826754251795E-4
3.1459826754251616E-4
3.1459826754251616E-4
3.1459825632691523E-4
3.1459825632691523E-4
3.1459825632691523E-4
3.145982563269132E-4
3.145982563269132E-4
3.145982563269132E-4
3.145982563269132E-4
3.145982563269132E-4
3.145982563269132E-4
3.145982563269132E-4
3.145982563269132E-4
3.145982563269132E-4
3.145982563269132E-4
3.1459825632684194E-4
3.145982563152538E-4
3.145982563152538E-4
3.145982563152538E-4
3.145982563151645E-4
3.145982563151645E-4
3.1459825300287215E-4
3.1459825300287215E-4
3.1459825300287215E-4
3.145982035396783E-4
3.145982035396783E-4
3.145982035396783E-4
3.145982035396783E-4
3.145982035396783E-4
3.145982033345466E-4
3.145982033345466E-4
3.145982033344649E-4
3.145982033344649E-4
3.145982033344649E-4
3.145982033344649E-4
3.145982033343493E-4
3.145982033343493E-4
3.145982033343493E-4
3.145982033343493E-4
3.145982033343492E-4
3.145982033343492E-4
3.145982033343492E-4
3.145982033343492E-4
3.145982033343492E-4
3.145982033343492E-4
3.145982033343492E-4
3.14598203333753E-4
3.14598203333753E-4
3.14598203333753E-4
3.14598203333753E-4
3.14598203333753E-4
3.14598203333753E-4
3.145982033332817E-4
3.1459820333319184E-4
3.14598203333185E-4
3.1459820333252814E-4
3.1459820333252814E-4
3.1459820333252814E-4
3.1459820333128754E-4
3.1459820333128754E-4
3.1459820333128754E-4
3.1459752749279696E-4
3.1459752749279696E-4
3.1459752749279696E-4
3.1459752749279696E-4
3.1459752749279696E-4
3.1459752749279696E-4
3.1459752749279696E-4
3.1459752749279696E-4
3.1459752749279696E-4
3.1459752749279696E-4
3.1459752749279696E-4
3.1459752749279696E-4
3.1459752749279696E-4
3.1459752749279696E-4
3.1459752749279696E-4
3.145964251293149E-4
3.1459642512865883E-4
3.1459642512865883E-4
3.1459642512865883E-4
3.1459642512865883E-4
3.145964251286577E-4
3.145964251142471E-4
3.145964251142471E-4
3.145964251142471E-4
3.145964251142471E-4
3.145964251142471E-4
3.145964251142471E-4
3.145964251142471E-4
3.145964251142471E-4
3.145964251142471E-4
3.145964251142471E-4
3.145964251142471E-4
3.145964251142471E-4
3.145964251142471E-4
3.145964251142455E-4
3.145964251142455E-4
3.145964251142455E-4
3.145964251142455E-4
3.145964251142455E-4
3.145964251142455E-4
3.145964251142455E-4
3.145964251142455E-4
3.145964251142455E-4
3.145964251142455E-4
3.145964251142455E-4
3.145964186292487E-4
3.145964186292487E-4
3.145964186292487E-4
3.145964186292487E-4
3.145964143779023E-4
3.145964143779023E-4
3.145964143779023E-4
3.1459641437790227E-4
3.1459641437790227E-4
3.1459641437790227E-4
3.1459641437790227E-4
3.1459641437790227E-4
3.1459641437790227E-4
3.1459641437790227E-4
3.1459641437790227E-4
3.1459641437790227E-4
3.1459641437790227E-4
3.1459641437790227E-4
3.145964143401231E-4
3.145964143401231E-4
3.145964143387226E-4
3.145964143387226E-4
3.145964143387226E-4
3.1459641433872256E-4
3.1459641433872256E-4
3.1459641433872256E-4
3.1459641433872256E-4
3.1459641433872256E-4
3.1459641433872256E-4
3.1459641433872256E-4
3.1459641433872256E-4
3.1459641433872256E-4
3.1459641433872256E-4
3.1459641433872256E-4
3.1459641433872256E-4
3.140992869243106E-4
3.1409873898384093E-4
3.1409873898384093E-4
3.1409873898372286E-4
3.1409873898372286E-4
3.1409873898372286E-4
3.1409873898372286E-4
3.1409873898372286E-4
3.1409873898372286E-4
3.1409873898372286E-4
3.1409873898372286E-4
3.1409873898372286E-4
3.1409873898372286E-4
3.1409873898372286E-4
3.1409873898372286E-4
3.1409873898372286E-4
3.1409873898372286E-4
3.1405533726081735E-4
3.1405533726081735E-4
3.1405533726081735E-4
3.1405533726081735E-4
3.1405533726081735E-4
3.1405533726081735E-4
3.1405533726081735E-4
3.1405533726081735E-4
3.1405533341192235E-4
3.1405533341192235E-4
3.1405533341192235E-4
3.1405533341192235E-4
3.1405533341192235E-4
3.140553334119221E-4
3.140553334119221E-4
3.140536899361954E-4
3.140536899361954E-4
3.140536899361954E-4
3.140536899361954E-4
3.140536899361954E-4
3.140536899361954E-4
3.1405368993619445E-4
3.1405368993619445E-4
3.1405368993619445E-4
3.1405368993619445E-4
3.1405368993619445E-4
3.1405251565085485E-4
3.1405251565085485E-4
3.1405251565085485E-4
3.1405251565085485E-4
3.1405251565085485E-4
3.1405251565085485E-4
3.1405251565085485E-4
3.1405251565085485E-4
3.1405251565085485E-4
3.1405251565085485E-4
3.1405251565085485E-4
3.1405251565085485E-4
3.140525140585395E-4
3.140525140585287E-4
3.140525140585287E-4
3.140525140585287E-4
3.140525140585287E-4
3.140525140585287E-4
3.140525140585287E-4
3.140525140585287E-4
3.076259345925516E-4
3.076259345925516E-4
3.076259345925516E-4
3.076259345925516E-4
3.076259345925516E-4
3.076259345925479E-4
3.076259345925479E-4
3.076259343225039E-4
3.076259343225039E-4
3.076259343225039E-4
3.076259343225039E-4
3.076259343225039E-4
3.076259343225039E-4
3.076259343225039E-4
3.076259343225039E-4
3.076259343225039E-4
3.076259343225038E-4
3.076259343169439E-4
3.0762593424884415E-4
3.0762593424884415E-4
3.076259342488441E-4
3.076259342488441E-4
3.0762593424764334E-4
3.0762593424764334E-4
3.0762593424764334E-4
3.0762593424764334E-4
3.0762593424764334E-4
3.0762593424764334E-4
3.0762593424764334E-4
3.0762593424764334E-4
3.0762593424764334E-4
3.0762593424764334E-4
3.0762593424764334E-4
3.0762593424764334E-4
3.0762593424764334E-4
3.0762593424764334E-4
3.0762593424764334E-4
3.076259342217261E-4
3.07625934221354E-4
3.07625934221354E-4
3.07625934221354E-4
3.07625934221354E-4
3.076259342197547E-4
3.076259342197547E-4
3.076259342197547E-4
3.076259342197547E-4
3.076259342197547E-4
3.076259342197547E-4
3.076259342197547E-4
3.0762583544860224E-4
3.0762583544860224E-4
3.0762583544860224E-4
3.0762583544860224E-4
3.0761947910093516E-4
3.076194791006967E-4
3.076194791006967E-4
3.076194791006967E-4
3.0761947416082266E-4
3.0761947415498033E-4
3.0761947415498033E-4
3.07618773293837E-4
3.07618773293837E-4
3.0761877103016485E-4
3.0761877103016485E-4
3.0761877103016485E-4
3.0761877102995436E-4
3.076187710298675E-4
3.076187710298675E-4
3.0761877071760384E-4
3.0761877071760384E-4
3.076187707175325E-4
2.973248694789841E-5
2.9720730967982334E-5
2.9720730967982334E-5
2.9720730967982334E-5
2.9720730967982334E-5
2.9720730967982334E-5
2.972068219319239E-5
2.972068219319239E-5
2.9720682179824236E-5
2.9720682179824236E-5
2.9720682179824236E-5
2.9720682179824236E-5
2.9720682110876002E-5
2.9720682110876002E-5
2.9720682110876002E-5
2.9720681609936783E-5
2.9720681609936783E-5
2.9720681609936783E-5
2.9720677486803613E-5
2.9720677413911786E-5
2.9720677413911786E-5
2.9720677413911786E-5
2.9720677413911627E-5
2.9720677413911627E-5
2.9720677413911627E-5
2.9720677413911627E-5
2.9720677413911583E-5
2.9720677413911583E-5
2.9720677413911583E-5
2.9720677413911583E-5
2.9720677413893487E-5
2.9720677413892257E-5
2.9720677413892257E-5
2.9720677413892257E-5
2.9720677413892257E-5
2.9720677413892257E-5
2.9720677413892257E-5
2.9720677413892162E-5
2.9720677413892162E-5
2.9720677413892162E-5
2.9720677413892162E-5
2.9720677410421922E-5
2.9720677410421922E-5
2.9720677410421922E-5
2.9720677410421817E-5
2.9720677410421817E-5
2.9720677410421817E-5
2.9720677410421817E-5
2.9720677410421817E-5
2.9720677410421817E-5
2.9720677410421817E-5
2.9720677410421817E-5
2.9720677410421797E-5
2.9720677410421797E-5
2.9720677410421797E-5
2.9720677410421797E-5
2.9720677410421797E-5
2.9720677410421797E-5
2.9720677410421255E-5
2.9720591009753378E-5
2.9720591009744186E-5
2.9720591009744186E-5
2.9720591009744186E-5
2.9720591009457912E-5
2.9720591009457912E-5
2.9720591009457912E-5
2.9720590927661282E-5
2.9720590927661282E-5
2.9720590927661282E-5
2.9720590927661282E-5
2.972059092756161E-5
2.972059092756161E-5
2.9592363505679652E-5
2.9592363505679652E-5
2.9592363505679652E-5
2.9592363505679652E-5
2.9592363505087265E-5
2.9592363505087265E-5
2.9592363505079794E-5
2.9592363505079794E-5
2.9592363505079794E-5
2.9592363505079794E-5
2.9592363505079794E-5
2.9592363504164358E-5
2.9592363504164358E-5
2.9592363504164358E-5
2.9592363504164358E-5
2.9592363504164358E-5
2.9592363504164358E-5
2.9592363504164358E-5
2.9592363504164358E-5
2.9592363503871864E-5
2.9592363503871864E-5
2.9592363503871864E-5
2.9592363503871864E-5
2.9592363503871864E-5
2.9592363503871864E-5
2.9592363503871864E-5
2.9592363503871864E-5
2.9592363503871864E-5
2.9592360186698264E-5
2.9592360186698264E-5
2.959236018669815E-5
2.959236018669815E-5
2.959236018669815E-5
2.959236018669815E-5
2.959236018669815E-5
2.959236018669815E-5
2.959235974270633E-5
2.9592359740666452E-5
2.9592359740666452E-5
2.9592359740666452E-5
2.9592359740666452E-5
2.9592359740666452E-5
2.9592359740666452E-5
2.9592359740666452E-5
2.9592359740666452E-5
2.9592359739041318E-5
2.9592359739041318E-5
2.9592359739041318E-5
2.9592359739041318E-5
2.9592359739041318E-5
2.9592359736341427E-5
2.9592359736341427E-5
2.9592359736341427E-5
2.9592359736341427E-5
2.9592359736341427E-5
2.9592359736341427E-5
2.9592359736341427E-5
2.9592359736341427E-5
2.9592359736341427E-5
2.9592359736341427E-5
2.9592359736341427E-5
2.9592359736341427E-5
2.9592359736341427E-5
2.9592359736341427E-5
2.9592359736341427E-5
2.9592359736341427E-5
2.9592359736341417E-5
2.9592359736341417E-5
2.9592359736341417E-5
2.9592359736341417E-5
2.9592359736341417E-5
2.9592359736341417E-5
2.9592359736341417E-5
2.9592359736341417E-5
2.9592359736341417E-5
2.9592359736341417E-5
2.9592359736341417E-5
2.9592359736264144E-5
2.9592359736264144E-5
2.9592359736264144E-5
2.9592359736264144E-5
2.9592359736264144E-5
2.9592359736264144E-5
2.9592359736264144E-5
2.9592359736264144E-5
2.9592359736264144E-5
2.9592359736264144E-5
2.9592359736264144E-5
2.9592359736264144E-5
2.9592359736264144E-5
2.9592359736264144E-5
2.9592359736264144E-5
2.9592359736264144E-5
2.959235973626414E-5
2.9592358597784107E-5
2.9592358597784107E-5
2.9592358597784107E-5
2.9592358597784107E-5
2.9592358597784107E-5
2.9592358597784107E-5
2.9592358597784107E-5
2.9592358597784107E-5
2.9592358597784107E-5
2.9592358597784107E-5
2.9354679052701507E-5
2.9354679052701507E-5
2.9354679052701507E-5
2.9354679052701507E-5
2.9354679052701507E-5
2.9354679052701507E-5
2.9354679052701507E-5
2.9354679052701507E-5
2.9354679052701507E-5
2.9354679052701507E-5
2.935467905270023E-5
2.935467905270023E-5
2.9354678638286968E-5
2.9354678631894106E-5
2.9354678631894106E-5
2.9354678631894106E-5
2.935467863181689E-5
2.935467863181689E-5
2.935467863181689E-5
2.935467863181689E-5
2.935467863181689E-5
2.935467863181689E-5
2.9354678451030894E-5
2.9354678451030894E-5
2.9354678451030894E-5
2.9354678451030894E-5
2.9354678451030894E-5
2.9354678451030894E-5
2.9354678451030894E-5
2.9354678451030894E-5
2.9354678451030894E-5
2.9354678451030894E-5
2.9354678451030894E-5
2.9354678451030894E-5
2.9354678451030894E-5
2.9354678451030894E-5
2.9354678451030894E-5
2.9354678451030894E-5
2.9354678451030894E-5
2.9354678451030894E-5
2.9354678451030894E-5
2.9354678451030894E-5
2.9354678451030894E-5
2.9354678451030894E-5
2.9354678451030894E-5
2.9354678451030894E-5
2.9354678451030894E-5
2.9354678451030894E-5
2.9354678451030894E-5
2.9354678451030894E-5
2.9354678451030894E-5
2.9354678451030894E-5
2.9354678451030894E-5
2.9354678451030894E-5
2.9354678451030894E-5
2.9354678451030894E-5
2.9354678451030894E-5
2.9354678451030894E-5
2.9354678451030894E-5
2.9354675034218143E-5
2.9354675034218143E-5
2.93546750342179E-5
2.93546750342179E-5
2.93546750342179E-5
2.93546750342179E-5
2.935467503419774E-5
2.935467503419774E-5
2.935467503419774E-5
2.935467503419774E-5
2.935467503419774E-5
2.935467503419774E-5
2.935467503416641E-5
2.935467503416641E-5
2.935467503208845E-5
2.935467503208845E-5
2.935467503208845E-5
2.935467503208845E-5
2.935467503208845E-5
2.935467503208845E-5
2.935467503208845E-5
2.935467502955548E-5
2.935467502955548E-5
2.935467502955548E-5
2.935467499214243E-5
2.935467499214243E-5
2.935467499214239E-5
2.935467499214239E-5
2.935310947018047E-5
2.9353088680206277E-5
2.9353088680206277E-5
2.9353088680206277E-5
2.9353088680206277E-5
2.9353088680206277E-5
2.9353088680206277E-5
2.9353088676873507E-5
2.9353088676307374E-5
2.9353088676307374E-5
2.9349260342605953E-5
2.9349260342472508E-5
2.9349260342472508E-5
2.9349260342472508E-5
2.93492599073019E-5
2.93492599073019E-5
2.93492599073019E-5
2.93492599073019E-5
2.93492599073019E-5
2.9349259907275304E-5
2.9349259907275304E-5
2.9349259907275304E-5
2.9349259907275304E-5
2.9349259907275304E-5
2.9349259907275304E-5
2.9349259250020394E-5
2.9349259250020394E-5
2.9349259250020394E-5
2.934925924999856E-5
2.934925924999856E-5
2.934925924999856E-5
2.9349257720126896E-5
2.9349257720126896E-5
2.9349257720126896E-5
2.9349257720126896E-5
2.9349257720126896E-5
2.9349257720126896E-5
2.9349257720126896E-5
2.9349257720126896E-5
2.9349257720126896E-5
2.9349257720126896E-5
2.9349257720126896E-5
2.9349257720126896E-5
2.9349257720126896E-5
2.9349257720126896E-5
2.9349257720126754E-5
2.9349257720126744E-5
2.9349257720126744E-5
2.9349257720027732E-5
2.9349257720027732E-5
2.9349257720027732E-5
2.9349257720027732E-5
2.9349257720027732E-5
2.9349257716319524E-5
2.9349257716319524E-5
2.9349257416926004E-5
2.9349257416926004E-5
2.9349257416926004E-5
2.9349257416926004E-5
2.9349257416926004E-5
2.934925741692599E-5
2.934925741692599E-5
2.934925741692599E-5
2.934925741692599E-5
2.934925741692599E-5
2.934925741692599E-5
2.934925741687719E-5
2.9349257399256362E-5
2.9349257399256362E-5
2.93492573988065E-5
2.934925739880644E-5
2.934925739880644E-5
2.934925739880644E-5
2.934925739880644E-5
2.934925739880644E-5
2.93492573462674E-5
2.93492573462674E-5
2.93492573462674E-5
2.93492573462674E-5
2.934886344616267E-5
2.9348863301182085E-5
2.9348863301182078E-5
2.9348863301179605E-5
2.9348863301179605E-5
2.9348863301179605E-5
2.9348863301179605E-5
2.93488633011796E-5
2.93488633011796E-5
2.93488633011796E-5
2.93488633011796E-5
2.9348863301179588E-5
2.9348863301179588E-5
2.9348863301179588E-5
2.9348863301179588E-5
2.9348863301179588E-5
2.9348863301179588E-5
2.9348863301179588E-5
2.9348863301179588E-5
2.9348863301179588E-5
2.9348863301179585E-5
2.9348863301179585E-5
2.9348863301179585E-5
2.9348863301179585E-5
2.9348863301179585E-5
2.9348863301179585E-5
2.9348863301179585E-5
2.9348863301179585E-5
2.9348863301179585E-5
2.9348863301179585E-5
2.9348863301179585E-5
2.93488633011666E-5
2.93488633011666E-5
2.9348863301154597E-5
2.9348863301154597E-5
2.9348849124585563E-5
2.934884912458555E-5
2.934884912458555E-5
2.934884912458555E-5
2.934884912458555E-5
2.934884912458555E-5
2.934884912458555E-5
2.934884912458555E-5
2.934884912458555E-5
2.934884912458555E-5
2.934884912458555E-5
2.934884912458555E-5
2.934884912458555E-5
2.9348849124585424E-5
2.9348849124585424E-5
2.9348849124585424E-5
2.9348848121815332E-5
2.9348848121815332E-5
2.9348848121815332E-5
2.9348848121815332E-5
2.9348848121815332E-5
2.9348848121815332E-5
2.9348848121815332E-5
2.934884811663947E-5
2.9348848116638707E-5
2.9348848116638707E-5
2.9348848116638707E-5
2.9348848116638707E-5
2.9348848116638707E-5
2.9348848115179724E-5
2.9348848115176925E-5
2.9348848115176925E-5
2.9348848115176925E-5
2.9348848115176925E-5
2.9348848115176925E-5
2.9348848115176925E-5
2.9348848115176925E-5
2.93488481054304E-5
2.93488481054304E-5
2.93488481054304E-5
2.934884810542556E-5
2.934884810542556E-5
2.934884810542556E-5
2.934884810542556E-5
2.9348848064711603E-5
2.9348848064711603E-5
2.934884806471121E-5
2.934884806471121E-5
2.934884806471121E-5
2.934884806471121E-5
2.934884806471121E-5
2.934884806471121E-5
2.9348808464490365E-5
2.9348808464384137E-5
2.9348808464384137E-5
2.9348807840383906E-5
2.9348807840383906E-5
2.9348807840383906E-5
2.9348807840383906E-5
2.9348807840383906E-5
2.9348807840383906E-5
2.9348807840383906E-5
2.9348807840383906E-5
2.9348807840383906E-5
2.9348807840383906E-5
2.934880777930694E-5
2.934880777930694E-5
2.934880777930694E-5
2.934880777930694E-5
2.934880777930694E-5
2.934880777930694E-5
2.934880777930694E-5
2.934880777930694E-5
2.934880777930694E-5
2.934880777930694E-5
2.934880777930694E-5
2.934880777930694E-5
2.934880777930694E-5
2.934880777930694E-5
2.934880777930687E-5
2.934880777930687E-5
2.934880777914725E-5
2.934880777914725E-5
2.934880777914725E-5
2.934880777914725E-5
2.934880777914725E-5
2.934880777914725E-5
2.934880777914725E-5
2.934880777914725E-5
2.934880777914725E-5
2.934880777914725E-5
2.934880777914725E-5
2.934880777914725E-5
2.934880777914725E-5
2.934880777914725E-5
2.934880777887203E-5
2.934880777887203E-5
2.934880777887203E-5
2.9348806831129577E-5
2.9348806831129577E-5
2.9348806831129577E-5
2.9348806831129527E-5
2.9348806831129527E-5
2.9348806831129527E-5
2.9348806831129527E-5
2.9348806831129527E-5
2.9348806831129527E-5
2.9348806831129527E-5
2.9348806831129527E-5
2.9348806831129527E-5
2.9348806831129527E-5
2.9348806831129527E-5
2.9348806831129527E-5
2.9348806831129527E-5
2.9348806831129527E-5
2.9348806831129527E-5
2.9348806831129527E-5
2.9348806831129527E-5
2.9348806831129527E-5
2.9348806831129527E-5
2.9348806831129527E-5
2.9348806831129527E-5
2.9348806831129527E-5
2.9348806831129527E-5
2.9348806831129527E-5
2.9348806831129462E-5
2.9348806831129462E-5
2.9348806831129462E-5
2.9348806831129462E-5
2.9348806831129462E-5
2.9348806831129462E-5
2.9348806830587365E-5
2.9348806830587365E-5
2.9348806830587246E-5
2.9348806830587246E-5
2.9348806830487652E-5
2.9348806830487652E-5
2.9348806830487652E-5
2.9348806830487652E-5
2.9348806830487652E-5
2.9348806830487652E-5
2.9348806830487652E-5
2.9348806830136167E-5
2.9348806830136167E-5
2.9348806830136167E-5
2.9348806830136167E-5
2.9348806830136028E-5
2.9348806830136028E-5
2.9348806830136028E-5
2.9348806830136028E-5
2.9348806830136028E-5
2.9348806830136028E-5
2.934880682522374E-5
2.934880682522374E-5
2.934880682522374E-5
2.934880682522374E-5
2.934880682522374E-5
2.934880682522374E-5
2.934880682522374E-5
2.934880682522374E-5
2.934880682522374E-5
2.9348806825223735E-5
2.934517410849719E-5
2.934517410849719E-5
2.934517410849719E-5
2.934517410849719E-5
2.934517410849719E-5
2.934517410849719E-5
2.934517410849719E-5
2.934517410849719E-5
2.934517410849719E-5
2.934517410849719E-5
2.934517410849719E-5
2.934517410849719E-5
2.934517410849719E-5
2.934517410849719E-5
2.934517410849719E-5
2.934517410849719E-5
2.934517410849719E-5
2.934517410849719E-5
2.934517410849719E-5
2.934517410849719E-5
2.934517410849719E-5
2.9345174108497182E-5
2.9345174108497182E-5
2.9345174108497182E-5
2.9345174108497182E-5
2.9345174108497182E-5
2.9345174108496915E-5
2.9345174108496915E-5
2.9345174108496915E-5
2.9345174108496915E-5
2.9345174108496915E-5
2.9345174108496786E-5
2.9345174108496786E-5
2.9345174108496786E-5
2.9345174108496786E-5
2.9345174108496786E-5
2.9345174108496786E-5
2.9345174108496786E-5
2.9345174108496786E-5
2.9345174108496786E-5
2.9345174108496786E-5
2.9345174108496786E-5
2.934517410849518E-5
2.934517410835417E-5
2.934517410835417E-5
2.934517410835417E-5
2.934517410835417E-5
2.934513398847504E-5
2.934513398847504E-5
2.934513398847504E-5
2.9345133986175966E-5
2.9345133986175966E-5
2.9345133986175966E-5
2.9345133986175963E-5
2.9345133934214662E-5
2.934513393421466E-5
2.934513393421466E-5
2.9345133934187564E-5
2.9345133934187564E-5
2.9345133934187564E-5
2.9345133934187564E-5
2.9345133934187564E-5
2.9345133934187564E-5
2.9345133934187564E-5
2.9345133934187564E-5
2.9345133934187564E-5
2.9345133934187564E-5
2.9345133934099113E-5
2.9345133934099113E-5
2.9345133934099113E-5
2.9345133934099113E-5
2.9345133934099113E-5
2.9345133934099113E-5
2.9345133934099113E-5
2.9345133934099113E-5
2.9345133934099113E-5
2.9345133934099113E-5
2.9345133934099113E-5
2.9345133934099113E-5
2.9345133934099113E-5
2.9345133934090816E-5
2.9345133934090816E-5
2.9345133934090816E-5
2.9345133934090816E-5
2.9345133934090816E-5
2.9345133934090816E-5
2.9345133934090816E-5
2.9345133913239317E-5
2.9345133913239317E-5
2.9345133913239317E-5
2.9345133913239317E-5
2.9345133913239317E-5
2.9345133913239317E-5
2.934513391146727E-5
2.934513391146727E-5
2.934513391146727E-5
2.934513391146727E-5
2.934513391146727E-5
2.934513391146727E-5
2.934513391146727E-5
2.934513391146727E-5
2.934513391146727E-5
2.934513391146727E-5
2.934513391146727E-5
2.934513391146727E-5
2.934513391146727E-5
2.934513391146727E-5
2.934513391146727E-5
2.9345133911467253E-5
2.9345133911467253E-5
2.9345133911467253E-5
2.9345133911467253E-5
2.9345133911467253E-5
2.9345133911467253E-5
2.9345133911467253E-5
2.9345133911467253E-5
2.9345133911467253E-5
2.9345133911467253E-5
2.9345133911467253E-5
2.9345133911467253E-5
2.9345133911467253E-5
2.9345133911467253E-5
2.9345133911467253E-5
2.9345133911467253E-5
2.9345133911467253E-5
2.9345133911467253E-5
2.9345133911467253E-5
2.9345133911467253E-5
2.9345133911467253E-5
2.9345133911467253E-5
2.9345133911467253E-5
2.9345133911467253E-5
2.9345133911467253E-5
2.934513391146725E-5
2.934513391146725E-5
2.934513391146725E-5
2.934513391146725E-5
2.934513391146725E-5
2.934513391146725E-5
2.934513391146725E-5
2.934513391146725E-5
2.934513391146725E-5
2.934513391146725E-5
2.934513391146725E-5
2.934513391146725E-5
2.934513391146725E-5
2.9345133911184937E-5
2.9345133911184937E-5
2.9345133911184937E-5
2.9345133911184937E-5
2.9345133911184937E-5
2.9345133911184937E-5
2.9345133911184937E-5
2.9345133911184937E-5
2.934513391118343E-5
2.934513391118343E-5
2.934513391118343E-5
2.934513391118343E-5
2.934513391118343E-5
2.934513391118343E-5
2.934513391118343E-5
2.934513391118343E-5
2.934513364156371E-5
2.934513364156371E-5
2.934513364156371E-5
2.934513364156371E-5
2.934513364156371E-5
2.934513364156371E-5
2.9345133641563623E-5
2.9345133641563623E-5
2.9345133641563623E-5
2.9345133641563623E-5
2.9345133641563623E-5
2.9345133641515227E-5
2.9345133641515227E-5
2.9345133641515227E-5
2.9345133641515227E-5
2.9345133641515227E-5
2.9345133641515227E-5
2.9345133641515227E-5
2.9345133641515227E-5
2.9345133641515227E-5
2.9345133641515227E-5
2.9345133641515227E-5
2.9345133641515227E-5
2.9345133641515227E-5
2.9345133641515227E-5
2.9345133641515227E-5
2.9297973168482713E-5
2.9297973168482713E-5
2.9297973168482713E-5
2.9297973168482713E-5
2.9297973168482713E-5
2.9297973168482713E-5
2.9297973168482713E-5
2.9297973168482713E-5
2.9297973168482713E-5
2.9297973168482713E-5
2.9297973168482713E-5
2.9297973168482713E-5
2.9297973168482713E-5
2.9297973168482713E-5
2.9297973168482713E-5
2.9297973168482713E-5
2.9297973168482706E-5
2.9297973168482706E-5
2.9297973168482706E-5
2.9297973168482706E-5
2.9297973168482706E-5
2.92979731684827E-5
2.92979731684827E-5
2.92979731684827E-5
2.92979731684827E-5
2.92979731684827E-5
2.92979731684827E-5
2.92979731684827E-5
2.92979731684827E-5
2.92979731684827E-5
2.92979731684827E-5
2.92979731684827E-5
2.92979731684827E-5
2.92979731684827E-5
2.92979731684827E-5
2.92979731684827E-5
2.929797316848269E-5
2.929797316848269E-5
2.929797316848269E-5
2.929797316848269E-5
2.929797316848269E-5
2.929797316848269E-5
2.929797316848269E-5
2.929797316848269E-5
2.929797316848269E-5
2.929797316848269E-5
2.929797316848269E-5
2.929797316848269E-5
2.929797316848269E-5
2.929797316848269E-5
2.929797316848269E-5
2.929797316848269E-5
2.929797316848269E-5
2.929797316848269E-5
2.929797316848269E-5
2.929797316848269E-5
2.929797316848269E-5
2.929797316848269E-5
2.929797316848269E-5
2.929797316848269E-5
2.929797316848269E-5
2.929797316848269E-5
2.929797316848269E-5
2.929797316848269E-5
2.929797316848269E-5
2.929797316848269E-5
2.929797316848269E-5
2.929797316848269E-5
2.929797316848269E-5
2.9297973168482652E-5
2.9297973168482652E-5
2.9297973168482652E-5
2.929797316848261E-5
2.929797316848261E-5
2.929797316848261E-5
2.9297973168244815E-5
2.9297973168244815E-5
2.9297973168244815E-5
2.9297973168244815E-5
2.9297973168244815E-5
2.9297973168244815E-5
2.9297973168244815E-5
2.9297973168244815E-5
2.9297973168244815E-5
2.9297973168244815E-5
2.9297973168244815E-5
2.9297973168244815E-5
2.9297973168244815E-5
2.9297973168244815E-5
2.9297973168244815E-5
2.9297973168244815E-5
2.9297973168244815E-5
2.9297973168244815E-5
2.9297973168244815E-5
2.9297973168244815E-5
2.9297973168244815E-5
2.9297973168244815E-5
2.9297973168244815E-5
2.9297973168244815E-5
2.9297973168244815E-5
2.9297973168244815E-5
2.9297973168244815E-5
2.9297973168244815E-5
2.9297973168244815E-5
2.929797316824447E-5
2.929797316824447E-5
2.929797316824447E-5
2.929797316824447E-5
2.929797316824447E-5
2.929797316824447E-5
2.929797316824447E-5
2.929797316824447E-5
2.929797316824447E-5
2.929797316824447E-5
2.929797316824447E-5
2.9297973168244456E-5
2.9297973168244456E-5
2.9297973168244456E-5
2.9297973168244456E-5
2.9297973168244456E-5
2.9297973168244456E-5
2.9297973168244456E-5
2.9297973168244456E-5
2.9297973168244456E-5
2.9297973168244456E-5
2.9297973168244456E-5
2.9297973168244456E-5
2.9297973168244456E-5
2.9297973168244456E-5
2.9297973168244456E-5
2.9297973168244456E-5
2.9297973168244456E-5
2.9297973168244456E-5
2.9297973168244456E-5
2.9297973168244456E-5
2.9297973168244456E-5
2.9297973168244456E-5
2.9297973168244456E-5
2.9297973168244456E-5
2.9297973168244456E-5
2.9297973168244456E-5
2.9297973168244456E-5
2.9297973168244456E-5
2.9297973168244456E-5
2.9297973168244456E-5
2.9297973168244456E-5
2.9297973168211086E-5
2.9297973168211086E-5
2.9297973168211086E-5
2.9297973168211086E-5
2.9297973168211086E-5
2.9297973168211086E-5
2.9297973168211086E-5
2.9297973168211086E-5
2.9297973168211086E-5
2.9297973168211086E-5
2.9297973168211086E-5
2.9297973168211086E-5
2.9297973168211086E-5
2.9297973168211086E-5
2.9297973168211086E-5
2.9297973168211086E-5
2.9297973168211086E-5
2.9297973168211086E-5
2.9297973168211086E-5
2.9297973168211086E-5
2.9297973168211086E-5
2.9297973168211086E-5
2.9297973168211086E-5
2.9297973168211086E-5
2.9297973168211086E-5
2.9297973168211086E-5
2.9297973168211086E-5
2.9297973168211086E-5
2.9297973168211086E-5
2.9297973168211086E-5
2.9297973168211086E-5
2.9297973168211086E-5
2.9297973168211086E-5
2.9297973168211086E-5
2.9297973168211086E-5
2.9297973168211086E-5
2.9297973168211086E-5
2.9297973168211086E-5
2.9297973168211086E-5
2.9297973168211086E-5
2.9297973168211086E-5
2.9297973168211086E-5
2.929797316819367E-5
2.929797316819367E-5
2.929797316819367E-5
2.929797316819367E-5
2.929797316819367E-5
2.929797316819367E-5
2.929797316819367E-5
2.929797316819367E-5
2.929797316819367E-5
2.929797316819367E-5
2.929797316819367E-5
2.929797316819367E-5
2.929797316819367E-5
2.929797316819367E-5
2.929797316819367E-5
2.929797316819367E-5
2.929797316819367E-5
2.929797316819367E-5
2.929797316819367E-5
2.929797316819367E-5
2.929797316819367E-5
2.929797316819367E-5
2.929797316819367E-5
2.929797316819367E-5
2.929797316819367E-5
2.929797316819367E-5
2.929797316819367E-5
2.929797316819367E-5
2.929797316819367E-5
2.929797316819367E-5
2.929797316819367E-5
2.929797316819367E-5
2.929797316819367E-5
2.929797316819367E-5
2.929797316819367E-5
2.929797316819367E-5
2.929797316819367E-5
2.929797316819367E-5
2.929797316819367E-5
2.929797316819367E-5
2.929797316819367E-5
2.929797316819367E-5
2.929797316819367E-5
2.929797316819367E-5
2.929797316819367E-5
2.929797316819367E-5
2.929797316819367E-5
2.929797316819367E-5
2.929797316819367E-5
2.929797316819367E-5
2.929797316819367E-5
2.929797316819367E-5
2.929797316819367E-5
2.929797316819367E-5
2.929797316819367E-5
2.929797316819367E-5
2.929797316819367E-5
2.929797316819367E-5
2.929797316819367E-5
2.929797316819367E-5
2.929797316819367E-5
2.929797316819367E-5
2.929797316819367E-5
2.929797316819367E-5
2.929797316819367E-5
2.929797316819367E-5
2.929797316819367E-5
2.929797316819367E-5
2.929797316819367E-5
2.929797316819367E-5
2.929797316819367E-5
2.929797316819367E-5
2.929797316819367E-5
2.929797316819367E-5
2.929797316819367E-5
2.929797316819367E-5
2.929797316819367E-5
2.929797316819367E-5
2.929797316819367E-5
2.929797316819367E-5
2.929797316819367E-5
2.929797316819367E-5
2.929797316819367E-5
2.929797316819367E-5
2.929797316819367E-5
2.929797316819367E-5
2.929797316819367E-5
2.929797316819367E-5
2.929797316819367E-5
2.929797316819367E-5
2.929797316819367E-5
2.929797316819367E-5
2.929797316819367E-5
2.929797316819367E-5
2.929797316819367E-5
2.929797316819367E-5
2.929797316819367E-5
2.929797316819367E-5
2.929797316819367E-5
2.929797316819367E-5
2.929797316819367E-5
2.929797316819367E-5
2.929797316819367E-5
2.929797316819367E-5
2.929797316819367E-5
2.929797316819367E-5
2.929797316819367E-5
2.929797316819367E-5
2.929797316819367E-5
2.929797316819367E-5
2.929797316819367E-5
2.929797316819367E-5
2.929797316819367E-5
2.929797316819367E-5
2.929797316819367E-5
2.929797316819367E-5
2.929797316819367E-5
2.929797316819367E-5
2.929797316819367E-5
2.929797316819367E-5
2.929797316819367E-5
2.929797316819367E-5
2.929797316819367E-5
2.929797316819367E-5
2.929797316819367E-5
2.929797316819367E-5
2.929797316819367E-5
2.929797316819367E-5
2.929797316819367E-5
2.929797316819367E-5
2.929797316819367E-5
2.929797316819367E-5
2.929797316819367E-5
2.929797316819367E-5
2.929797316819367E-5
2.929797316819367E-5
2.929797316819367E-5
2.929797316819367E-5
2.929797316819367E-5
2.929797316819367E-5
2.929797316819367E-5
2.929797316819367E-5
2.929797316819367E-5
2.929797316819367E-5
2.929797316819367E-5
2.929797316819367E-5
2.929797316819367E-5
2.929797316819367E-5
2.929797316819367E-5
2.929797316819367E-5
2.929797316819367E-5
2.929797316819367E-5
2.929797316819367E-5
2.929797316819367E-5
2.929797316819367E-5
2.929797316819367E-5
2.929797316819367E-5
2.929797316819367E-5
2.929797316819367E-5
2.929797316819367E-5
2.929797316819367E-5
2.929797316819367E-5
2.929797316819367E-5
2.929797316819367E-5
2.929797316819367E-5
2.929797316819367E-5
2.929797316819367E-5
2.929797316819367E-5
2.929797316819367E-5
2.929797316819367E-5
2.929797316819367E-5
2.929797316819367E-5
2.929797316819367E-5
2.929797316819367E-5
2.929797316819367E-5
2.929797316819367E-5
2.929797316819367E-5
2.929797316819367E-5
2.929797316819367E-5
2.929797316819367E-5
2.929797316819367E-5
2.929797316819367E-5
2.929797316819367E-5
2.929797316819367E-5
2.929797316819367E-5
2.929797316819367E-5
2.929797316819367E-5
2.929797316819367E-5
2.929797316819367E-5
2.929797316819367E-5
2.929797316819367E-5
2.929797316819367E-5
2.929797316819367E-5
2.929797316819367E-5
2.929797316819367E-5
2.929797316819367E-5
2.929797316819367E-5
2.929797316819367E-5
2.929797316819367E-5
2.929797316819367E-5
