25905.439437959074
25905.439437959074
25905.439437959074
25216.74009264994
23708.337094586
23708.337094445546
23708.337094445546
23708.337094445546
23708.3345202329
23708.3345202329
23708.334520224853
23708.334520211138
23708.334520211138
23708.334447012858
23708.334447012785
23708.334447012785
23708.33438205548
23708.33438205548
23708.33438205548
18757.78659730927
18757.786597309252
18757.786597309252
18757.786597309252
18757.786597309252
18757.78659712083
18757.78659712083
18755.23937823262
18755.23937823262
16776.492101258995
16776.492066355117
16776.492066355117
16776.492066355117
16776.461765350527
16776.461765350527
16776.461765350527
16776.461765350527
16776.461765350527
16776.461765350527
16776.458395819558
16776.458395819558
16776.458395819558
16745.201598815795
16744.20573899831
16744.205306615055
16744.205306615055
16744.205306615055
16744.205306450778
16744.205306226773
16744.205306226773
16744.20524306359
16744.20524306359
16744.20524306359
16743.603016218687
16729.43180964455
16729.431688626435
16729.431688626435
16351.787821269569
16351.787804100306
16351.77366454923
16351.77366454923
16351.04785025312
16351.04785025312
16351.04785025312
16351.04785025312
16345.900201040044
16345.900201040044
16345.900201040044
16345.900201040044
16345.900201040044
16345.900201040044
16345.900201040044
16345.900201040044
16345.898978297491
16345.89896589409
16345.898965894085
16345.898965894085
16345.898965894085
16345.898965894085
16142.765919727211
16142.765909758917
16094.402802872413
16094.25912250659
16094.25912250659
16094.25912250659
15994.54823230799
15994.54823230799
15994.54823230799
15994.54520523863
15994.54520523863
15994.54520523863
15994.54520523863
15994.54520523863
15994.54518963038
15994.54518963038
15994.545187938698
15994.545187712109
15994.545187712109
15971.491336750849
15971.491336750849
15971.345654592462
15971.345654592462
15971.345654592462
15971.345654586545
15971.34564024794
15971.34564024794
14909.449920943332
14894.610819878204
14894.610819878204
14894.610819878204
14894.610819878204
14894.610819878204
14894.610819669264
12054.827619736103
12054.827619736103
12053.40984830835
11019.664903395113
10683.832530280766
10675.341616840711
10675.341615282765
10675.341615282765
10675.341615282765
10675.341615282765
10675.341614713861
10675.341614713861
10675.341614713861
10675.341614713861
10675.341614713861
10675.341614713861
10675.341354169908
10675.341353978574
10675.341353978574
10675.341353978574
10675.341353978574
10675.31412757131
10675.30329505613
10675.30329505613
10675.30329505613
10675.30329505613
10675.30329505613
10553.086768028967
10553.086592890315
10553.086592890124
10553.086397829813
9167.026366790104
9167.026366790104
9167.026366790104
9167.026366790104
9167.026366790104
9167.025044185482
9167.025044185482
9167.025044185482
9113.988170841114
9113.988169846567
9113.988169846567
9113.988169846567
9113.988169846567
9113.988169792843
9107.83494398329
9107.834014515976
9107.834014515976
9107.834014515976
9107.834014515976
9107.83401125369
9107.83401125369
9107.83401125369
9015.611028554124
9015.611028554124
9015.596651493928
9015.596651493928
9015.595691183744
8961.648686109029
8871.880842723564
8871.829680034356
8871.829680034356
8871.829680034356
8871.829680034356
8871.294966017304
8871.294966017304
8871.294966017304
8810.733299250094
8810.733299250094
8810.733298982399
8810.733298982399
8810.733298982399
8810.733252003994
8810.733252003994
8810.733252003994
8810.733252003994
8810.733252003994
8810.733252003994
8810.733252003974
8810.733252003974
8235.674743274703
6993.239866122847
6992.223827640878
6991.782653749833
6991.782653749827
6991.782653749827
6991.782653749827
6991.782653749827
6991.782653749827
6991.200617187664
6869.768690129396
6869.768690129396
6869.768690129396
6869.768690129396
6869.768690129396
6869.768690088473
6869.768690088473
4248.578793988603
4248.578793988603
4248.578793988603
4248.578793988603
4248.578793988594
4248.575924289774
4248.575924289774
4248.575924289774
4248.575924289774
4248.575924289774
4248.575924289774
4248.575924289774
4248.575922270649
4248.564542383468
4248.564542383468
4248.564542383468
4248.564542383468
4122.76394640437
4122.76394640437
4122.758026626289
4122.758026626289
4122.758026626289
4122.758019223937
4122.758019223937
4122.758019223937
4122.740201986071
4121.488821559142
4121.488821559142
4121.488821559142
4105.9355653429075
4105.9355653429075
4105.935159923371
4105.935159923371
4105.89428647249
4105.89428647249
4105.89428647249
4105.89428647249
4105.89428647249
4105.89428647249
4105.7440291839475
4105.74402918371
4105.74402918371
4105.734500345939
4091.889141610692
4091.889141610692
4091.889141610692
4091.889141610692
4091.8891416089077
4091.8891416089077
4091.8891416089077
4091.8517878409825
4091.8517878409825
4091.8517878409825
4091.8517878409825
4091.851774178322
4091.851774178322
4091.584355344226
4091.584355344226
4091.584355344226
4091.584019993108
4091.584019939592
4091.5270276194824
4091.527027619482
4091.527027619482
4091.527027619482
4091.527027619482
3843.821707114497
3843.821707114497
3843.821707114497
3843.821707114497
3843.821707114497
3843.7341807186103
3843.7341807186103
3843.7341807186103
3843.7341807186103
3843.722659252601
3843.722657106218
3843.716535836397
3843.716535836397
3843.716535836397
3843.716535836397
3604.063530968309
3604.063530968309
3604.063530959986
3604.063530937645
3056.181275209072
3053.754047376848
3053.7540473544677
3053.7540473544677
3053.7540473544677
3053.7540473544677
3053.7540473544677
3053.7540473544677
3053.7540473544677
3053.753152146052
3053.753152146052
3053.752790274234
3053.752790274234
3053.752790274234
3052.6872987947277
3052.6872987947277
3052.6872987947277
3052.6872987947277
3052.6872987947277
3052.6872987947277
3052.687298785385
1796.2452650373573
1796.2452650373573
1796.245264932764
1796.245264932764
1796.245264932764
1796.245264932764
1796.245264932629
1796.245264932629
1796.2452267021324
1796.2452267021324
1796.2452267021324
1754.1531447681666
1754.1531447681666
1566.6188284944656
1566.6188284944656
1566.618590351598
1566.618590351598
1566.3816542368666
1566.3816542368659
1566.3816542368659
1566.3816542368659
1566.3816542368659
1565.365252971626
1565.365252971626
1565.365252971626
1565.3651378093218
1565.3651378093218
1565.3318634587067
1565.3280822675797
1565.3280822675797
1565.3280822675797
1565.3280822675797
1565.3280822675797
1565.3280822675797
1565.3246619244824
1565.3246619244824
1565.3246619244824
1565.3246618290711
1565.3246618290711
1565.3246582438844
1564.0318893771139
1564.0318893771139
1472.2165454173833
1472.2165454173833
1472.2165454173833
790.6178818256179
778.712842084626
778.7128420844793
778.7128420844793
778.7128420844793
778.7128420844793
778.7128420844793
778.7127787485414
778.6804220362789
778.6799507727873
778.6799507727873
778.6799507727873
778.6799507727873
778.6799507727873
778.6799507727873
774.9613615528834
774.9613615528834
774.9613615528834
774.9613615528834
774.9613615528834
774.9612223204057
774.9612223204057
774.9597562903498
774.958983292752
774.5438321839325
774.543831824926
774.543831824926
774.543831824926
774.543831824926
774.5438318249186
774.5438318249186
774.5438318249186
774.5438318249186
774.5438306820952
774.5438306820952
724.4879164581895
724.4879164581895
673.5296642184236
673.5296628822824
655.3288142682592
655.328814268253
655.328814268253
655.328814268253
655.3288133658674
655.3288112589192
655.3288112589192
655.3288112578903
655.3288112578903
655.3288112578903
655.3225343457573
655.3225343457573
655.3225343457573
655.3225343457573
655.322534345757
655.3223136046792
655.3223136046792
655.3223136046792
654.6861034599625
654.6858971697658
654.685897057969
654.6858969956395
654.6858969956395
654.6858969956395
654.6858969956395
654.6858969956395
654.6854841567501
654.6854817604302
654.6854817604302
654.6854817604302
654.6854817604302
654.6854817604302
654.6854817604302
654.383145574336
654.383145574336
654.383145574336
654.383145574336
654.3831455743283
654.3831455743283
654.3831455743283
583.032898347201
583.032898347201
583.032898347201
583.032898347201
583.032898347201
583.032898347201
583.032891020503
583.030241614803
555.3548200788604
555.3548200772389
555.3548200772389
555.3548200772389
555.3548200772389
555.3548200772389
554.2049399554761
554.2049399554761
554.2049399554755
554.2049399553136
554.2049399553136
554.2049399553136
554.2049399553136
554.2049399553136
554.2049399553136
554.1979792991027
554.1908837101287
554.1417340077637
554.1417340077637
554.1417125143014
554.0862942479035
554.0862942479035
554.0862942479035
554.0862942479035
554.0862942479035
554.0862942479035
554.0862942479035
554.0721061731532
314.3661789425877
314.3661492251579
314.3661492251579
314.3661492251579
314.3661492251579
314.3661492251579
314.3661492251578
314.3661492251578
314.36614921855374
314.36614921855374
314.36614921855374
314.36614607491254
314.36614607484086
314.36614607484086
314.36521583203404
314.36521583203404
314.36521583203404
314.36521583203404
314.36521583203404
314.36521583203404
314.36521583114234
314.36521583114234
314.36521583114234
314.36521583114234
314.36521583114234
314.36521583114234
314.36521583114234
314.36521583114234
314.3652157937332
314.3652157937332
314.3652157937332
312.20381556530407
312.20358354987474
312.20358354987474
312.20358354987474
312.20358354861804
312.2020271552919
312.20202715498164
312.20202715498164
312.20202615779
312.20202525901914
311.88955435312846
311.88955435312846
311.8895543039413
311.8895543039413
311.8895543039413
311.8895543039413
311.8895543039413
311.86998499152855
311.86998499152855
311.86998499152855
311.86998499152855
311.8025385015772
311.8025385015772
311.8025385015772
311.8025385015772
311.8025385015772
311.8025385015772
311.8025385015772
309.7145300617024
309.7145300617024
309.7145278098257
309.7145278098257
309.7145278098257
309.7033497140753
309.7033497140753
294.2533597925565
294.2533597925565
294.2533597925565
294.2533597925565
294.2533597925565
294.2533597925565
294.2533597925565
294.2533570503601
294.2533570503601
294.2533570503601
294.2533555544142
294.2533555544142
294.2533555544142
294.2533555544142
294.25334754175816
294.25334754175816
288.1302733556087
288.130272784845
288.13027278472117
288.13027278472117
288.13027183684966
288.13027183684966
288.13027183684966
287.6588176878466
284.7441830697771
284.7441338983234
284.7441338983234
284.7441338983234
284.7441338983234
284.74413357694067
284.74413357694067
284.74411983710286
284.74411983710286
284.74411983710286
284.3218732266335
284.3218732266335
284.32173872292293
284.32173872292293
284.32173872292293
284.32173872292293
284.3217387225457
284.3217387225457
284.3217387225457
284.3217387225457
284.3217387225457
284.3217387225457
284.3217387225457
284.3217387225457
284.3217387225457
284.3217387225457
284.3217387225457
284.32173872254566
284.32173872254566
284.32173872254566
284.32173872254566
284.321738722429
284.321738722429
284.321738722429
284.32173871331344
284.32173871331344
284.32173871331344
284.32173871331344
284.32173871331344
284.32173871331344
284.32173871331344
284.32173871331344
284.32173871331344
284.32173527777735
284.31058636317067
284.31058636317067
284.31021915261164
284.31021914011836
284.3102188486485
239.92777431545312
239.92777431545312
239.92777431545312
239.92777431545312
239.18199560378264
239.18199560378264
239.18199560378264
239.1819956026966
239.1819956026966
238.46141565675396
238.46141565675396
238.46141565675384
238.46141565675384
238.46141565675384
238.46141565675384
238.46141565675384
238.46141565675384
238.46141565675384
238.46141565675384
238.46141476439192
238.46141476439192
238.46141476439192
238.46141476439192
238.46141476439192
238.46141476439192
238.46141476439192
238.46141476439192
238.46141476439192
238.46141476439192
238.46141476439183
234.8031217282137
234.8031217282137
234.8031217282137
234.8031217282137
234.7962098808886
234.7962098808886
234.7962098808886
234.7962098808886
234.7962098808886
234.79580078938355
234.79580078938355
234.79580078938355
234.79580078938355
234.79580078938355
227.11967286535716
227.11967286535716
227.11967286535716
227.11967286535716
227.11967286535716
227.11383987287243
227.11383987287243
227.11383987287243
227.11383987287243
227.11383724513465
227.11383724513465
227.1104697942533
227.11046979423347
227.11046979423347
227.1104697942334
227.1104697942334
227.11040504038363
227.11036473608397
227.11036473608397
227.11036473608397
227.11036473608397
227.11036473608397
225.76514578474485
225.76514578471597
225.76514578471597
225.76514578471466
225.76514578471466
225.76514578471466
225.76443002982938
225.76443002982936
225.76443002982936
225.76443002982936
225.76443002982936
225.76443002982936
225.75566167183794
225.75545130198424
225.75545130198424
225.75545130198424
225.75545130198424
225.75545130198424
225.75545130189937
225.75545130189937
225.7375902366694
225.7375902366694
225.7375902366694
225.7375902366694
225.7375902366694
225.7375902366694
225.7375902366694
225.7375902366694
225.73757191727043
225.73757191727043
225.73757191727043
225.73757191727017
225.7347878738378
225.7347878738378
225.7347878738378
225.73478787383763
225.73478787383763
225.73478787383763
225.73478787383763
225.73478787383763
225.73478787383763
225.73478787379176
225.73478787379176
225.73478787379176
225.73478787379176
225.73478787379176
225.73478787379176
225.73478787379176
225.73478787379176
225.73478787375407
225.64375098192411
225.64375098192411
225.64375098192411
225.64375098192411
225.64375098192411
225.64375098090957
225.64375098090957
222.89544304705166
222.89544304705166
222.89544304705166
222.89544304705166
222.89544304705166
221.39661596641227
221.3966159359321
221.39656711214357
221.39656711214357
221.39656711214357
221.39656710777473
221.28184224493407
221.28184224493407
221.2817933284361
221.2817933284361
221.2817933284361
221.28179332843587
217.91529274303642
217.91529274303642
217.91529274303642
213.59713149928737
213.59713149928737
213.59694550795334
213.59693221493782
213.59693221493782
213.59690199414118
213.59690199414118
213.59690199414118
213.59690199414118
213.59690199414118
213.59690199414118
213.59690199414118
213.5968537967395
213.58745009511816
213.58745009511816
213.58745009511816
213.58745009511793
213.58744497717814
213.58744497717439
213.58744497717439
213.5874345008971
213.5874345008971
206.685827705577
206.65815239436577
206.65815239436577
206.65815239430302
206.65807049892052
206.65807049892052
206.65807049892052
206.65807049892052
206.65807049892052
206.6580704989045
206.65806928378763
206.65806928328996
206.65806928328996
206.65806928328996
206.65806928328996
206.65803098518413
206.65803098518413
206.6580266434007
206.6580266434007
206.6580266434007
206.6580266434007
206.6580266434007
206.6580266434007
206.6578593153278
206.5775933540911
206.5775933540911
206.5775933540911
206.57311135628038
206.57311135628038
206.57309420737732
206.57309420737732
206.57309420737732
206.57309420737732
206.5730942073768
206.57309419545442
206.57309419545442
206.57309419545442
206.573093475436
206.56687805544985
206.56687805544985
206.56687805544985
206.56687802176273
206.56687802176273
206.56687802176273
206.56687798887756
206.56687798887756
206.56687798887756
206.56687798887756
206.56687798887756
206.56687798887756
206.5668714534817
206.39985294361313
206.39982487343735
206.39982487343735
206.3984033389449
206.39839592646314
206.39839592646314
206.39836070836697
206.39836070836697
206.39836070836697
206.39836070836697
206.39836070836697
206.3983607083651
206.3983607083651
206.3983607083651
206.3983607083651
206.3983607083651
206.3983607083651
206.37759140665077
206.37759140665077
206.37759140665077
206.37757759386423
206.37757759386423
206.37757759386423
206.37722389435578
206.3772238938796
206.3772238938796
206.3772238938796
206.37715701819772
206.37715701819772
206.3751520776873
206.3751432792582
206.3751432792582
206.3751432792582
195.49525543342574
195.49525543342574
195.49525543342574
195.49525543342574
195.49525543342574
195.49525543342574
195.49525543342574
195.49525543342574
195.4952553669221
195.4952553669221
195.4952553669221
195.4946079381882
195.2055082548772
177.28593733558668
177.28593733552145
177.28593733552145
177.28593733552145
177.28593733552145
177.28593733552145
177.28593733552145
177.28593733552145
177.28593733552145
177.28593733552145
177.26870996636055
177.26870996636052
177.26870996636052
177.26870996636052
177.26870996601465
177.26870996601465
177.26870965693018
177.26870965693018
177.26870965693018
177.26870965693018
177.26870965693018
177.26870965693018
177.26870965693018
177.26870965693018
174.69325126899707
174.69325126899707
174.69325107442552
174.69325107442552
174.36224923865797
174.36224923864722
174.36224923862966
174.36224923861465
174.36224923861465
174.36224923861465
174.36224923861465
174.36224923861465
170.88321818523087
170.88321818523087
170.88321818523087
170.88321814438922
170.88321814438922
170.88321802770258
170.88321802770258
170.88321802770258
170.88314909131145
170.8831490913114
170.8831490913114
170.8831490913114
170.8831490913114
170.8831490913114
170.8831490913114
170.8831490913114
170.8831490913114
170.8831490913114
170.87940544930913
170.87940544930913
170.87940544930913
170.87940544930913
107.50787715735714
107.50787715574846
107.50787715574846
107.50787715574846
107.50787715574846
107.50787715574846
107.50787715574846
107.50787715574846
107.50666838550698
107.50666838550698
107.50666838550698
107.50666838550698
107.50666814769723
107.50666814769723
107.50666814769723
107.50666814769723
107.50666809109461
107.50666809109461
107.50666809109461
107.50666809109461
107.41942418204503
107.41941038958082
107.41941038958082
106.9491794628458
106.94917946284491
106.94917946284491
106.94917946284491
106.94917946284491
106.94917946284491
106.94907625360864
106.94907625360864
106.94907625360864
106.9490762530762
106.9490762530762
106.9490762530762
106.9490762530762
106.76261930165478
106.76192858019981
106.76192858019981
106.76192858008199
106.74997262655977
106.74997262622563
106.74997262622563
106.74997262622563
106.74997262622563
106.74997262622563
106.74997258699835
106.74997258699835
106.74997258699835
106.74997258699835
106.74997258699835
106.74997258699835
106.74997258699835
106.74997258699835
106.7499723814888
106.7499723814888
106.7499723814888
106.7499723814888
106.7499723814888
106.74990920381603
106.74990920381603
106.74990920381603
106.74990920381603
106.73716748248918
104.17683459505021
104.17683459505021
104.17683459505012
104.17683459505012
104.17683459505012
104.17683454776984
104.17683454776984
104.17683454776984
104.17683454776984
104.17683454776984
104.17683454776984
104.17683454776984
104.17683454776984
104.17665735499587
104.17665735499587
104.17583220483796
104.17576365875475
104.17576365875475
104.17576365875475
104.17576365875475
104.17576365875475
104.17576365875475
104.17576365875475
95.5333574085138
95.5333574085138
95.5333574069949
95.5333574069949
95.53209601755846
95.53209601755846
95.53209601755846
95.53209601755846
95.53209601755846
95.53209601755846
95.53209601755846
95.53209601755846
95.53209595443916
95.53209595443916
95.53209595443916
95.53209595443916
95.53209595443916
95.53209595443916
95.53206673073272
95.53206666898706
95.53206666898127
95.5262087014927
95.5262087014927
95.5262087014927
95.5262087014927
95.5262087014927
95.5262087014927
95.5262087014927
95.5262087014927
95.5262087014927
95.5262087014927
95.5262087014927
95.5262087014927
95.5262087014927
95.5262087014927
95.5262087014927
95.5262087014927
95.5262087014927
95.5262087014927
95.5262087014927
95.5262087014927
95.51988407317802
95.51988407317802
95.51988407317802
95.51988407314694
95.51988407314694
95.51988407314694
95.51988407314694
95.37765327077872
95.37765327077872
95.37765316063005
95.37765316063005
95.37765316063005
95.37765314881412
95.37765314881412
95.37765314881412
95.37622398678393
95.37622398678393
95.37622398678393
95.37622398678393
95.37622398678393
95.37622373355761
95.37622373355761
95.37622373355761
95.37555522912002
95.37555522912002
95.37392351610033
95.37392351609824
95.37387810731792
95.37387810731792
95.37387810731792
95.37387810731792
95.37387810731792
95.37387810731792
95.37387810731792
95.37387810731792
95.37385460479055
95.37385460479055
95.37385460479055
95.37385460479051
95.37292902378249
95.37292749612166
95.37292749612166
95.37292749612166
95.37292749612166
95.37292749612166
95.37292749612166
95.37292749612166
95.37292748513248
95.37292748513248
95.37292748513248
95.37203634483765
95.37203634483765
95.37143955963201
95.37143955963201
95.37143955963201
95.37143955963201
95.37143955963201
95.37143955963201
95.37143955963201
95.37143955963201
46.40056225202319
46.40024334259388
46.40024334259388
46.40024334259388
46.40024334259388
46.40024334259388
46.40024334259388
46.4002433400947
46.4002433400947
46.4002433400947
46.4002433400947
46.40024039654789
46.40024039654789
46.40024039654789
46.40024039654789
46.40024039654789
46.391361901411535
46.391358118639396
46.39135811863936
46.391356766251874
46.39135435236
46.391354101057885
46.391354101057885
46.391351160220594
46.391351160220594
46.391351160220594
46.391351160220594
46.39134247972555
46.39134247972555
46.391342479725544
46.391342479725544
46.39134247958923
46.39134247958923
46.39134247958923
46.39132745228429
46.39132745228429
46.388393152418374
46.388393152418374
46.38829473318374
46.388294733007264
46.388294733007264
46.388294733007264
46.38829391581284
46.38829391581284
46.38829391581284
46.38829391581284
46.38829391581284
46.38829391571319
46.38829390208635
46.38829389830205
46.38829389830205
46.38829389830205
46.38829389830205
46.38829389830205
46.38829096473117
46.38829096473117
46.38829096473117
46.38829092908075
46.388290929080604
46.38829092908056
46.38829092908056
46.38829092908056
46.38829092908056
46.38829092908056
46.388290929080476
46.388192585625355
46.388192585584285
46.388192585584285
46.388192581282716
46.38819258109567
46.38817149463057
46.388171479737956
46.388171479737956
46.388171479737956
46.3881714797379
45.80505903461478
45.80505903461478
45.80505903461478
45.80505903461478
45.80505903461478
45.80505903461478
44.29285930184258
44.29285930184258
44.29285930184258
44.29285930184258
44.29285930184258
44.29285930184258
44.29282130086643
44.29282130086643
44.29282130086643
44.29282130086643
44.29282130086643
44.29282130086643
44.29282130086643
44.29282130086643
44.29282130086643
44.29282130086643
44.292821300866315
44.292821300866315
44.292821300866315
44.292821300866315
44.292814365651466
44.292814365651466
44.292814365651466
44.292814365651466
44.292814365651466
44.172524647824275
44.172524647824275
44.172524647824275
44.172524647824275
44.17244303750023
44.14605720156507
44.14605720156507
44.14605720155199
44.14605720155199
44.14605720155199
44.14605720155199
44.142417485285
44.142417485285
44.142417485285
44.142417485285
44.142417485285
43.95463505733951
42.076365705458926
42.044586034554584
42.04251390129338
42.04251390129338
42.04251390129338
42.04251390129338
42.04251390129338
42.04251390129338
42.04251390129337
42.04251390129337
42.04251390129337
42.04251390118442
42.04251390118442
42.04251374041824
38.262561804868604
38.262174171272314
38.262174171272314
38.2621740956243
38.2621740956243
38.2621740956243
38.2621740956243
38.2621740956243
38.2621740956243
38.2621740956243
38.2621740956243
38.2621740956243
38.2621740956243
38.26217409562199
37.706198828701694
37.706198828701694
37.706198828701694
37.706198828701694
37.706198828701694
37.706198828701694
37.706198828701694
37.70619882870159
37.70619882870159
37.70619882870159
37.70619882870073
37.70619882870073
37.70619854102863
37.706198540685826
37.706198540685826
37.70619854064924
37.70619854064924
37.70619854064924
37.70602700752297
37.704896341111876
37.70489260555433
37.70489260555433
37.70489260555433
37.70489260555433
37.70489260555433
37.70489260555433
37.70489260555433
37.70489260555433
37.70489260555433
37.704892256423975
37.704892256423975
37.704892256423975
37.704892248264564
37.704892248264564
37.704892248264564
37.704892246506844
37.704846314457654
37.70423718424362
37.678558516820104
37.678558516820104
37.678558516820104
37.6785585167151
37.67855850513374
37.67855850513374
37.67855850513374
37.67855850513374
37.67855850513374
37.67855850513374
37.67855850513374
37.67855850513374
37.67855850513374
37.67855850513374
37.587286313081194
37.58728616891717
37.58728616891717
37.58728616891717
37.58728616891717
37.58728444061943
37.58728444061943
37.58728444061943
37.58728444061943
37.58728444061943
37.58728444061943
37.58420474912778
37.58420474912778
37.58420474912778
37.58420474912778
37.58420474912778
37.5842047477192
37.58420472801134
37.58420472801133
37.58420472801133
37.58420472801133
37.58420472801133
37.58420472801133
37.58420472801133
37.58420472801133
37.58420346961269
37.58420346961269
37.58420346961269
37.58420346961269
37.58420346961269
37.58420346961269
37.58420346961269
37.58420346961269
37.58420346961269
37.584176987798024
37.584176987798024
37.584176987798024
37.584176987798024
37.584176987798024
37.584176987798024
37.584176987798024
37.58417698778688
37.58417698778688
37.58417698778688
37.58417698778688
37.58417698778688
37.54452373157367
37.54452373157367
37.54452373157367
37.54452373157281
37.54452373157281
37.54452373157281
37.54452373157281
37.54452373157281
37.54452373157281
37.54452373157281
37.544523600560595
37.544523600560595
37.544523600560595
37.54184364299866
37.54184364299866
37.522456733257854
37.522456733257144
37.522456733257144
37.522456733257144
37.522456733257144
37.522456733257144
37.522456733257144
37.522456733257144
37.522456733257144
37.522456733257144
37.522456733257144
37.522456733257144
37.522456733257144
37.522456733257144
37.522456733257144
37.52245672675999
37.52245672675999
37.52245672675999
37.52245672675999
37.52245672675999
37.52245672675999
29.882573882944804
29.882573882944804
29.882573882944804
29.882573882944804
29.882573882944804
29.882573882944804
29.882573882944804
29.882573882944804
29.8825738829448
29.882573882905938
29.882573882905938
29.882573882905938
29.882573882905938
29.882573882905938
29.882573882905938
29.882573882905938
29.882573882905938
29.882573882905938
29.882573882905938
29.88257371277057
29.88257371277057
29.88257371277057
29.882573710898725
29.882573710898725
29.882573710898725
29.882573710898725
29.882573710898725
29.882573710898725
29.882573710898725
29.882573710898725
29.882573710898725
29.882573710898725
29.882573710898725
29.882573710898725
29.882573710898725
29.882573710898725
29.879060840827062
29.879060840827062
29.879060840827062
29.879060840827062
29.879060840827062
29.879060840827062
29.878593939063773
29.878593939063773
29.878593939063773
29.878593939052536
29.878593939052536
29.878593939052536
29.878593939052536
29.878593939052536
29.878593939052536
29.878593939052536
29.878593939052536
29.878388879084916
29.878388879063568
29.878388879063568
29.878388879063568
29.878388879063568
29.878388879063564
29.878388879063564
29.878388879058452
29.878388879058452
29.878373935379653
29.878373935379397
29.87678820425324
29.87678820425324
29.87678820425324
29.876764359966195
29.876764359966195
29.19334437520709
29.19334437520709
29.19334437520709
29.19334437520709
29.19334437520709
29.19334437520709
29.19334437520709
29.193344375206973
29.193344375206973
29.193298541283717
29.193298528777028
29.19329852877702
29.19329852877226
29.19329852877226
29.19329852877226
29.19329852877226
29.19329852877226
29.19329852877226
29.19329852877226
29.19329852877226
29.19329852877214
29.19329852877214
29.19329852877214
29.193298520266037
29.19329799705066
29.19329799705066
29.19329799705066
29.19329799705066
29.193297997050415
29.193292742035013
29.193292742035013
29.193292742035013
29.193292742035013
29.193292741747328
29.193292741747328
29.193292741746966
29.193292741746962
29.193292741746962
29.193292741746962
29.193292741746962
29.193292741746962
29.193288474285552
29.19328812857262
29.19328812857262
29.19328812857262
29.19328812857262
29.19328812857262
29.19317321453649
29.19317321453649
29.19317321453649
29.19317321453649
29.19317321453649
29.19317321453649
29.19317321453649
29.193173214536447
29.19317321453636
29.19317321453636
29.19317321453636
29.193173214536124
29.193173214536124
29.193173214536124
29.193173214501915
29.193173214501915
29.193173214501915
29.193173214501915
29.193173214501915
29.193173214501915
29.192574943629683
29.192574943629683
29.192574941051344
29.192574941051344
29.192574941017067
29.192574941017067
29.192574941017067
29.192574941017067
29.192574941017067
29.048880792310857
29.048880792310857
29.048880792310857
29.048880792310857
29.048880792310857
29.044609940111993
29.044609940111993
29.044609922363755
29.044609922363755
29.044609922363755
29.044609922363755
29.044609922363755
29.044609922363755
29.044609922363755
29.044609922363755
29.044609922363755
29.044609475506384
29.044609475506384
29.044609475506384
29.044609475506384
29.04460842051285
29.04460842051285
29.044608419964213
29.044608078238113
29.04460807823784
29.04460807823784
29.04460807823406
29.04460807823406
29.044608078228798
29.044608078228798
29.04460723329225
29.044607233292233
29.044607233048648
29.044607233048648
29.044607233048648
29.044607233048648
29.04460719654282
29.0445979258573
29.0445979258573
29.018746738959504
29.018746738959504
29.018746738959504
29.018746738959504
29.018746738959504
29.018746738959504
26.921804395831725
26.921804395831725
26.921804395831725
26.921804395831725
26.921804395831725
26.921804395831725
26.921804395831725
26.921804395831725
26.921804395831725
26.921804395831725
26.921804395831725
26.921804395831725
26.921804395831725
26.921804395831725
26.182421318996834
26.182421318996834
26.182421318996802
26.181838560398273
26.181838560398273
26.181838560398273
26.181838560398273
26.181838560398273
26.181838560398255
26.181838518041893
26.181836053705688
26.18183605370547
26.18183605370547
26.18183605370547
26.18183605370547
26.18183605370547
26.18183605370547
26.18183605370547
25.89695196587477
25.89695196587477
25.89695196587477
25.89695196587477
25.89695196587477
25.89695196587477
25.896951965873704
25.89694914462668
25.89694914462668
25.89694914462668
25.89694914462668
25.896949144626678
25.896949144626678
25.896949144626678
25.896949144624696
25.896949144624696
25.896949144623473
25.896949144623473
25.896949144623473
25.896949144623473
25.896546034434618
25.896546034434618
25.615416624882055
25.615416624882055
25.615416623345947
25.615416623345947
25.615416536315987
25.615416536315987
25.615416536315987
25.615416536315987
25.615416536315987
25.615416500838563
25.615416500838563
25.615416500838563
25.615416500838563
25.61541418064354
25.61541418064354
25.61540810186219
25.61540810186219
25.615408101862183
25.572639866510855
25.572639866510855
25.572639866509707
25.572639866509707
25.572639866509707
25.572639865206718
5.566141922379028
5.565670086790778
5.565670086537562
5.565670086537562
5.565670086537562
5.565670086537562
5.56566995613407
5.56566995613407
5.56566995613407
5.56566995613407
5.557302952712883
5.557302952712883
5.557302952712883
5.557302952712883
5.484416683612078
5.484416683612078
5.484416683612078
5.484416683612078
5.484416683612078
5.484416683612078
5.484416683612078
5.484416683612078
5.484416683612078
5.484416683612078
5.484416683612078
5.484416683612078
5.48441668361125
5.48441668361125
5.484415934551332
5.484415934471434
5.484415934471434
5.484415934471434
5.484415934471434
5.484415934471434
5.484415934471434
5.484415934471434
5.484415934471434
5.484415934471434
5.484415934471434
5.482777429144827
5.482777429144827
5.482777429144827
5.482718322741195
5.482718322741195
5.482718322741195
5.482577073453474
5.482577073453454
5.482577073453454
5.482577073453454
5.482577073453454
5.482577073453454
5.482577073453454
5.482577073453454
5.482577073453454
5.482577073453454
5.482569698280111
5.4825696968460225
5.482569678487801
5.482569678487801
5.482569678487801
5.482569678487801
5.482547254216329
5.482547254216329
5.482547254216329
5.482547254216329
5.48254725421577
5.48254725421577
5.482547144032851
5.482547144032851
5.482545179304502
5.482545179304502
5.482545179304502
5.4825430817595695
5.4825430817595695
5.4824979620303775
5.479848914354449
5.479848914354449
5.479842423600002
5.468772891512594
5.468772891512592
5.468772891512592
5.468772889410828
5.468772403394797
5.468772403394797
5.468766418069922
5.468766388041804
5.468765566159703
5.468765566159703
5.468765566159703
5.468765566159703
5.468765566159703
5.468765566159564
5.468765566159564
5.468765566159564
5.468765566159564
5.3993721670301165
5.399372167027005
5.399372167027005
5.399372167027005
5.399372167027005
5.399372165874866
5.399372165208345
5.399372165208345
5.399372165208345
5.399372165208345
5.399372165208345
5.399372164534031
5.399372164534031
5.399372160515898
5.399372160515898
5.399372160515898
5.399372160515892
5.399372160515494
5.399372160515494
5.399372160515494
5.399372160515494
5.399372110832028
5.399372110832028
5.399372110832028
5.399363065496702
5.399363065496702
5.399363065496702
5.399363065496702
5.399363065496702
5.399363065496702
5.399363014214629
5.399363014214629
5.399363013454396
5.399363013454396
5.399363013454396
5.399363013454396
5.399363013454396
5.399363013430168
5.399363013430168
5.399363013430168
5.399363013430168
5.399363013430168
5.399363013430168
5.399363013430168
5.399363013430168
5.399363013430168
5.399363013430168
5.399363013430168
5.399363013430168
5.399363013430168
5.347639515739413
5.347638757648164
5.347638757648164
5.347638757648164
5.347638757648164
5.347638757648164
5.347638757648164
5.347638757648164
5.347638593176908
5.347638593176908
5.347638593176908
5.347638576358123
5.347638576358123
5.347638576358123
5.347638576358123
5.347638573789912
5.347638573789912
5.347638573789912
5.347638573789912
5.347638573789912
5.347638573785941
5.347638573785941
5.347638573785941
5.347638573785534
5.347638573406123
5.347638573406123
5.347638573406123
5.347638573406123
5.347638573406123
5.347638573406123
5.347638573406123
5.347638568711379
5.347638568711379
5.347638568711379
5.347638568711379
5.347638568711379
5.347638568711379
5.347638568711379
5.347638568711379
5.347638568711379
5.347638568711379
5.347638128523802
5.347638128523802
5.347638128523802
5.347638128523802
5.347638128523802
5.347638128523802
5.34763812852363
5.34763812851917
5.34763812851917
5.34763812851917
5.34763812851917
5.34763812851917
5.34763812851917
5.34763812851917
5.34763812851917
5.34763812851917
5.34763812851917
5.34763812851917
5.347637292553888
5.347637292553888
5.347637292553888
5.347637292553888
5.347637292553888
5.347637292553888
5.347637292553794
5.3476372925533955
5.3476372925533955
5.3476372925533955
5.3476372925533955
5.3476372925533955
5.3476372925533955
5.347637292553377
5.347637292553377
5.347637292553377
5.347637292553377
5.347637292553377
5.347637292553377
5.347637292553377
5.347637292553377
5.347637292526418
5.347637292526418
5.347637292526418
5.3476372925238875
5.347324584697853
5.347324584697853
5.347324584697853
5.3473245846880895
5.3473245846880895
5.3473245846880895
5.3473245846880895
5.347324584688087
5.347324584688087
5.347324584688087
5.347324573694149
5.347324573694149
5.347324573694149
5.347324573694149
5.347324573694149
5.347324573694149
5.347324573694149
5.347324573694149
5.347324573694149
5.347299378143129
5.347299378143129
5.347299378143129
5.347299378143129
5.347299378143129
5.347299378143106
5.347299378143106
5.347299378143106
5.347299378142561
5.347299378142561
5.347299378142561
5.347299378142561
5.347299378142561
5.347299378142561
5.347299378142561
5.347299378142561
5.347299377709151
5.34729937770908
5.34729937770908
5.34729937770908
5.34729937770908
5.34729937770908
5.34729937770908
5.347289720419646
5.347289720419646
5.347289720419646
5.347289719431905
5.347289719431905
5.347289719431905
5.347289719431905
5.347289719431905
5.347289719431905
5.347289719431905
5.347289719431905
5.347289719431905
5.347287999922033
5.347287150070628
5.347287150070628
5.347287150070628
5.347264162366959
5.347264162366959
5.346879080358472
5.346879080358472
5.346879080358472
5.346879080358472
5.346879080358472
5.346879080358472
5.346879080358472
5.346879080358472
5.346879080358472
5.346879080358472
5.346879080358472
5.3284981087303285
5.3284981087303285
5.3284981087303285
5.3284981087303285
5.3284981087303285
5.3284981087303285
5.3284981087303285
5.3284981087303285
5.328498108729856
5.328498108729856
5.328498108699991
5.328498108699991
5.328498101487087
5.328498101188215
5.328498101188215
5.328498101188215
5.328498028683648
5.328498028683648
5.328498028683648
5.32849802868306
5.32849802868306
5.32849802868306
5.32849802868306
5.32849802868306
0.12999318437275792
0.12999318437275792
0.1299931843727579
0.1299931843727579
0.1299931843727579
0.1299931843727579
0.1299931843727579
0.1299931843727579
0.1299931843727579
0.1299931843727579
0.1299931843727579
0.1299931843727579
0.1299931843727579
0.1299931843727579
0.1299931843727579
0.1299931843727579
0.1299931678230345
0.1299931678230345
0.1299931678230345
0.12999223817322095
0.12999223817311992
0.1299922381731199
0.12999223817090383
0.12999223817090383
0.12999223817090383
0.12999223817090383
0.12999223744390417
0.12999223744390417
0.12999223740946536
0.12999223740946536
0.12999223740946536
0.12999223740946536
0.12999223740946536
0.12999223740946533
0.12999223740946533
0.12999223740946533
0.12999223740946533
0.12999223740946533
0.12999223740946533
0.12999223740946533
0.12999223740946533
0.12999223740946533
0.12999223740946533
0.12999223740946533
0.12999223740946533
0.12999223740776003
0.1299922366709461
0.1299922366709461
0.129992236534063
0.129992236534063
0.129992236534063
0.129992236534063
0.129992236534063
0.129992236534063
0.129992236534063
0.129992236534063
0.12999223653388528
0.12999223653388528
0.12999223653388528
0.12999223653388528
0.12999223653388528
0.12999223653388528
0.12999223653388525
0.12999204875010334
0.12999204875010334
0.12999204875010334
0.12999204875010334
0.12999204875010334
0.12999204875010334
0.1299920486633378
0.1299920486633378
0.1299920486633378
0.1299920486633378
0.1299920486633378
0.1299920486633378
0.1299920486633378
0.12999204802157927
0.12999204802157927
0.12999204802157927
0.12999204802157927
0.12999204802157927
0.12999204802157927
0.12999204802157927
0.12999203913727164
0.12999203913727164
0.12999203913727164
0.12999203913727164
0.12999203913727164
0.12999203913727164
0.12999203913727161
0.1299920391182521
0.1299642831916739
0.1299642831916739
0.1299642831916739
0.12996428319158115
0.12996428319158115
0.12996428319158115
0.12996428319154726
0.12996428319154726
0.12996428319154726
0.12996428319152364
0.12996428319152364
0.12996428319152364
0.12996428319152364
0.12996428319152364
0.1299642826867751
0.1299642826867751
0.1299642826867751
0.12996428268403937
0.12995199451241418
0.12995199451241418
0.12995199451241418
0.12995199451241418
0.12995199449653047
0.12995199449653047
0.12995199449653047
0.12995199449653047
0.12995199449651046
0.12995199449651046
0.1299518414195753
0.1299518414195753
0.1299518414195753
0.12995184141957525
0.12995184141957525
0.12995184141957525
0.12995184141957525
0.12995184141957525
0.12995184141957525
0.12995184141957525
0.12995184141957525
0.12995184141957525
0.12988186879725264
0.12988186879725264
0.12988186879723612
0.12988186879723612
0.12988186859879747
0.12988186859879747
0.12988186859879747
0.12988186859879747
0.12988186859879747
0.12988186859879733
0.12988186859879733
0.12988186859879733
0.12988186859879733
0.12988186859879733
0.12988186859879733
0.12988186859879733
0.12988186859879733
0.12988186859879733
0.12988186859872664
0.12988186859833786
0.12988186859833786
0.12988186859833786
0.12988186859820203
0.12988186859820203
0.12988044231270815
0.12988044231270815
0.12988044230980958
0.12988044230980958
0.12988044225157366
0.12988044225157366
0.12988044225157366
0.129880442243303
0.129880442243303
0.129880442243303
0.12988044224327874
0.12988044224327874
0.12987963562708166
0.12987963562708166
0.12987963553836973
0.12987963553836973
0.12987963553836973
0.12987963553836973
0.12987963553836973
0.12987963553836973
0.12987963553836973
0.12987963553836973
0.12987963553836973
0.12987963553836973
0.12987963553836973
0.12987963553836973
0.12987963553836973
0.12987963553808912
0.12987963553808912
0.12987963553808912
0.12987963553808912
0.12987963553808912
0.12987963553808912
0.12987963553808912
0.12987963553808912
0.12987963553808904
0.12987962230977898
0.1298796223097789
0.12987962230977826
0.12987962230977368
0.12987962230977368
0.12987962230977368
0.12987932401544544
0.12987932401544544
0.12987932401544544
0.12987929370925858
0.12987929370925858
0.12987929370925858
0.12987929370925858
0.12987929370925858
0.12987929370925858
0.12987929370925858
0.12987929370925858
0.12987929370925683
0.12987929370925683
0.12987929370925683
0.12987929370925683
0.12987929370925683
0.12987929370925683
0.12987929370925683
0.12987929370925683
0.12987929370921156
0.1298707112754244
0.12987071127525035
0.12987071127525035
0.12987071127525035
0.1298707112748586
0.1298707112748586
0.12987056689483137
0.12987056689483137
0.12987056689483137
0.12987056689483137
0.12987056689483137
0.12987056689483137
0.12987056689483137
0.12987056689483137
0.12987056689483137
0.12987056689483137
0.12987056689483137
0.12987056689483137
0.12987056689483137
0.12987056689483137
0.12987056689483137
0.12987056689483137
0.12987056689195856
0.12987056689195856
0.12987056689195856
0.12987056689195856
0.12987054020245228
0.12987054020245228
0.12987054020202654
0.1298705399398993
0.1298705399398993
0.12977581716713044
0.12977581716713044
0.12977581716713044
0.12977581716713044
0.12977581716713044
0.12977581716713044
0.12977581716710684
0.12977581716710684
0.12976488222566898
0.12976487684123886
0.12976487684123886
0.12976487684123886
0.12976487684123886
0.12976487684123886
0.1297648768412388
0.1297648768412388
0.1297648768412388
0.1297648768412388
0.1297648768412388
0.1297648768412388
0.1297648768412388
0.1297648768412388
0.129764876841229
0.129764876841229
0.129764876841229
0.12973305523789644
0.12973305523789644
0.12973305523412848
0.12973305523412848
0.12968213213967344
0.12968213213967344
0.12968213213967344
0.12968213213967344
0.12968213213967344
0.12968213213967344
0.12968213213967344
0.12968213213709076
0.12968213213709076
0.12968213213709076
0.12968213213709076
0.12968213213709076
0.1296821318915259
0.1296821318915259
0.1296821318915259
0.1296821318915259
0.1296821318915259
0.12968213187187427
0.12968213187187427
0.12968213187187427
0.12968213187187427
0.12968213187187427
0.1296377920234248
0.1296377920234248
0.1296377920234248
0.1296377920234248
0.1296377920234248
0.1296377920234248
0.1296377920234248
0.1296377920234248
0.1296377920234248
0.1296377920234248
0.1296377920234248
0.1296377920234248
0.1296377920234248
0.1296377920234248
0.1293700279602065
0.1293700279602065
0.1293693312359063
0.1293693312359063
0.1293693312359063
0.129368491710256
0.1293684915301496
0.1293684915301496
0.1293663060896372
0.1293663060896372
0.1293663060896372
0.12936630608963412
0.12936630608963412
0.12936630608963412
0.12936630608963412
0.12936630608303543
0.12936630608303543
0.12936630608303543
0.12936630608303537
0.12936630608303512
0.12936630608303512
0.12936630509114683
0.12936630509114683
0.12936630509114683
0.12936630509114683
0.12936630509114683
0.12936630509114683
0.12936630509114683
0.1293663047170509
0.1293663047170509
0.1293663047170509
0.1293663047170509
0.1293663047170509
0.1293663047170509
0.12936630471705088
0.12936630470621233
0.12936630470568844
0.12936630470568844
0.12936630470568844
0.12936630470562727
0.12936630470562727
0.12936630470562727
0.12936630470562727
0.12936630450979278
0.12936630450979278
0.12936630450978984
0.12936630450978984
0.12936630450978984
0.12936630450978984
0.12936630450978984
0.12936630450978984
0.1292585041601956
0.1292585041601956
0.1292362920499816
0.1292362920499816
0.1292362920499816
0.12923629204997963
0.12923629204997963
0.12923629204989934
0.12923629192678224
0.12923629192678224
0.12923629192678224
0.12923629192678224
0.12923629192678224
0.12923629192678224
0.12923629192678224
0.12923629192678224
0.1292362918553634
0.1292362918553634
0.1292362837033177
0.1292362837033177
0.1292362837033177
0.12923628370331763
0.12923628370331763
0.12923628370331763
0.12923628370331763
0.12923628370331763
0.12923628370331763
0.12923628370331763
0.12923628370331763
0.12923628370331763
0.12923628370331763
0.12923628370331763
0.12923628370331763
0.12923628370331763
0.12923628370331763
0.12923628370331763
0.12615027796860742
0.12615027796860742
0.126150277640749
0.126150277640749
0.126150277640749
0.126150277640749
0.126150277640749
0.126150277640749
0.126150277640749
0.126150277640749
0.126150277640749
0.1261502776407432
0.12615027764073072
0.12568073854486372
0.12568073854206058
0.1256807385190268
0.1256807385190268
0.12568054335072848
0.12568054335072787
0.12568054313687033
0.12568054313687033
0.12568054313687033
0.12568054313687033
0.12568054313687033
0.12568054313687033
0.12568054311758026
0.12568054311758026
0.12568054311758026
0.12567707301480874
0.12537893618649046
0.12537893618649046
0.12537893618649046
0.12537893618649046
0.12537893618649046
0.12537893618649046
0.1253789357724697
0.1253789357724697
0.1253789357724697
0.1253789357724697
0.1253789357724697
0.1253789357724697
0.12537893463815553
0.1253789346381555
0.1253789346381555
0.125378934638152
0.12537893463811514
0.12537893463811514
0.12537893463810745
0.12537893463810737
0.12537893463810737
0.12537893463810737
0.12537893463810737
0.12537893463810737
0.12537893463810737
0.12537893463810737
0.1253789346381073
0.1253789346381073
0.12537893463741104
0.12537893463741104
0.12537893463741104
0.12537893463741104
0.12537893463741104
0.12537893463741104
0.12537893463741104
0.12537893463741104
0.12537893463741104
0.12537893463741104
0.12537861810751433
0.1253786181073763
0.12537861810589254
0.12534653514404762
0.12534653514403438
0.12534653514403438
0.12534653514403438
0.12534653514403438
0.12534653514403438
0.12534653514403438
0.12534653514403438
0.12534653514403438
0.12534653514403438
0.12534609741290562
0.12534609031038935
0.12534609031038935
0.12534609031038935
0.125346090310182
0.125346090310182
0.1247722407265298
0.1247722407265278
0.12477224072616157
0.12477224072616157
0.12477224072616157
0.12135564264361222
0.12135564264361222
0.12135564264361222
0.12135564264361222
0.12135564264361222
0.12135564264361222
0.12135505129252659
0.12135505129252659
0.12135505129252659
0.12135505129252659
0.12135505129252659
0.12135505129252659
0.12135505129252659
0.12135505129252659
0.12135505129252659
0.12135505129252659
0.12135505129252659
0.12135505129252659
0.12135505129252659
0.12135505129252659
0.1213550512925265
0.1213550512925265
0.12135505113194381
0.12135505113194381
0.12135505113193648
0.12135505113193439
0.12135505113193439
0.12135505113193439
0.12135505113193437
0.12135505113193437
0.12135505113193437
0.12135505113192883
0.12135505113180992
0.11992715006166595
0.11992715006166595
0.11992714985166315
0.11992714985166315
0.11992714985166315
0.11992714985166308
0.11992714985166308
0.11992714985166308
0.11992714985166308
0.1199271498510889
0.1199271498510889
0.1199271498510889
0.1199271498510889
0.1199271498510889
0.1199271498510889
0.1199271498510889
0.1199271498510889
0.1199271498510889
0.1199271498510889
0.1199271498510889
0.11992714985037296
0.11992714985037296
0.11992714985037296
0.11992714985037296
0.11992714985037296
0.11992714985037296
0.11992714985037296
0.11992713552493198
0.11992713552370417
0.11992713552370417
0.11992713552370417
0.11992713552370417
0.11992713552370417
0.11992713552370417
0.11992713552370417
0.11992713552370417
0.11992713552370417
0.1199271346897453
0.1199271346897453
0.1199271346897453
0.1199271346897453
0.1199271346897453
0.1199271346897453
0.1199271346897453
0.11960175491906543
0.11960175491906543
0.11960175491906543
0.11960175491906543
0.11960174423882737
0.11960174423882737
0.11960174423882737
0.11960174423882737
0.11960091610929721
0.11960091610929721
0.11960081594441906
0.11960081594441906
0.11960081594429998
0.11960081594429998
0.11960081594429998
0.11960081594429998
0.11960081594429998
0.11960081594429998
0.11960081594429998
0.11960081594429998
0.11960081594429998
0.11960081594418152
0.11960081396844105
0.11960081396844105
0.11960081396844105
0.11960081396844105
0.11960081396844105
0.11960081396844105
0.11960080179997447
0.11960080179997447
0.11960080179997447
0.11960080179997447
0.11960080179997447
0.11960080179997447
0.11960080179997447
0.11801476681716615
0.11801476681716615
0.11801476681716615
0.11801476681716604
0.11801476681716604
0.11801476681716604
0.11801476681093499
0.11801476681093499
0.11801476681093499
0.1180147508860022
0.11801474909139245
0.11801474909139245
0.11801474909139245
0.11801474909139245
0.11801474909139245
0.11801378411907852
0.11801378411907852
0.11801378396847526
0.11801378396847526
0.11801378396847526
0.11801378396847526
0.11801378396847526
0.11801378396847526
0.11801378396847526
0.1180137836611026
0.11801378366109365
0.11801378366109365
0.11801378366109365
0.11801378366109365
0.11801378366109365
0.11801378366109365
0.11801377935063073
0.11801377935063073
0.11801377935063073
0.11801377935063073
0.11801377935063073
0.11801304051048206
0.11801304051045838
0.11801304051045838
0.11801304051045838
0.11801304051045838
0.11801304051045838
0.11801304051045838
0.11801304051045838
0.11801304051045838
0.1180130405099011
0.11801304006597166
0.11801304006597166
0.11801304006597166
0.11801304006597166
0.11801304006597166
0.11801304006597166
0.11801304006597166
0.11801304006597166
0.11801304006597166
0.11801304006597166
0.11801303976080177
0.11801300275060342
0.11801300275060342
0.11801300275060342
0.11801300275058485
0.11801300275058485
0.11801300275058485
0.11801300275058485
0.11801300275058485
0.11801300275058485
0.11801300005788783
0.11801299958902378
0.11801299958902378
0.11801299958902378
0.11801299958902378
0.11801299958902378
0.11801299958902378
0.11801299958902378
0.11801299958902378
0.11801299958902378
0.11801299958902378
0.11801299958902378
0.11801299958902378
0.11801299958902378
0.11801299958902378
0.11801299958902378
0.11801299958902378
0.11801299958902378
0.11801299958902378
0.11801299958902378
0.11801299958902378
0.11801299958902378
0.11801299958902378
0.11801299958902378
0.11801299958902378
0.11801299958902378
0.11801299958902378
0.11801299958902378
0.11801299958902042
0.11801299958902042
0.11801299958902042
0.11801299958902042
0.1180129992811842
0.1180129992811842
0.11801299926412807
0.11801299926412807
0.11801299926412807
0.11800816873863261
0.11800816873863261
0.11800816873863261
0.11800816873863261
0.11800816873863261
0.11800816873863261
0.11800816873863261
0.11800816873863261
0.11800816873863261
0.11800816873863261
0.11800816873863261
0.11800816873863261
0.11800816873861611
0.11800816873861611
0.11800816873861611
0.11800816873840037
0.11800816873840037
0.11800816873840037
0.11800816873839941
0.11800816873839567
0.11800816873839567
0.11800816873839567
0.11794161300608912
0.11794161300608912
0.11794161300608912
0.11794161300608912
0.11794110975196755
0.11794110585486864
0.11794110585486864
0.11794110585486864
0.11794110585486864
0.11794110585486785
0.11794110585486785
0.11794110585486785
0.11794110585486785
0.11794110585486785
0.11794110585486785
0.11794110585486785
0.11794110585486785
0.11794110585486785
0.11794110585486785
0.11794110585486785
0.11794110585486785
0.11794110585486785
0.11794110585486785
0.11794110585486785
0.11794110585486785
0.11794110585486785
0.11794110274229365
0.11794110274229365
0.11794110274229365
0.11794110274229365
0.11794110240620541
0.11794110240620541
0.11794110240620541
0.11794110240620541
0.11794110240620541
0.11794110240620541
0.11794110240620541
0.11794110240620541
0.11794110240620541
0.11794110240620541
0.11794110240620541
0.11794110240620541
0.11794110240620541
0.11794110240620541
0.11794110240620541
0.11784317580234663
0.11784317580014252
0.11784317577520279
0.11784317577520279
0.11784317577520279
0.11784317577520279
0.117829257191256
0.117829257191256
0.117829257191256
0.117829257191256
0.117829257191256
0.117829257191256
0.117829257191256
0.117829257191256
0.117829257191256
0.117829257191256
0.117829257191256
0.117829257191256
0.11782925719125345
0.11782896676166223
0.11782896676166223
0.11782896676166223
0.11782896676166223
0.11782896676166223
0.1178289667616619
0.1178289667616619
0.1178289667616619
0.117828966601817
0.11782866058374916
0.11782866058374916
0.11782866058374915
0.11782866058374915
0.11782866058374915
0.11782866058374915
0.11782866058374915
0.11782866058374915
0.11782866058374915
0.1177742346728354
0.1177742346728354
0.11777423467277338
0.11777423467277338
0.11777423467277338
0.11777423467277338
0.11777423467277338
0.11777423467250595
0.11777423467250595
0.11777423467247522
0.11777423467247522
0.11777423467247522
0.11777419300060456
0.11777390477495481
0.11777390477495481
0.11777390477495481
0.11777390477495481
0.11777390477495481
0.11777390477495481
0.11777390477495481
0.11777390461617139
0.11777390461617128
0.11777390461617128
0.11777389894430343
0.11777389894430343
0.11777389894430343
0.11777389894430343
0.11777389894430343
0.11777389894430343
0.11777389681062153
0.11777389681062153
0.11777389681062153
0.11777389673324767
0.11777389627637656
0.11777389627637656
0.11777389627637656
0.1177738961186549
0.1177738961186549
0.11777389611775907
0.11777389611775907
0.11777389611775907
0.11777389611775907
0.11777389611775907
0.11777389611775907
0.11777389611775907
0.11777389611775907
0.11777389611775907
0.11777389611775907
0.11777389611775907
0.11777389611775907
0.11777389611775907
0.11777389611775907
0.11777389611775907
0.11777389611775907
0.11777389611775896
0.1177738961177589
0.1177738961177589
0.1177738961177589
0.11777389586416476
0.11777389586416134
0.11777389584594783
0.11777389584594783
0.11777389584594783
0.11777389584113265
0.11777389584100742
0.11777389584100742
0.11777389584100742
0.11777389584100742
0.11777389584100742
0.11777389584100742
0.11777389584100742
0.11777389584100742
0.11777389584100742
0.11777389584100742
0.11777389584100742
0.11777389584100742
0.11777389584100742
0.11777389584100742
0.11777389584100742
0.11777389584100742
0.11777389584100742
0.11777389584100742
0.11777389584100742
0.11777389143974068
0.11777389143974068
0.11777389143974068
0.11777389143973381
0.11777389143973381
0.11777389143973381
0.11777389143973381
0.11777389143128125
0.11777389135356842
0.11777389135356842
0.11777389135356842
0.11777389135356842
0.11777389135356842
0.11777389135356842
0.11777389135356842
0.11777389135356842
0.11777389134006201
0.11777389134006201
0.11777389134006201
0.11777389134006201
0.11777389134001894
0.11777389134001894
0.11777389133985197
0.11777388996554523
0.11777388996554523
0.11777388996554523
0.11777388996554523
0.11777388996554523
0.11775016779474817
0.1177498778410077
0.1177498778410077
0.1177498778410077
0.1177498778410077
0.1177497701698455
0.1177497701698455
0.1177497701698455
0.1177497701698455
0.1177497701698455
0.11774977016984543
0.11774977016984543
0.1177497701689304
0.1177497701689304
0.1177497701689304
0.1177497701689304
0.1177497701689304
0.11774977015892102
0.11774977015892102
0.11774976980650341
0.11774976980650341
0.11774976952152144
0.11774976952152144
0.11774976952152144
0.11774461661795341
0.11774461661795341
0.11774461661794718
0.11774461661794718
0.11774461661794718
0.11774461661794718
0.11774461661794718
0.11774461661794718
0.11774461661794718
0.11774461661794718
0.11774461600992762
0.11774461600992762
0.11769266275007459
0.11769266275007459
0.11769266275007459
0.11769266275007252
0.11769266275007252
0.11769266275007252
0.11769266275007252
0.11769266275007252
0.11769266275007252
0.11769266275007252
0.11769265244756447
0.11769265244756447
0.11769265244756447
0.11769265244756447
0.11769265244756447
0.11769265244756011
0.11769265244756011
0.11769265244720406
0.11769265244720406
0.11769265244720381
0.11769265244720381
0.11769265244720381
0.11769265244720381
0.11769265244720381
0.11769265244720381
0.11769265244720381
0.11769265244720381
0.11769265244720381
0.11769265244720381
0.11769265244720381
0.11766891437903024
0.11766891437903024
0.11766891437903024
0.11766891437806347
0.11766891437806347
0.11766891437806347
0.11766891437806347
0.11766891437806347
0.11766891437806347
0.11766819261129251
0.11766819261129251
0.11766819261129251
0.11766819261129251
0.11766819261129251
0.11766819261129251
0.11766819261129251
0.11766819260060725
0.11766819260060725
0.11766819260060725
0.11766819260041743
0.11766819260041743
0.11766819134803902
0.11766819134803902
0.11766819134803143
0.11766819134803143
0.11766819134803143
0.11766819134803143
0.11766819134803143
0.11766819134803143
0.11766819134803143
0.11766819134803143
0.11766819134803143
0.11766819134803143
0.11766819134803143
0.11766819129356763
0.11766819129356763
0.11766819129356763
0.11766819129356763
0.11766819129356763
0.11766819128942117
0.11746534836580029
0.11746534836580029
0.11746534836580029
0.11746534836580029
0.11746534836580029
0.11746534836580029
0.11746534836580029
0.1014410193215878
0.1014410193215878
0.1014410193215878
0.1014410193215878
0.1014410193215878
0.1014410193215878
0.1014410193215878
0.1014410193215878
0.10144101932158177
0.10144101932158177
0.10144101932158177
0.10144101932158177
0.10144101932158177
0.10144101932158177
0.10144101932158177
0.10144101932157452
0.10144101932157452
0.10144101932157451
0.10144101932157451
0.10144101932157451
0.10144101932157451
0.10144101932157451
0.10144101932157451
0.10144101932157451
0.10144101932157451
0.10144101932157451
0.10144101932157451
0.10144037330518646
0.10144037330518646
0.10144037330518646
0.10144037330518646
0.10144037300839288
0.10144037300839288
0.10144037300839288
0.10144037300839288
0.10144037300839288
0.10144037300839288
0.10144037300839288
0.10144037300542569
0.10144037300542567
0.10144037300542567
0.10144037300542567
0.10144037300542567
0.10144037300542567
0.10144037300542567
0.10144037300542567
0.10144037300542567
0.10144037300542567
0.1014403663774113
0.1014301022131934
0.1014301022131934
0.10143010221318978
0.10143010221318978
0.10143010221318978
0.10143010221318978
0.10143010221318978
0.10143010221318978
0.10143010221318978
0.1014301022131891
0.1014301022131891
0.1014301022131891
0.1014301022131891
0.1014301022131891
0.1014301022131891
0.1014301022131891
0.1014301022131891
0.10143010221314636
0.10130767138594877
0.10130767051774807
0.10130767051774807
0.10130767051774107
0.10130767051774066
0.10130767051774037
0.10130767051774037
0.10130767051773473
0.10130767051773473
0.10130767051773473
0.10130767051773473
0.101307670517734
0.101307670517734
0.101307670517734
0.10130767045313893
0.10130767045313893
0.10130767045313893
0.10130767036645898
0.10130767036645898
0.10130767036645898
0.10130766241072124
0.10130766241072124
0.10130766241072124
0.10130766237283198
0.10130766234170532
0.10130766234170532
0.1013076623417051
0.1013076623417051
0.1013076623417051
0.10130766211512783
0.10130766211512783
0.10130766211512783
0.10130766211512783
0.10130766211512783
0.10130766211512783
0.10130766211512783
0.10130747679939435
0.10130747679939435
0.10130747679939435
0.10130747679939435
0.10130747679939435
0.10130747679939435
0.10130747679939435
0.10130747679939377
0.10130747679939377
0.10130747679939377
0.10130747679939377
0.10130747679939377
0.10130747679939377
0.10130747679939377
0.10130747679691049
0.10130498262271609
0.1013049477558191
0.1013049477558191
0.1013049477558191
0.10130489466571688
0.10130489466571688
0.10130489462208521
0.10130489462208521
0.10130489462208521
0.10130489462207876
0.10130489462207876
0.10130489462207876
0.10130489462207876
0.10130489462207876
0.10130489462207876
0.10130489462207876
0.10130489462207876
0.10130489462207876
0.10130489462207876
0.10130489462207874
0.10130489462207874
0.10130489462207874
0.10130489462207874
0.10130489462207874
0.10130489462207874
0.10130489461178435
0.10130489461178435
0.10130489461178435
0.10130489461178435
0.10130489461178435
0.10130489461178435
0.10130489461178435
0.10130489461178435
0.10130489461178435
0.10130489461178435
0.10130489461178435
0.10130489359194109
0.10130489359194109
0.10130489359194109
0.10130489359194109
0.10130489359194109
0.10130489359194109
0.10130489359194109
0.10130489359194109
0.10130489359194109
0.10130489359194109
0.10130489359194109
0.10130489359173157
0.10130489359173157
0.10130489359173157
0.10130489344689497
0.10130489344689213
0.10130489344689213
0.10130489344689213
0.10130489344689213
0.10130489344689213
0.1013048934468244
0.1013048934468244
0.1013048934468244
0.1013048934468244
0.1013048934468244
0.1013048934468244
0.10130489344682393
0.10130489344682393
0.10130489344682125
0.10130489344668983
0.10130489344668983
0.10130489344668983
0.10130489344668973
0.10130489344668973
0.10130489344668973
0.10130489344668973
0.10130489344668973
0.10130489344668973
0.10130489344668973
0.10129089218717811
0.10129089218717811
0.10129089208197184
0.10129089208197184
0.10129089208197184
0.10129089208197184
0.10129089208197184
0.101290892081035
0.101290892081035
0.101290892081035
0.101290892081035
0.10129089208097201
0.10129089208097201
0.10129089208097201
0.10129089208097201
0.10129089208097201
0.10129089208097201
0.10129089208097201
0.10129089208097138
0.10129089208097138
0.10129089208097138
0.10129089208097138
0.10129089208097138
0.10129089208097138
0.10129089208097138
0.10129089192192078
0.10129089192192078
0.10128726501937432
0.10128726501937432
0.10128726501937432
0.10128726473854663
0.10128726473854663
0.10128726473854663
0.10128726473854663
0.10128726473854663
0.10128726473854663
0.10128726473854663
0.10128726473854663
0.10128709604562673
0.10128709604562673
0.10128709604562673
0.10128709604562673
0.10128709604562673
0.10128709604562673
0.10128709604562673
0.1012870960456266
0.10128700090203284
0.10128700090203284
0.10128700090203284
0.10128700090203284
0.10128700090203284
0.10128700090203284
0.10128700090203284
0.10128696950111693
0.10128694369459604
0.10128694369459604
0.10128436656495088
0.10128436656495085
0.10128436656495085
0.10128436656495038
0.10128436656495038
0.10128436656495038
0.10128436656495038
0.10128436656495038
0.10128436656495038
0.10128436656495038
0.10128436656495038
0.10128436656495038
0.10128436656495038
0.10128436656495038
0.10128436656495038
0.10128436656495038
0.10128436656495038
0.10128436656490303
0.10128436656490303
0.08959150377339732
0.08959150377339732
0.08959150377339732
0.08959150377339732
0.08959150377339727
0.08959150377339727
0.08959150377339727
0.08959150377339727
0.08959150377339727
0.08959150377339704
0.08959150377339704
0.08959150377339704
0.08959150377339704
0.08959150377339704
0.08959150377339704
0.08959150377339704
0.08959150377339704
0.08959150377337517
0.08959150377337517
0.08959150377337517
0.08959150377337517
0.08958232410914949
0.08958232410914949
0.08958232410914949
0.06681755001138659
0.06681755001138659
0.06681606682119416
0.06681606682119416
0.0668160668208494
0.0668160668208494
0.0668160668208494
0.0668160668208494
0.0668160668208494
0.0668160668208494
0.0668160668208494
0.0668160668062625
0.06681606680626248
0.06681606680626248
0.06681606680626248
0.06681606680626039
0.06681606680626039
0.06681606680626039
0.06681606680626039
0.06681606680626039
0.06681606680626039
0.06681606680626039
0.06681606680626039
0.06681606680626039
0.06681606680626039
0.06681606680626039
0.06681606680626039
0.06681606680626039
0.06681606680626039
0.06681606680626039
0.06681606680626039
0.06681606680626039
0.06681606680626037
0.06681606680625074
0.06681606680625074
0.06681606680625074
0.06681606680625074
0.06681606680625074
0.06681606680625074
0.06681606680625074
0.06681606680625074
0.06681606680625074
0.06681606680625074
0.06681606680625074
0.0666010472200873
0.0666010472200873
0.06660104722007905
0.06660104722007905
0.06660104721830266
0.06660104721830266
0.06660104721704294
0.06660104721704274
0.06660104721704274
0.06660104721704274
0.06660104721704274
0.06660078423612588
0.06660078423612588
0.06660078423612588
0.06660078423612588
0.06660078423612588
0.06660078423612588
0.06660078423612588
0.06660078423612588
0.06660078332846338
0.06660078332846338
0.06660078332846338
0.06660078332846338
0.06660078332846338
0.06660078332846338
0.06660078332846338
0.06660078332846338
0.06660078332846338
0.06660078332846338
0.06660078332846338
0.06660078332846338
0.06660078332846338
0.06660078332846338
0.06660078332846338
0.06660078332846338
0.06660078332846338
0.06660078332100582
0.06660078332100582
0.06659965687155689
0.06659965687155689
0.06659965687155689
0.06659965687155689
0.06659965687155689
0.06659965687120152
0.06659965687120152
0.06659965687120152
0.06659965687120152
0.06659965687120152
0.06659965687120152
0.06659965687120152
0.06659965687120152
0.06659965687120152
0.06659965687120152
0.06659965687120152
0.06659965687120152
0.06659965687120152
0.06659965687120152
0.06659965687120152
0.06659965463782441
0.06659965463782441
0.06659965463782438
0.06659965463782438
0.06659965463782438
0.06659965463782438
0.06659965463782438
0.06659965463782438
0.06659965463782383
0.06659965463782383
0.06659965463782383
0.06659965463782383
0.06659965463782383
0.06659965463782383
0.06659965463782383
0.06659965463782383
0.06659965463782383
0.06659965463782383
0.06659965463782383
0.06659965463782383
0.06659965463782383
0.06659965463782383
0.06659965463782383
0.06659965463782383
0.06659965463782383
0.06659965366938059
0.06659965365832364
0.06659965365832364
0.06659965365832364
0.06659965365832364
0.06659965365832364
0.06659965365832364
0.06659965365832364
0.06659965365832364
0.0665996285234974
0.0665996285234974
0.0665996285234974
0.0665996285234974
0.0665996285234974
0.06659962849063443
0.06659962849063443
0.06659962849063443
0.06659962849063443
0.06659962844049268
0.06659927081196915
0.06659927081196915
0.06659927080764085
0.0665992708047901
0.0665992708047901
0.0665992708047901
0.0665992708047901
0.0665992708047901
0.0665992708047901
0.0665992708047901
0.0665992708047901
0.06659926455026277
0.06659704800552987
0.06659704800552818
0.06659704800552818
0.06659704800552818
0.06659704800552818
0.06659704800552818
0.06659704800552818
0.06659704800552818
0.06659704482635072
0.06659704482635072
0.06659704482635072
0.06659704482635072
0.06659704482635072
0.06659704482635072
0.0665970448178282
0.0665970448178282
0.0665970448178282
0.0665970448178282
0.0665970448178282
0.0665970448178282
0.0665970448178282
0.06659704468436321
0.06659704468436321
0.06659704468436321
0.06659704468435473
0.06659704468435473
0.06659704467154669
0.06659704467154669
0.06659704467154669
0.06659704467154669
0.06659704467154669
0.06659704467154669
0.06659704467154458
0.06659704467154458
0.06659704467154458
0.06659704467154458
0.06659704172604426
0.06659704172604426
0.06659704172604426
0.06659704172604426
0.06659704166184321
0.06659704166184321
0.06659704166184321
0.06659704166184321
0.06659704166184321
0.0665970415859803
0.0665970415859803
0.06659704158592426
0.06659704158592426
0.06659704158592426
0.06659704158592426
0.06659704158592426
0.06659704158592426
0.06659704158592426
0.06659704158592426
0.06659704158592426
0.06659704158592367
0.06659704158060262
0.06659704158060262
0.06659699376842505
0.06659699376842505
0.06659699376842505
0.06659699376842505
0.06659699376842505
0.06659699089425132
0.06659699089425132
0.06659699089425132
0.06659699089425132
0.06659699089425132
0.06659699089425132
0.06659699089425132
0.06659699089425132
0.06659699089425132
0.06659699089425132
0.06659699089425127
0.06659699089425127
0.06659699089425127
0.06659699089424609
0.06659699089424609
0.06659699089424609
0.06659699089424609
0.06659699089424609
0.06659653737319798
0.06659653737319798
0.06659653737319798
0.06659653737319798
0.06659653737319798
0.06659653737319798
0.06659653737316311
0.06659653551916027
0.06659653551916013
0.06659653551916013
0.06659653551916013
0.06659653551916013
0.06479601833224095
0.06479601833224095
0.06479601833224095
0.06479601833224095
0.06479601833224095
0.06479601833224095
0.06479601833224095
0.06479601833224095
0.06479601827653186
0.06479601827653186
0.06479601827653186
0.06479601827653186
0.06479601827653186
0.06479601827653186
0.06479601827653186
0.06479601827625142
0.06479601827625142
0.06479601827625142
0.06479601827625142
0.06479601827625142
0.0647960182762473
0.0647960182762473
0.0647960182762473
0.0647960182762473
0.0647960182762473
0.0647960182762473
0.0647960182762473
0.0647960182762473
0.0647960182762473
0.0647960182762473
0.0647960182762473
0.0647960182762473
0.0647960182762473
0.0647960182762473
0.0647960182762473
0.0647960182762473
0.0647960182762473
0.0647960182762473
0.0647960182762473
0.0647960182762473
0.0647960182762473
0.0647960182762473
0.0647960182762473
0.0647960182762473
0.0647960182762473
0.0647960182762473
0.0647960182762473
0.06479601827091214
0.06479601827091214
0.06479601827091214
0.06479601827091214
0.06479601827091214
0.06479601827091214
0.06479601827091214
0.06479601827091214
0.06479601827091214
0.06479601827091214
0.06479601827091214
0.06479601827091214
0.06479601827091214
0.06479601827091214
0.06479601827091214
0.06479601827091214
0.06479601827091214
0.06479601827091214
0.06479601827091214
0.06479601827091214
0.06479601827089179
0.06479601827089179
0.06479601827089179
0.06479601827089179
0.06479601827089179
0.06479601827089179
0.06479601827089179
0.06479601827089179
0.06479601827089179
0.06479601827089179
0.06479601827089179
0.06479601824570999
0.06479601824569695
0.06479601824569695
0.06479601824569695
0.06479601824569695
0.06479601824569695
0.06479601824569695
0.06479601824569695
0.06479601823707605
0.06479601823707482
0.06479601823707482
0.06479601823707482
0.06479601823707482
0.06479601823706306
0.06479601823706306
0.06479601823706306
0.0647960182370508
0.0647960182370508
0.0647960182370508
0.0647960182370508
0.0647960182370508
0.0647960182370508
0.0647960182370508
0.0647960182370508
0.0647960182370508
0.06479601823704195
0.06479601823704195
0.06479601823704195
0.06479601823704195
0.06479601823704195
0.0647960153665547
0.0647960153665547
0.0647960153665547
0.0647960153665547
0.0647960153665547
0.0647960153665547
0.0647960153665547
0.0647960153665547
0.06479601536655427
0.06479601536655427
0.06479601536655427
0.06479601536655427
0.06479601536655427
0.06479601536655427
0.06479601536655427
0.06479601536655427
0.06479601536655427
0.06479601536655427
0.06479601536655426
0.06479601536655426
0.06479601536655426
0.06479601536655426
0.06479601536655426
0.06479601536655426
0.06479601536655426
0.06479601536655426
0.06479601536655426
0.06479601536655426
0.06479601536655426
0.06479600716085819
0.06479600716085819
0.06479600716085819
0.06479600716085819
0.06479600716085819
0.06479600716085819
0.06479600716085819
0.06479600716085819
0.06479600716085819
0.06479600716085819
0.06479600716085819
0.06479600716085819
0.06479600716085819
0.06479600563669453
0.06479600563669452
0.06479600563669452
0.06479600563669452
0.06479600563669452
0.06479600563669452
0.06479600563669452
0.06479600563669452
0.06479600563669452
0.0647960056257778
0.0647960056257778
0.0647960056257778
0.0647960056257778
0.0647960056257778
0.0647960056257778
0.0647960056257778
0.0647960056257778
0.0647960056257778
0.0647960056257778
0.06471391288353075
0.06471391288353073
0.06471391288353073
0.06471391288353073
0.06471391288353068
0.06471391216604525
0.06471391216604525
0.06471391216604525
0.06471391216604525
0.06471391214645911
0.06471391214645911
0.06471391214645911
0.06471391214645911
0.06471391214645911
0.06471391214645911
0.06471391214645911
0.06471391214645911
0.06471391214645632
0.06471391214645632
0.06471391214645632
0.06471391214645632
0.06471391214645632
0.06471391214645632
0.06471391214400608
0.06471391214400608
0.06471391214400608
0.06471391214400608
0.06471391214400608
0.06471391214400608
0.06471391214400608
0.06471391214400608
0.06471391214400608
0.06471391214400575
0.06471391214400575
0.06471391214400575
0.06471391214400575
0.064713912143908
0.064713912143908
0.06471391213543914
0.06471391213543914
0.06471391213543914
0.06471391213543914
0.06471391213543914
0.06471391213543914
0.0647139121354389
0.0647139121354389
0.0647139121354389
0.0647139121354389
0.0647139121354389
0.0647139121354389
0.0647139121354389
0.0647139121354389
0.06471391213441804
0.06471391213441804
0.06471391213441804
0.06471391213441804
0.06471391213441804
0.06471391213441795
0.06471391213441795
0.06471391213441795
0.06471391213441795
0.06471391213441795
0.06471391213441795
0.06471391213441795
0.06471391213441795
0.06471391213441795
0.06471391213441795
0.06471391213441793
0.06471391213441793
0.06471391213441793
0.06471391213439766
0.0647139052896299
0.06471390357866579
0.06471390357866579
0.06471390357866579
0.06471390357866577
0.06471390357866577
0.06471390357397923
0.06471390357397923
0.06471390357397923
0.06471390357390581
0.06471390357390581
0.06471390357390581
0.06471390357390581
0.06471390357390581
0.06471390357277852
0.06471390357277852
0.06471390357277852
0.06471390357277852
0.06471390357277852
0.06471390357277852
0.06471390357277852
0.06471390357084085
0.06471390357084085
0.06471390357084085
0.06471390357084085
0.06471390357084085
0.06471390357084085
0.0647138935371199
0.0647138935371199
0.0647138935371199
0.06471342096872182
0.06471342096872182
0.06471342096872182
0.06471342096872182
0.06471342096872182
0.06471342096872182
0.06471342096872182
0.06471342096872182
0.06471342096872182
0.06462616230706388
0.06462616230706329
0.06462616230706329
0.06462616230601145
0.06462616230601145
0.06462616230601145
0.06462616230601145
0.06462616230601145
0.06462616230601145
0.06462616230601145
0.06462616230601145
0.06462616230601145
0.06462616230601145
0.06462616230601145
0.06462616230601145
0.06462616230601145
0.06462616230601145
0.06462616230600547
0.06462616230600547
0.06462616230386867
0.06462616230386863
0.06462616230386863
0.06462616230386863
0.06462616230386863
0.06462616230386863
0.06462616210034754
0.06462616210034754
0.06462616210034754
0.06462616210034754
0.06462616210034754
0.06462616210034754
0.06462616210034754
0.06462616210034754
0.06462616173730261
0.06462616173730261
0.06462616173730253
0.06363320597192407
0.06363320597192404
0.06363320597192404
0.06363320597192404
0.06363320597192404
0.06363320597192404
0.06363320597192396
0.06363320597192396
0.06363320597192396
0.06363320597192396
0.06363320597192396
0.06363320597192394
0.06363320597192394
0.06363320597192394
0.06363320597192394
0.06363320597151474
0.06363320597151474
0.06363320597150922
0.06363320597150922
0.06363320597150922
0.06363320597150922
0.0636332059714918
0.0636332059714918
0.0636332059714918
0.06363311384315999
0.06363311384315787
0.06363311384315787
0.06363311384315787
0.06363311384315787
0.06363311384315787
0.06363311384315787
0.06363311384315787
0.06363311384315787
0.06363311384315787
0.06363311384315787
0.06363311384315787
0.06363311384315787
0.06363311384315787
0.06363311384315362
0.06363311384315362
0.06363311384315362
0.06363311384315362
0.0636331138431536
0.0636331138431536
0.0636331138431536
0.0636331138431536
0.0636331138431536
0.0636331138431536
0.0636331138431536
0.0636331138431536
0.0636331138431536
0.0636331138431536
0.0636331138431536
0.0636331138431536
0.0636331138431536
0.0636331138431536
0.0636331138431536
0.06363311384311192
0.0636331138427923
0.06198981313310559
0.06198981313310559
0.06198981313310559
0.06198981313310559
0.06198981313310559
0.06198981313310559
0.06198981313310559
0.06198981313310559
0.06198981313310559
0.06198981313310559
0.06198976001587226
0.06198976001587226
0.06198976001587226
0.06198976001568708
0.06198976001568708
0.06198976000782448
0.06198976000782448
0.061989760007822935
0.061989760007812984
0.061989760007812984
0.061989760007812984
0.061989760007812984
0.061989760007812984
0.061989760007812984
0.061989760007812984
0.061989760007812984
0.06198976000781287
0.0619897600078109
0.0619897600078109
0.0619897600078109
0.0619897600078109
0.0619897600078109
0.0619897600078109
0.0619897600078109
0.0619897600078109
0.0619897600078109
0.0619897600078109
0.0619897600078109
0.0619897600078109
0.0619897600078109
0.0619897600078109
0.0619897600078109
0.061989760007787935
0.061989760007787935
0.061989760007787935
0.06198975911664405
0.06198975911664405
0.06198975911664405
0.06198975911664405
0.06198975911664405
0.06198975911664405
0.06198975911664405
0.06198975911664405
0.06198975911664405
0.06198975911664405
0.06198975911664405
0.06198975911664405
0.06198975911664405
0.06198975911664405
0.06198975911664405
0.06198975911664405
0.06198975911664405
0.06198975911664405
0.06198975911664405
0.06198975911664405
0.06198975911664405
0.06198975911664405
0.06198975903648353
0.06198975903648353
0.06198975903648353
0.06198975903648353
0.061989758989846155
0.06198975898984615
0.06198975898984615
0.06198975898984615
0.06198975898984615
0.06198975898984615
0.06198975898984615
0.06198975898984615
0.06198975898984615
0.06198975898984615
0.06198975898984615
0.06198975898984615
0.06198975898984615
0.061989758989378085
0.06198975898937805
0.06198975898937805
0.061989758989376434
0.061989758989376434
0.06198975898916834
0.06198975898916834
0.06198975898916834
0.06198975898916451
0.06198975898916451
0.06198975898916451
0.06198975898916246
0.06198975898916246
0.06198975898916246
0.06198975898916246
0.061989758989162036
0.061989758989162036
0.061989758989162036
0.061989758989154056
0.061989758989154056
0.061989758989154056
0.061989758989154056
0.061989758989154056
0.061989758989140484
0.061989758981484344
0.061989758981484344
0.061989758981484344
0.061989758981484344
0.061989758981484344
0.061989758981484344
0.061989758981484185
0.061989758981484185
0.061989758981484185
0.06198975898145647
0.06198975898145647
0.06198975898145647
0.06198975898145647
0.06198975898145647
0.06198975898145647
0.06198975898145647
0.06198975898145647
0.06198975898145647
0.06198975898145647
0.06198975898145647
0.06198975898145647
0.06198975737903341
0.06198975737903341
0.06198975737903341
0.06198975737903341
0.06198975737903341
0.06198975737903341
0.06198975737903341
0.06198975737903341
0.06198975737903341
0.06194335539119742
0.06194335539119742
0.06194335539119742
0.06194335539119742
0.06194335539119742
0.06194335539119742
0.06194335539119742
0.06194335539119742
0.06194335539119742
0.061943355235827835
0.061943355235827835
0.061943355235827835
0.061943355235827835
0.061943355235827835
0.061943355235827835
0.061943355235827835
0.061943355235827835
0.061943355235827835
0.061943355235827835
0.061943355235827835
0.061943355235827835
0.061943355235827835
0.061943355235827835
0.061943355235827835
0.061943355235827835
0.061943355235827835
0.061943355235827835
0.061943355235827835
0.061943355235827835
0.061943355235827835
0.06194335523578063
0.06194335523578063
0.06194335523578063
0.06194335523578063
0.06194335523578063
0.06194335523578063
0.06194335523502423
0.06194335523502383
0.06194335523502383
0.06194335523502327
0.06194335523502327
0.06194335523502327
0.06194335523502327
0.06194335523502327
0.06194335523502327
0.06194335523502327
0.06194335523502327
0.06194335523502327
0.06194335523502327
0.0619433552270442
0.0619433552270442
0.06194335521828193
0.06194335521828193
0.06194335521828193
0.06194335521828193
0.06194335521828193
0.06194335521828193
0.061943355218220905
0.061943355218220905
0.06194335521647719
0.06194335521647719
0.06194335521647719
0.06194335521647719
0.06194335521647719
0.06194335521647719
0.06194335521647719
0.06194335521647719
0.06194335521647719
0.061943355216398654
0.061943355216398654
0.061943355216398654
0.061943355216398654
0.06194335521639865
0.06194335521639865
0.06194335521639865
0.06194335521639865
0.06194335521639865
0.06194335521639865
0.06194335521639865
0.06194335521639865
0.06194335521639865
0.06194335521639865
0.06194335521639865
0.06194335521639865
0.06194335521639865
0.06194335521639865
0.06194335521639865
0.06194335521639865
0.06194335521639865
0.06194335521639865
0.06194335521639865
0.06194335521639865
0.06194335521639865
0.06194335521639865
0.06194335521639865
0.06194335521639865
0.06194335521639865
0.06194335521639865
0.06194335521639865
0.06194335521637702
0.06194335521623972
0.06194335521623972
0.06194335521623972
0.06194335521623972
0.06194335521623972
0.06194335521623972
0.06194335521623972
0.06194335518082038
0.06194335518082038
0.06194335518082038
0.061943355180819115
0.061943355180819115
0.061943355180819115
0.061943355180819115
0.061943355180819115
0.061943355180819115
0.061943355180819115
0.06194335518081858
0.06194335518081858
0.06194335518081858
0.06194335518081858
0.06194335518081858
0.06194335518081858
0.06194335518081858
0.06194335518081858
0.06194335518081858
0.06194335518081858
0.0619433551772832
0.0619433551772832
0.0619433551772832
0.0619433551772832
0.0619433551772832
0.0619433551772832
0.0619433551772832
0.0619433551772832
0.06194335517728305
0.06194335517728305
0.06194335517728305
0.06194335517728305
0.06194335517728305
0.06194335517719858
0.06194335517719858
0.06194335517719858
0.06194335517719858
0.06194335517719858
0.06194335517719858
0.06194335517719858
0.06194335517719858
0.06194335517719858
0.06194335517719858
0.06194335517719858
0.06194335517719858
0.06194335517719858
0.06194335517719858
0.06194335517413935
0.06194335517413935
0.06194335517413935
0.06194335517413935
0.06194335517413935
0.06194335517413935
0.06194335517413935
0.06194335517413932
0.06194335517413932
0.06194335517413932
0.06194335517413932
0.06194335517413932
0.06194335517413932
0.061943355174126975
0.061943355174126975
0.061943355174126975
0.06194328774131954
0.06194328774131954
0.06194328774131954
0.06194328774131954
0.06194328774131954
0.06194328774131954
0.0619432877413195
0.0619432877413195
0.0619432877413195
0.061943287741288586
0.061943287741288586
0.061943287741288586
0.061943287741288586
0.061943287741288586
0.061943287741288586
0.06194328192401769
0.06194328192401769
0.06194328192401769
0.06194328192401769
0.06194328192401769
0.06194328192401769
0.06194328192401769
0.06194328192401769
0.06194328192401769
0.06194328192401769
0.06194328192401769
0.06194328192401769
0.06194328192401769
0.06194328192401769
0.06194328189343533
0.06194328189343533
0.06194328189343533
0.06194328189343533
0.06194328189343533
0.06194328189343533
0.06194328189343533
0.06194328189340179
0.06194328189340179
0.06194328141218233
0.06194328141218233
0.06194328141218233
0.06194328141218233
0.06194328141218233
0.06194328141218233
0.06194328141218233
0.06194328141218233
0.06194328141218233
0.06194328141218233
0.06194328141218233
0.06194328141218233
0.06194328141218233
0.06194328141218233
0.06194328141218233
0.06194328141218233
0.06194328141218233
0.06194328141218233
0.06194328141218233
0.06194328141218233
0.06194328141218233
0.06194328141218233
0.06194328141218233
0.06194328141218233
0.06194328141218233
0.06194328141218233
0.06194328141218233
0.06194328141218233
0.06194328141218233
0.06194328141218233
0.06194328141218233
0.06194328141218233
0.06194328141218233
0.06194328141218233
0.06194328141218233
0.06194328141218233
0.06194328141218233
0.06194328141218233
0.06194328141218205
0.06194328141218205
0.06194328141218205
0.06194328141218205
0.06194328141218205
0.061943281412182014
0.061943281412182014
0.061943281412182014
0.061943281412182014
0.061943281412182014
0.061943281412182014
0.061943281412182014
0.061943281412182014
0.061943281412182014
0.061943281412182014
0.061943281412182014
0.061943281412182014
0.061943281412182014
0.061943281412182014
0.061943281412182014
0.06194328141218201
0.06194328141218201
0.06194328141218201
0.06194328141218201
0.06194328141218201
0.06194328141218201
0.06194328141218201
0.06194328141218201
0.06194328141218201
0.06194328141218201
0.06194328141218201
0.06194328141218201
0.06194328141218201
0.06194328141218201
0.06194328141218201
0.06194328141218179
0.06194328141218179
0.06194328102455613
0.06194328102455613
0.06194328102455613
0.06194328102455613
0.06194328102455613
0.06194328102455613
0.06194328102455613
0.06194328102455613
0.06194328102455613
0.06194328102455613
0.06194328102455613
0.06194328102455613
0.06194328102455505
0.06193216073945621
0.06193216073945621
0.06193216073945621
0.06193216073945621
0.06193216073945621
0.061932160739444034
0.061932160739444034
0.061932160739444034
0.061932160739444034
0.061932160739444034
0.061932160739444034
0.061932160739444034
0.061932160739444034
0.061932160739444034
0.061932160739443846
0.061932160739443846
0.061932160739443846
0.061932160739443846
0.061932160739443846
0.061932160739443846
0.061932160739443846
0.061932160739443846
0.061932160739443846
0.061932160739443846
0.061932160739443846
0.061932160739443846
0.061932160739443846
0.06193216073757529
0.06193216073757529
0.06193216073757529
0.06193216073757529
0.06193216073757529
0.06193216073757529
0.06193216073757529
0.06193216073757529
0.06193216073757529
0.06193216073757529
0.06193216073757529
0.06193216073757529
0.06193216073757529
0.06193216073757529
0.06193216073757529
0.06193216073757529
0.06193216073757529
0.06193216073757529
0.06193216073757524
0.06193216073757524
0.06193216073757524
0.06193216073757524
0.06193216073757524
0.06193216073757524
0.06193216073757524
0.06193216073757524
0.06193216073757524
0.06193216073757524
0.06193216073757524
0.06193216073757524
0.06193216073757524
0.06193216073757038
0.06193216073757038
0.06193216073757038
0.06193216073757038
0.06193216073757038
0.06193216073757038
0.06193216073757038
0.06193216073757038
0.06193216073757038
0.06193216073757038
0.06193216073757038
0.06193216073757038
0.06193216073757038
0.06193216073757038
0.06193216073757038
0.06193216073757038
0.06193216073757038
0.06193216073757038
0.06193216073757038
0.06193216073757034
0.06193216073757034
0.06193216073757034
0.06193216073757034
0.06193216073757034
0.06193216073757034
0.06193216073757034
0.06193216073757034
0.06193216073757034
0.06193216073757034
0.06193216073757034
0.06193216073757034
0.06193216073757034
0.06193216073757034
0.06193216073757034
0.06193216073757034
0.06193216073757034
0.06193216073757034
0.06193216073757034
0.06193216073757034
0.06193216073757034
0.06193216073757034
0.06193216073757034
0.06193216073757034
0.06193216073757034
0.06193216073757034
0.06193216073757034
0.06193216073757034
0.06193216073757034
0.06193216073757034
0.06193216073757034
0.06193216073757034
0.06193216073757034
0.06193216073757034
0.06193216073757034
0.06193216073757034
0.06193216073756907
0.06193216073756907
0.06193216073756907
0.06193216073756907
0.06193216073756907
0.06193216073756907
0.06193216073756907
0.06193216073756907
0.06193216073756907
0.06193216073756907
0.06193216073756907
0.06193216073756907
0.06193216073756907
0.06193216073756907
0.06193216073756907
0.06193216073756907
0.06193216073756907
0.06193216073756907
0.06193216073756907
0.06193216073756907
0.06193216073756907
0.06193216073756907
0.06193216073756907
0.06193216073756907
0.06193216073756907
0.06193216073756907
0.06193216073756907
0.06193216073756907
0.06193216073756907
0.06193216073756907
0.06193216073756907
0.06193216073756907
0.06193216073756907
0.06193216073756907
0.06193216073756907
0.06193216073756907
0.06193216073756907
0.06193216073756907
0.06193216073756907
0.06193216073756907
0.06193216073756907
0.06193216073756907
0.06193216073756907
0.06193216073756907
0.06193216073756907
0.06193216073756907
0.06193216073756489
0.06193216073756489
0.06193216073756489
0.06193216073756489
0.06193216073756489
0.06193216073756489
0.06193216073756489
0.06193216073756489
0.06193216073756489
0.06193216073756489
0.06193216073756489
0.06193216073756489
0.06193216073756489
0.06193216073756489
0.06193216073756489
0.06193216073756489
0.06193216073756489
0.06193216073756489
0.06193216073756489
0.06193216073756477
0.06193216073756477
0.06193216073756477
0.06193216073756477
0.06193216073756477
0.06193216073756477
0.06193216073756477
0.06193216073756477
0.06193216073756477
0.06193216073756477
0.06193216073756477
0.06193216073756477
0.06193216073756477
0.06193216073756477
0.06193216073756477
0.06193216073756477
0.06193216073756464
0.06193145450217474
0.06193145450217474
0.06193145450217474
0.06193145450217474
0.06193145450217474
0.06193145450217474
0.06193145450217474
0.06193145450217474
0.06193145450217474
0.06193145450217474
0.06193145450217474
0.06193145450217474
0.06193145450217474
0.06193145450217474
0.06193145450217474
0.06193145450217474
0.06193145450217474
0.06193145450217474
0.06193145450217474
0.06193145450217435
0.06193145450217435
0.06193145450217435
0.06193145450217435
0.06193145450217435
0.06193145450217435
0.06193145450217435
0.06193145450217435
0.06193145450217435
0.06193145450217435
0.06193145450217435
0.06193145450217435
0.06193145450217435
0.06193145450217435
0.06193145450217435
0.06193145450217435
0.06193145450217435
0.06193145450217435
0.0619314545017126
0.0619314545017126
0.0619314545017126
0.0619314545017126
0.0619314545017126
0.0619314545017126
0.0619314545017126
0.0619314545017126
0.0619314545017126
0.0619314545017126
0.0619314545017126
0.0619314545017126
0.0619314545017126
0.0619314545017126
0.0619314545017126
0.0619314545017126
0.0619314545017126
0.06193145450171259
0.06193145450171259
0.06193145450171259
0.06193145450171259
0.06193145450171259
0.06193145450171259
0.06193145450171259
0.06193145450171259
0.06193145450171259
0.06193145450171259
0.06193145450171259
0.06193145450171259
0.06193145450171259
0.06193145450171259
0.06193145450171259
0.06193145450171259
0.06193145450171252
0.06193145450171252
0.06193145450171252
0.06193145450171252
0.06193145450171252
0.06193145450171252
0.06193145450171252
0.06193145450171252
0.06193145450171252
0.06193145450171252
0.06193145450171252
0.06193145450171252
0.06193145450171252
0.06193145450171252
0.06193145450171252
0.06193145450171252
0.06193145450171252
0.06193145450171252
0.06193145450171252
0.06193145450171252
0.06193145450171252
0.061931454501710684
0.061931454501710684
0.061931454501710684
0.061931454501710684
0.061931454501710684
0.061931454501710684
0.06193145450171067
0.06193145450171067
0.06193145450171067
0.06193145450171067
0.06193145450171067
0.061931453859910626
0.061931453859910626
0.061931453859910626
0.061931453859910626
0.061931453859910626
0.061931453859910626
0.06193145385991035
0.06193145385991035
0.06193145385991035
0.06193145385991035
0.06193145385991035
0.06193145385991035
0.06193145385991035
0.06193145385991035
0.06193145385991035
0.06193145385991035
0.06193145385991035
0.06193145385991035
0.06193145385991035
0.06193145385991035
0.06193145385991035
0.06193145385991035
0.06193145385991035
0.06193145385991035
0.06193145385991035
0.06193145385991035
0.06193145385991035
0.06193145385991035
0.06193145385991035
0.06193145385991035
0.06193145385991035
0.06193145385991035
0.06193145385991035
0.06193145385991035
0.06193145385991035
0.06193145385991035
0.06193145385991035
0.06193145385991035
0.06193145385991035
0.06193145385991035
0.06193145385991035
0.06193145385991035
0.06193145385991035
0.06193145385991035
0.06193145385991035
0.06193145385991035
0.06193145385991035
0.06193145385991035
0.06193145385991035
0.06193145385991035
0.06193145385991035
0.06193145385991035
0.06193145385991035
0.06193145385991035
0.06193145385991035
0.06193145385991035
0.06193145385991035
0.06193145385991035
0.06193145385991035
0.06193145385991035
0.06193145385991035
0.06193145385991035
0.06193145385991035
0.06193145385991035
0.06193145385991035
0.06193145385991035
0.06193145385991035
0.06193145385991035
0.06193145385991035
0.06193145385991035
0.06193145385991035
0.06193145385991035
0.06193145385991035
0.06193145385991035
0.06193145385991035
0.06193145385991035
0.06193145385991035
0.06193145385991035
0.06193145385991035
0.06193145385991035
0.06193145385991035
0.06193145385991035
0.06193145385991035
0.06193145385991035
0.06193145385991035
0.06193145385991035
0.06193145385991035
0.06193145385991035
0.06193145385991035
0.06193145385991035
0.06193145385991035
0.06193145385991035
0.06193145385991035
0.06193145385991035
0.06193145385991035
0.06193145385991035
0.06193145385991035
0.06193145385991035
0.06193145385991035
0.06193145385991035
0.06193145385991035
0.06193145385991035
0.06193145385991035
0.06193145385991035
0.06193145385991035
0.06193145385991035
0.06193145385991035
0.06193145385991035
0.06193145385991035
0.06193145385991035
0.06193145385991035
0.06193145385991035
0.06193145385991035
0.06193145385991035
0.06193145385991035
0.06193145385991035
0.06193145385991035
0.06193145385991035
0.06193145385991035
0.06193145385991035
0.06193145385991035
0.06193145385991035
0.06193145385991035
0.06193145385991035
0.06193145385991035
0.06193145385991035
0.06193145385991035
0.06193145385991035
0.06193145385991035
0.06193145385991035
0.06193145385991035
0.06193145385991035
0.06193145385991035
0.06193145385991035
0.06193145385991035
0.06193145385991035
0.06193145385991035
0.06193145385991035
0.06193145385991035
0.06193145385991035
0.06193145385991035
0.06193145385991035
0.06193145385991035
0.06193145385991035
0.06193145385991035
0.06193145385991035
0.06193145385991035
0.06193145385991035
0.06193145385991035
0.06193145385991035
0.06193145385991035
0.06193145385991035
0.06193145385991035
0.06193145385991035
0.06193145385991035
0.06193145385991035
0.06193145385991035
0.06193145385991035
0.06193145385991035
0.06193145385991035
0.06193145385991035
0.06193145385991035
0.06193145385991035
0.06193145385991035
0.06193145385991035
0.06193145385991035
0.06193145385991035
0.06193145385991035
0.06193145385991035
0.06193145385991035
0.06193145385991035
0.06193145385991035
0.06193145385991035
0.06193145385991035
0.06193145385991035
0.06193145385991035
0.06193145385991035
0.06193145385991035
0.06193145385991035
0.06193145385991035
0.06193145385991035
0.06193145385991035
0.06193145385991035
0.06193145385991035
0.06193145385991035
0.06193145385991035
0.06193145385991035
0.06193145385991035
0.06193145385991035
0.06193145385991035
0.06193145385991035
0.06193145385991035
0.06193145385991035
0.06193145385991035
0.06193145385991035
0.06193145385991035
0.06193145385991035
0.06193145385991035
0.06193145385991035
0.06193145385991035
0.06193145385991035
0.06193145385991035
0.06193145385991035
0.06193145385991035
0.06193145385991035
0.06193145385991035
0.06193145385991035
0.06193145385991035
0.06193145385991035
0.06193145385991035
0.06193145385991035
0.06193145385991035
0.06193145385991035
0.06193145385991035
0.06193145385991035
0.06193145385991035
0.06193145385991035
0.06193145385991035
0.06193145385991035
0.06193145385991035
0.06193145385991035
0.06193145385991035
0.06193145385991035
0.06193145385991035
0.06193145385991035
0.06193145385991035
0.06193145385991035
0.06193145385991035
0.06193145385991035
0.06193145385991035
0.06193145385991035
0.06193145385991035
0.06193145385991035
0.06193145385991035
0.06193145385991035
0.06193145385991035
0.06193145385991035
0.06193145385991035
0.06193145385991035
0.06193145385991035
0.06193145385991035
0.06193145385991035
0.06193145385991035
0.06193145385991035
0.06193145385991035
0.06193145385991035
0.06193145385991035
0.06193145385991035
0.06193145385991035
0.06193145385991035
0.06193145385991035
0.06193145385991035
0.06193145385991035
0.06193145385991035
0.06193145385991035
0.06193145385991035
0.06193145385991035
0.06193145385991035
0.06193145385991035
0.06193145385991035
0.06193145385991035
0.06193145385991035
0.06193145385991035
0.06193145385991035
0.06193145385991035
0.06193145385991035
0.06193145385991035
0.06193145385991035
0.06193145385991035
0.06193145385991035
0.06193145385991035
0.06193145385991035
0.06193145385991035
0.06193145385991035
0.06193145385991035
0.06193145385991035
0.06193145385991035
0.06193145385991035
0.06193145385991035
0.06193145385991035
0.06193145385991035
0.06193145385991035
0.06193145385991035
0.06193145385991035
0.06193145385991035
0.06193145385991035
0.06193145385991035
0.06193145385991035
0.06193145385991035
0.06193145385991035
0.06193145385991035
0.06193145385991035
0.06193145385991035
0.06193145385991035
0.06193145385991035
0.06193145385991035
0.06193145385991035
0.06193145385991035
0.06193145385991035
0.06193145385991035
0.06193145385991035
0.06193145385991035
0.06193145385991035
0.06193145385991035
0.06193145385991035
0.06193145385991035
0.06193145385991035
0.06193145385991035
0.06193145385991035
0.06193145385991035
0.06193145385991035
0.06193145385991035
0.06193145385991035
0.06193145385991035
0.06193145385991035
0.06193145385991035
0.06193145385991035
0.06193145385991035
