24380.954459545705
24380.954459545705
24380.954459545705
24380.954459545705
24380.954459545697
24380.954459545697
24380.954459545697
24380.954459545697
24380.954459545697
24380.95438718586
24380.95438718586
24380.95438718586
24380.95438718586
24380.95438718586
24380.954347388375
24380.954347388375
24370.590616859532
24299.982525610663
23837.51112997077
23837.51112997077
23837.511129175364
23634.24048760745
22015.695491263214
22015.695491263214
22015.695491263214
22015.695491263214
22015.695491263214
22015.695491263214
22015.695491263214
22015.695491263214
22015.41591216028
22015.401221123164
22011.46130316457
22011.46130316457
22011.4612794742
22011.449877610576
22011.449877610576
22011.449877610576
22011.449877610576
22011.449877610576
22011.449877610576
22011.278963352772
22011.278963352772
22011.278963352772
22011.278963352772
22011.278963352772
22005.0551184805
22005.041706899552
20351.390247819152
20351.390247819152
20351.390247819152
20351.39022921345
20349.793690872677
20349.793690872677
20349.793690872677
20349.793690870414
19822.813435906573
19822.813435906573
19793.063855740817
19793.063855740817
19793.063855740817
19763.5561133923
19726.661546100106
19726.661546098967
19719.416262676237
19719.416262676237
19719.416249421327
19719.38670036657
19719.38670036657
19719.38670036657
19719.386700365714
19719.368760963185
19719.368760963185
19719.368760963185
19719.368760963185
19719.368760963185
19719.368760963185
19718.743061910893
19718.743061910893
19718.743061910893
19718.743061910893
19718.74306189174
19718.742738417033
19297.567637915545
19297.44254345536
19297.44254345536
19297.44254345536
19297.44254345529
19223.38961585073
16707.921062409605
16707.921062409605
16707.921062409605
16707.921062409605
16707.90454523915
16707.902021773083
16707.902021772967
16707.902021772967
16706.7044420375
16706.7044420375
16706.7044420375
16706.70444203377
16706.704441360653
16706.704441360653
16706.703276357137
16706.703275897333
16706.703275897333
16706.703275897333
16700.4852679685
16319.560750347344
16319.560744698778
16319.506926026781
16319.506926026781
16319.506926026781
16319.506926026781
16319.506926026781
16319.506926026781
16319.506926026781
16319.506926026781
16319.45634479688
16319.436122106821
16301.068497722707
16091.949390258349
16091.949390258349
16091.949389955847
16091.949389951598
15657.26614796097
15657.26614796097
15657.262753908377
15657.262753908377
15657.262753907838
15657.262753907838
15655.718491504507
15655.718491504507
15640.190556457073
15640.190556457073
15640.190556457073
15640.190556457073
15640.190556457073
15640.190556457073
15640.190556457073
15352.238086169717
15352.238086169717
15352.238086169717
15352.238086169717
15352.238086169717
15352.238086169717
15352.238086169717
15352.238086169717
15352.235903075747
15352.235901179756
15352.235901179178
15352.235901028256
15352.235901028256
15352.235901028256
15352.235901028256
15351.548601285358
15351.548601285358
15351.548601285358
15351.548601285358
15351.547119585837
15351.547119585837
15351.547119585834
15351.547119585834
15351.547118165552
15351.547118165552
15351.547118165552
15351.007876422467
15171.85712064135
15171.85712064135
15171.85712064135
15171.85712064135
15171.857120636254
15171.737910504722
15171.737910504722
15171.737910504722
15171.737910504722
15171.737910500276
15041.618417253394
15041.618417253394
15041.618417253394
15041.618417253394
15041.618417088841
15041.513774048499
15041.100275588571
15041.100275588571
15035.180164023634
15035.180164022999
15035.180164022999
15035.180164022999
15035.180164022999
15035.180164022999
15035.180164022999
15035.180164022999
15035.180164022999
15034.905883004543
14986.619050607565
14986.619050607565
14901.666394196938
14900.344187855102
14900.32038418332
14900.28053366785
14900.28053366785
14877.86013860842
14877.86013860842
14877.860138541271
13965.471727782558
13965.471727767701
13965.471727767701
13965.471727767701
13965.369024279122
13965.36902413667
13965.369024135827
13965.369024135827
13962.933505519504
13962.933505519504
13962.933505519504
13956.389388199588
13956.389388199588
13956.13755586955
13956.130374198583
13956.130374198583
13953.248179030532
13953.248179030532
13952.30019041369
13887.055075971959
13887.014728642029
13887.014728598495
13887.014678922511
13887.014678922511
13887.014678922511
13886.957001409482
13886.957001409482
13886.957001409348
13886.957001409348
13795.91531379824
13795.91531379824
13795.91531379824
13795.91531379824
13795.569287383501
13795.32065892742
13795.320334204003
13795.320334204003
13072.777128470181
13072.777128470181
9295.428233452245
9295.405953112524
9295.405953112524
9295.405953112524
9295.405953112524
9295.405953112524
9295.405953112524
9295.365799137258
9295.365799137258
9291.845211221553
9291.845211177068
9291.84521117706
9291.84521117706
9291.845211146021
9291.845205479995
9291.845205479995
9291.845205479995
9291.845111015586
9291.845111015586
9291.845111015586
9291.845074470126
9170.436762044286
9170.436762044286
9170.436762044286
9170.436762044286
9170.43446899099
9170.43446899099
9170.434428381093
9170.434428381091
9170.434428381091
9169.87107160655
9169.871071604517
9168.954330414872
9168.954330414872
9168.932303712474
9168.932303712474
9168.932303712474
9168.932303712474
9165.388603682715
9165.38856328724
9165.38856292177
9165.388562921675
9165.388562921675
8898.809715388401
8898.809715388401
8898.80971536789
8871.004797248796
8871.004797248796
8871.0047626173
8862.650492883893
8862.15959744653
8862.15959744653
8862.15959744653
8861.689359088836
8861.689359088836
8861.689359088836
8861.689359088836
8861.689359088836
8861.689359088836
8861.689359088836
8861.689359088836
8861.548431123432
8861.417350018632
8861.41735001738
8861.417349390527
8861.417349390527
7311.490670692092
7311.490670692092
7311.490670692092
7311.490670692092
7311.490670692092
7311.155251906244
7311.155251906244
7311.1552519062425
6607.8718897116
6607.8718897116
6607.871866533751
6607.8718496954825
6607.8718496954825
6607.8718496954825
6607.871849695474
6607.871849695474
6607.871849695474
6607.871849695474
6607.871849695474
6607.871849695474
6607.871605427321
6607.871605427321
6285.263192896249
6285.263192896249
6285.263192894251
6285.149640115201
6284.867177980248
6284.867177980248
6284.867177943445
6284.86717698295
6284.738649406483
6284.738649406483
6284.582715886819
6284.582715886819
6284.582715886819
6284.582715886819
6284.582715886819
6284.582715886819
6284.582715886819
6284.549699193562
6284.549618749311
6284.54961874931
6284.54952986102
6284.549529860797
6284.549529860797
6284.549529860797
6284.549529860797
6284.549453546638
6284.549453546638
6282.514559090782
6282.514559071461
6282.51455907146
6282.51455907146
6282.51455907146
6282.51455907146
6282.51455907146
6282.51455907146
6282.51455907146
6282.51455907146
6282.514488863738
6282.514488863738
6282.514488863738
6282.5130982544915
6282.5130982544915
6282.5130982544915
6282.5130982544915
6282.5130982544915
6282.5130982544915
6282.5130982544915
6282.51309794942
6269.333025170613
6269.333025170555
6269.333025170555
6269.332903113254
6269.332903113254
6269.332903113253
6269.332903113253
6269.332903113253
6269.332903113253
6269.327381815019
6269.327381815019
6269.327381815019
6193.5134380007985
6193.5134380007985
6192.770134022219
6192.770134022219
6192.77013361543
6192.77013361543
6192.77013361543
6192.77013361543
6192.77013361543
6192.77013361543
6192.694941914138
6192.694941914138
6192.694941914138
6192.694941914138
6192.694941914138
6192.464085812486
6192.464085812486
6192.464004855635
6192.463972375295
6192.463972375295
6192.463972375295
6192.463918503772
6142.698249125265
6142.698246644205
6142.698246644205
6142.698246644205
6142.698246644205
6142.698246644205
6142.698246644205
6142.698246644205
6142.698246644205
6142.698246644205
6142.698241570531
6142.698241570531
6142.698241570531
6142.695929193535
6142.695905342165
6142.695905342165
6142.695905342165
6142.695905342165
6142.695905342165
6142.695905342165
6142.695905342165
6142.602141786258
6142.602141103645
6142.602141103645
6142.600879373687
6142.600879373687
6142.600879373687
6142.600879373687
6142.600878911452
6142.600861722625
6142.600861722625
6142.600861722625
6142.600861722625
6142.600861722625
6142.600861605082
6142.600861605082
6142.600861605082
6142.600861605082
6138.492125267649
6138.492125267649
6138.492125267649
6138.492125267649
6138.492125267649
6138.492125267649
6138.492125226079
6138.492125226079
6138.492125226079
6138.492125226079
6138.492125226079
6138.492125226079
6138.4860044155275
6138.486000149319
6138.486000149319
6138.486000149319
6138.486000149319
6138.486000149319
6138.4859972285685
6138.4859972285685
6138.4859972285685
6135.0631807446225
6135.061413726251
6135.061413726251
6135.061413713613
6135.061413713613
6135.061389672905
4975.43826253281
4975.43826253281
4975.43826253281
4975.435057781709
4975.435057781709
4945.524132603718
4945.524132603718
4945.335999373823
4945.335252327215
4945.335252327215
4945.335252327215
4945.335252327215
4945.335248005411
969.9399317748013
968.291977053862
968.291977053862
968.291977053862
968.2910524800166
966.5800008370036
966.5800008370036
966.5800008370036
966.5800008370036
966.5797770595735
966.5797770595735
966.5797770591519
965.799973948251
965.799973948251
965.799973948251
965.7961464571631
965.7961464571631
965.7961464571631
965.7961464571631
933.7526465400647
933.7526465400647
933.7526465400647
933.7526465400647
933.7524736344191
933.7524736344191
933.7524736344191
933.7524609197903
933.7524609197903
933.7524609197903
933.7524609197826
933.7524609197626
933.7524609036299
933.7524609036299
933.7524609036299
933.7479237901871
933.7479237901856
933.7479237869394
933.7479237869394
933.7341691176431
933.7341691176431
933.7341691176431
933.7341691176431
933.7290562525978
933.7290295878056
933.7290295878056
933.7290295878056
933.7290295878056
933.7290295878056
933.7290262621441
933.7290262621441
933.7290262621441
933.7290262621441
933.7290262621441
933.7290262621423
933.729026262142
933.729026262142
933.7240507972467
933.5578371609727
933.5578371609727
933.5578371609727
933.5578370569024
933.5578370569024
914.4970017736714
914.4970017736714
914.4970017736714
914.3232461414527
914.3232461414527
908.5336503146368
908.5336503146368
908.5336503146368
908.5316716520842
908.5316716520842
908.5316716520842
908.5316716520842
908.5316716520842
908.5316716520842
908.5316715747426
908.531046251964
908.5310462487851
908.5310461980771
908.5310461980771
908.5310461980771
908.5310461980771
908.5310461980771
908.5310461980771
908.5310461980769
908.5310461980769
908.5310461980769
908.5310461980769
908.5310461980769
908.5310461980769
908.5310461980769
908.5310461980769
908.5310461980769
908.5310461980769
908.5310461980769
845.2577058553463
845.2577058552724
845.2577058552724
845.2554336946791
845.2554336946791
845.2554336946791
845.2554336946791
845.2554336946791
845.2554336946791
845.2554336946791
845.2551400898864
845.2551400898864
845.2551400898864
842.5402488013626
842.5402488013626
842.5402488013626
842.5402115870149
842.5402115870149
842.5402115870149
842.5402115870149
842.5402115870149
842.5402115870149
842.5402115870149
831.1232131101499
831.1232131101499
831.1232131101499
830.8294383871346
830.8294383820248
830.8294284871849
830.8294284871843
830.8289166448739
830.8288690542968
830.8073556688669
830.8073556688669
830.8073556688669
830.8065005947202
829.3038730258172
804.4115763163984
804.4115763163984
804.4115763163984
804.4115763163984
804.4115763163984
804.4115763163984
804.4115763163984
804.4115763163984
804.4115762155732
804.4115762155732
804.4115762155732
804.4115762155732
804.4115762155732
804.4115762155732
804.4115762155732
804.4115762155732
784.519479724334
784.5194797242829
752.6473937910421
752.6473937910421
752.6473937910421
752.6289210423199
752.6289210423199
752.6289210423199
752.6275377537945
752.6275377537945
752.6275360483467
752.6210336509878
752.6210336509877
752.6210336509877
751.3314286816403
751.3314286816403
751.3314286816403
751.3314286816403
751.3314286816403
751.3314286816396
751.3314286816396
751.3314286816396
751.3295978428662
751.3295978428662
736.280425014242
736.280425014242
736.280425014242
736.280425014242
736.2804244478187
736.2804244478187
734.1960743753887
734.1960743753887
734.1960743753887
734.1960743753887
734.1960743753887
734.0575670923506
734.0056220108959
734.0056220108959
734.0056216686389
734.0056216686389
734.0056216686389
734.0056176364124
734.0056175066326
733.9070769769398
733.9070769769398
733.9070769769398
733.9070769769398
730.6446622737752
730.6396760322809
730.6396760322809
730.6396760322809
730.6396760322809
730.6396760322809
730.6396760322807
730.63957915112
730.6319412618127
730.6319412618127
730.6319412618127
730.6307069435261
730.6307069435261
730.6307069435261
730.6307069435261
730.6307069435261
730.6307069435261
730.6307069435261
730.6307069435261
730.6307069435261
730.6307069435261
730.6307069435261
730.6307069435261
730.6307069435261
730.6307069435261
730.6307069435261
730.6307069435261
730.6307069435261
730.6307069435261
730.6307069435261
730.6280556384459
548.2496185912293
548.2496185912293
467.35082152653126
467.35082152588075
467.35082152588075
467.35082152588075
467.350821006889
467.35082100675424
467.35082100675424
467.35082100675424
467.34740775279437
467.34740775279437
467.34740775279437
467.34719900453274
467.34719900453274
467.26785453425543
467.26785453425543
467.26785453425543
467.2678545342548
467.2678545342548
467.2678545342548
467.2678545342548
467.2678545342548
467.2678545342548
467.2678545342548
467.2678545342548
467.2678545342548
467.26785428058633
467.26785428058633
467.2678542805852
467.2678542805852
453.88792166980033
453.85197010909667
453.85197010909667
453.8519700733759
453.85197007285564
453.8519700719668
453.851116369778
453.8358428291992
453.8358428291992
453.8358428291992
453.8358428291992
453.8358428291992
453.8358428291992
453.8358428291992
453.173818278575
453.173818278575
453.173818278575
453.1738027021238
453.1738026358471
453.1738026358471
453.1738026358471
453.1738026358471
453.1738026358471
452.39553905943853
452.39553905943853
452.39553905943853
452.39553905943853
452.39553905943853
452.39553905943853
452.3954313325103
452.3954313325103
452.3954311625946
452.3954311625946
452.3954311625946
452.3954311625946
452.1444852084017
452.1444852084017
451.77383037736354
451.77383037736354
451.77383037736354
451.77383037736354
451.77383037736354
451.773468875944
451.77346887593194
451.77346887593194
451.77346887593194
451.77346887593194
451.77346887593194
451.77346887593194
451.77346887593194
451.77346887593194
451.7439370318557
451.7439370318557
451.7439370318557
451.7439370318557
451.7439370318557
451.7439370318557
451.74093274591655
451.74093274591655
451.74093274591655
451.74093274591655
451.74093274591655
451.6723593530835
451.66981480992445
451.66981480992445
451.66981480992445
451.66981480992445
449.3170868113926
449.3170868113926
449.3170868113917
449.3170868113917
449.3170868113917
447.18890567816186
447.18890567816186
447.1889056781609
447.1889056781609
430.8357820830629
430.8357820830629
430.8357675822325
430.8357675822325
430.8357675822325
430.8357675822325
430.8357675822325
430.8357675822325
430.8357675822325
430.8357675822325
430.8357675822325
430.8357675822325
430.8357675822325
430.8357675822325
430.8357674831923
430.8357628244038
430.8357628244038
430.8357628244038
430.834977499054
430.834977499054
430.83497749895275
430.83497749895236
89.08567135892996
89.08567135892996
89.08567135883733
73.46192547298321
73.46192547294771
73.4619254728486
73.4619254728486
73.45254782009422
73.45254782009422
73.45245695161242
73.45245695161242
73.45245665091787
73.41648437756933
73.41648437756933
73.41646554263549
73.41646554263549
73.41646554263549
73.41646554263549
73.41646509168116
73.41646509168116
73.41645419208874
73.41645419208874
73.41645419208874
73.41645419185248
73.41644842159116
73.41644842159116
73.41644842159116
73.41644842159116
73.41644842159116
73.41644842159116
73.41644841218405
73.41644841218405
73.41644841218405
73.41644841218405
73.41644841218405
73.41644841218405
73.41644841218405
73.41644841218405
73.41644841216629
73.41644841216629
73.3761987773476
60.460483867122385
60.460483867122285
60.460483867122285
60.460483867122285
60.460483867122285
60.460483867122285
60.46045936332866
60.46045936332866
60.46045936332866
60.46045936332866
60.46045936332866
60.46045936332866
60.46045936332866
60.46044991522444
60.46044991522444
60.46044991522444
60.46044991522444
60.460448083497546
60.46044807374202
60.4604070778824
60.4604070778824
60.4604070778824
60.4604070778824
60.460385130902075
60.460385130902075
60.460385130902075
60.46038513086324
60.46038513086324
60.46038512286143
60.46038512286143
60.46038099428154
60.46038099428154
60.458854645241566
60.44074985952264
60.44074985952264
60.44074985952264
60.44074926637592
60.44074926637592
60.44074926637579
60.44074926637579
60.44056983118403
60.44056983118403
60.44056983118403
60.44056983118403
60.44056983118403
60.44056983118403
60.440569629128326
60.440569629128326
60.440569629128326
60.440569629128326
60.440569629128326
60.440569629128326
60.44056962911086
60.44056962911086
60.44056962911086
60.44056958833725
60.44056947333774
60.44056947333774
60.43946917958009
60.43946917958009
60.439469179508094
60.439469179508094
60.439469179508094
60.439377464306844
60.439377464306844
60.439377464306844
60.439377464306844
60.439377464306844
60.439377464306844
60.439377464306844
60.439377464228116
60.42039440174655
60.42039440170301
60.42039440170281
60.42039440170281
60.42039440170281
60.42039440170281
60.42039440170281
60.42039440170281
60.42039440170281
60.42039440170281
60.42039440170281
60.42039440170281
60.42039440170281
60.420394401702666
60.420394401702666
60.42039440169903
60.42039440169903
60.42039440169903
60.42039440169903
60.42039440166849
60.42039440166849
60.42039440166849
60.42039440166849
60.42039440166849
60.42039440166849
60.42039440166849
60.420394356156294
60.420394356156294
60.420394356156294
60.420394356156294
60.420394356156294
60.420394356156294
57.01865034718964
57.01862445879119
57.01862445879119
57.01862445879119
57.01862445879119
57.01862445825598
57.018611887769346
57.01861106954353
57.01861106954353
57.01861106954353
57.01861106954353
57.01861106954353
57.01861106954353
57.01698161393943
57.01698161393943
57.01698161393943
57.01693512457987
57.01394994180914
57.01394984428162
57.013941081768266
57.013941081768266
55.22488909774186
55.09648287863841
55.09648287863841
55.09648287863841
55.09648287863841
55.09648287863841
53.00403515271818
44.58491141676533
44.58491141676533
44.58491141676533
44.58491141676533
44.58491141676533
44.58491014242225
44.58491014242225
44.58491007162481
44.58491007162481
44.58491007162481
44.58491007162481
44.584897461738855
44.584897461738855
44.584897461738855
44.584897461738855
44.58489729368449
44.48269557493197
44.48269557493197
44.48269557493197
44.464086400328945
44.464086400328945
44.464076531121194
44.46407653110852
44.46407653110852
44.46407653110852
44.46407653110852
44.46407653110852
44.46407653110852
44.46407400467944
44.46407400467944
44.46407400467944
44.46407400467944
44.46407400467944
44.46407400467944
44.46407400467944
44.464061337939576
44.464061337939576
44.464061337939576
44.464061337939576
44.464061337939576
44.464061337939576
44.464061337939576
44.464061337939576
44.464061337939576
44.46406133762074
40.08219499839102
40.08219499839102
40.08219499839102
40.08219499781899
40.08219499781899
39.90797220426571
39.9079722032909
39.9079722032909
39.9079722032909
39.9079722032909
39.90797220328168
39.907972183545695
39.90797218325878
39.90797218325878
38.150996383867195
38.150996383867195
38.149897068937506
38.149897068937506
38.149897068937506
38.149897068937506
38.149897068937506
38.149897068937506
38.149897068937506
38.149897068937506
38.149897068937506
38.149897068935545
38.149897068935545
38.14989704752659
38.14989704752659
38.14989704618589
38.10842456711831
38.10842456711831
38.10842456711771
38.10842456711771
38.10842456711519
38.10764275758967
38.10764275758967
38.10764275758967
37.89955652260778
37.89955652260778
37.89955652260778
37.89955652260778
37.89955652260778
37.89955652260778
37.89955652260778
37.89955652260778
37.336381480592394
37.336381480592394
37.33638098914119
37.33638098914119
37.33638098914119
37.24130645333239
37.24130645333239
37.24130038018478
37.24130038018478
37.24130038018478
37.24130038018478
36.78585714797285
36.78585714797285
36.78585714797285
36.78585714797285
36.78585714797285
36.78585714797285
36.78585712633553
36.78585712633553
36.78585712633553
36.78585712633553
36.78585712633553
35.989771122808065
35.989771122808065
35.98974920645739
35.98974920645739
35.67055014702603
35.67055014702603
35.360445810038655
35.360445810038655
35.360445810038655
35.360445810038655
35.36044580981187
35.36044580981187
35.36044580981187
35.36044580981187
35.360445807650144
35.360445807650144
34.045865617536414
34.045865617536414
34.045865617536414
34.045865617536414
34.045865617536414
34.04586249955628
34.045862497247434
34.045862497247434
34.045862497247434
34.02738812581823
34.02738812581823
34.027387775869975
34.027387775869975
34.027387775869975
34.027387775869975
33.80435270976168
33.80435270976168
33.80435270976168
33.8043526713416
33.8043526713416
33.80435267134009
33.80435267134009
33.80435267134009
33.80435267134009
33.80435267134009
33.80435267134009
33.80435267134009
33.80435267134009
33.80435267134009
33.80435267134009
33.80435267133864
33.80435267133864
33.80435267133864
33.80435267133864
33.80435267133864
33.80435256383954
33.80435256383954
33.80435256383954
33.80435256383954
33.80435256383954
33.804350922545474
33.804350922545474
33.804350922545474
33.804350922545474
33.80418319756224
33.80418319756224
33.80418319756224
33.80418319756224
33.8041831975621
33.8041831975621
33.8041831975621
33.8041831975621
33.8041831975621
33.8041831975621
33.8041831975621
33.8041831975621
33.8041831975621
33.80413402005495
33.692983795343544
33.692983795343544
33.692983795343544
33.69294328658894
33.69294328658894
33.69292210800612
33.69292210800612
33.69292210800612
33.69292210800612
33.69215136805147
33.69215136805147
33.69215136805147
33.69215136805147
33.69215136805147
33.6921510318454
33.69215103183044
33.69215103183044
33.69215103183044
33.680907418619775
33.680907418619775
33.68090741861972
33.68090741861972
33.680907102831995
33.6802437796643
33.6802437796643
33.6802437796643
33.6802437796643
33.6802437796643
33.67932312364185
33.67932312364185
33.67932312364185
33.679323116841545
33.679323116841545
33.67932279640764
33.67932279640764
33.67932279640764
33.67932279640764
33.67932279640764
33.67932279640764
33.67932279640764
33.626888735293534
33.626888735293534
33.626888735293534
33.626888735293534
33.62688872995038
33.62688872995038
33.62486643759039
33.62436801846827
25.354412243652014
25.354412243652014
22.378159869331892
22.378153669019355
22.378153650038282
22.378153650038282
22.37815365003828
22.37815365003828
22.37815365003828
22.37815365003828
22.37815365003828
22.37815365003828
22.37815365003828
22.37815365003828
22.37815365003828
22.37815365003828
22.37815365003828
22.37815365003828
22.37815365003828
22.37815365003828
22.37815365003828
22.378153650038055
22.378153650038055
22.378153650038055
22.378153650038055
22.378153650038055
22.378153650038055
22.378153650038055
22.378153650038055
19.164351495144878
19.164351495144878
19.164351495144878
19.164351495144878
19.164351495144878
19.164351495144878
19.150552811479354
19.150552811479354
19.150552811479354
19.150552723463363
19.15049945616501
19.15049945616501
19.15049945616501
19.15049945616501
19.150499456117565
19.150499456101617
19.150499456101617
19.150499456101617
19.150499456101617
19.150499454859247
19.150499454859247
19.150499454859247
19.150499454859247
19.150499454859247
19.150499057958136
19.147336974228395
19.147336974228395
19.147336974228395
19.147336974228395
19.147336974228395
19.147336974228395
19.147336974228395
19.147336974228395
19.147336974228395
19.147336974228395
19.147336974228395
19.14733697422789
19.14733697422789
19.14733697422789
19.147336973760286
19.147336772276912
19.14697332666864
19.14697332666864
19.14697332666864
19.146973324974294
19.146973324974294
19.146973324974294
19.146973324974294
19.146973324974294
19.146973324974294
19.146973324974294
19.146899920977148
19.146899920977148
19.146899920977148
19.146899902151794
19.146899902151794
19.146899902151794
19.146899902151794
19.146899902151794
19.134671529939713
19.134671529939713
19.134671529939713
19.134671529939713
19.134671529939713
19.134671529939713
19.134671529939713
19.134671529939713
19.134671529939713
19.13467152993962
19.13467152993962
19.13467152993962
19.13467111404236
19.13467111404236
19.13465606991226
19.13465606991226
19.13465606991226
19.13465606991226
19.13465606991226
19.13465606991226
19.134631064379032
19.1346310643749
19.1346310643749
19.1346310402524
19.1346310402524
19.134622846855297
19.134622846855297
19.134622846855297
19.134622846855297
19.134622846855297
19.134622846855297
19.134622846855297
19.134622846855297
19.134511681988428
19.134464020272485
19.134464020272485
19.134464020272485
19.134463427356962
19.134463427356486
19.134463427300666
19.134463427300666
19.134463424489056
19.134463424489056
19.134463424489056
19.134463424163744
19.134463424163744
19.134460519952917
19.134460519952917
19.134460519952917
19.134460519952917
19.134460519952917
19.134460519952917
19.134460519820976
19.134460519820976
19.134460519820976
19.134460519820976
19.134460519820976
19.134460519820976
19.134460226655293
19.134460226655293
19.134460226655293
19.134458151331717
19.134458151331717
19.134458151331717
12.723574850131516
12.723574850131516
12.723574850131516
12.723574850131516
12.723574848971149
12.723574848971149
12.719759956559518
12.719759956559518
12.719654127693637
12.719654127693637
12.719654127656348
12.719654127656348
12.719628182304534
12.719628182304534
12.719628182190375
12.719628182119454
12.71962722483288
12.71962722483288
12.71962722483288
12.71962722483288
12.71962722483288
12.71962722483288
12.719627222490697
12.719626709636117
12.719626709636117
12.719626709636117
12.719626709636117
12.719626708434026
12.719626708434026
12.719626654583307
12.719626654583307
12.716910526710219
12.716910526710219
12.716910526710219
12.716871686262376
12.716871686252233
12.663185132722852
12.663185132722852
12.663185132722852
12.663185132722852
12.663185132722852
12.663185132722852
12.663185132722852
12.663185132722852
12.663185132715249
12.663185132715249
12.663185132715249
12.663185132715249
12.657058810660175
12.65705881066002
12.65705881066002
12.656271257055764
12.656271257055764
12.656271257055764
12.642609403976298
12.642609401758996
12.642609401758996
12.642609401758996
12.642609401758996
12.642609401701778
12.642609401701778
12.642609401701778
12.642609401701778
12.642609401701778
12.642609401701778
12.642609401701778
12.642609401701778
12.64228754306608
12.64228754306608
12.64228754306608
12.64228754306608
12.64228754306608
12.64228754306608
12.64228754306608
12.64228754306608
12.642287380487536
12.642287302888803
12.642287302888803
12.642287302888802
12.620244122870224
9.32566661282596
9.32566661282596
9.32566661282596
9.32566661282596
9.32566661282596
9.325666560930713
9.325666560930713
9.325666560930713
9.325666560930713
9.325666560930689
9.255795860109957
9.255795857328293
9.255795844465709
9.255795844336175
9.255795844336175
9.255795844336175
9.255795844336175
9.255795844336175
9.255795844336175
9.231637144225205
9.231637144225205
9.231637144225202
9.231637144225202
9.231637144225202
9.231552582049318
9.231552582049318
9.231539497604222
9.231539497604203
9.231539497604203
9.231539497604203
9.231539497604203
9.231539497604203
9.231539497604203
9.231539497604201
9.231539497604201
9.231539497604201
9.231539497604194
9.231539497604194
9.231539497604194
9.231539497604194
9.231539497604194
9.231539497604194
9.231539497604194
9.231539497604194
9.231539497596897
6.162071024257197
6.162071024257197
6.162071024257196
6.162071024257196
6.162071024257196
6.162070389090974
6.162070389090974
6.162070389090974
6.162070389090974
6.162070389090974
6.162070389090974
6.162070389090974
6.162070389090974
6.162070389070294
6.16207019192072
6.16207019192072
6.162070169231266
6.162070169231266
6.162070169231266
6.162070169231264
6.162070169231264
6.162070169231264
6.162070169231264
6.162070169231264
6.162070169231264
6.162070169231264
6.162070169231264
6.162070169231264
6.162070169231264
6.162070148418668
6.162070148418668
6.162070148418668
6.162070148383285
6.162070148383285
6.162070148346881
6.162070148346881
6.162070148346881
6.162070148346881
6.162070148346881
6.162070148346881
6.162070148346881
6.162070148346881
6.162070148346881
6.162070148346881
6.162070148346881
6.162070148342248
6.162070148342244
6.162070148342244
6.162070148302772
6.162070148300696
6.162070148300696
6.162070148300696
6.162070148300696
6.162070148300696
6.162070148300696
6.162070148300695
6.162070148300695
6.162070148300695
6.162070148300695
6.162070148300695
6.162066011267271
6.162066011267271
6.162066011267271
6.162066011265181
6.162066011265181
6.162066011265181
6.16206600826604
6.16206600826604
6.16206600826604
6.1620660082660335
6.1620660082660335
6.1620660082660335
6.162064941755248
6.16206494175373
6.16206494175373
6.16206494175373
6.16206494175373
6.16206494175373
6.16206494175373
6.16206494175373
6.1620649417537185
6.1620649417537185
6.1620649417537185
6.162064941753374
6.162064941753374
6.162064941753374
6.162064941753374
6.162064941753349
6.162064941753349
6.162064475486911
6.162064475486911
6.162064475486911
6.1620644040986114
6.162064404098611
6.162064404098607
6.162064404098607
6.162064404098607
6.162064404098607
6.162064404098607
6.162064100179182
6.162064100179182
6.162064100179182
6.162064100179182
6.162064100179182
6.162064100179182
6.162064070786406
6.162064070786406
6.162064068275493
6.162064068275493
6.162064068275493
6.162064068275493
6.162064068275493
6.162064068275493
6.162064068275493
6.162064068275493
6.162064068275493
6.16206406811358
6.16206406811358
6.16206406811358
6.16206406811358
6.16206406811358
6.16206406811358
6.16206406811358
6.16206406811358
6.16206406811358
6.16206406811358
6.1620640623161
6.143156135327082
6.1431507642972525
6.1431507642972525
6.1431507642972525
6.1431507642972525
6.142388463898091
6.142388463898091
6.142388463898091
6.142388463898091
6.142388463898091
6.142388463809624
6.142388463809624
6.142388463809624
6.142388463809624
6.142388463809624
6.142388463809624
6.142388463809624
6.142388463809624
6.142388463809624
6.142388463809624
6.142388463809624
6.142388459562098
6.142388459562098
6.142388459562098
6.142388459562098
6.142378369255054
6.142378369255054
6.142378369255054
6.142378369255054
6.142378369255054
6.100532353475929
6.100532353299326
6.100532353299326
6.100532353299326
6.100532353299326
6.100532353299326
6.100532353299326
6.100532353299326
6.100532353299326
6.014681534410634
6.014681534410634
6.014681534410634
6.014681534410634
6.014681534410634
6.014681534410634
6.014681534061154
6.014681534056348
6.014681534056348
6.014681534056302
6.014681534056302
6.014681534056302
6.014681533818997
6.014681533818997
6.014681533818997
6.014681533818997
6.014681533818997
6.014681533818997
6.014681533818997
6.014681533818997
6.0146373658418755
6.0146373658418755
6.0146373658418755
6.014637365841835
6.014637365071482
5.467200722789812
5.467200722789812
5.467200722789812
5.4672007175405435
5.466904561662386
5.466904561662386
5.466904561662386
5.4669044628145445
5.466904462812744
5.466904462812744
5.466904462812744
5.466904462812744
5.466904462812744
5.466904462804273
5.466894802330358
5.466894754543907
5.4604289391472705
5.4604289391472705
5.4604289391472705
5.4604289391472705
5.4604289391472705
5.4604289391472705
5.4604289391472705
5.4604289391472705
5.4604289391472705
5.4604289391472705
5.4604289391472705
5.4604289391472705
5.4604289391472705
5.460428266772694
5.460428266772694
5.460428266772694
5.460428266772694
5.460428266772694
5.460428266772694
5.460428266772514
5.460428266772514
5.460314536309211
5.460314536309211
5.460314536309211
5.460314525386667
5.460314525386667
5.4603145253866545
5.458566797435004
5.458566797435004
5.458566789207196
5.458566789207196
5.458566754536931
5.45856675453693
5.458566749054171
5.458566749054171
5.458566749054171
5.445138669314283
5.445138669314283
5.445138669314283
5.445138669314283
5.445138669314283
5.445138669314283
5.445138669314283
5.445138669314283
5.445138669314283
5.445138669314283
5.445138660885888
5.445138660885888
5.445138660885888
5.44513866088558
5.44513866088558
5.44503917418532
5.44503917418532
5.44503917418532
5.44503917418532
5.44503917418532
5.44503917418532
5.445038912804202
5.445038912804202
5.445038912804202
5.445038912804202
5.445038912804202
5.445038912804202
5.445038912804202
5.445038912804202
5.445038912799176
5.445038908111431
5.445038908111431
5.445038908111418
5.445038908111418
5.445038908111418
5.445038908099611
5.445038908099611
5.445038908099611
5.445038908099611
5.445038908099089
5.445038908099089
5.445038908099089
5.445038908099089
5.445038908099089
5.445038908099089
5.445038908099089
5.445038908099089
5.445038907283752
5.445038907283752
5.445038907283752
5.445038907283752
5.445038907283752
5.445038907283752
5.445038907283752
5.445038896720592
5.445038896720592
5.445038896720592
5.445038896720592
5.445038896720592
5.445038896720592
5.445038896720592
5.388510163977382
5.38851016397736
5.38851016397736
5.388030792586446
5.388030792586446
5.388026047892801
5.388026047162144
5.388026047162144
5.388026047162144
5.388026047162144
5.388026047162144
5.388026047162144
5.388026047162144
5.388026047162144
5.388026047162144
5.388026047162144
5.388026047162144
5.3879617862090505
5.3879617862090505
5.3879617862090505
5.381661496620548
5.381661496620548
5.381661496620548
5.381661496620487
5.381661496620487
5.381661496475421
5.381661496475421
5.381661496475419
5.381661496475419
5.381661496475419
5.381661496475417
5.381661381130007
5.381661381130007
5.381661380201306
5.381661380201306
5.381661380201306
5.381661380201306
5.381661380201306
5.381661380201306
5.381661380201306
5.381661380201306
5.381661280976681
5.381661280976681
5.381661280976681
5.381661280975495
5.381661280975495
5.381661280975495
5.381661280975495
5.381661280975495
5.381661280975495
5.381661280975495
5.381661280975495
5.381661280975495
5.381661280975495
5.381661280975495
5.381661280975495
5.381661280975495
5.381661280975495
5.381661280975495
5.381661280975495
5.381661280975495
5.381661280975495
5.381661280975495
5.381661280975495
5.381661280975495
5.381661280975495
5.381661280975495
5.38154796291573
5.38154796291573
5.38154796291573
5.38154796291573
5.381547516214688
5.381547516214688
5.381547516214688
5.381547478724363
5.381547478724363
5.381547478724363
0.6036769627171721
0.6036769627171721
0.6036769627171721
0.6036769627171451
0.6036769627171451
0.6036769627171451
0.6036769627171451
0.6036769627171451
0.6036751727088199
0.6036751727088199
0.6036751727088199
0.6036751727088199
0.6036751727078433
0.6036751727078433
0.6036693875911127
0.6036693875911127
0.6036693875911127
0.6036693875911127
0.6036693875910533
0.6036693875910533
0.6036693875910533
0.6036693875910533
0.6036693868795523
0.6036691005791971
0.6020749051325377
0.6020749051325377
0.6020749051312596
0.6020749051312596
0.6020748806236204
0.6020748806236204
0.6020748806236204
0.6020748806236204
0.6020748806236204
0.6020748806236204
0.6020748806236204
0.6020748806236204
0.6020748806236204
0.6020739620019636
0.6020739620019636
0.6020739620019636
0.6020739620019636
0.6020739620019511
0.6020739620019511
0.6020739620019511
0.6020739620019511
0.6017803337915325
0.6017803337915325
0.6017803337915325
0.5940118734587501
0.5940118734587501
0.5940118734587501
0.5940118734557684
0.5940118734557684
0.5940118734557684
0.5936445075198273
0.5936445073031602
0.5936445073031602
0.5936445073031602
0.5936445073031602
0.5851199958939084
0.5851195827525594
0.5851195827525594
0.5851195827525594
0.563164499695729
0.563164499695729
0.563164499695729
0.5631644996929625
0.5631644996929625
0.5631644996929625
0.5631644996929625
0.5631619555619037
0.5631619555619037
0.5631619555619037
0.5631619555619037
0.5631619555619037
0.5631619555619037
0.5631619555619037
0.5631619555617112
0.5631619555617112
0.5631619555617112
0.5631619555617112
0.5631619555617112
0.5631619555617112
0.5631619555617112
0.5631619555617112
0.5631619555617112
0.5631619555597658
0.5631619555597658
0.5631619555597658
0.5631619555597658
0.5631619555597658
0.5631619555597658
0.5631619555597658
0.5631619555597658
0.5631618106146009
0.5631618106146009
0.5631618106146009
0.5631567393036054
0.5631567393036054
0.5631567393036054
0.5631567393036054
0.5631567393036054
0.5631567393036054
0.5631567393036054
0.5631567393036054
0.5631567393036054
0.5631567393036054
0.5631567393036054
0.5631567393036054
0.5631548562858011
0.5631548562858011
0.5631548562858011
0.5631548562858011
0.5631548562858011
0.5631548562858011
0.5631548562858011
0.5630766848292525
0.5630766848292525
0.5630765713364687
0.5630765713364673
0.5630765713364673
0.5630765713364673
0.5630765713364673
0.5630765713364673
0.5630765713364673
0.5630765713364673
0.563076571331192
0.5630735048858267
0.5630735048858267
0.5630735048858267
0.5630735023020574
0.5630735023020574
0.5630735023020574
0.5630735023020574
0.5630735023020574
0.5630735023020574
0.5630735023020574
0.5630735023020574
0.5630734151321325
0.5630734151321325
0.5276662881761048
0.5276662881761048
0.527026947873599
0.527026947873599
0.5270269478735989
0.5270269478735989
0.5270269478735989
0.5270269478735989
0.5270269478735989
0.5270269478735989
0.5270269478735989
0.5270269478735989
0.5270269478694233
0.5270269478694233
0.5270269478694233
0.5270269478694201
0.5270269478694201
0.5270163698981296
0.5270163698981296
0.5270163698981296
0.5270163698981296
0.5270163698981296
0.5270163698981296
0.5270163698981296
0.5270163698981296
0.5270163698981296
0.5270163698981296
0.5270163698980618
0.5270163698980618
0.5270163197568537
0.5270163197568537
0.5270163197568537
0.5270163197568537
0.5270163197568537
0.5270163197567816
0.5270163197567816
0.5270163197567816
0.5270163197567816
0.5270163197567816
0.5270163197431479
0.5270163197431479
0.5270163197431479
0.5270163197431479
0.5270163197431479
0.5259573640956706
0.5259573640956706
0.525944433229408
0.525944433229408
0.525944433229408
0.525944433229408
0.525944433229408
0.525944433229408
0.525944433229408
0.525944433229408
0.525944433229408
0.5186144296222561
0.5182181706097823
0.5182181706097823
0.5182181706095124
0.5182181706095124
0.5182181706095124
0.5182181706069358
0.5182181706069358
0.5182181706069204
0.5182181706069204
0.5182181706069204
0.5038882293153657
0.5038882293153657
0.5038866353946392
0.5038866353946392
0.5038866353946392
0.5038866353946392
0.5038866353946392
0.5038866353946391
0.5038866353921229
0.5038866353921229
0.5013216164036368
0.5013216164036368
0.5013216164036368
0.5013216164036368
0.5013216164036368
0.5013216164036368
0.5013187215885562
0.5013187215885562
0.5013187215885562
0.5013187215885562
0.5013187215885562
0.5013187215885562
0.5013187215885562
0.5013187215885562
0.5013187215885562
0.5013187215885562
0.5013187215885562
0.5013187215885562
0.5013187215885562
0.5013185753412901
0.5013185753412901
0.5013185753412901
0.5013185746930499
0.5013185746930499
0.5013185746930499
0.5013185746930499
0.5013185746930499
0.5013185746930499
0.5013185746930499
0.5013158069016064
0.5013158069016052
0.5013158068000748
0.5013158068000748
0.5013158068000748
0.5013158068000748
0.5013158068000748
0.5013158068000748
0.5013158068000748
0.5013158068000748
0.5013158068000748
0.5013158068000748
0.5013158068000748
0.5013158068000748
0.5013158068000748
0.5013158065384166
0.5013158065384166
0.5013158065384166
0.5013158065384166
0.5013158065384166
0.5013158065384166
0.5013153784750197
0.5013153784750197
0.5013153783864577
0.5013153783854649
0.5013153783854649
0.5013153783854649
0.5013153783854649
0.5013153783854649
0.5013153783854649
0.5013114551685567
0.5013114551685567
0.5013114551685567
0.5013114532755438
0.5013114532755438
0.5013114532755438
0.5013114532755438
0.5013114532752757
0.5013114532752757
0.5013114532752757
0.5013114527794912
0.5013114527794912
0.5013114527794912
0.501311452778547
0.5013100620187653
0.5013100620187653
0.5013100620187653
0.501310061885634
0.501310061885634
0.501310061885634
0.501310061885634
0.4473771304737753
0.4473771304737753
0.4473771304737753
0.4473771304737753
0.4473771304737753
0.4473771304737753
0.4473771304737753
0.4473771304737753
0.4473771304737753
0.4473771304737753
0.4473771304737753
0.44737713047377525
0.44737713047377525
0.44737713047377525
0.447377130473764
0.447377130473764
0.447377130473764
0.447377130473764
0.447377130473764
0.447377130473764
0.447377130473764
0.447377130473764
0.447377130473764
0.447377130473764
0.447377130473764
0.447377130473764
0.447377130473764
0.44737713046398714
0.44737713046398714
0.447370179606553
0.4473693509752226
0.447369350974986
0.447369350974986
0.44736321092198605
0.44736321092198605
0.44736321092198605
0.44736321092198605
0.43540711711599933
0.43540711711599933
0.4353923615266705
0.4353923615266705
0.4353292824145944
0.4353292824145944
0.4353292824145944
0.4353292824129419
0.4353292824129419
0.4353292824129419
0.4353292824129419
0.4353292824129419
0.4353292824129419
0.4353292824129419
0.43532928241260777
0.4304565456749141
0.43040335117807926
0.43040335117807926
0.43040335117807926
0.43040335117807926
0.43040335113799816
0.43040335113799816
0.43040286902450975
0.43040286902450975
0.4304028690245048
0.4304028690245048
0.40367463335325376
0.40367463335325376
0.40367463335325376
0.40367463335325376
0.40367463335325376
0.40367463335325376
0.40367463335325376
0.40367463335325376
0.40367463335325365
0.40367463335325365
0.40367463335325365
0.40367463335325365
0.40367463335325365
0.40367463335325365
0.403672422099536
0.403672422099536
0.403672422099536
0.403672422099536
0.4036724214570439
0.4036724214570439
0.4036724214570439
0.4036724214570439
0.4036724214570439
0.4036724214570439
0.4036724214570439
0.4036724214570439
0.40367242143206955
0.40367242143206955
0.40367242143206955
0.40364413488334105
0.40364413488334105
0.40364413488334105
0.40364413488334105
0.40364410053225525
0.40364410053225525
0.40364410053225525
0.40364410053225525
0.40364410053225525
0.40364410053225525
0.40364410053225525
0.40364410053225525
0.40364410053225525
0.40364410053225525
0.403644100532253
0.403644100532253
0.403644100532253
0.1724001231062219
0.1724001231062219
0.17224613310717962
0.17224613310376208
0.17224613310376208
0.17224613310376208
0.17224613310376208
0.17224613310376208
0.17224613310376208
0.17224611914073423
0.17224611914073423
0.17224611914073423
0.17224611914073423
0.17224611914073423
0.17194409458620347
0.17194409458620347
0.17194409458620347
0.1719440945862017
0.1719440945862017
0.1719440945862017
0.1719440945862017
0.1719440945862017
0.1719440945862017
0.1719440945862017
0.1719440945862017
0.1719440945862017
0.1719440945862017
0.1719440945862017
0.1719440945862017
0.1719440945862017
0.17194409069541147
0.17194409069541147
0.17194409069541147
0.17194409069541147
0.17194409069541147
0.17194409069541147
0.1719440845585764
0.1719440845585764
0.1719440845585764
0.1719440845585764
0.1719440845585764
0.1719440845585764
0.1719440845585764
0.1719440845585764
0.1719440845585764
0.1719440845585764
0.1719440845585764
0.1719440845585764
0.17194408455677446
0.17194408455677446
0.17194408455677446
0.17194408455677446
0.17194408455677446
0.17194408455677446
0.17194213615385529
0.17194213615385529
0.17194213615385529
0.17194213615385529
0.17194213615385529
0.17194213615385529
0.17194213615385529
0.17194213615385529
0.1719349757759156
0.1719349757759156
0.1719349757759156
0.17193497577505723
0.17193497577505723
0.1719299890811526
0.1719274023015529
0.1719274023015529
0.17192740230155285
0.17192740230155285
0.17192740230155285
0.17192740230155285
0.1719274023015523
0.1719274023015523
0.1719274023015523
0.1719274023015523
0.1719274023015523
0.1719274023015523
0.1719274023015523
0.1719274023015523
0.1719274023015523
0.1719274023015523
0.1719274023015523
0.17192740230155185
0.17192740230155185
0.06458665495910784
0.06458665495910784
0.06458665495910784
0.06456499054022224
0.06456499054022224
0.06456499054022224
0.06456499054022224
0.06456499054022224
0.06456499054022224
0.06456499054022224
0.06456499054018967
0.06456499054018967
0.06456499054018967
0.06456499054018967
0.06456499054018967
0.06456499054018935
0.06456499054018935
0.0645649427289997
0.0645649427289997
0.0645649427289997
0.0645649427289997
0.0645649427289997
0.0645649427289997
0.0645649427289997
0.0645649427288481
0.0645649427288481
0.0645649427288481
0.06456494272259244
0.0645616596964648
0.06410267384232807
0.06410267384232807
0.06410267384232773
0.06410267383466543
0.06410267383466543
0.06229213959780971
0.06229213959780971
0.06229213959780971
0.062292139595152
0.062292139595152
0.062292139595152
0.062292139595152
0.062292139595140565
0.06224173568371806
0.06224173568371806
0.06224173553329748
0.06224173553329748
0.062241735533296906
0.062241602653454
0.062241499705025995
0.062241450302192754
0.062241450302192754
0.062241450302192754
0.062241450302192754
0.062241450302192754
0.062241450302192754
0.062241450302192754
0.06224145030217738
0.06224145030217738
0.06224145030217738
0.06224145030217738
0.06224145030217738
0.06224145030217738
0.062220367463897336
0.062220367463897336
0.062220367463897336
0.062220367463897336
0.062220367463897336
0.06222036746387333
0.06222036746387333
0.06222036746387333
0.06222036746387333
0.06222036746387333
0.06222036746387333
0.06222036746387333
0.06222036746387333
0.06222036746387333
0.06222036746387333
0.06222036746387333
0.06222036696429186
0.062220366933329836
0.062220366933329836
0.062220366933329836
0.062220366933329836
0.062220366933329836
0.062220366915537825
0.062220366915537825
0.062220366915537825
0.062220366915537825
0.062220366915537825
0.062220366915537825
0.062220366915537825
0.062220366915537825
0.06222026833454789
0.06222026833454789
0.06222026833454789
0.06222026833454789
0.06222026833454789
0.06222026833454789
0.06222026833454789
0.06222026833454766
0.06222026833454766
0.06222026833454766
0.06222026833454766
0.06222026833454766
0.06222026833454766
0.06222026833454766
0.06222026833454766
0.06222026833454766
0.06221962540393213
0.06221962540393213
0.06221962540393213
0.06221962540393213
0.06221962540390566
0.06221962540390566
0.06221962540390566
0.06221962540390566
0.0622196254034581
0.06221956364365843
0.06221956364365843
0.06221956364365843
0.06221956364365843
0.06221953512923143
0.062219535129230834
0.062219535129230834
0.062219535129230834
0.062219535129230834
0.0622168834273148
0.0622168834273148
0.0622168834273148
0.0622168834273148
0.0622168834273148
0.062216883427312415
0.062216883427312415
0.062216883427307794
0.062216702338188164
0.06221670173373347
0.06221670173373347
0.06221670173373347
0.06221670173373347
0.06221670173373347
0.06221670173373347
0.06221670173373347
0.06221670173373347
0.062216701733637865
0.062216701733637865
0.062216701733637865
0.062216701260942704
0.06221626560272258
0.06219445456798693
0.06219445456798693
0.06219445456798693
0.06219445456798693
0.06219445456798693
0.06219445456798693
0.0621943647742145
0.0621943647742145
0.0621943647742145
0.0621943647742145
0.0621943647742145
0.0621943647742145
0.0621943647742145
0.0621943647742145
0.0621943647742145
0.0621943647742145
0.0621943647742145
0.0621943647742145
0.0621943647742145
0.0621943647742145
0.0621943647742145
0.058132950035420045
0.05813292594223057
0.05813292594223057
0.05813292594223057
0.05813292594223057
0.05813292594223057
0.058132925942221594
0.05813292594221928
0.05813292594221928
0.05813292594221928
0.05813292594221928
0.05813292594221928
0.05813292594221928
0.05813292594221928
0.058132909632777535
0.05813290817170106
0.05813290656800828
0.05813290656800828
0.05813290656800828
0.05813290656800828
0.058132906558952764
0.058132906558952764
0.058132906558952764
0.058132906558952764
0.058132906558952764
0.058132906558952764
0.058132906558952764
0.058132906558952764
0.058132906558952764
0.058132906558952764
0.058132906558952764
0.058132906558952764
0.058132906558952764
0.058132906558952764
0.058132906558952764
0.058132906558952764
0.058132906558952764
0.058132906558952764
0.058132906558952764
0.058132906558952764
0.058132906558952764
0.058132906558952764
0.058132906558952764
0.058132906558952764
0.0581329065589405
0.0581329065589405
0.0581329065589405
0.05813287721902881
0.05813287719206437
0.05813287719206437
0.05813287719206437
0.05813287719206437
0.05813287631038348
0.05813287631038348
0.05813287631038348
0.05813287631038348
0.058103164094460626
0.058103164094460626
0.05801334465333054
0.05801334465333054
0.05801334465333054
0.05801334465333054
0.05801330252313101
0.058013302523130986
0.058013302523130986
0.058013302523130986
0.05801330252313065
0.05801330252313065
0.05801330252313065
0.058013302428604
0.058013302428604
0.058013302428604
0.058013302428604
0.058013302428604
0.058013302428604
0.058013302428604
0.058013302428604
0.05801330242434052
0.05801330242434052
0.05801330242434052
0.05801330242434052
0.05801330242434052
0.05801330242434052
0.05801330242434052
0.05801330242434052
0.05801330242434052
0.058013302422700266
0.058013302422700266
0.058013302422700266
0.058013302422700266
0.058013302422700266
0.058013302422700266
0.058013302422700266
0.0579942659824159
0.057994265969185596
0.057994265969185596
0.057994265969185596
0.057994265969185596
0.057994265969185374
0.057994265969185374
0.057994265969185374
0.057994256006442146
0.05799425600643423
0.05799392367607543
0.054374450466154314
0.054374450466154314
0.054374450466154314
0.054329914380427315
0.054329914380427315
0.054329914380427315
0.054329914380427315
0.052509396381569394
0.05250939598948846
0.05250939598948846
0.05250939591861698
0.05250936735757961
0.05250936735757961
0.05250936735757961
0.05250936735757961
0.05250936735757961
0.05250936735757961
0.05250936735757961
0.052509367357577344
0.052509367357577344
0.052509367357577344
0.052509367357577344
0.052509367197267655
0.05250936719726747
0.05250936719726747
0.05250936719726747
0.05250936719726747
0.05250936719726747
0.05250936719726747
0.05250936719726747
0.05250936719726747
0.05248655092661494
0.05248655092661494
0.05248655087317937
0.05248655087317937
0.05248655087317937
0.05248655087317937
0.05248655086262677
0.05248655086262677
0.05248655086262476
0.05248655086262476
0.05248655086262476
0.05248655086262476
0.05248655086242462
0.05248655086242462
0.05248655086242462
0.05248655086242462
0.052486550830133906
0.052486550830133906
0.052486550830133906
0.052486550830133906
0.05248655083013286
0.05248655083013286
0.05248655083013286
0.052486550830118654
0.052486550830118654
0.052486550830118654
0.05248654654798503
0.05248367380967172
0.05248367380967172
0.030695554384622264
0.030695554384622264
0.030695554384622264
0.030695554335140332
0.030695554335140332
0.030695554335140332
0.030695554335140332
0.030695554335140332
0.030695554335140332
0.030695554335140332
0.030695554335140332
0.030695554311490156
0.030695554311177337
0.030695554311177337
0.030695554311177337
0.030695554311177337
0.030695554311177337
0.030695554311177337
0.030695554311177337
0.030695554311177337
0.030695554311177337
0.030695554311177008
0.030695554311177008
0.03069554687484812
0.030695546874848094
0.030695546874848094
0.030695546874848094
0.030695546874848094
0.03069554522969327
0.03069554522969327
0.03069554522969327
0.03069554522969327
0.03069554522969327
0.03069554522969327
0.03069554522969327
0.03069554522969327
0.03069554522969327
0.03069554522969327
0.03069554522969327
0.03069554522969327
0.03069554522969327
0.03069554522969327
0.03069554522969327
0.03069554522960967
0.03069554522960967
0.03069554522960967
0.03069554522960967
0.03069554522960967
0.03069554522960967
0.03069554522960967
0.03069554522775939
0.03069554522775939
0.03069554522775939
0.03069554522775939
0.03069554522775939
0.03069554522643043
0.030695430046678275
0.030695430046678275
0.030695430046678275
0.030695429923003465
0.030695429923003465
0.030695429923003465
0.030695429923003465
0.030695429923003465
0.030695429923003465
0.02956475003833848
0.02956475003833848
0.02956475003831164
0.02956475003831164
0.02956475003831164
0.02956475002350009
0.02956475002350009
0.02956475002350009
0.02956475002350009
0.02956475002350008
0.02956475002350008
0.02956475002350008
0.029564744588701647
0.029564744588701647
0.029436486579799345
0.029436486579799345
0.029436486579799345
0.029436486579799345
0.029436486579799345
0.02943648630522555
0.02943648630522492
0.02943648630522492
0.02943648630522492
0.02943648630522492
0.02943648630522492
0.02943648630522492
0.02943648630522492
0.02943648630522492
0.02943648630522492
0.02943648630522492
0.02943648630522492
0.02943648630522492
0.029436486199054514
0.029436486199054514
0.029436486199054514
0.02943648619905434
0.02943648619905434
0.02943648619905434
0.02943648619905434
0.029434761906777854
0.029434761906777854
0.029434761760160397
0.02943476176016039
0.02943476176016039
0.02943476176016019
0.02943476176016019
0.02943476176016019
0.02943476176016019
0.02943476176016019
0.02943476176016019
0.02943456130382165
0.029434557957339916
0.029434557957339916
0.029434557957339916
0.029434557957339916
0.029434557957339912
0.029434557957339073
0.029434557957339073
0.029434557957339073
0.029434557957339073
0.029434557957339073
0.029434557957339073
0.029434557957339073
0.029434557957339073
0.029434557957339073
0.029434557957339073
0.029434557957339073
0.029434557957339073
0.029434557957339073
0.029434557957339073
0.029434557957339073
0.02942534533558423
0.02942534533558423
0.02942534533558423
0.02942534533558423
0.02942534533558423
0.029425345246977656
0.029425345246977656
0.029425345246977656
0.029425345246977656
0.029425345246977656
0.029425345246977656
0.029425285488375957
0.029425285488375957
0.029425285488375957
0.029425285488375957
0.029425285488375957
0.029425285488375957
0.029425284562703245
0.029425284562703245
0.029424720796585067
0.029424720796585067
0.029424720796585067
0.02942472079658506
0.02934650594337643
0.02934650594337643
0.02934650594337643
0.02934650594337643
0.02934650594337643
0.02934650594337643
0.0293465059431705
0.0293465059431705
0.0293465059431705
0.0293465059431705
0.0293465059431705
0.0293465059431705
0.029346505943126
0.029346505942668567
0.029346505942668567
0.029346505942668567
0.029346505942668567
0.029346505942668567
0.029346505942668567
0.029346505942668567
0.02934650594266824
0.02934650594266824
0.029346505942667564
0.029346505942667564
0.029346505942667564
0.029346505942667564
0.029346505942667564
0.029346505942667564
0.029346470836532742
0.029346467063067542
0.029346467063067122
0.029346467063067122
0.02934646706306626
0.02934646706306626
0.029346467057597823
0.029346467019304004
0.029346467019304004
0.029346467019304004
0.02934646701930129
0.023356456872788946
0.023356456872788946
0.023356456872788946
0.023356456872788946
0.023356456872788946
0.023356456872788946
0.023356456872788946
0.023356456872605198
0.02335645687254201
0.02335645687254201
0.02335645687254201
0.02335645687254201
0.02335645687254201
0.02335645687254201
0.02335645687254201
0.02335645687254201
0.02335645687254201
0.02335581962053412
0.02335581962053412
0.02335581962053412
0.02335581962053412
0.02335581962053412
0.02335581962053412
0.02335581962053412
0.02335581962053412
0.02335581962053412
0.02335581962053412
0.02335581962053412
0.02335581962053412
0.02335581962053412
0.02335581962053412
0.02335581962053412
0.02335581962053412
0.02335581962053412
0.02335581962053412
0.02335581962053412
0.02335581962053412
0.02335581962053412
0.02335581962053412
0.02335581962053412
0.02335581962053412
0.023355819620534093
0.023355819620534093
0.02335581930593174
0.02335581930593174
0.02335581930593174
0.02335581930593174
0.02335581930593174
0.02335581930593174
0.02335581930593174
0.02335581930593174
0.023355819098184467
0.023355819098184467
0.023355819098184467
0.023355819098184467
0.023355819098184467
0.023355819098184467
0.023355819098184467
0.023355819098184467
0.023355819093963465
0.023355819093963465
0.023355819093963465
0.023355819093963236
0.023355819093963236
0.023336830052317077
0.023336830052317077
0.023336826030603927
0.023323209380376655
0.023323209380376655
0.02332318801412834
0.02332318801412834
0.023323187996767733
0.023323187996767733
0.023323187996767733
0.023323187996767733
0.023323187996767733
0.023323187996767733
0.023323187996767726
0.023323187996767726
0.023323187996767726
0.023323187996767726
0.023323187996767726
0.023323187996767726
0.023323187996767667
0.023323187996767667
0.02332318799675994
0.02332318799675994
0.02332318799675994
0.02332318799675994
0.02332318799675994
0.02332318799675994
0.02332318799675994
0.02332318799675994
0.02332318799675994
0.02332318799675994
0.02332318799675994
0.02332318799675994
0.02332318799675994
0.023323187996733514
0.023323187996733514
0.023323187996733514
0.023323187996733514
0.023323187996733514
0.023323187996733514
0.023323187996733514
0.023323187996733514
0.023323187996733514
0.023323187996733514
0.023323187996733514
0.023323187996733514
0.02332318799662154
0.02332313002017884
0.02332313002017884
0.013852227246861406
0.013852227174249282
0.013852227174249282
0.013852227174249282
0.013852227174249282
0.013852227174249282
0.013852227174249282
0.013852227174247328
0.013852169499181461
0.013852169499181461
0.013852152763119222
0.013852152763119222
0.013852152763119222
0.013852152763119222
0.013852152763119222
0.013852152763119222
0.013852152763119222
0.013852152763119222
0.011165606484092915
0.011165606484091808
0.011165606484091808
0.011165606484091808
0.011161492403275974
0.011161492403275974
0.011161012060451302
0.011161012060451302
0.011161012060451302
0.011161012060451302
0.011161012060451302
0.011161012060451302
0.011160491127871756
0.01116049094954544
0.01116049094954544
0.01116049094954544
0.01116049094954544
0.011160490949545417
0.011160490949545417
0.01116049094954516
0.011160490949517335
0.011160490949517335
0.011160490949517335
0.011160490949517335
0.011160490949517335
0.011160490949517335
0.011160490949517335
0.011160490949517335
0.011160490949517335
0.011160490949383711
0.011160490949383711
0.011160490949383711
0.011160490949383711
0.011160490949383711
0.01116049094938371
0.01116049094938371
0.011160490949383636
0.011160490949374368
0.011160490949374368
0.011160490949374368
0.01116049094936312
0.011160490949362742
0.011160490949362742
0.01116049094934795
0.01116049094934795
0.01116049094934795
0.01116049094934795
0.011160490949334348
0.011160490949334348
0.011160490949334348
0.011160490948811254
0.011160490948811254
0.011160490948811254
0.011160490948811254
0.011160490948811254
0.011160490948811254
0.011160490948811254
0.011160490948811254
0.011160489750909813
0.011160374068774707
0.011160374066773308
0.011160374066773308
0.011160344872400625
0.011160344872400625
0.011160344872399421
0.011098216782483105
0.011098216782483105
0.011098216782483105
0.011098216782482996
0.011098216782482996
0.011098216782482996
0.011098215819426278
0.011098215819426278
0.011098215819426278
0.011098215819426278
0.011098215618735167
0.011094983233523967
0.011094982204538044
0.011094982204538044
0.011094982204538044
0.01109498208834811
0.011094979823694435
0.011094979823694435
0.011094979817747413
0.011094979817747413
0.011094979817747413
0.011094979808619426
0.011094979808619426
0.011094979808619426
0.011094979808619426
0.011094979808619426
0.011094979798504498
0.011094979798504498
0.011094979798504498
0.011094979798504498
0.011094979798504493
0.011094979798504493
0.011094979798504493
0.011094979355959031
0.011094979355958781
0.011094979355958486
0.011094979355958486
0.011094979355958486
0.011094979355958486
0.011094979355958486
0.010239779379666308
0.010239779379615632
0.010239779379615632
0.01023977937961563
0.010239779254270777
0.010239779254270777
0.01023977925427009
0.01023977925427009
0.01023977925427009
0.01023977925427009
0.01023977925427009
0.010239779252403497
0.01023977925234305
0.010239779252176806
0.010239779252176806
0.010239779252176806
0.010239779252176806
0.010239779252176806
0.010239779252176806
0.010239779252176806
0.010239779252176806
0.010239779252176806
0.010239779252176806
0.010239779252176806
0.010239779252176806
0.010239779252176806
0.010239779252176806
0.010239488430618802
0.010239488429454935
0.010239488429454935
0.010239488429454935
0.010239483343227301
0.010239483343227301
0.010239483343227301
0.010239483343227301
0.010239483343227301
0.01023948334322729
0.01023948334322729
0.01023948334322729
0.01023948334322729
0.01023948334322729
0.01023948334322729
0.010239483343227211
0.010239483343227211
0.010239483317991903
0.010239483317991903
0.010239483317991903
0.010239483317991903
0.010239483317991903
0.010239483317989328
0.010239483317989328
0.010239483317989328
0.010239483317989328
0.010239483317799922
0.010239483317799922
0.010239483317799922
0.010239483317799922
0.01023948304914253
0.01023948304914253
0.01023948304914253
0.01023948304914253
0.010239483049138435
0.010239483049138435
0.010239483049138435
0.010239483049138435
0.010239483049138435
0.010239483049138435
0.010239483049138435
0.010239483049138435
0.010239483049138435
0.010239483049138435
0.010239483049138435
0.010239475917293704
0.010239475917293704
0.010239475917293704
0.010239475917293704
0.010239475917279793
0.010239475917279793
0.010239475917279793
0.010239475917279793
0.010239475915443424
0.010239475915443424
0.010239475915443424
0.010239475915443323
0.010239475915443323
0.010239475915443323
0.010239475915443323
0.010239475915443323
0.010239475915443323
0.010239475915443323
0.010239475915443323
0.010239475915443323
0.010239474034932916
0.010239474034932916
0.010239474034932916
0.010239474034932916
0.010239474034932916
0.010239474034932916
0.010239454156455417
0.010239454156455417
0.010239454156455417
0.010239454156416259
0.010239454156416259
0.010239454156396313
0.010239454156396313
0.010239454156396313
0.010239454156396313
0.010239454156396313
0.010239275246994927
0.010239275246994927
0.010239273607744351
0.010238152542683596
0.010238152542683596
0.010238152542683596
0.010238152542683596
0.010238152542683596
0.010085799385601961
0.010085799385601961
0.010085799385601961
0.010085799383275647
0.010085799383274504
0.010085799383274504
0.010085799383274504
0.010085799382142052
0.010085799382142052
0.010085799382142052
0.010085790032638698
0.010085790032638698
0.010085790032638698
0.010085790032638698
0.010085790032638698
0.010085790032638698
0.010085790032638698
0.010085790032638698
0.010085790032638698
0.010085789937982804
0.010085789937982804
0.010085789937982804
0.010085789937982766
0.01005347424994643
0.01005347424994643
0.01005347424994643
0.01005347424994643
0.01005347424994643
0.01005347424994643
0.01005347424994643
0.01005347424994643
0.010052477236855418
0.010052477236855418
0.010052477236855418
0.010052477236855418
0.010052477236855418
0.010052477236855418
0.010052477236855418
0.010052477236855418
0.010052477236855418
0.010052477236855418
0.010052477236525161
0.010052477236525161
0.010052477236525161
0.010052477236525161
0.010052477236525161
0.010052477236525161
0.010052477236525161
0.010052477236521345
0.010052477236521345
0.010052477236521345
0.010052477236521345
0.010052477236521345
0.010052477236521345
0.01005247723649289
0.010052477236492878
0.010052477236388276
0.010052477236388276
0.010052477236388276
0.010052018015179518
0.010052018015179518
0.01005201801517817
0.01005201801517817
0.010052018015177688
0.010052018015177688
0.010051702725799406
0.010051702725799264
0.010051702725797342
0.010051702725797342
0.010051290381735795
0.010051290380842482
0.01005129038084207
0.01005129038084207
0.01005129038084207
0.01005129038084207
0.01005129038084207
0.010051290380841477
0.010051290380841477
0.010051290380841477
0.010051290338185985
0.010051290338185985
0.010051290338185985
0.010051290338185985
0.010051290338185985
0.010051290338185985
0.010051290338185985
0.010051290338161125
0.010051290338161125
0.010051290338161125
0.010051290338161125
0.010051290338161125
0.010051290338161125
0.010051290334983476
0.010051290334983476
0.010051290334983358
0.010051290334983358
0.010051290334983358
0.010051290334983358
0.010051290334983358
0.010051290334983358
0.010051290334983358
0.010051290334983358
0.010051289805204444
0.010051289805204444
0.010051289805204444
0.010051289805204444
0.01005128980508806
0.01005128980508806
0.01005128980508806
0.01005128980508806
0.01005128980508806
0.01005128980508806
0.01005128980508806
0.01005128980508806
0.01005128980508806
0.01005128980508806
0.01005128980508806
0.010051284453483498
0.010051284453483498
0.01005128445271875
0.01005128445271875
0.01005101259915376
0.010050470614120352
0.010050470614120352
0.010050470614120352
0.010050470614120352
0.010050470614120349
0.010050470614120349
0.01005047061319463
0.010049786466592386
0.01004978646659146
0.010049786466591316
0.010049786145927928
0.01004945541743676
0.01004945541743676
0.01004945541743676
0.01004945541743676
0.01004945541743676
0.01004945541743676
0.010049455417436758
0.010049455417436756
0.010049454190247626
0.010049451871127383
0.010049451871127383
0.010049451871127383
0.010049451871127383
0.010049451871127383
0.010049451871127383
0.010049451871127383
0.010049451871127383
0.010049451871127383
0.010049451871127383
0.010049451871127383
0.010049451871127381
0.010049451871127381
0.010049451871127381
0.01004945187112738
0.010049451870977354
0.010049451870977354
0.010049451870977354
0.010046697633570571
0.010046697633570571
0.010046697633570571
0.010046697633570571
0.010046697633570566
0.010046697633547421
0.010046697633547421
0.010046697633547421
0.010046697633547421
0.010046697633547421
0.010046697633547421
0.010046697633547421
0.010046697633547421
0.010046697633547421
0.010046697633547421
0.010046697633538253
0.010046697633538253
0.010046697633538253
0.010046697633474481
0.010046697633474481
0.010046697633474481
0.010046697633474481
0.010046697610456581
0.010046697610456581
0.010046697610456581
0.01004669666607293
0.01004669666607293
0.01004669666607293
0.01004669666607293
0.010046696502397947
0.010046696502397947
0.010046696502397947
0.010046696502397947
0.0100466965023409
0.0100466965023409
0.0100466965023409
0.010046696502082056
0.010046677999904071
0.010046677999904071
0.010046677999904071
0.010046677981659537
0.010046677981659537
0.010046676707820385
0.010046676707820385
0.010046676707820385
0.010046676707820385
0.010046676707820385
0.010046676707819786
0.010046676707819703
0.010046573419115409
0.010046573419115409
0.010046573419115405
0.010046573419115405
0.010046573419115405
0.010046573419115344
0.010046573419115344
0.010046573419115344
0.010046573419115344
0.010046573419115344
0.010046573419115344
0.010046573415180437
0.010046573415180437
0.010046573415180437
0.010046573415180437
0.010046573415180437
0.010046573415180437
0.010046573415180437
0.010046573415180437
0.010046573415180437
0.010046573415180437
0.010046573415180437
0.010046573415180437
0.010046573415180176
0.010046573415180176
0.010046573415180176
0.010046573406651221
0.010046573406651221
0.010046573406651221
0.010046573406651221
0.010046573406635818
0.010046573406635818
0.010046573406635818
0.010046573406635818
0.010046573406635818
0.010046573406635818
0.010046573406635818
0.010046573406635792
0.010046573406635792
0.01004657340658004
0.01004657340658004
0.010046573382853233
0.010046573382853233
0.010046573382853233
0.01004657337544739
0.01004657337544739
0.010046573375446686
0.010046573375446686
0.010046573375446686
0.010046573375446686
0.010046573375446686
0.010046567448450758
0.010046567448450758
0.010046567448450758
0.010046567448450758
0.010046567448450758
0.010046567448450758
0.01004656744834273
0.01004656744712471
0.009980093424332157
0.009980093424332157
0.009980093424332157
0.009980093424332157
0.009980093424332157
0.009980093423254552
0.009980093423254552
0.00998009342256603
0.00998009342256603
0.009980093422566018
0.009980093422566018
0.009980093422566018
0.009980093422566018
0.0099800934225624
0.0099800934225624
0.0099800934225624
0.009980093420914347
0.009980093420914347
0.009980093420914347
0.009980093420914347
0.009980093420914347
0.009980093420912007
0.009980093420912007
0.009980093420912007
0.009980093420911976
0.009980093420911976
0.00998009342091138
0.00998009342091138
0.00998009342091138
0.00998009342091138
0.00998009342091138
0.00998009342091138
0.00998009342091138
0.009980093420910479
0.009980093420910479
0.009980093420910479
0.009980093420910479
0.009980093420910479
0.00998009341983878
0.00998009341983878
0.00998009341983878
0.00998009341983878
0.00998009341983878
0.00998007254134612
0.00998007254134612
0.00998007254134612
0.00998007254134612
0.00998007254134612
0.009980072541346113
0.009980072517129514
0.009980072517129514
0.009980072517129514
0.009980072517129514
0.009980072517129514
0.009980072517129514
0.009980072517105195
0.009980072517105195
0.009980072517104407
0.009980072517104406
0.009980072517104406
0.009980072517104406
0.009980072517104406
0.00998007251710435
0.009980072517102735
0.009980072517102687
0.009980072517102687
0.009980072517102659
0.009980072517093229
0.009980072517093229
0.009980072517093229
0.009980072517093229
0.009980072517093229
0.009980072517093229
0.009980072517093229
0.009980072517093229
0.009980072517093229
0.009980072517093229
0.009980072517093229
0.009979893866173492
0.009979542450445215
0.009979542450445215
0.009979542450445215
0.009979542450445215
0.009979542450445168
0.009979542450445168
0.009979542450395364
0.009979542450395314
0.009979542450395314
0.009961359707547131
0.009961359707547131
0.0099613597075369
0.009961359707536626
0.009961359707536626
0.009961359707536626
0.009961359707536626
0.009961359707536626
0.009961359707536626
0.009961359707536626
0.009961359707536626
0.009961359707536626
0.009961359707536626
0.009961359707536626
0.009961359707536626
0.009961359707536626
0.009961359707536626
0.009961359707536626
0.009961359707536626
0.009961359707536626
0.009961359707536626
0.009961359706365937
0.009961359706365937
0.009961359706365889
0.009961359706365889
0.009961359706365889
0.009961359706365889
0.009961359706365889
0.009961359706365889
0.009961359706155531
0.009961359706155531
0.009961359706155531
0.009961359706155531
0.009961359706155531
0.009961359706155531
0.009961359706155531
0.009961359706155531
0.009961359706155531
0.00996135969197913
0.00996135916186027
0.00996135916186027
0.00996135916186027
0.00996135916186027
0.00996135916186027
0.00996135916186027
0.009961359161821082
0.009961359161821082
0.009961359161821082
0.009961359161821082
0.009961359161813753
0.009961359161813753
0.009961359161811411
0.009961359161811411
0.009961359107413598
0.009961359107413598
0.009961359107413598
0.00996135910589423
0.00996135910589423
0.00996135910589423
0.00996135910589423
0.00996135910589423
0.00996135910589413
0.00996135910521435
0.00996135910521435
0.00996135910521435
0.00996135910521435
0.00996135910521435
0.00996135910521435
0.00996135910521322
0.009961359104411927
0.009961359104411927
0.009961359104411927
0.009961359104335741
0.009961359104335741
0.009961359104335125
0.009961359104335125
0.009961359104334867
0.009961359104334867
0.009961359104334867
0.009961359104334867
0.009961359104334867
0.009961359104334867
0.009961359104334867
0.009961359104334867
0.009961359104334867
0.00996063154023975
0.009960631540239745
0.009960631540239745
0.009960631540239745
0.009960631540239745
0.009960631540239745
0.009960631540239745
0.009960631540235788
0.009960631540235788
0.009960631540235788
0.009960631540235788
0.009960631540235788
0.009960631540235788
0.009960631540235788
0.009960631540235788
0.009960631540235788
0.009960631540235788
0.009960631540235788
0.009960631540235788
0.009960631539978677
0.009960631539976924
0.009960631539976924
0.009960631539976924
0.009960631539976924
0.009960574032987097
0.009960574032987097
0.009960574032987097
0.009960574032987097
0.009960574028822937
0.009960574028822937
0.009960574028822937
0.009960574028822937
0.009960569019807483
0.009960569019807483
0.009960569019807483
0.009960569019807483
0.009960569019804615
0.009960569019804615
0.009960569019804615
0.009960569019804615
0.009960569019804615
0.009960569019804615
0.009960569019804615
0.009960569019804615
0.009960569019804615
0.009960569019804615
0.009960569019804615
0.009960569019804615
0.009960569019804615
0.009960569019804615
0.009960569019804615
0.009960569019804615
0.009960569019105706
0.009960569019105706
0.009960569019105706
0.009960569019105706
0.009960569018987547
0.009960569018987547
0.009960569018987547
0.009960569018987547
0.009960569018987547
0.009960569018200508
0.009960569018200508
0.009960569018182281
0.009960569018182281
0.009960569018182281
0.009960569018182281
0.009960569017218741
0.009960569017218741
0.009960019821107913
0.009960019821107913
0.009960019821107913
0.009960019821107913
0.009960019821107913
0.009960019821107913
0.009960019820948898
0.009960019813355255
0.009960019813355255
0.009960019813355255
0.009960019813355255
0.009960019813354704
0.009960019813354704
0.009960019813354704
0.009960019114678012
0.009960019114678012
0.009960019114678012
0.009960019114678012
0.009960019114678012
0.009960019114678012
0.009960019114678012
0.009960019114523417
0.009960019114523417
0.009960014440453049
0.009960014440453049
0.009960014440453049
0.009960014440453049
0.009960014440453049
0.009960014440453049
0.009960014440453049
0.009960014439161575
0.009960014439161575
0.009960014439161575
0.009960014439161575
0.009960014439158851
0.009960014439158851
0.009960014439158851
0.009960014439158851
0.009960014439158851
0.009960014439158851
0.009960014439158851
0.009960014439158829
0.009960014439158829
0.009960014439158829
0.009960014439158582
0.009960014439158582
0.009959983258470879
0.009959983258395519
0.009959983258395519
0.009959983258395519
0.009959983258395519
0.009959983258391869
0.009959983258391703
0.009959983258391703
0.009959983258391703
0.009959983258391703
0.009959983258391703
0.009959983258391703
0.009959983258391703
0.009959983258391703
0.009959983258391703
0.0099599832583917
0.0099599832583917
0.0099599832583917
0.009959972540101997
0.009959972540101997
0.009959972540101997
0.009959904192503782
0.009959904192503782
0.009959904192503782
0.009959904192503782
0.009959904192503782
0.009959904192503782
0.009959904192503607
0.009959904192503607
0.009959835416367559
0.009959835416367559
0.009959835416367559
0.009959835416367559
0.009959835416367559
0.009959835416367559
0.009959835416367559
0.009959835416367559
0.00995983540009381
0.00995983540009381
0.00995983540009381
0.00995983540009381
0.009959835399916489
0.009959835399916489
0.009959835399916489
0.009959835399916489
0.009959835399916489
0.009959835399916489
0.009959835399916489
0.009959835399916489
0.009959835399916489
0.009959835399916489
0.009959835399916489
0.009959835399916489
0.009959835399916489
0.0099591986376811
0.0099591986376811
0.009959198637681006
0.009959198637681006
0.009959198637681006
0.009959198637681006
0.009959198637681006
0.009959198637681006
0.009959198637680989
0.009959198621253992
0.009959198618483484
0.009959198618483484
0.009959198618483484
0.009959198618483484
0.009959198618483484
0.009959198618483484
0.009959198618483484
0.009959198618483484
0.00995919853950557
0.00995919853950557
0.009959198539503989
0.009959198539503989
0.009959198539503989
0.009959198539503989
0.009959198539503989
0.009959198539503989
0.009959198539503989
0.00995919853949468
0.00995919853949468
0.00995919853949468
0.00995919853949468
0.00995919853949468
0.009959198528012823
0.009959198528012823
0.009959198528012823
0.009959198528012823
0.009959012206125167
0.009959012206125167
0.009959012206125167
0.009959012206125167
0.009959012206125167
0.00995901220611387
0.009959012205996027
0.009959012205996027
0.009959012205996027
0.009959012205996027
0.009959012205996026
0.00995901220599602
0.00995901220599602
0.00995901220599602
0.009959012205989366
0.009959012205989366
0.009959012205989366
0.009959012205989366
0.009959012205989366
0.009959012205989366
0.009959012205989366
0.009959012205989366
0.00995901220597315
0.00926788266145446
0.00926788266145446
0.00926788266145446
0.00926788266145446
0.00926788266145446
0.00926788266145446
0.00926788266145446
0.00926788266145446
0.00926788266145446
0.00926788266145446
0.00926788266145446
0.00926788266145446
0.00926788266145446
0.00926788266145446
0.00926788266145446
0.009267882661453864
0.009267882661453862
0.009267882661453862
0.009267882661453862
0.009267882661453862
0.009267882661453862
0.009267882661453862
0.009267882661453218
0.009267882661453218
0.009267882661452974
0.009267882661452974
0.009267882661452974
0.009267882661144592
0.009267882661144592
0.009267882661144592
0.009267882661144592
0.009267882661144592
0.00926788266114459
0.00926788266114459
0.009267882661136097
0.009267882661136097
0.00926788263216276
0.00926788263216276
0.00926788263216276
0.00926788263216276
0.00926788263216276
0.00926788263216253
0.00926788263216253
0.009267882632161148
0.009267882632161148
0.009267882632161148
0.009267882632161148
0.009267882632161148
0.009267882632161148
0.009267882632161148
0.009267882632161148
0.009267882632161148
0.009267882632161148
0.009267882632144288
0.009267882632144288
0.009267882632144288
0.009267882632144288
0.009263204476952726
0.00926320447695272
0.00926320447695272
0.00926320447695272
0.00926320447695272
0.00926320447695272
0.00926320447695272
0.009263204474837465
0.009263204474837465
0.009263204474837465
0.009263204474837465
0.009263204474837465
0.009263204474837465
0.009263204474837465
0.009263204474837465
0.009263204474837465
0.009263204474837465
0.009263204474837465
0.009263204474837465
0.009263204474837465
0.009263204474837465
0.009263204474837465
0.009263204474837465
0.009263204474837465
0.009263204474837465
0.009263121698790448
0.009263121698790441
0.009263121698790441
0.009263121698790441
0.009263121698790441
0.009263121698790441
0.009263121698790441
0.009263121698790441
0.009263121129479614
0.009263121129479614
0.009263121129479614
0.009263121129479614
0.009263121129479614
0.009263121128791988
0.009263121128791988
0.009263121128791988
0.009263121128195457
0.009263121128195412
0.009263121128195412
0.009263121128194354
0.009263121128194354
0.009263121128194354
0.009263121128194354
0.00926312112819435
0.00926312112819435
0.00926312112819435
0.00926312112819435
0.00926312112819435
0.00926312112819435
0.00926312112819435
0.009263121128194341
0.009263117903807695
0.009263117903807695
0.00926311790380769
0.00926311790380769
0.009263117903807079
0.009263117903807079
0.009263117903807079
0.009263117903807079
0.009263117903807079
0.009263117903807079
0.0092631178964721
0.0092631178964721
0.0092631178964721
0.0092631178964721
0.0092631178964721
0.0092631178964721
0.0092631178964721
0.0092631178964721
0.0092631178964721
0.0092631178964721
0.0092631178964721
0.009263117896471938
0.009263117896471927
0.009263117896471927
0.009263117896471927
0.009263117895114688
0.00926311789511444
0.009263117895114286
0.009263117895114286
0.009263117895114286
0.009263117895114286
0.009263117895114286
0.009263117895114286
0.009263117895114286
0.009263117895093998
0.009263116038103392
0.009263116038103392
0.009263116038103392
0.009263116038103392
0.009263116038102821
0.009263116038102821
0.009263116038102821
0.009263116038102821
0.009263116038102821
0.009263116038102821
0.009263116038102821
0.00926311603808498
0.009263116038084973
0.009263116038084973
0.009263116038084973
0.009263116038084973
0.009263116038084973
0.009263116038084973
0.009263116038084973
0.009263116038084973
0.009263116038084973
0.009263116038081939
0.009263116038081939
0.009263116038081939
0.009263116038076972
0.00926297281460793
0.00926297281460793
0.00926297281460793
0.00926297281460793
0.009262972814502727
0.009262972814502727
0.009262972810576035
0.009262972810576035
0.009262972775020516
0.009262972775020516
0.009262972775020516
0.009262972775020516
0.009262972775020516
0.009262972775020516
0.009262972775020516
0.009262972775020516
0.009262972775020516
0.009262972775020516
0.009262972775020516
0.009262972775020502
0.009262972775020502
0.009262972775020502
0.009262972775018653
0.009262972772914768
0.009262972772914768
0.009262972772914496
0.009262972772914496
0.009262972772914496
0.009262972772914496
0.009262972772914496
0.009262972772914494
0.00926297277291446
0.00926297277291446
0.00926297277291446
0.00926297277291446
0.00926297277291446
0.009262972725027591
0.009262972725027591
0.009262972725027591
0.009262972725027591
0.009262972725027591
0.009262849747043118
0.009262849747043118
0.009262849747043118
0.009262849747043118
0.009262849747043118
0.009262849747043118
0.009262849747034346
0.009262849747034346
0.009262849747034035
0.009262849747034027
0.009262849747034027
0.009262849747034027
0.009262849747034027
0.009262849739911894
0.009262849739911693
0.009262849739911693
0.009262849739911693
0.009262849739911693
0.009262849739911693
0.009262849739911693
0.009262849739911693
0.009262849739911693
0.009262849739911693
0.009262849739911693
0.009262849739911693
0.00926284973991167
0.00926284973991167
0.00926284973991167
0.00926284973991167
0.00926284973991167
0.00926284973991167
0.00926284973991167
0.00926284973991167
0.00926284973991167
0.00926284973991167
0.00926284973991167
0.00926284973991167
0.00926284973991167
0.009262849739905692
0.009262849739905692
0.009262849739905692
0.009262849739905692
0.009262849739905692
0.009262849739905692
0.009262849739905692
0.009262849739905692
0.009262849739905692
0.009262849739905692
0.009262849739905692
0.009262849739905692
0.009262849739905692
0.009262849739905692
0.009262849739905692
0.009262849739905692
0.009262849739905692
0.009262849739905685
0.009262849739905685
0.009262849739905685
0.009262849739905685
0.009262849739905685
0.009262849739905684
0.009262849739701644
0.009262849739701644
0.009262849739502215
0.00926284973950221
0.009262849739492044
0.009262849739492044
0.00926284973933852
0.00926284973933852
0.009262849739338476
0.009262849739272494
0.009262849739272494
0.009262849739272494
0.009262849738850921
0.009262849738850921
0.009262849738850921
0.009262849738850921
0.009262849738850921
0.009262849738850921
0.009262849738850921
0.009262849738850921
0.009262849738850921
0.009262849738850921
0.009262849738850921
0.009262849738850921
0.009262849738850824
0.009262849738850824
0.009262849738847974
0.009262849738847974
0.009262849738847974
0.009262849732144115
0.009262849732144115
0.009262849732144115
0.009262849732144115
0.009262849732144115
0.009262849732144113
0.009262849732144113
0.009262849732144113
0.009262849732144113
0.009262849732144113
0.009262849732144113
0.009262849732144113
0.009262849732144113
0.009262849732144113
0.009262849732144113
0.009262849732144113
0.009262849732144113
0.009262849732144113
0.009262849732144113
0.009262849732144113
0.009262849732144113
0.009262849732144113
0.00926284973214386
0.00926284973214386
0.00926284973214386
0.00926284973214386
0.00926284973214386
0.00926284973214386
0.009262849732143853
0.009262849732143853
0.009262849732143853
0.0092628497311684
0.0092628497311684
0.0092628497311684
0.0092628497311684
0.0092628497311684
0.0092628497311684
0.0092628497311684
0.0092628497311684
0.0092628497311684
0.009262849731168398
0.009262849731168398
0.009262849731168398
0.009262849731168398
0.009262849731168398
0.009262849731168398
0.009262849731168398
0.009262849731163538
0.009262849731163538
0.009262849731163538
0.009262849731163538
0.00926284973101743
0.00926284973101743
0.00926284973101743
0.00926284973101743
0.00926284973101743
0.00926284973101743
0.00926284973101743
0.00926284973101743
0.009262849731017223
0.00926284973100527
0.00926284973100527
0.00926284973100527
0.00926284973100527
0.00926284973100527
0.00926284973100527
0.00926284973100527
0.00926284973100527
0.009262849731002939
0.009262849731002939
0.009262849731002939
0.009262849731002939
0.009262849731002939
0.009262849731002939
0.009262849731002939
0.009262849731002939
0.009262849731002939
0.009262849731002937
0.009262849731002937
0.009262849731002937
0.009262849731002937
0.009262849731002937
0.009262849731002937
0.009262849731002937
0.009262849731002937
0.009262849731002937
0.009262849731002937
0.009262849731002937
0.009262849731002937
0.009262525998394432
0.009262525998394432
0.009262525998394432
0.009262525998394432
0.009262525998394432
0.009262525998394432
0.009262525998394432
0.009262525993982307
0.009262525993982307
0.009262525993982307
0.009262525993982307
0.009262525993982307
0.009262525993982307
0.009262525993982307
0.009262525993982307
0.009262525993982307
0.009262525993982307
0.009262525993982307
0.009262525993982307
0.009262525906247359
0.009262525906247359
0.009262525906247359
0.009262525906247359
0.009262525906247359
0.009262525906247359
0.009262525906247359
0.009262525906247359
0.009262525906247359
0.009262525906247359
0.009262525906247359
0.009262525906247359
0.009262525906247359
0.009262525906247359
0.009262525906247359
0.009262525906247359
0.009262525906247359
0.009262525906247359
0.009262525906247359
0.009262525906247359
0.009262525906247359
0.009262525906247359
0.009262525906247359
0.009262525906247359
0.009262525906247359
0.009262525906247359
0.009262525906247359
0.009262525906247359
0.009262525906247359
0.009262525906247359
0.009262525906247359
0.009262525906247359
0.009262525906247359
0.009262525906247359
0.009262525906247359
0.009262525906247359
0.009262525906247359
0.009262525906247359
0.009262525906247359
0.009262525906247359
0.009262525906247359
0.009262525906247359
0.009262525906247359
0.009262525906247359
0.009262525828198784
0.009262525828198784
0.009262525828198784
0.009262525828198784
0.009262525828198784
0.009262525828198784
0.009262525828198784
0.009262525828198784
0.009262525828198784
0.009262525828198784
0.009262525828198784
0.009262525828198784
0.009262525828198784
0.009262525828198647
0.009262525828198647
0.009262525828198259
0.009262525828198259
0.009262525828198259
0.009262525828198259
0.009262525828198259
0.009262525828198259
0.009262525828198259
0.009262525828198259
0.009262525828198259
0.009262525828198259
0.009262525828198259
0.009262525828198259
0.009262525828198259
0.009262525828198259
0.009262525828198259
0.009262525828198259
0.009262525828198259
0.009262525828198259
0.009262525828198259
0.009262525828198259
0.009262523841851503
0.009262523841851503
0.009262523841851503
0.009262523841851503
0.009262523841851503
0.009262523841851503
0.009262523841851503
0.009262523841851503
0.009262523841851503
0.009262523841813492
0.009262523841813492
0.009262523841813492
0.009262523841813492
0.009262523841813492
0.009262523841813492
0.009262523841813492
0.009262523841813492
0.009262523841813492
0.009262523841813492
0.009262523841813492
0.009262523841813492
0.009262523841813492
0.009262523841813492
0.009262523841813492
0.009262523841813492
0.009262523841813456
0.009262523841813456
0.009262523841813456
0.009262523841813456
0.00926252384181345
0.00926252384181345
0.00926252384181345
0.00926252384181345
0.00926252384181345
0.00926252384181345
0.00926252384181345
0.009262523841806035
0.009262523841806035
0.009262523841806028
0.009262523841806028
0.009262523841806028
0.009262523841806028
0.009262523841806028
0.009262523841806028
0.009262523841531211
0.009262523841531211
0.009262523841531211
0.009262523841531211
0.009262523841530973
0.009262523841530973
0.009262523841530973
0.009262523841530973
0.009262523841530973
0.009262523841530973
0.009262523841530973
0.009262523841530973
0.009262523841530973
0.009262523841530973
0.009262523841530973
0.00926252384151018
0.00926252384151018
0.00926252384151018
0.00926252384151018
0.00926252384151018
0.00926252384151018
0.009262523839205757
0.009262523839205753
0.009262523839205753
0.009262523839205753
0.009262523839205753
0.009262523839205753
0.009262523839205753
0.009262523839205753
0.009262523839205753
0.009262523839205753
0.009262523839205753
0.009262523839205753
0.009262523839183611
0.009262523839183611
0.009262523839183611
0.009262523839183611
0.009262523839183611
0.009262523839183611
0.009262523839183611
0.009262523839183611
0.009262523839183611
0.009262523839183611
0.009262523839183611
0.009262523839183611
0.009262523839183611
0.009262523839183611
0.009262523839183611
0.009262523839183611
0.009262523839183611
0.009262523839183611
0.009262523839183611
0.009262523839183611
0.009262523839183611
0.009262523839183611
0.009262523839183611
0.009262523839183611
0.009262523839183611
0.009262523839183611
0.009262523839183611
0.009262523839183611
0.009262523839183348
0.009262523839183348
0.009262523839183348
0.009262523839183348
0.009262523839183348
0.009262523839183348
0.009262523839183348
0.009262523839183348
0.009262523839183348
0.009262523839183348
0.009262523839183348
0.009262523839183348
0.009262523839183348
0.009262523839183348
0.009262523839183346
0.009262523839183346
0.009262523839183346
0.009262523839183346
0.009262523839183346
0.009262523839183346
0.009262523839183346
0.009262523839182624
0.009262523839182624
0.009262523839182624
0.009262523839182624
0.009262523839182624
0.009262523839182624
0.009262523839182624
0.009262523839182624
0.00926252330135407
0.00926252330135407
0.00926252330135407
0.00926252330135407
0.00926252330135407
0.00926252330135407
0.00926252330135407
0.00926252330135407
0.00926252330135407
0.00926252330135407
0.00926252330135407
0.00926252330135407
0.00926252330135407
0.00926252330135407
0.00926252330135407
0.00926252330135407
0.00926252330135407
0.00926252330135407
0.00926252330135407
0.00926252330135407
0.00926252330135407
0.00926252330135407
0.00926252330135407
0.00926252330135407
0.00926252330135407
0.00926252330135407
0.00926252330135407
0.00926252330135407
0.00926252330135407
0.00926252330135407
0.00926252330135407
0.00926252330135407
0.00926252330135407
0.00926252330135407
0.00926252330135407
0.00926252330135407
0.00926252330135407
0.00926252330135407
0.00926252330135407
0.00926252330135407
0.00926252330135407
0.00926252330135407
0.00926252330135407
0.00926252330135407
0.00926252330135407
0.00926252330135407
0.00926252330135407
0.009262522517736259
0.009262522517736259
0.009262522517736259
0.009262522517736259
0.009262522517736259
0.009262522517736259
0.009262522517736259
0.009262522517736259
0.009262522517736259
0.009262522517736259
0.009262522517736259
0.009262522517736259
0.009262522517736259
0.009262522517736259
0.009262522517736259
0.009262522517736259
0.009262522517736259
0.009262522517736259
0.009262522517736259
0.009262522516387602
0.009262522516387602
0.009262522516387602
0.009262522516387602
0.009262522516387602
0.009262522516387602
0.009262522516386365
0.009262522516386365
0.009262522516386365
0.009262522516386365
0.009262522516386365
0.009262522516386365
0.009262522516386365
0.009262522516386365
0.009262522516386365
0.009262522516386365
0.009262522516386365
0.009262522516386365
0.009262522516386365
0.009262522516386365
0.009262522516386365
0.009262522516386365
0.009262522516386365
0.009262522516386365
0.009262522516386365
0.009262522516386365
0.009262522516386365
0.009262522516386365
0.009262522516386365
0.009262522516386365
0.009262522516386365
0.009262522516386365
0.009262522516386365
0.009262522516386365
0.009262522516386365
0.009262522516386365
0.009262522516386365
0.009262522516386365
0.009262522516386365
0.009262522516386365
0.009262522516386365
0.009262522516386365
0.009262522516386365
0.009262522516386365
0.009262522516386365
0.009262522516386365
0.009262522516386365
0.009262522516386365
0.009262522516386365
0.009262522516386365
0.009262522516386365
0.009262522516386365
0.009262522516386365
0.009262522516386365
0.009262522516386365
0.009262522516386365
0.009262522516386365
0.009262522516386365
0.009262522516386365
0.009262522516386365
0.009262522516386365
0.009262522516386365
0.009262522516386365
0.009262522516386365
0.009262522516386365
0.009262522516386365
0.009262522516386365
0.009262522516386365
0.009262522516386365
0.009262522516386365
0.009262522516386365
0.009262522516386365
0.009262522516386365
0.009262522516386365
0.009262522516386365
0.009262522516386365
0.009262522516386365
0.009262522516386365
0.009262522516386365
0.009262522516386365
0.009262522516386365
0.009262522516386365
0.009262522516386365
0.009262522516386365
0.009262522516382017
0.009262522516382017
0.009262522516382017
0.009262522516382017
0.009262522516382017
0.009262522516382017
0.009262522516382017
0.009262522516382017
0.009262522516382017
0.009262522516382017
0.009262522516382017
0.009262522516382017
0.009262522516382017
0.009262522516382017
0.009262522516382017
0.009262522516382017
0.009262522516382017
0.009262522516382017
0.009262522516382017
0.009262522516382017
0.009262522516382017
0.009262522516382017
0.009262522516382017
0.009262522516382017
0.009262522516382017
0.009262522516382017
0.009262522516382017
0.009262522516382017
0.009262522516382017
0.009262522516382017
0.009262522516382017
0.009262522516382017
0.009262522516382017
0.009262522516382017
0.009262522516382017
0.009262522516382017
0.009262522516382017
0.009262522516382017
0.009262522516382017
0.009262522516382017
0.009262522516382017
0.009262522516382017
0.009262522516382017
0.009262522516382017
0.009262522516382017
0.009262522516382017
0.009262522516382017
0.009262522516382017
0.009262522516382017
0.009262522516382017
0.009262522516382017
0.009262522516382017
0.009262522516382017
0.009262522516382017
0.009262522516382017
0.009262522516382017
0.009262522516382017
0.009262522516382017
0.009262522516382017
0.009262522516382017
0.009262522516382017
0.009262522516382017
0.009262522516382017
0.009262522516382017
0.009262522516382017
0.009262522516382017
0.009262522516382017
0.009262522516382017
0.009262522516382017
0.009262522516382017
0.009262522516382017
0.009262522516382017
0.009262522516382017
0.009262522516382017
0.009262522516382017
0.009262522516382017
0.009262522516382016
0.009262522516382016
0.009262522516382016
0.009262522516382016
0.009262522516382016
0.009262522516382016
0.009262522516382016
0.009262522516382016
0.009262522516382016
0.009262522516382016
0.009262522516382016
0.009262522516382016
0.009262522516382016
0.009262522516382016
0.009262522516382016
0.009262522516382016
0.009262522516382016
0.009262522516382016
0.009262522516382016
0.009262522516382016
0.009262522516382016
0.009262522516382016
0.009262522516382016
0.009262522516382016
0.009262522516382016
0.009262522516382016
0.009262522516382016
0.009262522516382016
0.009262522516382016
0.009262522516382016
0.009262522516382016
0.009262522516382016
0.009262522516382016
0.009262522516382016
0.009262522516382016
0.009262522516382016
0.009262522516382016
0.009262522516382016
0.009262522516382016
0.009262522516382016
0.009262522516382016
0.009262522516382016
0.009262522516382016
0.009262522516382016
0.009262522516382016
0.009262522516382016
0.009262522516382016
0.009262522516382016
0.009262522516382016
0.009262522516382016
0.009262522516382016
0.009262522516382016
0.009262522516382016
0.009262522516382016
0.009262522516382016
0.009262522516382016
0.009262522516382016
0.009262522516382016
0.009262522516382016
0.009262522516382016
0.009262522516382016
0.009262522516382016
0.009262522516382016
0.009262522516382016
0.009262522516382016
0.009262522516382016
0.009262522516382016
0.009262522516382016
0.009262522516382016
0.009262522516382016
0.009262522516382016
0.009262522516382016
0.009262522516382016
0.009262522516382016
0.009262522516382016
0.009262522516382016
0.009262522516382016
0.009262522516382016
0.009262522516382016
0.009262522516382016
0.009262522516382016
0.009262522516382016
0.009262522516382016
0.009262522516382016
0.009262522516382016
0.009262522516382016
0.009262522516382016
0.009262522516382016
0.009262522516382016
0.009262522516382016
0.009262522516382016
0.009262522516382016
0.009262522516382016
0.009262522516382016
0.009262522516382016
0.009262522516382016
0.009262522516382016
0.009262522516382016
0.009262522516382016
0.009262522516382016
0.009262522516382016
0.009262522516382016
0.009262522516382016
0.009262522516382016
0.009262522516382016
0.009262522516382016
0.009262522516382016
0.009262522516382016
0.009262522516382016
0.009262522516382016
0.009262522516382016
0.009262522516382016
0.009262522516382016
0.009262522516382016
0.009262522516382016
0.009262522516382016
0.009262522516382016
0.009262522516382016
0.009262522516382016
0.009262522516382016
0.009262522516382016
0.009262522516382016
0.009262522516382016
0.009262522516382016
0.009262522516382016
0.009262522516382016
0.009262522516382016
0.009262522516382016
0.009262522516382016
0.009262522516382016
0.009262522516382016
0.009262522516382016
0.009262522516382016
0.009262522516382016
0.009262522516382016
0.009262522516382016
0.009262522516382016
0.009262522516382016
0.009262522516382016
0.009262522516382016
0.009262522516382016
0.009262522516382016
0.009262522516382016
0.009262522516382016
0.009262522516382016
0.009262522516382016
0.009262522516382016
0.009262522516382016
0.009262522516382016
0.009262522516382016
0.009262522516382016
0.009262522516382016
0.009262522516382016
0.009262522516382016
0.009262522516382016
0.009262522516382016
0.009262522516382016
0.009262522516382016
0.009262522516382016
0.009262522516382016
0.009262522516382016
0.009262522516382016
0.009262522516382016
0.009262522516382016
0.009262522516382016
0.009262522516382016
0.009262522516382016
0.009262522516382016
0.009262522516382016
0.009262522516382016
0.009262522516382016
0.009262522516382016
0.009262522516382016
0.009262522516382016
0.009262522516382016
0.009262522516382016
0.009262522516382016
0.009262522516382016
0.009262522516382016
0.009262522516382016
0.009262522516382016
0.009262522516382016
0.009262522516382016
0.009262522516382016
0.009262522516382016
0.009262522516382016
0.009262522516382016
0.009262522516382016
0.009262522516382016
0.009262522516382016
0.009262522516382016
0.009262522516382016
