23042.735236173517
23042.735236173517
23022.90198947075
23022.90198947075
23022.90198947075
23022.90198947075
23020.405670620003
23003.770401470356
23003.77040147034
23003.77040147034
23003.77040147034
23003.77040147034
23003.77040147034
23003.770179389456
22776.66378403547
22776.66378403547
22776.66378403547
22776.66378403547
22776.66378403547
22776.66378403547
22776.66378403547
22776.66378403547
22776.663784035438
22286.382698367823
22286.382698367823
22286.382698367823
21945.356021131618
21945.04786247063
21945.04786247063
21945.04786247063
21945.04786247063
21945.04786247063
21945.04786247063
21945.047860785486
19009.952159679386
19009.952159679386
19009.952159679386
19009.952159679204
19009.952159679204
19009.946842535293
19009.94680039261
19009.94680039261
19009.94680039261
19009.925884506887
19009.925884506887
19009.925884011052
19009.925884011052
19009.925884011052
19009.925884011052
19009.925884010994
15180.833729628212
12915.800483301591
12022.029297510398
12022.029297510398
12022.029297510398
12022.029297510391
12022.029297510391
12022.029297510391
12022.029297510391
12022.029297510391
12022.029297510391
12006.7977956832
12005.208733435658
11072.693090342496
11072.693090342496
11072.693090342496
11072.693090342496
11072.693090342496
11072.693090342496
11072.693090342496
11072.692443588636
11072.692443588636
11072.67185552742
11072.67185552742
11071.90836808581
11070.793732433114
11070.51287203417
11070.51287203284
11070.51287203284
11070.402329090042
11070.402329090042
11070.402329090042
11070.402329090042
11070.39894075476
11070.39894075476
11070.39894075476
11070.39894075476
11070.39894075476
11070.39894075476
11070.39894075476
11070.39894075476
11070.398940746943
11070.398940746943
11070.398940746943
11070.398940746943
9882.048429913137
9882.048429913137
9882.036872446832
9882.03687173061
9882.03687173061
9881.44656520823
8114.748702425593
8114.748702425593
8114.748702425593
8114.573556082994
8114.573556082994
8114.573556082994
8061.720843967818
8061.720843967818
8061.581272963386
8061.581272963386
8061.581272963386
8061.541875652469
8061.541875652469
8061.541875652469
8060.313269033296
8060.313269033296
8060.313269033296
8060.313269033296
8060.313269033296
8060.313269033296
8060.313269033296
8060.313269033296
8060.313269033296
8060.313269033296
8060.313269033296
8060.313269033296
8060.313269033296
8060.313269033296
8060.313269033296
8060.313269033296
8060.313269033296
8060.313269033296
8060.313269033296
8060.313269033296
8060.313269033296
8059.860709553633
8059.860709553633
8059.860709553633
8051.607524089607
8050.094444032954
8050.094444031868
8050.094444031868
8050.094444009211
8050.094444009211
8050.094444009211
8049.477010312672
8004.304684470426
8004.304684470426
8004.228590008604
8004.228590008604
7988.529114168619
7988.529114168619
7988.529114168619
7988.529114168619
7988.167181794195
7988.167181794195
7988.167181794195
7988.167181794195
7961.292869619645
7961.292869619645
7961.292869619645
7961.292869619645
7961.292869619645
7961.292869619645
7961.292869619645
7961.292868939897
7961.292868939897
7961.292868939897
7961.292868939897
7961.292868939897
7961.292853443032
7961.292853236686
7961.2928531430225
7961.2928531430225
7955.42799217084
7955.42799217084
7955.426841592321
7955.426841592321
7955.426841592321
7955.426841592321
7955.42684158607
7955.423687364862
6519.003447385059
6519.003447385059
6519.003447385059
6518.999217988439
6518.999217860351
6518.999217860351
6518.999217860351
6518.999217860351
6518.999021632398
6518.999021632398
6518.999021632398
6518.999021632398
6516.959725108041
6516.959725108041
6516.959725108041
6516.959725108041
6516.017203701449
6516.017203701449
6516.017203701423
6516.017203701423
6516.017203701423
6516.017203701423
6516.017203701423
6512.0896304236985
6512.089630423694
6512.089630423694
6512.089630423694
6505.924491175946
6505.924491175946
6505.924491175946
6170.1601922848695
6170.159514333274
6170.15951433121
6170.15951433121
6170.15951433121
6170.159076408973
6170.159076050192
6170.159076050192
6163.739095329801
6163.739095329801
6163.739095329801
6163.739095329801
6163.739095329801
6163.5987347549635
6163.598734557633
6163.598734557632
6163.598734557632
5961.600104634274
5961.600104634274
5961.600104634274
5961.600068167935
5961.599424874594
5961.599424874578
5961.599424874578
5961.599381830459
5959.018837474901
5959.018837474901
5959.018837474901
5959.018837474901
5959.018837474901
5959.018837474901
5959.018837474901
5959.018837474901
5959.018837474901
5959.018837474901
5959.018837474901
5958.74124918525
5958.74124918525
5958.74124918525
5958.6146287723695
5958.6146287723695
5958.6146287723695
5958.6146287723695
5958.6146287723695
5958.614148616547
784.5387405029396
692.8306462312688
692.8306462312688
692.8306462312688
692.8306462312688
692.8306462312688
692.8306462312688
692.8306462312688
692.8306462312688
692.8269296466738
692.8269296466738
692.8269296466738
692.8269296466738
692.7092321359429
692.7092321359429
692.7092321359429
692.7092321359429
692.7077130297868
692.706762808591
692.706762808591
692.706762808591
692.706762808591
692.706762808591
692.706762808591
654.0295081207091
653.4835360753334
653.4835360753334
653.4835360753334
653.4835360753334
653.4835360753334
653.4835360753334
653.4835360753334
653.4835360753334
653.4835360753334
653.4835360753334
653.4835360640569
653.4835360640569
653.4835360640569
653.4835360640569
653.4835360640569
653.2704548676141
653.2704548676141
653.0298474717929
653.0298474717929
653.0298471276453
653.0298471276453
653.0298471276453
653.0298471088493
653.0298471027793
650.606615059643
650.606615059643
650.606615059643
650.6033918050401
650.60339180504
611.3876003578296
611.3831819722027
608.9555793261873
608.9555793261873
602.6631336697428
602.6631336697428
602.6631336697428
602.6631336697428
602.0459484989383
602.0459484989383
602.0459484989383
602.0459484989383
596.7893891120084
596.7893891120084
596.7893891120084
596.7875945842832
596.7875945842832
596.5551052860706
596.5551052860706
596.5550386413803
596.5550386413803
596.5550386413803
596.5550386413803
596.5550386413803
596.5462757256495
596.5462757256495
596.5462757256495
596.5462757256495
596.5462757256495
596.5462757256495
596.5462757256495
596.5462757256495
575.8785064570383
575.8785064570383
575.878506439141
575.8785053030207
575.8785053030207
575.8785053030207
575.8785053030207
575.8785053030207
575.8785053030207
575.8785053030207
575.426049674563
575.426049674563
575.426049674563
575.426049674563
575.426049674563
575.4260496724492
575.4260496724492
575.4260496724492
575.4260496724492
575.4260496294871
575.2240861016159
575.2240861016159
575.2240861016159
574.7612985902824
574.7612985902824
574.7612985407488
574.7612985407488
574.7612985407488
574.7612985407488
574.761298519977
574.761298519977
574.761298519977
574.7562056669507
574.7562056669507
574.7562056669507
574.7536293378271
574.7536293378271
574.7536293378271
574.7535291143829
574.7530040719336
574.6394888132376
574.6394888132376
574.6394888132376
574.6394888132376
574.6394888132376
574.6394888132376
574.6394888132376
574.6394888132373
574.6328283143872
574.6328283143872
574.6328283143872
574.6328194326359
574.6328194326359
574.6328194326359
574.6328194326221
574.6328194326221
574.615792956224
574.615792956224
574.6157914737388
574.6157914737388
565.5244023844957
565.3483604895472
565.3483604895472
565.3483604895472
565.3483604895472
474.20864148408896
474.20864148408896
474.20864148408896
472.393803222002
457.4043956433504
457.40439564334946
457.40439564334946
457.40439564334946
457.40439564334946
457.40439564334946
457.40439564334946
345.1675483015825
345.1675483015825
345.1581236245185
345.1581236245185
344.72998228318113
344.72998228318113
344.72998228318113
344.72998228318113
344.72998228318113
344.72998228318113
344.72998228318113
344.72998228318113
344.72974918347154
343.08023609410924
343.08023609410924
341.6590173273355
341.6590173229884
341.6590173229884
341.6590172046253
341.6590172046247
341.65901718362966
341.65901718362966
341.65901718362966
341.65901718362966
341.65901718362966
341.65901718362966
341.65899491951177
341.65899491951177
341.6534792615825
341.6534792615825
321.066752208632
321.066752208632
321.066752208632
321.066752208632
321.066752208632
321.066752208632
321.066752208632
304.38346041611135
304.38346041611135
304.3833922494363
304.23275644520294
304.23275644520294
304.23275644520294
304.2197538382293
304.21974579687793
304.21974579687793
304.21974579687793
304.21974579687793
304.11752793128653
304.11750885277263
304.11750723286997
304.11750723286974
304.1175071939161
304.1175071939161
304.1175071939161
304.1175071939161
304.1175071939161
304.1175071939161
303.6220521713378
303.6220521713378
303.6220521713378
303.6220521713378
303.6220521713378
303.62205214955367
303.62205214955367
303.62205213946817
303.62176325935854
303.62176325935854
303.62176325935854
303.62176325935854
115.43031281577457
115.42218216460294
115.42218216460294
115.42218216460294
115.42218216460294
115.42218216460294
115.42218216460294
115.42218216460294
115.41618836303668
115.3953216293926
115.3953216293926
115.05376455532468
115.05376455532468
115.05376455532468
115.05376455532468
115.05376455532468
115.05376455532468
115.0537642631632
115.0537642631632
115.0537642631632
115.0537642631632
114.33545766131476
114.33545766131476
114.33545766131476
112.47674544340535
112.47674544340535
112.47674544340535
112.47674544340535
112.47674544340535
112.47674544340535
112.47665774533156
112.44493776561241
112.44493776561241
112.44493776561241
112.44492971826071
112.4449293470693
112.42986345860619
112.42986345860619
112.42986345860619
112.42986345860619
112.42977308808032
112.42977308808032
112.42977308803047
112.42977308803047
112.41152002405312
112.41152002405312
112.41152002405312
112.41152002405312
112.41152002405312
112.41152002331957
112.41152002331957
112.41152002331957
112.41152002331957
112.41152001974982
112.41152001974982
112.41152001974982
112.41152001974982
112.41152001974982
112.41152001974982
112.41152001974982
112.41152001974982
112.41152001974982
112.41152001974982
112.41152001974982
112.41152001974982
112.41152001974982
112.41152001974982
112.41152001974982
112.41152001974973
112.41152001974973
112.41152001974973
112.41152001974973
112.41152001974973
112.41152001974973
112.41152001974973
112.41152001974973
112.41152001974973
112.41152001974352
111.8730478958981
111.8730478958981
111.8730478958981
111.87304729976934
111.87304729976934
111.87304729976934
111.87304729976934
111.87304729976934
111.87304729976934
110.39396638120186
110.39396638120186
110.33987189865441
110.33987189865441
110.14022945795554
110.14022926394364
110.14022926394364
110.14022926394364
85.14507876457667
85.14507876457667
85.14507876457667
85.14489896087797
85.14489822445123
85.14489822445123
85.14489822445123
85.14489822445123
85.14489822445123
85.14489822445123
85.06206694945207
85.06206694945202
85.06206694945202
85.06206694945202
84.51111675995178
84.51111675995178
84.48389227514397
84.48389227514397
84.48389227514397
84.48389227514397
84.48389227514397
84.48389227514397
84.48389227514397
84.48386888705464
84.48386888705464
83.59794850218873
83.59794850218873
83.59794850218873
83.59794844845855
83.59794844845855
83.59794844845855
83.59794844845855
83.59794844845855
83.59794844845855
83.59794844845855
83.59495997281694
83.58864366390982
83.58864366390982
83.58864366390982
81.67303252858325
81.67303252858325
81.67303252858325
81.673025880395
81.44174287587315
81.44174287587315
81.44174287587315
81.44174287587315
81.44174287587315
81.44174287587315
81.4417428758731
81.4417428758731
81.4417428758731
81.4417428758731
81.4417428758731
81.4417428758731
81.43469417651335
77.79242233481395
77.70537437002673
77.70537436970548
77.70537436970548
77.70537436970548
77.70537436970548
77.70537436970548
77.70527997899057
77.70527997899057
77.70527997899057
77.70527997899049
77.70527461377233
77.70527461377071
49.98928532315561
49.98928532315561
49.98928532315561
49.98928532315561
49.98927630309798
49.98927630309798
49.98927630309798
49.98927630309798
49.955305907048626
49.95530579966635
49.95481340924802
49.95481340924802
49.95481340924802
49.95481340924802
49.95481340915735
49.95481340915735
49.95481340915735
49.936970720433735
49.936970720433735
49.809127792835476
49.809127792835476
49.809127792835476
49.809127792835476
49.8091277819747
49.8091277819747
49.8091277819747
49.8091277819747
49.808471871695204
49.65261257499968
49.65261257499968
49.65261257499968
49.65261257499968
49.52692600975675
49.52692600975675
49.52692585229326
49.52692578507214
49.5269257850686
49.52692578216145
49.31042875428588
49.31042875428588
49.31042875428588
49.31042875428588
49.31042875428588
49.31042875428588
49.31042828830106
49.31042828830106
49.31042828830106
49.31042828830106
49.31042828830106
49.31042828830106
49.30622646915061
49.305556482813884
49.305556482813884
49.305556482813884
49.305556482813884
49.305556482813884
49.305556482813884
49.305556482813884
49.305556482813884
49.305556482813884
49.30555647954284
49.30555647954284
49.30555647954284
49.30555647954284
49.30555647954284
49.30555647954284
49.30555647954284
49.30555647954284
48.39978683978452
48.39978683978452
48.39978683978452
45.798266944623904
45.79550503568478
45.79550503568478
45.79550503568478
45.79550503568478
45.792640940029244
45.792640940029244
45.792640940029244
45.792640940029244
45.792640940029244
45.792640940029244
45.792640940029244
45.792640940029244
45.792640940029244
45.792640940029244
45.792640940029244
45.792640940029244
45.792640940029244
45.792640940028825
45.792640939991266
45.792640939991266
45.79264093997812
45.79264093997812
45.79264093997812
45.79264093997812
45.7926409280595
45.7926409280595
45.7926409280595
45.7926409280595
45.7926409280595
45.7926409280595
45.7926409280595
45.79263779181941
45.79230248379387
45.79230153844725
45.79230148498281
45.79230136562943
45.79230136562943
45.791348752811764
45.791345644673086
45.76099276498503
45.7609927649641
45.760991253376076
45.760991091182234
45.760991091182234
45.760991091182234
45.760991091182234
45.760896791416656
45.76089671572704
45.76089671572704
45.76089671572704
45.76089671572704
45.76089671572704
45.76089671572704
45.76089671572704
45.760896715727036
45.760896715727036
45.76089671010596
45.760896701881535
45.52446871064553
45.52446870482611
45.52446870482611
45.52446870482611
45.5243651163584
45.5243651163584
45.5243651163584
45.5243651163584
45.5243651163584
45.5243651163584
45.5243651163584
45.5243651163584
45.5243651163584
45.5243651163584
45.52436511635822
45.52436511635822
45.52436511635822
45.29390857839693
45.29390857839693
45.29390857839693
45.29390769498209
45.29390767979988
45.25121425321326
45.25121425321326
45.25121425321326
45.25121425321326
45.25121425321326
45.25121425321326
45.25121425321326
45.25121425321326
45.251214185160315
45.251214185156684
45.251214185156684
45.251214185156684
45.251214185156684
45.251214185156684
44.98137346529132
44.98137346529132
44.98137346529132
44.98137346529132
44.98137346529132
44.98137346529132
44.98137346529132
44.98137346529132
44.98137346529132
44.98137346529132
44.981373465290886
44.981373465290886
44.98137325090756
44.98137136619977
44.98137136619977
44.98137136619977
44.98137136619963
44.98137136619963
44.98137136619963
44.98137136619963
44.981338752193714
44.981338751718866
44.981338751718866
44.981338751718866
44.981338751718866
44.981338751718866
44.981338751718866
44.981338751718866
44.981338751718866
44.98133875171214
44.98133875171214
44.98133875171214
44.98133875171214
44.98133001297657
44.98133001297657
44.98133001297657
44.98133001297657
44.98133001297657
44.98133001297657
44.98133001297657
44.98133001297657
44.98133001297657
44.91751697524225
44.91751697524225
44.91751688857705
44.91751688857705
44.91751688857705
44.91751688857705
44.91751688857705
44.91751688854279
44.91751688854279
44.91751688854279
44.91751688854279
44.91751688854279
44.91735286564243
44.91735174583805
44.91735174583805
44.91735174583805
44.91735174583805
44.90753640015058
44.90753640015058
44.88914667754326
44.889145160040414
44.889145160040414
44.88362764898272
44.88362764898272
44.88362764898272
44.88362764898272
44.88362764898272
43.624250402842726
43.624250402842726
43.624250402842726
43.62425010783925
43.62425010783925
43.54645952148646
43.54645952148646
43.54645952148646
43.54645952148646
43.54645952148646
43.54645952148646
43.546302043611284
43.546302043611284
43.546302043611284
43.546302033108056
43.54630203310752
43.54630203310752
43.48694347930565
43.48694347930565
43.48694347930565
43.48694347930565
43.486943479019196
43.48676223800553
43.48676223800553
43.48676223800553
43.48676223800553
43.48676223800553
43.48676223800553
43.48676223800553
43.48676223800553
43.48676223746566
43.48676223746566
43.48676223746566
43.48676223746566
43.48676221858508
43.48676221858508
43.48676221858508
43.48676221858508
43.48676221858508
43.48676221858508
43.48676221858508
43.48676221858278
43.48676221858278
43.483779600112655
43.483779600112655
43.483779600112655
43.48377956127945
43.48377942850887
43.48377942850887
43.48377942850887
43.48377942850887
43.48377942850887
43.48377942850887
43.48377942850887
43.48377942850887
43.48377942850887
43.48377942850887
43.48377942850887
43.48377942850887
43.48377942850887
43.48377942850887
43.48377942850887
43.48377882567934
43.48377882567934
43.483735913081304
43.4837359083902
43.4837359083902
43.4837359083902
43.4837359083902
43.4837359083902
43.4837359083902
43.48373589612865
43.48373589612865
43.48373589612865
43.48373589612865
43.48373589612865
43.48373589612865
43.48373589269831
43.48373589269831
43.48373589269831
43.48373589269831
43.483523448411596
43.483523448411596
43.483523448411596
5.293772923893017
5.293772923893017
5.293772923893017
5.29377292389297
5.29377292389297
5.29377292389297
5.29377292389297
5.29377292389297
5.29377292389297
5.2937721866593135
5.2937721866593135
5.293772186635315
5.291781548215119
5.291781548215119
5.291761851240647
5.291761851240647
5.291761851240647
5.291761851240647
5.291761851240647
5.291761851240647
5.291761851240647
5.291761851240646
5.2917618502792685
5.2917618502792685
5.2917618502792685
5.2917618502792685
5.2917618502792685
5.2917060302312535
5.2917060302312535
5.2917060302312535
5.2917060302312535
5.2917060302312535
5.2917060302312535
5.2917060302312535
5.2917060302312535
5.2917060302312535
5.2917060302312535
5.2917060302312535
5.2917060302312535
5.291703547852767
5.291703547852767
5.291703547852767
5.291500631669394
5.291500631669394
5.291500631669394
5.291500631669394
5.291410669504715
5.291410669504715
5.291410348039274
5.290423895914461
5.29042381366878
5.29042381366878
5.29042381366878
5.29042381366878
5.29042381366878
5.29042381366878
5.29042381366878
5.29042381366878
5.2904238136674335
5.28954034517864
5.28954034517864
5.28954034517864
5.289540345140985
5.289540345140985
5.289540345140985
5.289540345140985
5.289540345140985
5.289540345140985
5.289540345140985
5.289540345140985
5.289540316091223
5.289540316091223
5.289540316091223
5.289540316091223
5.289540316091223
5.280870990895835
5.280870990895835
5.280651179993589
5.280651179993589
5.280651179993589
5.280651179993589
5.280651179993589
5.280651179993589
5.280651179993589
5.280651179993589
5.280651179993589
5.280651179993589
5.280651179993589
5.280651179993589
5.280651179993589
5.280651179993589
5.280651179993589
5.280651179993589
5.280651179993589
5.280646875706856
5.280646875706856
5.280646875706856
5.280646875706856
5.280646814938327
5.280646814938327
5.242221564920414
5.242221564920414
5.242221564920414
5.242221564920414
5.242221564920414
5.242221564920414
5.242221564920414
5.242221564920414
5.242221564920414
5.242221564920414
5.242221564920414
5.242221564920414
5.242221564920414
5.242221564920414
5.24222153392085
5.242175793178494
2.8002146097356455
2.8002146097356455
2.8002142290073757
2.8002142290073757
2.8002085380859953
2.793903154814959
2.793903154814959
2.7939031548145383
2.7939031548145383
2.793880435041457
2.793878794674074
2.793878794674074
2.793878794674074
2.7938787945219885
2.7938787945219885
2.7938787945219885
2.7938787945219885
2.7938787945219885
2.7938787944386596
2.7938787944386596
2.7938787944386596
2.7938787944386596
2.7938787944386596
2.7938787944386596
2.7938787944386596
2.7938787944386596
2.7938787944386596
2.7938787944386596
2.793587424252268
2.793587424252268
2.793587424252268
2.793587424252268
2.793587424252268
2.793587424252268
2.793587424252268
2.793587424252268
2.793587424252268
2.7935870577005084
2.793587057232769
2.793570017376792
2.793570017376792
2.793570017376792
2.7935700173655875
2.7935700173655875
2.7935700173655875
2.7935700166059747
2.7935700166059743
2.7935700166059743
2.7935700166059743
2.7935700166059743
2.7935700166059743
2.793570008909667
2.793570008907858
2.7935683672865097
2.7935683672865097
2.7935683672865097
2.7935683672864395
2.7935683672864395
2.649188872181211
2.649188872181211
2.649188872181211
2.649188872181211
2.649188872181211
2.649188872181211
2.649188872181211
2.6491880165290183
2.6491880165290183
2.6491880165290183
2.6491880165290183
2.6491880165290183
2.6491880165290183
2.6491880165290183
2.649187966676947
2.649187966676947
2.649187966676947
2.649187966676947
2.649187966676947
2.649187966676947
2.649187966676947
2.649187966676947
2.6491879565675704
2.6491879565675704
2.6491879565675704
2.6491879565675704
2.64918795656757
2.64918795656757
2.64918795656757
2.64918795656757
2.6491879565675687
2.6491879565675687
2.6491879565675682
2.6491879565675682
2.6491879565675682
2.6491879565675682
2.6491879565675682
2.6491879565675682
2.6491879565675682
2.6491879565675682
2.6491879565675682
2.649001834644926
2.649001834644926
2.649001834644926
2.649001834644926
2.649001834644926
2.649001834644926
2.649001834644926
2.6490018345535105
2.6490018345535105
2.6490018345535105
2.6490018307622223
2.6490018307622223
2.6490018307622223
2.6490018307622223
2.6490018307622223
2.6490018307622223
2.6490018307622223
2.6490018307622223
2.6490018307622223
2.6484811150519136
2.6484811150519136
2.64746230631051
2.64746230631051
2.64746230631051
2.6472864345390628
2.6472681239324607
2.6472681239324607
2.6472681239324607
2.6472681239324607
2.6472673394214175
2.6472673394214175
2.6472673394214175
2.647267339421417
2.647267339421417
2.6472673393981823
2.64726733939292
2.64726733939292
2.64726733939292
2.647267336647958
2.647267336647958
2.647267336647958
2.647267336647958
2.647267336647958
2.647267336647958
2.647267336647958
2.647267336647958
2.647267336647958
2.647267336647958
2.647267336647958
2.647267336647958
2.647267336647958
2.647267336647958
2.647267336647958
2.647267336647958
2.647267336647958
2.647267336647958
2.647267336647958
2.647267336647958
2.6472656093240023
2.6472656093240023
2.6472656093240023
2.6472656093240023
2.6472655652868182
2.6472655652868182
2.628135162880401
2.628135162880401
2.628135162880401
2.628135162880401
2.628135157152608
2.628135157152608
2.628135157152608
2.628135157152608
2.628135157152608
2.628135157152608
2.6281351505334754
2.6281351505334754
2.6281351505334754
2.6281351505334754
2.6280457095426213
2.6280457095426213
2.6280457095426213
2.6280457095426213
2.6280457095426213
2.6280457095426213
2.6280457095426213
2.6280457095426213
2.6280457095426213
2.6280457095426213
2.6280457095426213
2.6280457095426213
2.628045594621477
2.628045594621477
2.628045594621477
2.628045594621477
2.628045594621477
2.62091690122493
2.62091690122493
2.62091690122493
2.620916901060826
2.620916901060826
2.620916901060826
2.620916901060826
2.620916901060826
2.620916901060826
2.620916901060826
2.620916901060826
2.620916901060826
2.620916901060826
2.620916901060826
2.620916901060826
2.620916901060826
2.620916901060826
2.620916901060826
2.620916900785631
2.620916900785631
2.620916900785631
2.620916900785631
2.620916900785631
2.620916900785631
2.620916900785631
2.620916900785631
2.6209169007847626
2.6209169007847626
2.6209169007847626
2.6209169007847626
2.6209169007847626
2.6209169007847626
2.6209169007847626
2.6209169007193394
2.615365905302553
2.6153659053024865
2.6153659053024865
2.6153659053024865
2.6153659053024865
2.6153659053024865
2.6153659053024865
2.6153659053024865
2.6153659053024865
2.6153659053024865
2.6152962566098408
2.6152962566098408
2.6152962566098408
2.6152947141158442
2.6152947141158442
2.615294714115773
2.6152947141044103
2.6152947141044103
2.6152947141044103
2.6152947141044103
2.6152947141044103
2.6152947141044103
2.6152947141044103
2.6152947141044103
2.6152947124165657
2.6152947124165657
2.6152947124165657
2.6152947124165657
2.6152947124165657
2.615196583730111
2.615196583730111
2.615196583730111
2.615196583730111
2.615196583730111
2.615196583730111
2.6151965835056816
2.6151965835056816
2.6151965835056816
2.6151965835056816
2.6151965820973104
2.6151965820973104
2.6151965820973104
2.6151965820973104
2.6151965820973104
2.6151965820973104
2.6151965820973104
2.6151965133678217
2.615155387362696
2.6138726211303758
2.6138726211303758
2.6138726211303758
2.6138726211303758
2.6138726185565746
2.6138726185565746
2.6138726185565746
2.613872511852043
2.613872511852043
2.613872511852043
2.613872511852043
2.613872511852043
2.613872511852043
2.613872511852043
2.613872511852043
2.613872511852043
2.613872511852043
2.613864285173948
2.613864285173948
2.613864285173948
2.613864285173948
2.613864285173948
2.613864285173948
2.613864285173948
2.613864285173948
2.613864285173948
2.4536063444472753
2.4536063444472753
2.4536063444472753
2.4536063444472753
2.4536063444472753
2.4536057886652474
2.4536057886573457
2.453605788653943
2.453605788653943
2.453605788117467
2.453605788117467
2.453605788117467
2.453605788117467
2.453605788117467
2.453605788117467
2.453605788117467
2.453605788117467
2.453605788117467
2.453605788117467
2.453605788117467
2.453605788117467
2.453605788117467
2.453605788117467
2.453605788117467
2.453605788117467
2.4536057880287654
2.4536057880287654
2.4536057880287654
2.4536057875796016
2.4536057875796016
2.4536057874390518
2.4536057874390518
2.4536057874390518
2.4536057874390518
2.4536057874390518
2.421885900929601
2.421885900929601
2.421885900929601
1.898935164152188
1.898935164152188
1.8989351590115473
1.8989351590115473
1.8989351590115473
1.8989351590115473
1.8989351590115473
1.8989351590115473
1.8989351590115473
1.8989351590115473
1.8989351590115473
1.8989351590115473
1.8989351590115473
1.8989351590115473
1.8989351590115473
1.8989351590115473
1.8989351589946404
1.8989351589946404
1.8989351589946404
1.8989351589946404
1.8989351589946404
1.8989351589941998
1.8989351589941998
1.8989351589941998
1.8989351589941998
1.8989351441682554
1.8989351441682554
1.8989351441682554
1.8767787393260589
1.8767787393206525
1.8767787393206525
1.8767787393206525
1.8766078248673133
1.8766078248673133
1.8766078248673133
1.8766078248673133
1.8766078248673133
1.8766078230424021
1.8766078230424021
1.8766078230424021
1.87660738382785
1.876607370995592
1.8766073685878506
1.8766073685878506
1.8766073683422189
1.8766073683422189
1.8766073683422189
1.8766073683422189
1.8766073683422189
1.8766073683422189
1.8766073085013673
1.8766073085013673
1.8766073085013673
1.8766073085013673
1.8766073084658605
1.8766073084658605
1.8766073084658605
1.8766073084658605
1.8766073084658605
1.8766073084658605
1.8766073084571004
1.8766073084571004
1.8766073084571004
1.8766073084571004
1.876607278887638
1.876607278887638
1.876607278887638
1.8764915240559488
1.8764915240559488
1.8764915240559488
1.8764915240559488
1.8764915240559488
1.8764915240559488
1.8764150109000186
1.8760638203059188
1.8760638203059188
1.876061817441829
1.876061817441829
1.876061817441829
1.876061817441829
1.876061817441829
1.876061817441829
1.876061817441829
1.8759393443926282
1.8759393443926282
1.8759393441887668
1.8759393441887668
1.8759393441887668
1.8759393441887668
1.8759393441887668
1.8759393441887668
1.8759369224096625
1.8759369224096625
1.7079106302378395
1.7079106302378395
1.7079106302378395
1.7079106302378388
1.7079106302378388
1.7079106302378388
1.7079106302375595
1.7079106302375595
1.7079106302375595
1.7078982187567753
1.7078982187567753
1.7078982187567753
1.7078982187567753
1.7078982187567753
1.7078982187567753
1.7078982187567753
1.7078981896484438
1.7078981896484438
1.7078981896484438
1.7076400104475307
1.7076400104467366
1.7076400104467366
1.7076400104467366
1.7076400104467366
1.7076400104467366
1.7076400104467366
1.707640010403551
1.707640010403551
1.707640010403551
1.707640008883487
1.707640008883487
1.707640008883487
1.707640008883487
1.707640008883487
1.707640008883487
1.7076400075218807
1.7076400075218807
1.7072195025392893
1.7072195025392893
1.7072195025392893
1.7072195025392884
1.7072195025390362
1.5706540446763684
1.5706540446763684
1.5706540446763684
1.5657369650103579
0.7512144058371555
0.7512144058371555
0.7512144058371555
0.7512144058371555
0.7512144058371555
0.7512144058371555
0.7512144058371555
0.7512144058371555
0.7512144058371277
0.7512144058371277
0.7512144058371277
0.7512144058371277
0.7512144058371277
0.7512144058371277
0.7512144058371277
0.7512144058371277
0.7512144058371277
0.7512144058371277
0.7512144058371277
0.7512144031566332
0.7512144031566332
0.7512144031566332
0.7512144031566332
0.7512144031566332
0.7512144031566332
0.7512144031566332
0.7512144031566332
0.7511817339993152
0.7511817339993152
0.7511817339993152
0.7511817339993152
0.7511817339993152
0.7511817339993152
0.7511817339993152
0.7511817339993152
0.7511817339993152
0.7511817339993152
0.7511817339993152
0.7511817339993152
0.7511817339993152
0.7511817339993152
0.7511817339993152
0.7511817339993152
0.725227977346304
0.7107708430076719
0.7107708430076719
0.7107708430076719
0.7107708430076719
0.7107708430076719
0.7107708430075999
0.7107708430075999
0.7107708430075999
0.7107708430075999
0.7107708430075999
0.7107708430075999
0.7107708430075999
0.7107708430075999
0.7107708430075999
0.7107708430075999
0.7107708430075999
0.7107708430075999
0.7107708430075999
0.7107708430075997
0.7107708430075986
0.7107708430075986
0.7107707498584833
0.7107707498584833
0.7107707498584833
0.7107707498584833
0.7107707498584833
0.7107707498584833
0.7107707498584833
0.7107707494241458
0.7107707494241458
0.7107707494241458
0.7107707494241458
0.7088006828589855
0.7076203073811387
0.7076203073811387
0.7076203073811387
0.6531588194248084
0.6531581527742268
0.6528126238550934
0.6528126238550934
0.6528126238550934
0.6528126238550933
0.6528126238550933
0.6528126238550933
0.6528126238550933
0.6528126238550933
0.6528126238550933
0.6528126238550933
0.6528126238550933
0.6528126233075938
0.6528126233075938
0.6528126114623962
0.6528126114623962
0.6528126114623962
0.6528053878058258
0.6528053878058258
0.6528053878058258
0.6528053878058258
0.6528053878058258
0.6528053878058258
0.6528053525123263
0.6528053524909204
0.6528053524909204
0.6528053524909204
0.6528053524909204
0.6528053524909204
0.6528053524909196
0.6528053524909196
0.6528053524909196
0.6528053524909196
0.6528053524909196
0.6528053524909196
0.6528053524909196
0.6528053436734585
0.6528053436734585
0.65280533237873
0.65280533237873
0.65280533237873
0.65280533237873
0.6527961301415836
0.6527961301415836
0.6527961301415836
0.6527961301415836
0.6527961301415836
0.6527961301415836
0.6527961020149574
0.6527961020149574
0.6527961020149574
0.6527961020149574
0.6527961020149574
0.6527961020149574
0.6527881676721219
0.6527881676721219
0.6527612295948348
0.6527612295948348
0.6527612295948348
0.6527612194676919
0.6527612194676919
0.6527612194676919
0.6527612194676919
0.6527612194676919
0.6527461489627686
0.6526366521995701
0.6526366521995701
0.6526366521995701
0.6526366521995701
0.6526366521995701
0.6526366521995701
0.6526364222817822
0.6526364222817822
0.6526364222817822
0.6526364222817822
0.6526364222817822
0.6526364222817822
0.6526364222817822
0.6526364222817822
0.6526364222817822
0.6526364222817822
0.6526364163061014
0.6526364163061014
0.6526364163061014
0.6526364163061014
0.6526361923523358
0.6526361923523358
0.6526361923523358
0.6526361923523358
0.6526361923523358
0.6526361923523358
0.6526361923523358
0.6526357955839787
0.6526357955839787
0.6526357954682546
0.6526357954682546
0.6526357954682546
0.6526357954682546
0.6526357954682546
0.6526357954682447
0.6526357954682447
0.6526357954682447
0.6526357954682447
0.6526357954682447
0.6526357954682447
0.6526357954682447
0.6526357954682447
0.6526357954682447
0.6045729719079275
0.6045729719079275
0.6045729719079275
0.6045729719079265
0.6045729719079265
0.6045729719079265
0.6045729718337873
0.6045729718249451
0.6045729718249451
0.6045729580643732
0.6045729580643732
0.6045729580643732
0.6045729580643732
0.6045729580643732
0.6045729580643732
0.6045729580643732
0.6045714221784517
0.6040853467705859
0.6040853467705859
0.6040853467705859
0.6040853467705859
0.6040853467705859
0.6040853467705859
0.6040853467703008
0.6040853467702082
0.6040853467702082
0.6040853353133744
0.6040738256097926
0.6040738256097926
0.6040738256097926
0.6040738256097926
0.6040738256086865
0.6040738256086865
0.6040738256086865
0.6040738256086865
0.6040738256086865
0.6040738256086865
0.6040738256086865
0.6040738256086865
0.6040738256086865
0.6040738256086865
0.6040738256086865
0.6040738256086865
0.6040738256086865
0.6040738256086865
0.6040738256083632
0.6040738255887484
0.6040738255887484
0.6040738255887484
0.6040738255887484
0.6040738255887484
0.6040738255887484
0.6040738255887484
0.6040738255887484
0.6040738255887484
0.6040738252308809
0.6040738252308809
0.6040738252308809
0.6040738252308809
0.6040738252308809
0.6040738252308809
0.6040738251203279
0.6040733736305137
0.6040733736305137
0.6040733736305137
0.6040733736305137
0.6040733736305137
0.6040733736305137
0.6040733736305137
0.6040733736304932
0.6040733736304932
0.6040733736300494
0.6040733736300494
0.6040731320162476
0.6040731320162476
0.6040731320162476
0.6040731320162476
0.6040731320162476
0.6040731320162476
0.6040731320162476
0.6040731320162476
0.6040712245729161
0.6040712245729161
0.6040712245729114
0.6040712245729114
0.6040712245729114
0.6040712245729114
0.6040712245729114
0.6040712245729114
0.6040712245729114
0.6040712245729114
0.6040712245729114
0.6040712245729114
0.6040712245729114
0.6040712245729114
0.6040712245729114
0.6040712245729114
0.6040712245729114
0.6040712245729114
0.6040712245729114
0.6040712245729114
0.6040712245729114
0.6040712245729114
0.6040712245729114
0.6040712245729114
0.6040712245729114
0.6040712245729114
0.6040712245729114
0.6040206597743765
0.6040206597743765
0.6040206597743765
0.6040206597743765
0.6040206597743765
0.6040206597743765
0.6040206597743765
0.6040206597743765
0.6040206597743765
0.6040206597743765
0.6040206597743599
0.6040206597743599
0.6040206597743599
0.6040206597743599
0.6040206597743599
0.6040206597743599
0.6040206597743599
0.6040180793493961
0.6040180793493961
0.6040180793493961
0.6040180793493961
0.6040180793493961
0.6040180793493961
0.602457141487413
0.6015040265059288
0.6015040265059288
0.6015040265059288
0.6015040265059288
0.6015040264968896
0.6015040264968896
0.6015040264968896
0.6015040264968896
0.6015040264968896
0.6015040264968896
0.6015040264968896
0.6015040264968894
0.6015040264968894
0.6015040264968894
0.6015040264968894
0.6015040264968894
0.6015040264968894
0.6015040264968894
0.6015040264968894
0.60150402649688
0.60150402649688
0.60150402649688
0.60150402649688
0.60150402649688
0.6015040054948106
0.6015040054948106
0.6015040054948106
0.6015040054948106
0.6015040054948106
0.6015039389581786
0.6011032406959719
0.6011032406959719
0.6011032406959719
0.6011032406959719
0.6011032406959719
0.6011032406959719
0.6011032406959719
0.6011032406959719
0.6011032406959719
0.6011032406959719
0.6011032406959719
0.6010924191326721
0.6010924142030789
0.6010923210337757
0.6010923210337757
0.6010923210337757
0.6010923210337757
0.6010923210337757
0.6010923210337757
0.6010923210337757
0.6010923210337757
0.6010923173073083
0.6010923173073083
0.6010875911671187
0.6010875911671187
0.6010875911671187
0.6010875911671187
0.6010875911671187
0.6010875911671187
0.6010875911671187
0.6010869993648523
0.5987685582587784
0.5987685582587784
0.5987685582587784
0.5987685582587784
0.5984402638516739
0.5984402638516739
0.5984402628472433
0.5984402628472433
0.5984402628472433
0.5984402628472428
0.5984402628472428
0.5984402628472428
0.5984402628472428
0.5984402628472428
0.5984402628472428
0.5984402628472428
0.5984402628472428
0.5984402628472428
0.5976603823196475
0.5976603823196475
0.5976603823196475
0.5976603823196475
0.5976603823196475
0.5976603823196475
0.5976603823196475
0.5976603822324417
0.5976603822324417
0.5976603822324417
0.5976603822324417
0.5976603820150359
0.5976603820150359
0.5976603820150359
0.5976603820150359
0.5976603820150359
0.5976603819344805
0.5976603819344805
0.597659127717519
0.597659127717519
0.597659127717519
0.597659127717519
0.5976591277175172
0.5976591277175172
0.5976591277175172
0.5976591277175172
0.5976591277175172
0.5976591277175044
0.5976591277175044
0.5976591277175044
0.5942336562268085
0.5942336562268083
0.5942336562268083
0.5942336562268083
0.5942336562268083
0.5886268878341846
0.5886268878341846
0.5886268878341846
0.5886267987850708
0.5886267813319891
0.5886267813319891
0.5886267813319891
0.5886267813319891
0.5886267813319891
0.5886267813319891
0.5886267813319891
0.5886267813319891
0.5886267813319891
0.5886267813319891
0.5886267813319891
0.5886267813319891
0.5886267813319891
0.5886267813319891
0.5886267813319891
0.5886267813319891
0.5886267813319891
0.5886267813319891
0.5886267813319891
0.5886267813319891
0.5886267813319891
0.5886267813319891
0.5886267813319891
0.5886267813319891
0.5886267813319891
0.5886267813319891
0.5886267813319799
0.5886267813246874
0.5886267813246874
0.5886267813246874
0.5886267812957869
0.5886267812957869
0.5886014175345333
0.5886014175345333
0.5886014175345333
0.5886014175345333
0.5886014175345333
0.5886014175345333
0.5886014175345333
0.5886014175345333
0.5886014175345333
0.5886014175345333
0.5859874982734815
0.5859874982734815
0.5859874982734815
0.5859874982734815
0.5859874982734815
0.5859874982734815
0.5859874982734815
0.5859874982726639
0.5859874982726639
0.5859874982726639
0.5859874982667354
0.5859874982667354
0.5859874982667354
0.5859874982667354
0.5859874982667354
0.5859874982667354
0.5859874982667354
0.5859874982667354
0.5859874982667354
0.5859874982667354
0.5859874982667354
0.5859874982667354
0.5859874982667354
0.5859874982667354
0.5859874982667354
0.5859874982667354
0.585979432147683
0.585979432147683
0.585979432147683
0.585979432147683
0.585970068922997
0.5859700689228994
0.5859700689228994
0.5859700689228994
0.5859700689228994
0.5859700689228994
0.5859700689228994
0.5859686319036653
0.5859686319036653
0.5859686319036653
0.5859686319036653
0.5859686319036653
0.5859686319036653
0.5859686319036653
0.5859686319036653
0.5859686319036653
0.5859686319017564
0.5859686319017564
0.5859686319017564
0.5859686319017564
0.5859686319017564
0.5859686318178625
0.5859686318178625
0.5859686318178507
0.5859686318178507
0.5859686318174998
0.5859686318174998
0.5859686318171756
0.5859686317996283
0.5859686317994732
0.5859686317994732
0.5859686317994732
0.5859686317994732
0.5859686317994732
0.5859686317994732
0.5859686317994732
0.5859686317994732
0.5859686317994732
0.5859686317994732
0.5859686317994546
0.5859684743853721
0.5859684743853721
0.5859684743853721
0.5859684743853721
0.5859684743853714
0.5859684743853714
0.5859684743853714
0.5859684743853714
0.5859684743853241
0.5751009214094752
0.5751009214094752
0.5751009214094752
0.5751009214094752
0.5751009214094752
0.5751009214094752
0.5751008761595043
0.5751008761595041
0.5751008761595041
0.5751008761595041
0.5751008761595041
0.5751008761165323
0.5751008761165323
0.5751008761165323
0.5751008761165323
0.5751008761165323
0.5751008761165323
0.5751008761165323
0.5751008761165323
0.5751008761165323
0.5751008761165323
0.5751008761165323
0.5751008761165323
0.5751008761165323
0.5751008761165323
0.5751008761165323
0.5751008761165323
0.5751008761165323
0.5751008761165323
0.5751008761165323
0.5751008761165323
0.5751008740621362
0.5750947242963405
0.5750947242963405
0.5750947242963405
0.5750947242963405
0.57509472429634
0.57509472429634
0.57509472429634
0.5750947187820742
0.5750947187820742
0.5750947187820742
0.5750947187820742
0.5750947187820742
0.5750947187820742
0.5750947187820742
0.5750836827293336
0.5749638638853949
0.5749638638853949
0.5749638638853949
0.5749638638853949
0.5749638638853949
0.5749638638853949
0.5749638638853949
0.5749638638853949
0.5749638638853949
0.5749638638853949
0.5749638638853949
0.5749638635044284
0.5749638635041314
0.5749638635041314
0.5749638635040689
0.5749638635040689
0.5749638635040689
0.5749638635040689
0.5749638635040689
0.5749638635040689
0.5749638635040689
0.5749638635040689
0.5749638635040613
0.574963853172891
0.574963853172891
0.5749561461522145
0.5749561461522145
0.5749561461522144
0.5749561461522144
0.5749561461522122
0.5749561461522122
0.5749561461522122
0.5749561461522122
0.5749561461522122
0.5749561461522122
0.5749561461522122
0.5749561461515534
0.5749561461515534
0.5749561461515534
0.5749561461515534
0.5749561461438047
0.5749561461425899
0.5749561461425899
0.5749561461425899
0.5749316953038027
0.5749316953038027
0.5749316953038027
0.5749316953038027
0.5749316953038027
0.5749316953038027
0.5749316953038027
0.5749316953038027
0.5749316953038027
0.5748107313228461
0.5748107313228461
0.5748107313228461
0.5748107313228461
0.5748107313228461
0.5748107313228461
0.5748107313228461
0.574810731322784
0.574810731322784
0.574810731322784
0.574810731322784
0.574810731322784
0.574810731322784
0.574810731322784
0.574810731322784
0.574810731322784
0.574810731322784
0.574810731322784
0.574810731322784
0.574810731322784
0.574810731322784
0.574810731322784
0.5748107263630232
0.5748107215085902
0.5748107215085902
0.5748107215085902
0.5748107215085902
0.5748107215085902
0.5748107215085902
0.5748107215085902
0.5748107215085902
0.5748107210459305
0.5748107210459305
0.5748107210459305
0.5748107210459305
0.5748107210459305
0.5748107210459305
0.5748107210459305
0.5748107210459305
0.5748107210459305
0.5745217541126149
0.5745217541126149
0.5745217541126149
0.5745217535513724
0.5745217535513724
0.5745217535513724
0.5745217535513724
0.5745217535513724
0.5745217535513724
0.5745217535513724
0.5745217535513724
0.5745217535513724
0.5745217535513724
0.5745217535513724
0.5745217535513724
0.5745217535513724
0.5745217527346668
0.5745217527346668
0.5745217527346224
0.5745217527346224
0.5745217527346224
0.5745217527346224
0.5745217527346224
0.5745217527346224
0.5745217527346224
0.5745217527346224
0.5745217527346224
0.5745217527346224
0.5745217527346224
0.5745217527346224
0.5745217527346224
0.5745217527346224
0.5745217526632809
0.5745217526632809
0.5745217526632809
0.5745217526632809
0.5745217526632809
0.5745217526632809
0.5745217526632809
0.5745217526632809
0.5745217526632809
0.5745217526632809
0.5745217526632809
0.5745217526632809
0.5745217526529685
0.5745217526529685
0.5745217526529685
0.5745217526529685
0.5745217526528642
0.5745217526528642
0.5745217526528642
0.5745217526528642
0.5745217526528642
0.5745217526528584
0.5745217526528584
0.5745217526528584
0.5745217526528584
0.5745217526528584
0.5745217526528584
0.5745217526528584
0.5745217526528584
0.5745217526528584
0.5745217526528584
0.5745217526528584
0.5745217526528584
0.5745217526528584
0.5745217526528584
0.5745212350879896
0.5745212350879896
0.5745212350879896
0.5745212350879896
0.5745212350879896
0.5745212346966156
0.5745212346966154
0.5745212346966154
0.5745212346966154
0.5745212335581972
0.5745212335581972
0.5745212335581972
0.5745212335581972
0.5745212335581972
0.5745212335581972
0.5745212335581972
0.5745212335581972
0.5745212335537693
0.5745210679674875
0.5745210679674875
0.574521067966272
0.574521067966272
0.574521067966272
0.574521067966272
0.574521067966272
0.574521067966272
0.574521067966272
0.5745210679658997
0.5745210679658997
0.5745210679658997
0.5745193483266544
0.5745193483266544
0.5745193482833914
0.5745193482833914
0.5745193482833914
0.5745193482833914
0.5745193482833914
0.5745193482833914
0.5745193482833914
0.5745193036543481
0.5745193036192351
0.5745193036192351
0.5745193036192351
0.5745193036192351
0.5745193036192351
0.5745193036192351
0.5745193036192351
0.5745193036192351
0.5745193036192351
0.5745193036187863
0.5745193036187863
0.5745193036187863
0.5745193036187863
0.5745193036187863
0.5745193036187863
0.5745193036187863
0.5745193036187863
0.5745193036187863
0.5745193036187863
0.5745193036187863
0.5745193036187863
0.5745193036187863
0.5745193036187863
0.5745193036187863
0.5715054208785227
0.5715054208785227
0.5715054208785227
0.571505420878325
0.571505420878325
0.5715054208781555
0.5715054208781555
0.5715054208781555
0.5715054208781555
0.5715054208781555
0.5715054208781555
0.5715054208781555
0.5715054208780994
0.5715054208780994
0.5715054208780994
0.5715054208780994
0.5715054208780994
0.5715054208780994
0.5715054208780994
0.5715054208780994
0.5715054208780994
0.5715054208780994
0.5715054208780994
0.5715054208780994
0.5715054208780994
0.5715054208780994
0.5715054208780994
0.5715054208780994
0.5715054208780994
0.5715054208780994
0.5715054208780994
0.5715054208780931
0.5715054208780931
0.5715054208780931
0.5715054208780931
0.5715054208780931
0.5715054208780931
0.5715054208780931
0.5715054206537394
0.5715054150114236
0.5715054150114236
0.5715054150114236
0.5715054149932659
0.5715054149932659
0.5715054149932659
0.5715054149932659
0.5715054149932659
0.5715054149932659
0.5715054149932659
0.5715054149932659
0.5715054149932659
0.5715054149932659
0.5715054149932659
0.5715054149932659
0.5715054149932659
0.5715054149932659
0.5715054149932659
0.5715054149932659
0.5715054149932659
0.5715054149932659
0.5715054149932659
0.5715054149932659
0.5715054149932659
0.5715054149932659
0.5715052060831467
0.5715052060831467
0.5715052060831467
0.5715052060831467
0.5715052060831467
0.5715052060831467
0.5715052060831467
0.5715052060831467
0.5715052060831467
0.5715052060831467
0.5715052060831467
0.5715052060831467
0.5715052060831467
0.5715052060831467
0.5715052060831467
0.5715052060831467
0.5715052060831467
0.5715052060831467
0.5715052060743577
0.5715052060743577
0.5715052060743577
0.5715052060743577
0.5715052060743577
0.5715052060743577
0.5715052060743577
0.5715052060743304
0.5715052060743304
0.5715052060743304
0.5715051993681175
0.5715051993681175
0.5715051993681175
0.5715051993681175
0.5715051993681175
0.5715051993678933
0.5715051988729412
0.5715051988729412
0.5715051988729412
0.5715051988729412
0.5715051988729412
0.5715051988729412
0.5715051988729412
0.5715051988729412
0.571505198872918
0.571505198872918
0.571505198872918
0.5714847451442598
0.5714847451442598
0.5714847451442598
0.5714847451442598
0.5714847451442598
0.5714847451426504
0.57148465161157
0.57148465161157
0.57148465161157
0.5714845897222544
0.5714845897222544
0.5714845897222544
0.5714845897222544
0.5714845897222544
0.5714845897222544
0.5714845897222544
0.5714845897222544
0.5714845897215112
0.5714781159687984
0.5714781159687984
0.5714781159687984
0.5714781159687984
0.5714781159687984
0.5714781159687984
0.5714781159687984
0.5714781060468692
0.5714781060468692
0.5714781060468692
0.5714781060468692
0.5714781060468692
0.5714781060468692
0.5714781060468692
0.5714781058258586
0.5714781058258586
0.5714781058258586
0.5714781058258586
0.5714781058258586
0.5714781058258586
0.5714781046477798
0.5714781046477798
0.5714781046477798
0.5714781046477798
0.5714781046477798
0.5714781046477798
0.5714781046477798
0.5714781046477798
0.5714781046477798
0.5714781046477798
0.5714781046477798
0.5714781046477798
0.5714781046477798
0.5714781046477798
0.5714781046477798
0.5714781046477798
0.5714781046477798
0.5714781046477798
0.5714781046477798
0.5714781046477798
0.5714781046477798
0.5714781039013632
0.5714781039013632
0.5714781039013632
0.5714781039013632
0.5714781018078605
0.5714781018078605
0.5714781018078605
0.5714781018078605
0.5714781018078605
0.5714781018078605
0.5714781018078605
0.5714781018078605
0.5714781018078605
0.5714781018078605
0.5714781018078605
0.5714781018078605
0.5714781018078605
0.5714781018078605
0.5714781018078605
0.5714781018078605
0.5714781018078605
0.5714781018063688
0.5714781018063688
0.5714781018063688
0.5714781018063688
0.5714781018063688
0.5714781018063688
0.5714781018063688
0.5714781018063686
0.5714781018063686
0.5714781018063686
0.5714781018063686
0.5714781018063686
0.5714781018063686
0.5714781018063686
0.5714781018063686
0.5714781018063686
0.5714781018063686
0.5714781018063686
0.5714781017884031
0.5714781017884031
0.5714781017884031
0.5714780888825974
0.5714780888825974
0.5714780888825974
0.5714780888825974
0.5714780888825974
0.5714780888825974
0.5714780888825974
0.5714780888811483
0.5714780888811483
0.5714780888811483
0.5714780888811483
0.5714780888811483
0.5714780888811483
0.5714780888811483
0.5714780888811481
0.5714780888811481
0.5714778040616547
0.5714778040616547
0.5714778040230031
0.5714778040230031
0.5714778040230031
0.5714778040230031
0.5714778040230031
0.5714778040230031
0.5714778040230031
0.5714778040230031
0.5714778040230031
0.5714778040230031
0.5714778040230031
0.5714778040230031
0.5714778040230031
0.5714778040230031
0.5714778040230031
0.5714778040230031
0.5714778040230031
0.5714778040230031
0.5714778040230031
0.5714778040230031
0.5714778040230031
0.5714778022142466
0.5714778022142464
0.5714778022142464
0.5714778022142464
0.5714778022142464
0.5714778022142464
0.5714730575656608
0.5714730575656608
0.5714730575656608
0.5714730575656608
0.5714730575656608
0.5714730575656608
0.5714730575656608
0.5714730575656608
0.5714730575656608
0.5714730575656608
0.5714730575656608
0.5714730575656608
0.5714730575292859
0.5714730575292859
0.5714730575292859
0.5714730575292859
0.5714730575292859
0.5714730575292859
0.5714730575292859
0.5714730575292859
0.5714730575292859
0.5714730575292859
0.5714730575292859
0.5714730575292859
0.5714730575292859
0.5714730575292859
0.5714730575292859
0.5714730575292859
0.5714421761598596
0.5714421761598594
0.5714421761598594
0.5714421761598594
0.5714421761598594
0.5714421761598594
0.5714421761598594
0.5714421761598594
0.5714421761598594
0.5714421761598594
0.5714421761598594
0.5714421761598589
0.5714421761598589
0.5714421761598589
0.5714421761598589
0.5714421761598589
0.5714421761598589
0.5714421761598589
0.5714421761598589
0.5714421761598589
0.5714421761598589
0.5714421761598589
0.5714421761598589
0.5714421761598589
0.5714421761598589
0.5713633771675356
0.5713633771674957
0.5713633771674957
0.5713633771674957
0.5713633771674957
0.5713633771674957
0.5713633771674957
0.5713633771674957
0.5713633771674957
0.5713633771674957
0.5713633771674957
0.5713633771674957
0.5713633771674957
0.5713633771674957
0.5713410698625373
0.5713410698625324
0.5713410698625324
0.5713410698625324
0.5713410654279426
0.5713410654279426
0.5713410654279426
0.5713410654279426
0.5713410654279426
0.5713410654279426
0.5713410654279365
0.5713410654279365
0.5713410654279365
0.5713410654279365
0.5713410654279365
0.5713410654279364
0.5701663327042975
0.5701663327042975
0.5701663327042975
0.5701663327042975
0.5701663327042975
0.5701663327042975
0.5701663327042975
0.5701662891373396
0.5701662891373396
0.5701662891373396
0.5701662891373396
0.5701662891373396
0.5701662891373396
0.5701662891373396
0.5701662891373396
0.5701662891373396
0.5701662891373387
0.5701662891246826
0.5701662891246826
0.5701662891246826
0.5701662891246826
0.5701662891246826
0.5701662891246826
0.5701662891246826
0.5701662891246826
0.5701662891246826
0.5701662891246826
0.5701662891246826
0.5701662891246826
0.5701662891246826
0.5701662891246826
0.5701662891246826
0.5701662891246826
0.5701662891246826
0.5701662891246826
0.5701662891246826
0.5701662891246826
0.5701662891246826
0.5701662891246826
0.5701662891246826
0.5701662891246826
0.5701662891246826
0.5701662891246826
0.5701662891246826
0.5701662891246826
0.5701662891246826
0.5701662891246826
0.5701662891246826
0.5701662891246826
0.5701662891246826
0.5701662891246826
0.5701662891246826
0.5701661190839071
0.5701661190781636
0.5701661190780564
0.5701661190780564
0.5701661190780564
0.5701661190780564
0.5701661190780564
0.5701661190580615
0.5701661190580615
0.5701661190580615
0.5701661190580615
0.5701068839200892
0.5701068839200892
0.5701068839200892
0.5701068839200892
0.5701068839200683
0.5701068839200683
0.5701068839200683
0.5701068839200683
0.5701068839200683
0.5701068839200683
0.5701068839200683
0.5701068839200683
0.5701068839200683
0.5701068837727054
0.5701068837727054
0.5701068837727052
0.5701068837727052
0.5701068837509639
0.5701068837509639
0.5701068837509639
0.5701068719917981
0.5701068719917981
0.5700942571088943
0.5700942570342035
0.5700942570342035
0.5700942570342035
0.5700942570342035
0.5700942570342035
0.5700942570342035
0.5700942570342035
0.5700942570328357
0.5700942570328357
0.5700942570328357
0.5700942570328357
0.5700942570328357
0.5700942570328357
0.5700942460609613
0.5700942460609613
0.5700942460609613
0.5700942460609613
0.5700942460609613
0.5700942460609613
0.5700942460609613
0.5700942460609613
0.5700942460609613
0.5700942460609613
0.5700942460609613
0.5700942460609613
0.5700942460609613
0.5700942460609613
0.5700942460609613
0.5700942460609613
0.570094246060961
0.570094246060961
0.570094246060961
0.570094246060961
0.570094246060961
0.570094246060961
0.570094246060961
0.570094246060961
0.570094246060961
0.570094246060961
0.570094246060961
0.5700942460607047
0.5700942460607047
0.5700942460607047
0.5700942460607047
0.5700942460607047
0.5700942460607047
0.5700942460607047
0.5700942460607047
0.5700942460607047
0.5700942460607046
0.5700942460607046
0.5700942460607046
0.5700942460607042
0.5700942460607042
0.5700942460607042
0.5700942460607042
0.5700942460607042
0.5700942460603858
0.5700942460603682
0.1827959185173449
0.1827959185173449
0.1827959185173449
0.18276113894441917
0.18276113894441917
0.18276113894441917
0.18276113894441917
0.18276113894441917
0.18276113894441917
0.18276113894441917
0.18276113894441917
0.18276113894441917
0.18276113894441917
0.18276113894441917
0.18276113894441917
0.18276113894441917
0.18276113894441917
0.18276113894441917
0.18276113894441917
0.18276113894441917
0.18276113894441917
0.18276113894399437
0.18276113894399437
0.18276113894399437
0.18276113894399437
0.18276113894399437
0.18276113894399437
0.18276113894399437
0.18276113894399437
0.18276113894399437
0.18276113894399437
0.18276113894399437
0.18276113894399437
0.18174628216291547
0.18174628216291547
0.18174628216291547
0.18174628216291547
0.18174628216291547
0.18174628216291547
0.18174628216291547
0.18174628216291547
0.18174628216291547
0.18174628206831867
0.18174628206831867
0.18174628206831867
0.1817456069246696
0.1817456069246696
0.1817456069246696
0.1817456069246696
0.1817456069246696
0.1817456069246696
0.1817456069246696
0.18174560692404534
0.18174560692404534
0.18174560692404534
0.18174560692404534
0.18174560692404534
0.18174560692404534
0.18174560692404534
0.18174560692404534
0.18174560692404534
0.18174560692404534
0.18174560692404534
0.18174560692404534
0.18174560692404534
0.18174560692404534
0.18174560692404534
0.18174560692404534
0.18174560692404534
0.18174560692404534
0.18174560692404534
0.18174560692404534
0.18174560692404534
0.18174560692404534
0.18174560692404534
0.18174560692404534
0.18174560692404423
0.18174560692404423
0.18174560692404423
0.18174560692404423
0.18174560692404423
0.18174560692404423
0.18174560692404423
0.18174290328665063
0.18167517751159437
0.18167517751159437
0.18167517751159437
0.18167517751159437
0.17136548209949276
0.17136548209949276
0.1713087444330737
0.1713087444330737
0.1713087444330737
0.1712103563993526
0.1712103563993526
0.1712103563993526
0.17121035639935253
0.17121035639935253
0.17121035639935253
0.17121035639934895
0.17121035639934895
0.17121013251761874
0.17121013251761874
0.17121013251761874
0.16619019411012267
0.16619019411012267
0.16619019411012267
0.16619019411012267
0.16619019411012267
0.16619018958203285
0.16619018958203283
0.16619018958203283
0.16619018958203283
0.16619018958203283
0.1661901895806851
0.1661901895806851
0.16619018957831194
0.16619018957831194
0.16619018957831194
0.16619018957831194
0.16619018957831194
0.16619018957831194
0.1661901895783118
0.16619018922724435
0.16619018922724435
0.16619018922724435
0.16619018922724435
0.16619018922724435
0.16619018922724435
0.16619018922724435
0.1661894172302466
0.1661894172302466
0.16618941720789282
0.16618941720789282
0.16618941720789282
0.16618941720789282
0.16618941720789282
0.1658242972175172
0.1658242972175172
0.1658242972175172
0.1658242972175172
0.1658242972175172
0.1658242972175172
0.1658242972175172
0.16582429721740094
0.16582429721740094
0.1658242969902609
0.1658242969902609
0.1658242969902609
0.1658242969902609
0.1658242969902609
0.1658242969902609
0.1658242969902609
0.1658242969902609
0.1658242969851597
0.1658242969851597
0.1658242969851597
0.16582429685737027
0.16582429685737027
0.165824295884699
0.165824295884699
0.165824295884699
0.165824295884699
0.165824295884699
0.16582429579171812
0.16582429579171812
0.16582429579171812
0.16582429579171812
0.16582429579171665
0.16582429579171665
0.16582429579171665
0.1658242957916586
0.1658242957916586
0.15982465229836426
0.15982465229836426
0.15982465229836426
0.15982465229836426
0.15982465229836426
0.15982465229836426
0.15982465229836426
0.15982465229836426
0.15982465229836426
0.15982465147355288
0.1598246514734924
0.1598246514734924
0.1598246514734924
0.1598246514734924
0.1598246514734924
0.15982465147349217
0.15982465147349217
0.15982465147349217
0.15982465147349217
0.15982465147349217
0.15982465147349217
0.15982465147349217
0.15982465147349217
0.15982465147349217
0.1598246514711059
0.1598246514711059
0.1598246514711059
0.1598246514711059
0.1598246514711059
0.1598246514711059
0.1598246514711059
0.1598246514711059
0.1598246514711059
0.1598246514711059
0.1598246514711059
0.1598246514711059
0.1598246514711059
0.1598246514711059
0.1598246514711059
0.15982464368950794
0.15982464368950794
0.15982464368950794
0.15982464368950794
0.15982464368363702
0.15982464368363702
0.159803805474334
0.159803805474334
0.159803805474334
0.159803805474334
0.159803805474334
0.159803805474334
0.159803805474334
0.159803805474334
0.15980276348864153
0.15980276348864153
0.15980276348864153
0.15980276348864153
0.15980276348864153
0.15980276348858274
0.15980276348858274
0.15980276348858274
0.15980276348858274
0.15980276348858174
0.15980276348858174
0.15980276348858174
0.15980276348858174
0.15980276348858172
0.15980276348858172
0.15980276348858172
0.15980276348858172
0.15980276348858172
0.15980276348858172
0.15980276348479985
0.15980276348479985
0.15980276348479985
0.15980276316505773
0.15980276316505773
0.15980276316491218
0.15980276316491218
0.15980276316491218
0.15980276316491218
0.15980276316491218
0.15980276316491218
0.15980276316491215
0.15980276316491215
0.15980276316491215
0.15980276316491215
0.15980276316491215
0.15980276316491215
0.15980276316491215
0.1597937281773154
0.15978453012095312
0.15978453012095312
0.15978453012095312
0.15978453012095312
0.15978453012095312
0.15978453012095312
0.15978453012095312
0.15978453012095312
0.1597845293491737
0.1597845293491737
0.1597845293491737
0.1597845293491737
0.1597845293491737
0.1597845293491737
0.1597845293303821
0.1597845293303821
0.1597845293303821
0.1597845293303821
0.1597845293303821
0.1597845293303821
0.1597845293303821
0.1597845293303821
0.1597845293303821
0.1597845293303821
0.15978452933012532
0.15978452933012532
0.15978452933012532
0.15978452933012532
0.15978452933012532
0.15978452933012532
0.15978452933012532
0.15978452933012532
0.15978452933012532
0.15978452933012532
0.15978451574245775
0.15978451574245775
0.1597845157424574
0.1597845157424574
0.1597845157424574
0.1597845157424574
0.1597845157424574
0.1597845157424574
0.1597845157424574
0.1597845157424574
0.15978451573094338
0.15978451573094338
0.15978451573094338
0.15978451573070596
0.15978451573070596
0.15978451573070596
0.15978451573070596
0.15978451573070596
0.15978451573070596
0.15978451573070596
0.1597845141567336
0.1597845141567336
0.1597845141567336
0.1597845141567336
0.1597768512833843
0.1597768512833843
0.1597768512833843
0.15977241921777688
0.15977241921777688
0.15977241921777688
0.15977241921777688
0.15977241921777688
0.15977241921777688
0.15977241921777688
0.15977241921777688
0.15977241921777688
0.15977241921777688
0.15977241921777688
0.15977241921777688
0.1597724192156284
0.15977241921520116
0.15977241921520116
0.15977241921520116
0.15977213554754222
0.15977213554754222
0.15977213552808794
0.15977213552808794
0.15977213552808794
0.15977213552737096
0.15977213552737096
0.15977213552737096
0.15728473536503498
0.15728473536503498
0.15728473536503498
0.15728473536503498
0.15728473536503498
0.15728473536503498
0.15728473536503498
0.15728473536503498
0.15728473536503498
0.15728473536503498
0.15728473536503498
0.15728473536503498
0.1572847353650307
0.1572847353650307
0.15724508846566113
0.15724508846566113
0.15724508846566113
0.15724508846566113
0.15724508846566113
0.15724508846566113
0.15700948923251623
0.15700948923251623
0.15700948923251623
0.15700948923251623
0.15700948923251623
0.15700948923251623
0.15700948923251623
0.15700948923251623
0.15700948923251623
0.15700948923251623
0.15700948923251623
0.15700948923251623
0.15700948923251623
0.15700948923251623
0.15700948923251623
0.15700948923251623
0.15700948923251623
0.15700948923251623
0.15700948923251623
0.15700948923251576
0.15700948923251576
0.15700948923251576
0.15700948923251576
0.15700948923251576
0.1570094884653609
0.1570094884653609
0.1570094884653609
0.1570094884653609
0.15700948846520177
0.15700948846520177
0.15700948846520177
0.15700948846517945
0.15700948846517945
0.15700948846517945
0.15700948846517945
0.15700948846517945
0.15700948846517945
0.15700948846517945
0.15700948846517945
0.15700948846517945
0.15700948846517945
0.15700948846517945
0.15700948846517945
0.15700944829587193
0.1570094482958714
0.1570094482958714
0.1570094482958714
0.1570094482958714
0.1570094482958714
0.15700944632528707
0.15700944632528707
0.15700944632528707
0.15700944632528707
0.15700944632528707
0.15700925885680278
0.15700925885680278
0.15700925885680278
0.12387543091404045
0.12387543091404045
0.12387543091404045
0.12387543091404045
0.12387543091404045
0.12387543091404045
0.12387543091404045
0.12387543091404045
0.12387543091404045
0.12387543091404045
0.12387543091404045
0.12387543091404045
0.12387543091404045
0.12384497929888139
0.12384497929888139
0.12384497929888139
0.12384497929888139
0.12384497929888139
0.12384497929888139
0.12384497929888139
0.12384497929888139
0.12384497929888139
0.12384497929888139
0.12384497929888139
0.12384497929888139
0.12384497929888139
0.12384497929888139
0.12384497929888139
0.12384497929888139
0.12384497929888139
0.12384497929888139
0.12384497929888139
0.12384497929888139
0.12384497929888139
0.12384497929888139
0.12384497929888139
0.12384497929888139
0.12384497929888139
0.12384497929888139
0.12384497929888139
0.12384497929888139
0.12384497929888139
0.12384497929888139
0.12384497929888139
0.12384497574935023
0.12384497574935023
0.12384497574935023
0.12384497574935023
0.12384497574935023
0.12384497574935023
0.12384497574935023
0.12384497574935023
0.12384497574935023
0.12384497574935022
0.12384497574935022
0.12384497574935022
0.12384495634096383
0.12384495634096383
0.12384495634096383
0.12384495634096382
0.12384495634096382
0.12384495634096382
0.12384495634096382
0.12384495634096382
0.12384495634096382
0.12384495634096382
0.12384495634096382
0.12384495634096382
0.12384495634088963
0.12384495634088963
0.12384495634088963
0.12384495634088963
0.12384495634088963
0.12384495634088963
0.12384495623816896
0.12384495623816896
0.12384495623816896
0.12384495623816896
0.1238449562381576
0.1238449562381576
0.1238449562381576
0.1238449562381576
0.1238449562381576
0.1238449562381576
0.1238449562381576
0.1238449562381576
0.12384476660613328
0.12384476660613328
0.12384476660613328
0.12384476660613328
0.12384476660613328
0.12384476660613328
0.12384476660613328
0.12384476660613328
0.12384476660613328
0.12384476660613328
0.12384476660613235
0.12384476660613235
0.12384476660613235
0.12384476660613235
0.12384476660613235
0.12384433768015908
0.12384433768015908
0.12384178937248246
0.12384178937248246
0.12384178937248246
0.12384178937248246
0.12384178937248246
0.12384178937248246
0.12384178937237231
0.12384178937237231
0.12384178937237231
0.12384178937237231
0.12384178937237231
0.12384178937237231
0.12384178937237231
0.12384178937237231
0.12384178914106836
0.12384178914106836
0.12384178914106836
0.12384178914106836
0.12384178914106836
0.12384178914106836
0.12384178914106836
0.12384178914106836
0.12384178914106836
0.12384178911986392
0.12384178911986392
0.12384178911986371
0.12384178911986371
0.12384178911986371
0.12384178910036175
0.12384178910033845
0.12384178910033845
0.12384178910033845
0.12384178910033845
0.12384178910033845
0.12384178910033845
0.12384178909883581
0.1238417890988083
0.12384178909880829
0.12384178909880829
0.12384178909880829
0.12384178909880829
0.12384178909880829
0.12384178909880829
0.12384178909880829
0.12384178909880829
0.12384178909880829
0.12384178909880829
0.12384178079433843
0.12384178079433843
0.12384112721317327
0.12384112721317327
0.12384112721317327
0.12384112721317327
0.12384112721317327
0.12384112721317327
0.12384112721317327
0.12384112721317327
0.12384112721317327
0.12384112721317327
0.12384112716679484
0.12384112716679484
0.12384112716679484
0.12384112716679484
0.12384112716679484
0.12384112716679484
0.12384112716679484
0.12384112716679484
0.12384112716679484
0.12384112716679484
0.12384112716679484
0.12384112716679484
0.12384112716668223
0.12384112716668223
0.12384112716668223
0.12384112716668223
0.12384112716668223
0.12384112716668223
0.12384112716668223
0.12384112277289264
0.12384112233863613
0.12384112233863613
0.12384112233863613
0.12384112233863613
0.12384112233863613
0.12384112233863613
0.12384112233863613
0.12384112233863612
0.12384112051636981
0.12384112051636981
0.1238411205163698
0.1238411205163698
0.1238411205163698
0.1238411205163697
0.1238411205163697
0.1238411205163697
0.1238411205163697
0.1238411205163697
0.1238411205163697
0.1238411205163697
0.12384112051636409
0.12384112051636409
0.12384112051636409
0.12384112051636409
0.12384112051636409
0.12384112051636409
0.12384112051636409
0.12384112051636409
0.12384112051636409
0.12384112051636409
0.12384112051636409
0.12384112051636409
0.1238411011742959
0.12384110050820687
0.12384110050820687
0.12384110050820687
0.12384110050820687
0.12384110050820687
0.12384110050820687
0.12384110050820687
0.12384110050820687
0.12384110050820687
0.12384110050820687
0.12384110050820687
0.12384110050820687
0.12384110050820687
0.12384110050820687
0.12384110050820687
0.12384110050820687
0.12384110050820687
0.12384110050820687
0.12384110050820687
0.12384110050820687
0.12384110050820687
0.12384110050820268
0.12384110050820268
0.12384110050820268
0.12384110050820268
0.12384110050820268
0.12384110050820268
0.12384110050820268
0.12384110050820268
0.12384110050820268
0.12384110050820268
0.12384110050820268
0.12384110050820268
0.12384110050820268
0.12384110050820268
0.12384110050820268
0.12384110050820268
0.12384110050820249
0.12384110049588372
0.12384110049588372
0.12384110049588372
0.12384110049588372
0.12384110049588372
0.12384110049588372
0.12384110049588372
0.12384110049588372
0.12384110049588372
0.12384110049588372
0.12384110049588372
0.12384110049586135
0.1238411004958604
0.1238411004958604
0.1238411004958604
0.1238411004958604
0.1238411004958604
0.12384109762139536
0.12384109762139216
0.1238410976213921
0.1238410976213921
0.1238410976213921
0.1238410976213921
0.1238410976213921
0.1238410976213921
0.1238410968337087
0.1238410968337087
0.1238410968337087
0.12384109683370291
0.12384109683370291
0.12384109683369442
0.12384109683369442
0.12384109683369442
0.1238410968336938
0.1238410968336938
0.1238410968336938
0.1238410968336938
0.1238410968336938
0.1238410968336938
0.1238410968336938
0.1238410968336938
0.1238410968336938
0.1238410968336938
0.1238410968336938
0.1238410968336938
0.12384109683369333
0.12384109683369333
0.12384109683369333
0.00893642698126151
0.00893642698126151
0.00893642698126151
0.00893642698126151
0.00893642698126151
0.00893642698126151
0.00893642698126151
0.00893642698126151
0.00893642698126151
0.00893642698126151
0.00893642698126151
0.008936426981189355
0.008936426981189355
0.008936426981189355
0.008936426981187155
0.008936426981187155
0.008935255252759306
0.008935255252759306
0.008935255252759306
0.008935255252759306
0.008935255252759306
0.008935255252759306
0.008935255252759306
0.008935255252759306
0.008935255252759306
0.008935255252759306
0.008935255252759306
0.008935255252759306
0.008935255252759306
0.008935255252759306
0.008935255252759306
0.008935255252759306
0.008935255252759306
0.008935255252759306
0.008935255252759306
0.008935255252759306
0.008935255252759306
0.008935255252759306
0.008935255252759306
0.008935248189681843
0.008935248189681843
0.008935248189681843
0.008935248189681843
0.008935248188150566
0.008935248188150564
0.008935248188150564
0.008935248188150564
0.008935248188150564
0.008935248188150564
0.008935248188150564
0.008935248188150564
0.008935248188150564
0.008935248188150564
0.00893524817565246
0.008935246102130914
0.008935246102130914
0.008935246102130914
0.008935246102130914
0.008935246102130914
0.008935246102130914
0.008935246102130914
0.008935246102130914
0.008935246102130914
0.008935246102130914
0.008935246102130914
0.008935246102130914
0.008935246102130914
0.008935246102130914
0.008935246102130914
0.008935246102130914
0.00893524610213091
0.00893524610213091
0.00893524610213091
0.00893524610213091
0.00893524610213091
0.00893524610213091
0.00893524610213091
0.00893524610213091
0.00893524610213091
0.00893524610213091
0.00893524610213091
0.00893524610213091
0.00893524610213091
0.00893524610213091
0.00893524610213091
0.00893524610213091
0.00893524610213091
0.00893524610213091
0.00893524610213091
0.00893524610213091
0.00893524610213091
0.00893524610213091
0.00893524610213091
0.00893524610213091
0.00893524610213091
0.00893524610213091
0.00893524610213091
0.00893524610212958
0.00893524610212958
0.008935246092296754
0.008935246092296754
0.008935246092296754
0.008935246092296754
0.008935245913699536
0.008897403588540334
0.008897403588540334
0.008897403588540334
0.008897403588529853
0.008897403588529853
0.008897403588529853
0.008897403219777824
0.008897403219777824
0.008897403219777824
0.008897403219777824
0.008897403219777824
0.008897403219777824
0.008897403219777748
0.008897403219777748
0.008897403219777748
0.008897403219777748
0.008897403219777748
0.008897403219777748
0.00889740321977773
0.00889740321977773
0.00889740321977773
0.00889740321977773
0.00889740321977773
0.00889740321977773
0.00889740321977773
0.00889740321977773
0.00889740321977773
0.00889740321977773
0.00889740321977773
0.00889740321896608
0.00889740321896608
0.00889740321896608
0.008897397552984703
0.008897397552984703
0.008897397552984703
0.008897397552984703
0.008897397552970131
0.008897397552970131
0.008897397552970131
0.008897397552970131
0.008897397552970131
0.008897397552970131
0.008897397552970131
0.008897397552970043
0.008897397552970043
0.008897397552970043
0.008897397552970043
0.008897397550390165
0.008897397550390165
0.008897397550390164
0.00889739755036546
0.008897397550365456
0.008897397550365456
0.008897397550365456
0.008897397550365456
0.008889205161576968
0.008889205160761011
0.008889205160761011
0.008889205160761011
0.008889205160761011
0.008889205160761011
0.008889205160761011
0.008889205160761011
0.008889205160761011
0.008889205160761011
0.008889205160761011
0.00888920516038655
0.00888920516038655
0.00888920516038655
0.00888920516038655
0.008889203866707253
0.0088892038475184
0.0088892038475184
0.0088892038475184
0.0088892038475184
0.0088892038475184
0.0088892038475184
0.0088892038475184
0.0088892038475184
0.0088892038475184
0.0088892038475184
0.0088892038475184
0.0088892038475184
0.0088892038475184
0.0088892038475184
0.008889185806152352
0.008889185806152352
0.008889185806152352
0.008889185806152352
0.008889185806152352
0.008889185806152352
0.008889185806152352
0.008889185806152352
0.008889185806152352
0.008889185806152352
0.008889185806152352
0.008889185806152352
0.008889185806151117
0.008889185805903557
0.00888918580590355
0.00888918580590355
0.00888918580590355
0.008889185805903536
0.008889185805903536
0.008889185805903536
0.008889185805903536
0.004850321638217253
0.004850321638217253
0.004850321638217253
0.004850321638217253
0.004850321638217253
0.004850321638217253
0.004850321638217253
0.004850321638207854
0.004850321638207854
0.004850321638207854
0.004850321633936169
0.004850321633936169
0.004850321633936169
0.004850321633936169
0.004850321633936169
0.004850321633936169
0.004850321616498498
0.004850321616498498
0.004850321616498498
0.004850321616498498
0.004850321616498498
0.004850321616498498
0.004850321616498498
0.004850321616498498
0.004850321616498382
0.004850321616498382
0.004850321616498382
0.004850321616498382
0.004850321616498382
0.004850321616498382
0.004850321616498373
0.004850321616498373
0.004850321616498373
0.004850321616498373
0.004850321616498373
0.004850321616498373
0.004850321616498368
0.004850321616498368
0.004850321616498368
0.004850321616498368
0.004850321616498368
0.004850321616498368
0.004850321353318581
0.004850321353318581
0.004850321353318581
0.004850321353318581
0.004850321352651577
0.004850321349560015
0.004850321349560015
0.004850321349560015
0.004850321349560015
0.004850321349560015
0.004850320948343913
0.004850320948343913
0.004850320948343913
0.004850320946266636
0.004850320946266636
0.004850320946266636
0.004850320946266636
0.004850320946266636
0.004850320946266636
0.004850320946266636
0.004850320946266636
0.004850320946266636
0.004850320946266636
0.004850320946266636
0.004850320946266636
0.004850320946266636
0.004850320946266636
0.004850320946266636
0.004850320946266636
0.004850320946266636
0.004850320946266636
0.004850320946266636
0.004850320946266635
0.004850320946266635
0.004850320946266635
0.004850320946266635
0.004850320946266635
0.004850320946266635
0.004850320946266635
0.004850320946266635
0.004850320946266635
0.004850320946266635
0.004850320946266635
0.004850320946266635
0.004850320946266635
0.004850320946266635
0.004850320946266635
0.004850320946266635
0.004850320946255476
0.004850320946255476
0.004850320946255476
0.004850320946255476
0.004850320946255476
0.004850320946255476
0.004850320946255476
0.004850320946255476
0.004850320946255476
0.004850320946255476
0.004850320946255476
0.004850320946255476
0.004850320946255476
0.004850320946255476
0.004850320946255476
0.004850320864574553
0.00485032086457455
0.00485032086457455
0.00485032086457455
0.00485032086457455
0.00485032086457455
0.00485032086457455
0.00485032086457455
0.004850320813566976
0.004850320813566976
4.1591071436575835E-4
4.1591071436575835E-4
4.1527436840057007E-4
4.1527436840057007E-4
4.1527436840057007E-4
4.1527436840057007E-4
4.1527436840057007E-4
4.15274339995327E-4
4.152742563420435E-4
4.152742563420435E-4
4.152742563420435E-4
4.1527425634199275E-4
4.1527425634199275E-4
4.1527425634199275E-4
4.1527425634199275E-4
4.1527425634199275E-4
4.1527425634199264E-4
4.1527425634199264E-4
4.152742563419837E-4
4.152742563419837E-4
4.152742563419837E-4
4.152742563419837E-4
4.152742563419837E-4
4.152742563419837E-4
4.152742563419837E-4
4.152742563419837E-4
4.152742563419837E-4
4.152742563419837E-4
4.152742563419837E-4
4.152742563419837E-4
4.152742563419837E-4
4.15274256341983E-4
4.15274256341983E-4
4.152742070838426E-4
4.152742070838426E-4
4.152742070838426E-4
4.152742070838426E-4
4.152742070838426E-4
4.152742070838426E-4
4.152742070838426E-4
4.152742070838426E-4
4.152742070838426E-4
4.152742070838426E-4
4.15274207083842E-4
4.15274207083842E-4
4.15274207083842E-4
4.15274207083842E-4
4.15274207083842E-4
4.152742070838045E-4
4.152742070838045E-4
4.152742070838045E-4
4.152742070838045E-4
4.152742070838045E-4
4.152742070838045E-4
4.152742070838045E-4
4.152742070838045E-4
4.152742070838045E-4
4.152742070838045E-4
4.152742070838045E-4
4.152742070838045E-4
4.1527420707196036E-4
4.1527420707196036E-4
4.1527420707196036E-4
4.1527420707196036E-4
4.1527420707196036E-4
4.1527420707196036E-4
4.1527420707196036E-4
4.1527420633315324E-4
4.1527420633315324E-4
4.152742062544921E-4
4.152742062544916E-4
4.152742062544916E-4
4.152742062544916E-4
4.152742062544916E-4
4.152742062544916E-4
4.152742062544916E-4
4.152742062544916E-4
4.152742062544916E-4
4.152742062544916E-4
4.152742062544916E-4
4.152739118514511E-4
4.152739118514511E-4
4.152739118514511E-4
4.152739118514511E-4
4.152739118514511E-4
4.152739118514511E-4
4.152739118514511E-4
4.152739118514511E-4
4.152739118514511E-4
4.152739118514511E-4
4.152739118514511E-4
4.15273876639484E-4
4.152730332137748E-4
4.152730332137748E-4
4.152730332137748E-4
4.152730332137748E-4
4.152730332137748E-4
4.152730319568465E-4
4.152730319568465E-4
4.152730319568465E-4
4.152730319568465E-4
4.152730319568465E-4
4.152730319568465E-4
4.152730319568465E-4
4.152730319568465E-4
4.152730319568465E-4
4.152730319568465E-4
4.152730319568465E-4
4.152730319568465E-4
4.1527287179528836E-4
4.1527287179528836E-4
4.1527287179528836E-4
4.1527029455106873E-4
4.1527029455106873E-4
4.152702945510678E-4
4.152702945510678E-4
4.152702945510678E-4
4.1489424283881255E-4
4.1489424283881255E-4
4.1489424283881255E-4
4.1489424255593916E-4
4.1489410514147627E-4
4.1489410514147627E-4
4.1489410514147627E-4
4.1489410514147627E-4
4.148934124261346E-4
4.148934124261346E-4
4.148934124261346E-4
4.148934124261346E-4
4.148934124261346E-4
4.1305349655013085E-4
4.1305349655013085E-4
4.1305349655013085E-4
4.1305349655013085E-4
4.1305349655013085E-4
4.1305349655013085E-4
4.1305349655013085E-4
4.1305349655013085E-4
4.1305349655013085E-4
4.1305349655013085E-4
4.1305349655013085E-4
4.1305349655013085E-4
4.1305349655013085E-4
4.1305349655013085E-4
4.1305349655013085E-4
4.1305349655013085E-4
4.1305349655013085E-4
4.1305349655013085E-4
4.1305349655013085E-4
4.1305349655013085E-4
4.130534876889369E-4
4.130534876889369E-4
4.130534876889369E-4
4.130534876889369E-4
4.130534876889369E-4
4.130534876889369E-4
4.130534876889369E-4
4.130534876889369E-4
4.130534876889369E-4
4.130534876889369E-4
4.130534876889369E-4
4.130534876889369E-4
4.130534876889369E-4
4.130534876888715E-4
4.130534876888715E-4
4.130534876888715E-4
4.130534876888715E-4
4.130534876888715E-4
4.129761781923849E-4
4.129761781923849E-4
4.129761781923849E-4
4.129761781923849E-4
4.129761781923849E-4
4.129761781923849E-4
4.129761781923849E-4
4.129761781923849E-4
4.129761781923849E-4
4.129761781923849E-4
4.129761781923849E-4
4.129761781923849E-4
4.129761781923849E-4
4.129761781923849E-4
4.129761781923849E-4
4.129761781923849E-4
4.129761781923849E-4
4.129761781923849E-4
4.129761781923849E-4
4.129761781923849E-4
4.129761781923849E-4
4.129761781923849E-4
4.129761781923849E-4
4.129761781923849E-4
4.129761781923838E-4
4.129761781923838E-4
4.129761781923838E-4
4.129761781923838E-4
4.129761781923838E-4
4.129761781923838E-4
4.129761781923838E-4
4.129761781923838E-4
4.129761781923838E-4
4.129761781923838E-4
4.129761781923838E-4
4.129761781923838E-4
4.129761781923838E-4
4.129761781923838E-4
4.129761781923838E-4
4.129761781923838E-4
4.129761781923838E-4
4.1297617819238154E-4
4.1297617819238154E-4
4.1297617819238154E-4
4.1297617819238154E-4
4.1297617819238154E-4
4.1297617819238154E-4
4.1297617819238154E-4
4.1297617819238154E-4
4.1297617819238154E-4
4.1297617819238154E-4
4.1297617728118936E-4
4.1297617728118936E-4
4.1297617728118936E-4
4.1297617728116963E-4
4.1297617728116963E-4
4.1297617728116963E-4
4.1297617728116963E-4
4.1297617728116963E-4
4.1297617728116963E-4
4.1297617728116963E-4
4.1297617728116963E-4
4.1297617728116963E-4
4.1297617728116963E-4
4.1297617728116963E-4
4.1297617728116963E-4
4.1297617728116963E-4
4.1297487414146774E-4
4.1297487414146774E-4
4.1297483965965537E-4
4.1297483965965537E-4
4.1297483965965537E-4
4.1297483965965537E-4
4.1297483938275295E-4
4.1297483938275295E-4
4.1297483938275295E-4
4.1297483936455316E-4
4.1297483936455316E-4
4.1297483936455316E-4
4.1297483936455316E-4
4.1297483936455316E-4
4.1297483936455316E-4
4.1246155676978173E-4
4.1246155676978173E-4
4.1246155676978173E-4
4.124615567659763E-4
4.124615567659763E-4
4.124615567659763E-4
4.124615567659763E-4
4.124615567659763E-4
4.124615567659763E-4
4.124615567659763E-4
4.124615567659763E-4
4.1246154787351997E-4
4.1246154787351997E-4
4.1246154787351997E-4
4.1246154787351997E-4
4.1246154787351997E-4
4.1246154787351997E-4
4.1246154787351997E-4
4.1246154787351997E-4
4.1246154787351997E-4
4.1246154787351997E-4
4.1246154787351997E-4
4.1246154787351997E-4
4.1246154787351997E-4
4.1246154787351997E-4
4.1246154787351997E-4
4.1246154787351997E-4
4.1246154787351997E-4
4.1246154787351997E-4
4.1246154787351997E-4
4.1246154787351997E-4
4.1246154787351997E-4
4.124615478735135E-4
4.124615478735135E-4
4.124615478735135E-4
4.124615478735135E-4
4.124615478735135E-4
4.124615478735135E-4
4.124615478735135E-4
4.124615478735135E-4
4.124615478735135E-4
4.124615478735135E-4
4.124615478735135E-4
4.124615478375317E-4
4.124615478375317E-4
4.124615478375317E-4
4.1246154783753167E-4
4.1246154783753167E-4
4.1246150537438593E-4
4.124615053743831E-4
4.124615053743831E-4
4.124615053743831E-4
4.124615053743831E-4
4.124615053743831E-4
4.124615053743831E-4
4.124615053743831E-4
4.124615053743831E-4
4.124615053743831E-4
4.124615053743831E-4
4.124615053743831E-4
4.124615053743831E-4
4.1246150408879423E-4
4.1246150408879423E-4
4.1246150408879423E-4
4.1246150408879423E-4
4.1246150408879423E-4
4.1246150408879423E-4
4.1246150408879423E-4
4.1246150408879423E-4
4.1246150408879423E-4
4.1246150286662544E-4
4.1246150286662544E-4
4.1246150286662544E-4
4.1246150286662544E-4
4.1246150286662544E-4
4.1246150286662544E-4
4.1246150286662544E-4
4.1246150286662544E-4
4.1246150286662544E-4
4.1246150286662544E-4
4.124615028666117E-4
4.124615028666117E-4
4.124615028666117E-4
4.124615028666117E-4
4.124615028666117E-4
4.124615028666117E-4
4.124615028666117E-4
4.124615028666117E-4
4.124615028666117E-4
4.124615028666117E-4
4.1246150286658234E-4
4.1246150286658234E-4
4.1246150286658234E-4
4.1246150286658234E-4
4.1246150286658234E-4
4.1246150286658234E-4
4.1246150272050664E-4
4.1246150272050664E-4
4.1246150272050664E-4
4.1246150272050664E-4
4.1246150272050664E-4
4.1246150272050664E-4
4.1246150272050664E-4
4.1246150272050664E-4
4.1246150272050664E-4
4.1246150272050664E-4
4.124610603714469E-4
4.124610603714469E-4
4.124610603714469E-4
4.124610603714469E-4
4.124610603714469E-4
4.124610603714469E-4
4.124610603714469E-4
4.124610603714469E-4
4.124610603714469E-4
4.124610603714469E-4
4.124610603714469E-4
4.124610603714469E-4
4.124610603714469E-4
4.124610603714469E-4
4.124610603714469E-4
4.124610603714469E-4
4.124610603714469E-4
4.124610603714469E-4
4.124610603714469E-4
4.124610603714469E-4
4.124610603714469E-4
4.124610603714469E-4
4.124610603714469E-4
4.124610603714469E-4
4.124610603714469E-4
4.124610603714468E-4
4.124610603714468E-4
4.124610603714468E-4
4.124610603714468E-4
4.124610603714468E-4
4.124610603714468E-4
4.124610603714468E-4
4.124610603714468E-4
4.124610603714468E-4
4.124610603714468E-4
4.124610603714468E-4
4.124610603714468E-4
4.1246106027452927E-4
4.1246106027452927E-4
4.124610582584735E-4
4.124610582584735E-4
4.124610582584735E-4
4.124610582584735E-4
4.124610582584735E-4
4.124610582584735E-4
4.124610582584735E-4
4.124610582584735E-4
4.1246105825845793E-4
4.1246097259084447E-4
4.1246097259084447E-4
4.1246097259084447E-4
4.1246097259084447E-4
4.124609725908416E-4
4.124609725908416E-4
4.124609725908416E-4
4.124609725908416E-4
4.124609725908416E-4
4.1246092387820155E-4
4.1246092387820155E-4
4.1246092387820155E-4
4.1246092387820155E-4
4.1246092387820155E-4
4.1246092387820155E-4
4.1246092387820155E-4
4.1246092387820155E-4
4.1246092387820155E-4
4.1246092387820155E-4
4.1246092387820155E-4
4.1246092387820155E-4
4.1246092387820155E-4
4.1246092387820155E-4
4.1246092387820155E-4
4.1246092387820155E-4
4.1246092381580946E-4
4.1246092381580946E-4
4.1246092381580946E-4
4.1246092381580946E-4
4.1246092381580946E-4
4.1246064783151236E-4
4.1246064783151236E-4
4.1246064783151236E-4
4.1246064783151236E-4
4.1246064783151236E-4
4.124606478302907E-4
4.1246037405517807E-4
4.1246037405517807E-4
4.12460374055178E-4
4.12460374055178E-4
4.12460374055178E-4
4.12460374055178E-4
4.12460374055178E-4
4.12460374055178E-4
4.12460374055178E-4
4.0209065995769545E-4
4.0209065995769545E-4
4.0209065995769545E-4
4.0209065995769545E-4
4.020906599495988E-4
4.020906599495988E-4
4.020906599495988E-4
4.020906599495988E-4
4.020906594554691E-4
4.020906594554691E-4
4.020906594554691E-4
4.020906594554691E-4
4.020906594554691E-4
4.020906594554691E-4
4.020906594554691E-4
4.020906594554691E-4
4.020906594554691E-4
4.020906594554691E-4
4.020906594554691E-4
4.020906594554691E-4
4.020906594554691E-4
4.020906594554691E-4
4.020906594554691E-4
4.020903738795808E-4
4.020903738795808E-4
4.020903738795808E-4
4.02090372999826E-4
4.02090372999826E-4
4.02090372999826E-4
4.020902662490094E-4
4.020902662490094E-4
4.020902662490094E-4
4.020902662490094E-4
4.020902662490094E-4
4.020902662490094E-4
4.020902662490094E-4
4.020902662490094E-4
4.020902662490094E-4
4.020902662490094E-4
4.020902662490094E-4
4.020902662490094E-4
4.020902662490094E-4
4.020902662490094E-4
4.020902662490094E-4
4.020902662490094E-4
3.6666288075276756E-4
3.6666288075276756E-4
3.6666288075276756E-4
3.6666288075276756E-4
3.6666288075276756E-4
3.6666288075276756E-4
3.6666288075276756E-4
3.6666288075276756E-4
3.6666288075276756E-4
3.6666288075276756E-4
3.6666288075276756E-4
3.6666288075276756E-4
3.6666288075276756E-4
3.6666288075276756E-4
3.6666288075276756E-4
3.6666288075276756E-4
3.6666288075276756E-4
3.6666288075276756E-4
3.6666288075276756E-4
3.6661896342181355E-4
3.6661896342181355E-4
3.6661896342181355E-4
3.6661896342181355E-4
3.6661896342181355E-4
3.6661896342181355E-4
3.6661896342181355E-4
3.6661896342181355E-4
3.6661896342181355E-4
3.6661896342181355E-4
3.361787228699113E-5
3.361787228699113E-5
3.361787228699113E-5
3.361787228699113E-5
3.361787228699113E-5
3.361787228699113E-5
3.361787228699113E-5
3.361787228699113E-5
3.361787228699113E-5
3.361787228699113E-5
3.361787228571587E-5
3.361787228571587E-5
3.3617862955450086E-5
3.3617862955450086E-5
3.3617862955450086E-5
3.3617862955450086E-5
3.3617862955444076E-5
3.3617862955444076E-5
3.3617862955444076E-5
3.3617862955444076E-5
3.3617862955444076E-5
3.3617862556542454E-5
3.3617862556542454E-5
3.3617862556542454E-5
3.36178525899945E-5
3.36178525899945E-5
3.36178525899945E-5
3.36178525899945E-5
3.36178525899945E-5
3.36178525899945E-5
3.361710434289172E-5
3.361710434289172E-5
3.361710434289172E-5
3.3617104342891715E-5
3.3617104342891715E-5
3.3617104342891715E-5
3.3617104342651314E-5
3.3617104342651314E-5
3.3617104342651314E-5
3.3617104342651314E-5
3.3617104342651314E-5
3.361710420794819E-5
3.361710420794811E-5
3.361710420794811E-5
3.361710420794811E-5
3.361710420794811E-5
3.361710420794811E-5
3.361710420794811E-5
3.361710420794811E-5
3.361710420794811E-5
3.361710420794811E-5
3.361710420794811E-5
3.361710420794811E-5
3.361710420794811E-5
3.361710280506797E-5
3.361710280506797E-5
3.361710280506797E-5
3.361710280506797E-5
3.361710280506797E-5
3.361710280506797E-5
3.361710280506797E-5
3.361710280506797E-5
3.361710280505659E-5
3.361710280505659E-5
3.361710280505659E-5
3.361710280505659E-5
3.361710280505659E-5
3.361710280505659E-5
3.361675473876091E-5
3.3616754320418585E-5
3.3616754320418585E-5
3.361675432041855E-5
3.361675432041855E-5
3.361675432041855E-5
3.361675432041855E-5
3.361675432041855E-5
3.361675432041855E-5
3.361675432041855E-5
3.361675432041855E-5
3.361675432041855E-5
3.361675432041855E-5
3.361675432041855E-5
3.361675432041855E-5
3.361675432041855E-5
3.361675432041855E-5
3.361675432041855E-5
3.361675432041855E-5
3.361675432041855E-5
3.361675432041855E-5
3.361675432041855E-5
3.361675432041855E-5
3.361675432027148E-5
3.361675432027148E-5
3.361675432027148E-5
3.361675432027148E-5
3.361675432027148E-5
2.1881156747306947E-5
2.1881156747074633E-5
2.1881156747074633E-5
2.1881156747074633E-5
2.188114545318647E-5
2.188114545318647E-5
2.188114545318647E-5
2.188114545318647E-5
2.188114545318647E-5
2.188114545318647E-5
2.188114545318647E-5
2.188114545318647E-5
2.1881145421992603E-5
2.1881145421992603E-5
2.1881145421992603E-5
2.1881145333456627E-5
2.188065889183799E-5
2.188065889183799E-5
2.188065888877533E-5
2.188065888877533E-5
2.188065888877533E-5
2.188065888877533E-5
2.188065888877533E-5
2.188065888877533E-5
2.188065888877533E-5
2.188065888877533E-5
2.188065888327731E-5
2.188065888327731E-5
2.188065888327731E-5
2.188065888327731E-5
2.188065888327731E-5
2.1880658883266707E-5
2.1880658883266707E-5
2.1880658883266707E-5
2.1880658883266707E-5
2.1880658883266707E-5
2.1880658883266707E-5
2.1880658883266707E-5
2.1880658883266707E-5
2.1880658883266707E-5
2.1880658883266707E-5
2.1880658883265866E-5
2.1880658883265866E-5
2.1880658883265866E-5
2.1880658883265866E-5
1.536749775698228E-5
1.536749775698228E-5
1.536749775698228E-5
1.536749775698228E-5
1.536749775698228E-5
1.536749775698228E-5
1.536749775698228E-5
1.08556358111156E-5
1.08556358109106E-5
1.08556358109106E-5
1.08556358109106E-5
1.08556358109106E-5
1.08556358109106E-5
1.08556358109106E-5
1.08556358109106E-5
1.08556358109106E-5
1.08556358109106E-5
1.08556358109106E-5
1.08556358109106E-5
1.08556358109106E-5
1.08556358109106E-5
1.0855635807838748E-5
1.0855635807838748E-5
1.0855635807838748E-5
1.0855635807838748E-5
1.0855635807838748E-5
1.0855635807838748E-5
1.0855635807838748E-5
1.0855635807838748E-5
1.0855635807838748E-5
1.0855635807838748E-5
1.0855635807838748E-5
1.0855635807838748E-5
1.0855635807838748E-5
1.0855635807838748E-5
1.0855635807838748E-5
1.0855635807838748E-5
1.0855635807838748E-5
1.0855635807838748E-5
1.0855635807838748E-5
1.0855635807838748E-5
1.0855635807838748E-5
1.0855635807838748E-5
1.0855635807838748E-5
1.0855635807838748E-5
1.0855635807838748E-5
1.0855635807838748E-5
1.0855635807838748E-5
1.08556358071392E-5
1.08556358071392E-5
1.08556358071392E-5
1.08556358071392E-5
1.085563580713917E-5
1.085563580713917E-5
1.085563580713917E-5
1.085563580713917E-5
1.085563580713917E-5
1.085563580713917E-5
1.085563580713917E-5
1.085563580713917E-5
1.085563580713917E-5
1.085563580713917E-5
1.085563580713917E-5
1.085563580713917E-5
1.085563580713917E-5
1.085563580713917E-5
1.085563580713917E-5
1.085563580713917E-5
1.085563580713917E-5
1.085563580713917E-5
1.085563580713917E-5
1.085563580713917E-5
1.085563580713917E-5
1.085563580713917E-5
1.085563580713917E-5
1.085563580713917E-5
1.0855635802767724E-5
1.0855635802767724E-5
1.0855635802767724E-5
1.0855635549830866E-5
1.0855635549830866E-5
1.0855635549830866E-5
1.0855635549830866E-5
1.0855635549830866E-5
1.0855635549830866E-5
1.0855635549830866E-5
1.0855635549830866E-5
1.0855500515380398E-5
1.0855500502713412E-5
1.0855500502713412E-5
1.0855500502713412E-5
1.0855500502713412E-5
1.0855500502713412E-5
1.0855500502713412E-5
1.0855500502713412E-5
1.0855500502713412E-5
1.0855500502713412E-5
1.0855500502713412E-5
1.0855500502713412E-5
1.0855500502713412E-5
1.0855500502713412E-5
1.0855500502713412E-5
1.0855500502713412E-5
1.0855500502713412E-5
1.0855500502713412E-5
1.0855500502713412E-5
1.0855500502713412E-5
1.0855500502713412E-5
1.0855500502713412E-5
1.0855500502713412E-5
1.0855500502713412E-5
1.0855500502713412E-5
1.0855500502713412E-5
1.0855500442792009E-5
1.0855500442792009E-5
1.0855500442792009E-5
3.541738572404602E-6
3.541738572404602E-6
3.541738572404602E-6
3.541738572404602E-6
3.541738572404602E-6
3.541738572404602E-6
3.541738572404602E-6
3.541738572404602E-6
3.541738572404602E-6
3.541738572404602E-6
3.540852119930705E-6
3.540852119930705E-6
3.540852119930705E-6
3.5408521199221956E-6
3.5408521199221956E-6
3.5408521199221956E-6
3.5408521199221956E-6
3.5408521199221956E-6
3.5408515730195896E-6
3.5408515730195896E-6
3.5408515730195896E-6
3.5408515730195896E-6
3.5408515730195896E-6
3.5408515730195896E-6
3.540851498503256E-6
3.5408514985032556E-6
3.5408514985032556E-6
3.5408514985032556E-6
3.5408514985032556E-6
3.5408514985032556E-6
3.5408514985032556E-6
3.5408514985032556E-6
3.5408514985032556E-6
3.5408514985032556E-6
3.5408514985032556E-6
3.5408514985032556E-6
3.5408514985032556E-6
3.5309312862894457E-6
3.5309312862894457E-6
3.5309312862894457E-6
3.5309312862894457E-6
3.5309312862894457E-6
3.5309312862894457E-6
3.5309312862894457E-6
3.5309312862894457E-6
3.530931282859255E-6
3.530931282859255E-6
3.530931282859255E-6
3.530931282859255E-6
3.530931282859255E-6
3.530931282859255E-6
3.530931282859255E-6
3.530931282859255E-6
3.530931282859255E-6
3.530931282859255E-6
3.530931282859255E-6
3.530931282859255E-6
3.530931282859255E-6
3.530931282859255E-6
3.5309312828582046E-6
3.5309312828582046E-6
3.5309312828582046E-6
3.5309312828575054E-6
3.5309312828575054E-6
3.5309312828575054E-6
3.5309312828575054E-6
3.5309312828575054E-6
3.5309312828575054E-6
3.5309307886105894E-6
3.5309307886105894E-6
3.5309307886105894E-6
3.5309307886105894E-6
3.5309307886105894E-6
3.5309307886105894E-6
3.5309307886105894E-6
3.5309307351271203E-6
3.5289016677570183E-6
3.5289016677570183E-6
3.5289016677570183E-6
3.5289016677570183E-6
3.5289016677570183E-6
3.5289016677570183E-6
3.5289016677570183E-6
3.5289016677570183E-6
3.5289016677570175E-6
3.5289016677570175E-6
3.5289016677570175E-6
3.5289016677570175E-6
3.5289016677570175E-6
3.5289016677570175E-6
3.5289016677570175E-6
3.5289016677570175E-6
3.5289016677570175E-6
3.5289016677570175E-6
3.5289016677570175E-6
3.5289016677570175E-6
3.5289016677570175E-6
3.5289016677570175E-6
3.5289016677570175E-6
3.5289016677570175E-6
3.5289016677570175E-6
3.5289016677570175E-6
3.5289016677570175E-6
3.5289016677570175E-6
3.5289016677570175E-6
3.5289016677570175E-6
3.5289016677570175E-6
3.5289016677570175E-6
3.5289016677570175E-6
3.5289016677570175E-6
3.528901667757017E-6
3.528901667757017E-6
3.528901667757017E-6
3.528901667757017E-6
3.528901667757017E-6
3.528901667757017E-6
3.528901667757017E-6
3.528901667757017E-6
3.528901667757017E-6
3.528901667757017E-6
3.528901667757017E-6
3.528901667757017E-6
3.528901667757017E-6
3.528901667757017E-6
3.528901667757017E-6
3.528901667757017E-6
3.528901667757017E-6
3.528901667757017E-6
3.528901667757017E-6
3.528901667757017E-6
3.528901667757017E-6
3.528901667757017E-6
3.5289016672075426E-6
3.5289016662675257E-6
3.5289016662675257E-6
3.5289016662675257E-6
3.5289016662675257E-6
3.5289016662675257E-6
3.5289016662675257E-6
3.5289016662675257E-6
3.5289016662675257E-6
3.52889543862211E-6
3.52889543862211E-6
3.52889543862211E-6
3.5288954386152864E-6
3.5288954386152864E-6
3.5288954386152864E-6
3.5288954386152864E-6
3.528895438615286E-6
3.528895438615286E-6
3.528895438615286E-6
3.528895438615286E-6
3.528809472242882E-6
3.528809472242882E-6
3.528809472242882E-6
3.528809472242882E-6
3.528809472242882E-6
3.528809472242882E-6
3.528809472242882E-6
3.528809469565065E-6
3.528809469565065E-6
3.528809469565065E-6
3.528809469565065E-6
3.528809469565065E-6
3.528809469565065E-6
3.528809469565065E-6
3.528809469565065E-6
3.5288091682762287E-6
3.5288091682762287E-6
3.5288091682762287E-6
3.5288091682762287E-6
3.5288091682762287E-6
3.5288091682762287E-6
3.5288091682762287E-6
3.5288091682762287E-6
3.5288089017606373E-6
3.5288089017606373E-6
3.5288089017606373E-6
3.5288089017606373E-6
3.5288089017606373E-6
3.5288089017606373E-6
3.5288089017606373E-6
3.528808882479305E-6
3.528808882479305E-6
3.528808882479305E-6
3.528808882479305E-6
3.528808882479305E-6
3.528808882479305E-6
3.528808882479305E-6
3.528808882479305E-6
3.5288088824793027E-6
3.5288088824793027E-6
3.5288088824793027E-6
3.5288088824793027E-6
3.5288088824793027E-6
1.9248629701294293E-6
1.9248629701294293E-6
1.9248629701294293E-6
1.9248629701294293E-6
1.9248629701294293E-6
1.9248629701294293E-6
1.9248629701294293E-6
1.924862910016108E-6
1.924862910016108E-6
1.924862904615365E-6
1.924862904615365E-6
1.924862904615365E-6
1.924862904615365E-6
1.924862904615365E-6
1.924862904615365E-6
1.9248629028973567E-6
1.924862902869238E-6
1.924862902488541E-6
1.924862902488541E-6
1.924862902488541E-6
1.924862902488541E-6
1.924862902488541E-6
1.924862902488541E-6
1.924862902488541E-6
1.924862902488541E-6
1.924862902488541E-6
1.924862902393704E-6
1.924862902393698E-6
1.924862902393698E-6
1.924862902393698E-6
1.924862902393698E-6
1.9248542239250346E-6
1.9248542239250346E-6
1.9248542239250346E-6
1.9248542239250346E-6
1.9248542239250346E-6
1.9248542239250346E-6
1.9248542239250346E-6
1.9248542239250346E-6
1.9248542239250346E-6
1.9248542239250346E-6
1.9248542239250346E-6
1.9248542239250346E-6
1.9248542239250346E-6
1.9248542239250346E-6
1.9248542239250346E-6
1.9248542239250346E-6
1.9248542239250346E-6
1.9248542239250346E-6
1.9248542239250346E-6
1.9248542239248592E-6
1.9248542239248592E-6
1.9248542239248592E-6
1.924854223571305E-6
1.924854223571305E-6
1.924854223571305E-6
1.924854223571305E-6
1.9137387229925245E-6
1.9137387229925245E-6
1.913738722992516E-6
1.913738722992516E-6
1.913738722992516E-6
1.913738722992516E-6
1.913738722992516E-6
1.913738722992516E-6
1.913738722992516E-6
1.913738722992516E-6
1.913738722992516E-6
1.913738722992516E-6
1.9137387223264025E-6
1.9137387223264025E-6
1.9137387223264025E-6
1.9137387223264025E-6
1.9137387223264025E-6
1.9137387223264025E-6
1.9137387223264025E-6
1.9137387223264025E-6
1.9137387223264025E-6
1.9137387223264025E-6
1.9137387223264025E-6
1.9137387223264025E-6
1.9137387223264025E-6
1.9137387223264025E-6
1.9137387223264025E-6
1.9137387223264025E-6
1.9137387223264025E-6
1.9137387223264025E-6
1.9137387223264025E-6
1.9137387223264025E-6
1.9137387223264025E-6
1.9137387223264025E-6
