37197.728722357555
37197.686705997476
37197.686705244785
37197.686705244785
37197.686705244785
37189.41079621329
37189.410759285594
37188.6594102036
37188.6594102036
37188.6594102036
37142.43285915941
37142.43285913529
37142.43285913529
37142.43285913529
37142.424619858575
37137.0341997339
37137.0341997339
37137.0341997339
37137.0341997339
37137.0341997339
37137.0341997339
37137.0341997339
37137.0341997339
37137.0341997339
37137.0341997339
37137.0341997339
37137.0341997339
37137.0341997339
37137.0341997339
37137.0341997339
37137.0341997339
37137.0341997339
37137.0341997339
37137.0341997339
37137.03419970393
37137.03419970393
34217.109813160234
34217.109813160234
34217.10981312237
34217.10981312237
34217.10981312237
34217.10981312237
31922.661193794418
31922.661193794418
31921.429338079717
31921.429338079717
31921.429338079717
31921.429338079717
31921.42933477347
31784.962433582576
31784.962433582576
31784.962152354306
31784.962152354306
31784.95655075006
31784.95655075006
31784.956550750045
31484.679621844894
31450.376995825452
31450.376995825452
31450.376995825452
31450.376995825452
31450.333963930883
31450.333963930883
31450.333963930883
31450.333959405874
31450.333959405874
31450.33395940549
27534.953772162375
27534.953772162375
27534.953772162375
27534.953772162375
27534.953772162375
27534.953758602296
27534.953758602296
27534.953758602296
27534.953758602296
27534.95375860229
27534.95375860229
27534.95375860229
27534.95375860229
27534.60179468959
27534.60179468959
27534.60179468959
27534.60179468959
27534.60179468959
27534.60179468959
27534.601794689457
27504.364308844517
27504.364308844517
27504.364308844517
27504.364308844517
27504.364308844517
27504.364308844517
18214.365118076716
18095.940527406216
18095.940527406216
18095.940527406216
18095.940527406216
18087.97884108006
18087.97884108006
18087.97884108006
17730.797488182096
16678.800272728713
16678.800272728713
16678.800272728713
16678.800272728713
16678.765325739478
16678.765325739478
16678.765325739478
16678.765325739478
16678.765325738867
16678.765325738867
16678.75724170275
16678.75724170275
16678.75724170275
16678.75724170275
16678.75724170275
16678.75724170275
16678.520679367954
16678.520679367954
16678.520366652236
16678.520366652236
16678.520366652236
16678.520366652236
16677.77507387705
16677.774926730573
16677.774926730573
16677.774926730573
16677.774926730573
16677.774926730573
16677.774926730573
16677.774926730573
16677.774926730573
16677.774926730573
16677.766300526127
16671.519857698575
16671.519857698575
16671.519857698575
16671.519857698575
16671.519856168026
16671.519856168026
16671.519856168026
16671.519856086023
16671.519856086023
16670.73264063737
16670.73264063737
16670.732640637347
16670.732640637347
16670.732640637347
16670.732640637347
16401.246654768842
16401.24665476811
16401.24665476811
16401.24665476811
16401.24665476811
15174.290926800231
15174.273200704954
15174.066855299347
15173.840590644251
15149.064885798443
15149.064275601799
15149.064266383271
15149.064266383271
15149.064266383271
15149.064266356532
15149.06426545484
15149.06426545484
15149.06426545484
15149.06426545484
15149.06426545484
15149.064265454313
15119.714899088545
8768.148955041213
8768.147990938667
8768.147990938667
8768.147990938667
8768.147990938667
8768.147672845473
8768.147672845473
8768.147672845473
8768.147672845467
8768.147672845467
8768.147672845467
8768.147672845467
8768.110673905529
8768.110673905529
8570.65005172531
8566.875256602078
8566.875256602078
8566.875256491507
8566.875256491507
8566.875256491507
8566.875256491507
8566.873981473884
8566.873981473884
8566.873981473884
8566.873981473884
8566.873981473884
8566.873981468965
8566.873981468965
8566.873981468965
8566.873981468965
8566.873981461978
8566.873981461978
8566.873981461978
8566.873981461978
8566.873981461978
8566.873981461978
8566.873980198692
8566.873980198692
8566.873980198692
8566.873980198692
8566.83980630586
8566.83980630586
8566.837865310818
8566.837832438723
8560.26365023182
8560.26365023182
8560.26365023182
8560.26365023182
8518.185204494923
8518.080707149902
8517.659634301192
8517.659634301192
8517.659634301192
8517.659634301192
8517.659634301192
8517.659634301192
8515.350969176887
8515.350969176887
8515.350969176887
8515.350969176887
8510.641554942842
8510.641554942842
8510.641553754722
8372.710286335036
8372.550784639132
8372.550784639132
8364.344863390072
8364.344863390072
8364.344669325894
8364.340991142788
8364.340991142788
8364.340991142788
8364.340991142788
8364.340991142788
8364.340991142788
8364.340991142788
8364.340991142788
8364.340721546843
8364.340721546843
8364.340721546843
8364.340721546843
8363.463646805882
7422.224738694633
7422.224738694633
7422.03465597963
7422.03465597963
7422.03465597963
7422.025087354282
7422.025087354282
7422.025087329547
7422.025080850203
7422.0250798956
7422.0250798956
7422.0250798956
7422.025018920501
7422.025018920501
7422.025007559279
7421.981767860206
7421.981767860206
7421.981767860206
7421.981006191836
7421.933281271689
7421.933281271689
7421.933281271689
7420.738828434657
7420.738827806515
7420.738827806145
7420.738822052324
7420.738822052324
7420.738822052324
7416.824036449627
7416.824036062624
7416.824036062624
7416.824036062624
7416.823895669541
7416.818291555471
7416.818291555471
7416.818291549519
7416.818029838964
7416.818029838964
7416.811979946482
7416.811979946482
7416.811979946482
7416.811979946482
7416.811979946482
6861.147643371429
6861.147643371429
6861.147643371429
6861.147643371429
6845.577779497677
6845.577779497677
6845.577779193967
6845.577301538556
6845.577301538556
6845.577299769136
5792.370046716663
5792.370046716663
5792.370042073404
5792.370011313642
5792.370011313642
5792.370011313642
5792.370011313642
5792.370011313642
5792.370011313642
5792.370011313642
5792.370011313642
5792.370011313642
5792.370010766585
5792.370010766585
5792.054576328222
5792.054576328222
5792.045967690389
5791.687828178555
5791.687828178555
5791.572033422457
5791.572032753526
5791.572032753526
5791.570495325144
5791.570495325144
5791.570495325144
5791.570495325144
5791.570495325144
5791.570495325144
5788.498803131037
5788.494694249263
5788.494694249263
5788.494694249263
5788.494694249263
5788.494689320495
5788.494689320495
5521.104727348221
5521.104727348221
5521.104727348221
5521.104727348221
5520.993487967909
5520.9934872965105
5520.9934872965105
5520.993486898912
5520.993486898912
5520.993486898912
5520.993486898912
5520.993486898912
5520.993486898912
5520.975211345881
5520.975211345881
5520.975211345881
5520.975211345881
5520.975211345881
5520.975211345881
5520.975211345874
5520.975211345874
5520.975211344066
5520.975211344066
5520.975211343921
5520.975211343921
5520.974557275477
5520.843273397125
5520.836661121055
5520.836661121055
5478.439783399219
5478.439478309809
5478.439478309809
5478.439478309809
5478.439478309809
5478.439478309809
5478.439478309809
5478.439478309809
5478.439478309809
5478.439478309809
5478.439478309809
5478.439478309809
5478.439478309803
5477.312651924302
5401.467522687255
5401.467522687255
5401.467522687255
5401.467522687255
5401.467522687255
5401.467522682311
5401.435900473794
5401.435564758097
5401.435564758097
5400.826702089832
5400.826702089832
5400.826702089832
5400.826702089832
5400.826702089832
5400.605995913314
5400.605995913314
5400.605995913314
5400.605361307608
5400.605361307608
5400.605361307608
5400.605361307608
5400.6053436333805
5399.5801415508695
5399.5801415508695
5399.5801415508695
5399.5801415508695
5399.5801415508695
5398.954380243526
5398.954380243526
5378.304945005492
5377.357684205962
4916.99936252119
4916.99936252119
4916.99936252119
4916.99936252119
4908.89816108847
4908.89816108847
4908.89816108847
4908.89816108847
4908.898161088082
4908.898161088082
4908.898161088082
4908.898161088082
4908.898161088082
4904.033154892701
4904.033154823581
4904.033154823581
4904.033154823581
4904.033154823581
4904.033154823581
4904.033115882666
4904.029361717361
4904.029361717361
4904.029324446092
4904.029324446092
4904.029324446092
4904.029324446092
4904.029324446092
4904.029324446092
4894.158831273644
4894.158831273644
4894.153458650044
4858.9357125430815
4085.1585674859293
3901.5140690889134
3901.5140690889134
3901.5140690889134
3901.5140690889134
3901.2629568605303
3901.2629568605303
3901.2627968402962
3901.2625125869486
3901.2625125869486
3901.2625125869486
3901.2625125869486
3901.2625030635436
3901.262502109731
3901.262502109731
3901.262502109731
3901.262502109731
3901.262502109731
3901.262502109731
3901.262502109731
3901.262502109731
3901.262502109731
3901.2625020933897
3901.2625020933897
3901.26249289666
3901.26249289666
3856.034842951107
3856.034842951107
3856.034842951107
3778.9876235144943
3778.9876235144943
3778.987592310085
3778.987592310085
3778.987592310085
3778.987591380949
3778.987589620955
3768.072834249084
3768.072834249084
3768.0728342432085
3768.0728342432085
3768.0728342432085
3768.0728342432085
3768.07280101065
3768.0727292389843
3768.0727292389843
3768.072667008442
3768.072667008442
3768.072667008442
3768.07266700651
3767.919261772467
3763.7326559619664
3763.7326559619664
3763.7326559619664
3763.7326559619664
3763.7326559530916
3761.815898829312
3761.815898829312
3761.815898829309
3761.815898829309
3761.815898829309
3761.815898829309
3761.815898829309
3761.815898829309
3761.815898829309
3761.815898829309
3761.815898829309
3761.798549858552
3761.798549858552
3761.798549858552
3761.797887961661
3761.797887961661
3761.797887961661
3761.797887961661
3761.797887961661
3761.1455878990155
3761.1455878990155
3756.1912503927583
3756.1912503927583
3756.1912503927583
3756.191208466477
3756.191208466477
3756.191208466477
3756.191208466477
3756.191208466477
3756.191208466477
3756.1911272349976
3756.1911272349976
3756.0686787579193
3756.0686787579193
3735.1547706533916
3735.1547706533916
3735.1547706533916
3735.1547706533674
3735.1547706533674
3735.1547706533674
3735.1547706533674
3735.154770651849
3541.8299707463425
3541.8299707463425
3541.8299707463425
3541.82279102915
3541.82279102915
3541.8227812013874
3541.82278115344
3541.82278115344
3541.82278115344
3541.82278115344
3541.82278115344
3541.82278115344
3541.789605089393
3541.789605089393
3541.789605089393
3541.789605089393
3541.789605089393
3541.7896047108848
3541.7896046830556
3541.7896046830556
3541.7896046830556
3541.7896046830556
3446.6458532680554
3446.6458532680554
3446.645853248712
3446.645853248712
3446.645853248712
2606.5652414012998
2606.5652414012998
2606.1198201180887
2606.1198201180887
2606.1198201180887
2606.1198201180887
2605.6277103847015
2605.6277097559177
2605.6277097559177
2605.6277097559177
2605.6277097559177
2605.6277013944637
2605.6277013944637
2605.6277013944637
2591.433947742957
2591.407218092613
2591.278766076929
2591.278766076929
2591.278766076929
2591.278766076929
2577.076892476515
2577.076892476515
2577.076892476515
2577.076892476515
2577.0768924704266
2577.0768924704266
2577.0768924704266
2577.0768924704266
2577.0768924704266
2577.076892469985
2577.076892469985
2577.076892469985
2577.076892469985
2577.076374843086
2577.0732758915524
2577.0732758915524
2577.0732758915524
2577.0732758915524
2576.889592572178
2576.8895925684988
2576.8895925684988
2576.8895925684988
2576.8895925684988
2576.8895925684988
2576.851943034463
2576.851943034463
2576.8519416240133
2576.8519416240133
2576.8519416240133
2576.8519416240133
2571.4696870208945
2571.4696870208945
2571.4696870208945
2571.4696870208945
2571.4696870208945
2571.4696870208945
2280.736048677558
2280.73604867372
2280.73604867372
2280.7345501929617
2280.6769867824637
2280.6769867824637
1958.7194731713462
1958.7194731713462
1958.7194731713462
1958.7194731713462
1958.7194731713462
1958.7194731713462
1958.7194731713462
1958.7194731713462
1958.7194731713462
1958.7194731713462
1958.7194731713462
1958.7194731713462
1958.7194731713462
1958.6887192160714
1958.6887191434366
1958.6887185752976
1958.6788691017155
1958.6788687757087
1958.6788687599808
1958.6788687599808
1958.6788687599808
1928.7107367247704
1928.7107367247704
1924.3507376124303
1924.3507376124303
1924.3507376124303
1856.8528234908704
1856.8528234908704
1856.8528234908704
1856.8528234908704
1856.8528234908704
1856.8528234908704
1856.8528234908704
1856.8433446291074
1856.8433446291074
1856.8433446291074
1856.417994440248
1856.4000461596752
1856.2077457514267
1856.2077457514213
1856.2077457514213
1856.2077457514213
1856.2077457514213
1856.2077457514213
1856.2077457514051
1855.846499039371
1855.846499039371
1855.8464990393609
1855.8464990393607
1855.8464989372715
1855.8464989372715
1855.0396223376574
1802.477408036297
1802.477408036297
1791.5885415639118
1791.5860015502292
1791.5860015502292
1791.5860015502292
1791.5860015502292
1791.5860015502292
1791.5569120835225
1791.5569120835225
1791.5569120835225
1791.556912083475
1791.556912083475
1791.556912083475
1791.5385691028341
1791.5385691028341
1791.5385691028341
1791.5385691028341
1791.5385691028341
1791.5385691028341
1791.5385691028341
1791.5385691014799
1791.5385690868172
1791.5385690868172
1791.5385690868172
1791.5385690868172
1791.5385690868172
1791.5385690868172
1791.5385690868172
1791.5385690868172
1791.5385690868172
1791.5385690868172
1791.5385690868172
1791.288666267261
1791.288666267261
1791.288666267261
1791.288666267261
1791.288666267261
1791.246455007069
1791.246455007069
1791.246455007069
1791.246455007069
1791.246455007069
1791.246455007069
1791.246455007069
1791.2177393905679
1791.2177393905679
1791.2177393905217
1791.2177393905217
1791.2177393905217
1786.0578701086458
1786.0578701086458
1786.0578701086458
1786.0570820654286
1786.0570820654286
1786.0570820654286
321.177852960152
321.1770886226064
321.1770886226064
321.0822379817191
321.0822379817191
321.0822379817191
321.0822379817191
321.0822379817191
321.08223797694995
321.08223797694995
321.08223797694995
321.08223797694995
321.08223797694995
321.08223797694995
321.08223797694995
321.0812273589868
321.0812273589868
321.0812273589868
321.08122636036586
320.39968290722385
320.39968290722385
320.39968290710414
320.39968290710414
320.2933189875345
320.2933189875345
320.29120377544444
320.29120377544444
320.29120377544444
320.29120377532996
320.2910407409935
320.2910407409935
320.2910407409935
285.6695573607126
285.6695573607126
285.6695573607126
285.6695573607126
285.6695573607126
285.6695573607126
285.66955736071236
285.4456017604856
285.445600240133
285.44471078639447
285.44471078639447
285.4223912440295
285.3179035987287
285.3179035987286
285.3179035987286
285.3179035987286
284.0479446988374
284.0479388804464
284.04793888044554
231.76019283459848
231.76019283459848
231.76019283459848
231.76019283459848
231.76019283459848
231.76019283459848
231.76019283459846
231.76019283459584
231.76019283459584
231.76019283459584
231.76019283459584
231.76019283458803
231.69540568905754
231.69540568905754
231.69540568905754
231.69540490737793
231.69540490737793
231.69540490737793
231.69540490737793
209.27849447522522
209.23115724373815
209.23115724373815
209.23115724373815
209.23013404092114
209.23013160742985
209.23013160742985
209.01455860762348
209.01455860762348
209.00769102196116
209.00769102196116
209.00769102196116
209.00769102196116
209.00769102196116
209.00769102196116
208.83799113624787
208.83786900549524
208.83786900549524
208.83786900549524
208.83786900549524
208.83786900549524
208.77832231307838
208.77832231307838
208.77832231307838
208.77832231307838
208.77832231307838
208.77832231307838
208.77832231307838
208.77832231307838
208.77832231307838
208.77832231306746
208.77832231306746
208.77832231306746
208.77806034736318
208.77806034736318
208.77806034736318
208.77806021762962
208.77806021762962
208.7780463083422
208.7780463083422
208.7779675438651
208.7779675438651
206.53048738618952
206.53048738618952
206.53048738618952
206.53048738618944
206.53048738610926
206.53048738610926
206.53048738610912
206.53048738610912
206.53048738610912
206.53048737229236
206.53048737229236
206.5304873722506
206.5304873722506
206.5304873722506
206.5304873722506
206.5304873722506
206.53048720627493
206.53048720627493
206.53048720627493
206.53048665766306
206.53048665766306
206.53048665766306
206.53048665766306
206.5188037808775
206.51880377631545
206.51875929417247
206.51875929417247
206.51875929417247
206.51875929417247
206.51874827717262
206.5183172838387
206.5183172838387
206.5183172838387
206.5183172838387
206.5183172838387
206.5183172838387
206.51831728321235
206.51831728321235
206.51831728321235
206.51831728321235
206.51831728321235
206.51831728321235
206.51831728321235
206.51831728321235
206.51831728321235
206.51831728321235
206.51764340045793
206.51764340045793
206.51764340045793
206.51764340045793
176.4190238915649
176.4190238915649
176.4190238915649
176.4190238915649
176.4190238915649
176.41880837236425
176.41880837236425
176.41880837189456
176.41880835691228
176.4187108328883
176.41861799952318
176.41861799952318
176.41861799952318
176.41861799952318
176.41861799939815
176.41861799939815
176.41861799939815
176.41861799939815
176.41861799939815
176.41861698249556
176.41861698100283
176.41833605498516
176.41833605498516
176.4160642957167
176.41606334280272
176.41606334272115
176.41605557674495
176.41605557674495
176.41605557674495
176.41605557674495
176.41605557674495
176.4156186574774
176.41561865743523
176.41559849817133
176.41559849817133
176.41559849817133
176.41559849817133
176.36939670350776
176.3693967022561
176.3693967022561
176.3693967022561
176.3693967022561
176.3693967022561
176.34078649984068
176.340749033535
176.340749033535
174.68941208457053
174.68941208457053
174.68941208457053
174.68941208457053
174.68941208457053
174.68941208457036
174.68941208457036
174.68941208457036
174.68941208457036
174.68941208457036
174.68941208110687
174.68941208110687
174.6894120216751
174.6894120216751
174.6894120119451
174.6894120119451
174.6894120119451
174.68941197394426
174.68941197394426
174.68941197394426
174.68941197394426
174.68941197394426
174.68941197392405
174.68941197392405
174.68941197392405
174.6852394155902
174.6852394155902
174.6852392546214
173.77447054017333
173.7744705401733
173.7744705401733
173.77447054016324
173.77447054016324
173.77447054015997
173.77447054015997
173.77447054015997
173.77447054015997
173.77447054015997
173.77447054015997
173.77447054015997
173.77447054015997
173.77447054015997
173.77447054015997
173.73727337393058
173.737273373278
173.737273373278
173.737273373278
173.73727337327793
173.7372728602216
173.73715492752308
173.73715492752308
173.73715492752308
173.73715222412173
173.73715222412173
173.73715222412173
173.71903647922227
173.71903647922227
173.71903647922227
173.71903647922227
173.71903647922227
173.71903647922227
173.71903647922227
173.71903647922224
173.71903595313847
173.71903595313847
173.71903595313847
173.71903595313847
173.71903595313847
173.71903595313847
173.71903595313847
173.71903595313847
173.71808159516462
173.71808159516462
173.7180814019975
173.7180814019975
173.7180814019975
173.7180814019975
173.71808138998318
173.71808138998318
173.71808138998318
173.71792955886218
173.71792955886218
173.71120790254434
173.71120790254434
173.71118099675934
173.71118099675934
173.71118099675934
173.71118099675934
173.71118099675934
173.7052777259689
173.7052777259689
173.7052777259689
173.7052777259689
173.7052777259689
173.7052777259689
173.7052777259689
173.7052777259689
173.7052777259689
173.7052777259689
173.70198581063013
173.70198581063013
173.70198581063013
173.70198581063013
173.7019858106296
173.7019858106296
173.7019858106296
173.70198581062556
173.70198581062556
173.70198581062556
173.60573030759446
173.60573030759446
161.96520735347877
161.96520735347877
161.96520735347877
161.96520735347877
161.96520735347877
161.96508166927612
161.96508166927612
161.96508166927612
161.96508166927612
161.96403915469193
161.9640391546381
161.9640391546381
161.9640391546381
161.8230144586117
161.823014249856
161.823014249856
161.823014249856
161.823014249856
161.82301424974426
161.82301424974426
161.82301424974426
161.8229917663915
161.82299176564058
161.82299176564058
161.82299176564058
161.82299131756747
161.82299131756747
161.82295639776254
161.82295568148663
160.78202941566676
160.66353694298076
160.66353694298076
160.66353694258055
160.66353694258055
160.66263747291524
160.61077580706066
160.61077580706066
160.30100094888618
160.30100094888618
160.30100094888618
160.300996185228
160.300996185228
160.300996185228
160.300996185228
160.300996185228
160.300996185228
160.300996185228
160.30099618514365
160.30099618514365
160.30099618514365
160.30099618514365
160.30099618514365
160.30098630942996
160.30098630942996
159.93769574202366
159.93099162855617
159.93099162855617
159.93099162855617
159.93099162855617
159.93099162855617
159.93099162855617
156.97244862393674
156.9720007016247
156.9720007016247
156.9720007016247
156.9720007016247
156.9720007016247
156.9720007016247
156.9720007016247
156.9720007016247
156.9720007016247
156.97200070162393
156.97200069652573
156.97200069652573
156.97200069652573
156.97200069649253
156.97200069649253
156.9720006310008
156.9720006310008
156.9720006310008
156.9720006310008
156.9720006310008
156.9720006310008
156.9720006310008
156.96093601084908
156.96093601084905
156.96093601084905
156.96093536414526
156.96093536414526
156.96093536414526
156.96093536414526
156.96093536414526
156.96093536414526
156.96093536414526
156.96093536414526
156.96093525650411
156.96093525650411
156.96093525650411
156.96093525650411
156.96093525650411
156.96093525650411
156.96093525650411
156.96083383307655
156.96083383247395
156.96083382214573
156.96083382214573
156.96083380712327
156.96083380712327
156.96083380364817
156.960440113419
156.960440113419
156.960440113419
156.52472479408235
156.52472479408195
156.52329261823243
156.52329261823243
156.52329261823243
156.51000689515624
151.87234009343632
151.87234009343632
151.87234009343632
151.87234009343632
151.87234009343632
151.87234009343632
151.82737615114218
151.82737615114218
151.82737615114218
151.82737615114218
151.82737451691582
151.8272196718503
151.8272196718503
151.8272196718503
151.8272196718503
151.82721965852363
151.82721965852363
151.82721965852363
151.82721965852363
151.82721965852363
151.82721965852363
151.79508046052283
151.79508046052283
151.79508046052283
151.6334541712816
151.6334541712816
151.6334541712816
151.63345417127823
151.63345417127823
151.63345417127823
151.63345417127823
151.63345417127823
151.63345417126502
151.63345417126502
151.63345417126502
151.63345417126502
151.63345417126502
151.63345417126496
151.63345417126496
151.63345417126496
151.63345417126496
151.63345308716407
151.63345308716407
151.63345308716407
151.63345308716407
151.63345308716407
151.63345308716407
151.6297518088171
151.6297518088171
151.6297518088171
151.6297518088171
151.6297518088171
151.6297518088171
151.6297518088171
151.6297518088171
151.6297471332945
151.6297471332945
151.6297471332139
151.6297436619742
151.6297436619742
151.62974366197417
151.62974366197417
151.62974366197417
151.62974366197417
151.62973784255857
151.62973784255857
151.62973784255857
151.62973784255857
151.62973784255857
151.62973784255857
151.62973784255857
151.62973784255857
151.62973784255857
151.62973784255857
151.61176457732304
151.61176457732304
151.61176457612817
151.61176457612817
151.61176457612817
151.61176457612817
141.6712315683752
141.6712315683752
141.6712315683752
141.6712315683752
141.671127459064
141.671127459064
141.671127459064
141.671127459064
141.671127459064
141.671127459064
141.671127459064
141.671127459064
141.671127459064
141.671127459064
141.6710196873293
141.6710196873293
141.6710196873293
141.6710196873293
141.67101968698677
141.43528156864986
141.43528156864986
141.43528156162913
131.43207481961895
131.43207481961895
131.43207481961895
131.43207481961886
131.410995412069
131.410995412069
131.410995412069
131.410995412069
131.410995412069
131.410995412069
131.410995412069
131.410995412069
131.410995412069
131.410995412069
131.410995412069
131.410995412069
131.34743145512886
131.34743145512886
131.34743145512886
131.34743144887818
131.34743144887818
131.34743144887818
131.34743144887818
131.34743144887818
131.34743144887818
131.34743144887818
131.34667414762316
131.34667414762316
131.34667414762316
131.34667414762316
131.34567304860153
131.34567304860153
131.34567304860153
131.34566417198457
131.3456641702518
131.3450776656485
131.34507766564846
131.34507766564846
131.34507766564823
131.34507766564823
131.34507766564823
131.34507766564823
131.34507766564823
131.34443213693248
131.34443213693248
131.34443213693248
131.34443213693248
131.34443212327716
131.34443212327716
131.34443212327716
131.34443212327696
131.34443212327696
131.34443212327696
131.34443212327696
131.34443212327696
131.34443212327696
131.34228832968637
131.34228832968637
131.34228832968637
131.34228832968637
131.33854474927867
131.33854474927867
131.338544102314
131.338544102314
131.338544102314
131.3385440998767
131.33854402861476
131.33854402861476
131.33854402861476
131.33854402861476
131.33854402861476
131.33854402861476
131.33854402861476
131.33854402861476
131.33854402861476
131.33854396960442
131.3385296685095
130.96985059675524
130.96985059675524
130.96985059675524
130.96985059675524
130.96985059675524
130.96985059675524
130.96985059675524
130.9672190413168
130.9672190413168
130.9672190411321
130.9672190411321
130.9672190411321
130.9672190411321
130.96721874512752
130.96721874512752
130.96721874512752
130.96721874512752
130.9672187451245
130.96720237623245
130.96720237623245
130.96720237623245
130.9670264379807
130.9670264379807
130.9670264379807
130.9670264379807
130.9670264379807
130.9670264379807
130.96676253917818
130.96676253917818
130.96676253917818
130.96676253917818
130.95439578480978
130.9543957847249
130.9543957847249
130.95439578454545
130.95439578454545
130.95438968079404
130.95438968077693
130.95438968077693
130.54597035164417
130.54597035164417
130.54437837198967
130.54437837198967
130.54437837198967
130.5443779645177
130.5443779645177
130.5443779645177
130.5443779645177
130.5443779645177
130.5443779645177
130.5443779645177
130.5443779645177
130.5443779645177
130.5443779645177
130.5443779645177
130.5443779645177
130.5443779645177
130.5443779645177
130.5443779645177
130.54437796449554
130.54437796449554
130.54437796448232
130.54437796448232
130.54437796448232
130.54437796448232
130.5436339359824
130.5436339359824
130.5436339359824
130.5436339359824
129.47566510739424
129.47566510739424
129.47566510739424
129.47565739955422
129.47565739955422
129.47565739955422
129.47565739500595
129.47565739500595
129.47565739500595
129.4756560720703
129.4756560720703
129.47554643711103
129.47554643711103
129.47554643711103
129.47554631927966
126.56947760643725
126.56947760643698
126.56947760643698
126.56947760643698
126.56947760643698
126.56947760643698
126.56947760643698
126.56947760643698
126.56947759207794
126.56947759207794
126.56947759207794
122.61633232125814
122.61633232125814
122.61633232125814
122.61632826022881
122.61632826022881
122.6163282591181
122.6163282591181
122.6163282591181
122.6162996863357
122.61629226148929
122.61629226148929
122.61629226148929
122.61629226148929
122.61629226148929
122.61629226148929
122.61629226148929
122.61629226148929
122.61629226148929
122.61629226148929
122.61629226148929
122.61629226148929
122.61629226148929
122.61629226148929
122.61629226148929
122.61629221303522
122.61629221303522
122.61629221303522
122.61629220676818
122.61629220676818
122.61629220676818
122.61629220676818
122.6162921532833
122.24226530590855
122.24216383331753
122.24216383331753
122.24216383331753
122.24216383331753
122.24198637100514
122.24198637100514
122.24198637100514
122.24198633765175
122.24198633684416
122.24198633684416
122.24198633684416
122.22731147355793
122.22731147355793
122.22731147355793
122.2273108312942
122.22730822603195
122.22730822603195
122.22730822334101
122.22730822334101
122.22730822334101
122.22730822334101
122.22730819649263
122.22730819648557
122.22730819648557
122.22730819648557
122.22730819648557
122.22730819648557
119.181995416509
119.181995416509
119.18199541650608
119.18199541650608
119.18199541650608
119.18199541650608
119.18199541650608
119.18199541650608
119.18199541650608
119.18199541650608
119.18199541650608
119.18199541650608
119.18199541650608
119.18199541650608
119.18199541650608
119.18199541650608
119.18199539572373
119.18199539572373
119.18199539572373
119.18199539572373
119.18199539572373
119.18199539572373
119.18199539572373
119.18198243977459
119.18198243977459
119.18198243977459
119.18198243977459
119.18198243935959
119.18198243935959
119.18198243935959
119.02887575234706
119.02887575234706
119.02887575234706
119.02887575149052
119.02887575149052
119.02887575149052
119.02887575149052
119.02887575149052
119.02814438508581
119.02814438508581
119.02814438508581
119.02814438508581
119.02814438508581
119.02814438508581
119.02814438508581
119.02814438508581
119.02814438508581
119.0281443850836
119.02814431005696
119.02814427565865
119.02814427565865
119.02814427565865
119.02810792663665
119.02810792663665
119.02810792663665
119.02810792663665
119.02810792663665
119.02810792663665
119.02810792663665
119.02810792663665
119.02810792663665
119.02810792663665
119.02810792663665
119.0281000319553
119.0281000319553
119.0281000319553
118.9975263164962
118.9975263164962
118.9975263164962
118.9975263164962
118.9975263164962
118.9975263164962
118.9975263164962
118.9975263164962
118.9975263164962
118.9975263164962
118.9975263164962
118.9975263164962
118.99752631647246
118.99752631647246
118.93563330505165
118.93563330505165
118.5727097613509
118.5727097613509
118.57270937415028
118.55991877300724
118.55991877300724
118.55991877300724
118.55991877300724
118.55991877300724
118.55991877300724
118.55991877295163
118.55990164094696
118.55990163628528
118.55990163628528
118.55990163628525
118.55990163628523
118.55990163628523
118.55990163628523
118.55990163628523
118.55990163628523
118.55990163628523
118.55990163067821
118.55990163067821
118.55990163067821
118.55990163067821
118.55990163067821
118.55990163067821
118.55990163067821
118.55990163067821
118.55990163067821
118.55990163067821
118.55990163067821
118.55990163067821
118.50146829432396
118.50146827693524
118.50146827693524
118.50146827693524
118.50146827693524
118.50146827693524
118.50146827693524
118.50146827693524
118.50146827693524
118.48541015375885
118.48541015375885
118.48541015375885
118.48541015375883
118.48541015375883
118.48541015375883
118.48541015375876
118.48539981641372
118.48539981641372
118.48539981639968
118.48539981639968
118.48539981639968
118.48539981639917
118.48539981639917
118.48539981639917
118.48539981639762
118.48539981639762
118.48539981639762
118.48539981639762
118.48539981639762
118.47718312876083
118.47718312876083
118.47718312876083
118.47716632825261
118.47716632825261
118.00738083534691
118.00738083534691
118.00738083534691
118.00738083534691
118.00738083534691
117.94363256927458
117.94363256927458
117.94363256927458
117.94361503570637
117.94361503570637
117.94361503570637
117.94361503570637
117.94361503570637
117.94361503570637
117.94361503570637
117.94361503570637
117.94361503570637
117.94361503570637
117.94361503570637
117.94361503570637
117.88878769366585
117.88878769366585
117.88878767630405
117.88878632932443
117.88857303691981
117.88857183829171
117.88857183829171
117.88857183720648
117.88831318539168
117.88831139115598
117.88831139115598
117.88831139115598
117.88771307602308
117.88771307602308
117.88771307602308
117.88768377357904
117.88768377357904
117.88768377357904
117.88705744457997
117.88705744457997
117.88705744457997
117.88705744457997
117.88705744457997
117.88705744457997
117.88705744457997
117.88705740516349
117.88705740516349
117.88705740516349
40.562981963745486
40.56298168758951
40.56298168758951
40.562980038719665
40.562980038719665
40.562980038719665
40.562980038719665
40.562980038719665
40.562980038719665
40.562980038719665
40.562980038719665
40.562980038719665
40.562980038719665
40.562980038719665
40.562980032445324
40.562980032445324
40.562980032445324
40.56285011110365
40.56285011110365
40.55622128909
40.55622128909
40.55622128909
40.55622128909
40.55622128909
40.55622128909
40.55622128909
40.55622128909
40.55622126373662
40.55622126373662
40.55622126373662
40.55622126373662
40.55622126373662
40.55622126373662
40.55622126373662
40.55622126373662
40.55622126373662
40.55622126373662
40.55622126373662
40.55622126373662
40.55622126373662
40.55622126373662
40.542401349571215
40.542401349571215
40.5422816131748
40.5422816131748
40.5422816131748
40.54228152729278
40.542281527272216
40.542281527272216
40.542281527272216
40.54227232648708
40.54227232648708
40.54227232648708
40.54227232648708
40.54227232648708
40.54227232648708
40.54227232648708
40.54227232648708
40.54227232648708
40.54227230150724
40.54227230150724
40.54227230150724
40.542272159033885
40.542272150434314
40.542272150434314
40.542272150434314
40.542272150434314
40.542272150434314
40.54227214393261
40.54227214393261
40.542272143932536
40.542272143932536
40.542272143932536
40.542272143932536
40.542272143932536
40.542272143932536
40.542272143932536
40.542272143932536
40.542272143932536
40.542272143932536
40.542272143932536
40.54227212773102
40.54227212771409
40.54227212771409
40.54227212771409
40.54227212771409
40.517204282477586
40.517204282477586
40.51720428247735
40.49670143659916
40.49670142650223
40.49670142650223
40.49670142650223
40.49670142650223
40.49670142650223
40.454880037344985
40.454880037344985
40.454880037344985
40.45488003734405
40.4548773632688
40.4548773632688
40.45487736322676
40.45487736322676
40.45487736322676
40.45487736322676
40.45487736322676
40.45487736322676
40.45487736322676
40.45487736322676
40.45487736322676
40.45487736322676
40.45487736322676
40.45487736320389
40.45487736320389
40.45487736320389
40.45487736320389
40.45487736320389
40.45487736320389
40.42093395099837
40.42092932242994
40.42092932242994
32.36584350635153
32.36584350635153
32.36584350635153
32.36584350635153
32.36584345555447
32.36584345555447
32.36584345555447
32.36584345555447
32.36584345555395
32.36584345555395
32.36584345555395
32.36584345555395
32.36584345555395
32.36584345555395
32.36584345555395
32.36584345555395
32.36584345555395
32.36584345538993
32.36584345538993
32.36584345538993
32.36584345538993
32.36584294518556
32.36584294518556
32.36584294518556
32.36584294518556
32.365842671416424
32.365842671416424
32.365837971607654
32.36583797160575
32.36583797153725
32.36583797153725
32.36583796906037
32.36583796906037
32.36583796906037
32.36583796906037
32.36583796906037
32.36583796906037
32.36583796906037
32.36583796906037
32.36583796906037
32.36583796906037
32.36583796906037
32.36582851298946
32.365828512986816
32.36582851294762
32.36582851294762
32.36582851294762
32.36582851294762
32.36582851294762
32.36582851294762
32.36582851294762
32.36582851294762
32.3654762701704
32.3654762701704
32.3654762701704
32.3654762701704
32.365476270170035
32.365476270170035
32.365476270170035
32.36477717020418
32.364690530795464
32.36469053079546
32.36469053079546
32.364690530795436
32.364690530795436
32.364690530795436
32.364690530795436
32.36468749119804
32.36468749119804
32.364678129707755
32.364678129707755
32.36467812970753
32.36467812970753
32.36466159795415
32.36466159795415
32.36466159795415
32.36466159795415
32.36466159795415
32.36466159795415
30.327980879989003
30.327980879989003
30.311567836946164
30.311567836946164
30.311567836946164
30.311567836946164
30.311567836946164
30.311567836946164
30.311567836946164
30.311567836946164
30.311567836946164
30.311567836946164
30.311567836946164
30.311567836946164
30.31156781945034
30.31156781945034
30.311144935063194
30.311144935063194
30.311144935063194
30.311144911907174
30.311144911907174
30.311144911907174
30.311144911907174
30.311144910766217
30.311144910766217
30.311144910766217
30.311144910766217
30.311144910766217
30.31114490797368
30.31114490797368
30.31113961292213
30.31113961292213
30.31113961292213
30.311139612721494
30.311139612721494
30.20788169471418
30.207881694714178
30.207828392492377
30.207828392492374
30.207828392492374
30.207828392492374
30.207828392492374
30.207828392492374
30.207769782083943
30.207769782083943
30.207769782083943
30.207769782083943
30.207769782083943
30.043044348108076
30.043044348108076
30.043044348108076
30.043044348107934
30.043044348107934
30.03270201382525
30.032702005062355
30.032702005062355
30.032702005062355
30.032702005062355
29.864910069665093
29.864910069665093
29.864910027250197
29.864910027250133
29.864910027250133
29.86490973257346
29.86490972945274
29.86490972945274
29.86490972945274
29.854889185004815
29.854889185004815
29.854889185004815
29.85488683892162
29.697658215081482
29.69765819237032
29.69765819237032
29.69765819237032
29.69765819237032
29.697658192370316
29.697658192370316
29.697658192370316
29.697658192370316
29.697658192370316
29.697658192370316
29.697658192370316
29.697658179123476
29.685809933057588
29.685809933057588
29.685809933057588
29.685809933057588
29.685809933057588
29.685809933057588
29.685786791858714
29.685786791858714
29.685786791858714
29.685786791858714
29.685786791858714
29.68578679185764
29.68578679185764
29.68578679185764
29.68578679185764
29.68578679185764
29.68578679185754
29.68578679185754
29.68578679185754
29.68578679185754
29.685589271726748
29.685367866878376
29.685367866878376
29.685367866878376
29.685367866878376
29.685367849881597
29.685367849881597
29.685367849881597
29.685367849881597
29.685367849881597
29.685367849878684
29.685367849878684
29.685367849878684
29.685367849878684
29.685367849878684
29.685367849878684
29.677633929066836
29.677633929066836
29.677633929066836
29.677633929066836
29.677633929066353
29.677633904925266
29.67763390492416
29.67763390492416
29.67763390492416
29.67763390492416
29.67763390492416
29.67763390449746
29.677633904497455
29.677633904497444
29.677583592386796
29.677583592386796
29.677583592386796
29.677583592386796
29.677583592386796
29.671467251988663
29.67146725146312
29.671466953175578
29.671466953175575
29.671466953175575
29.671466953175575
29.671466953175575
29.671466953175575
29.671466953175575
29.67146695313084
29.67146695313084
29.67146695312434
29.67146695312434
29.66363544590955
29.66363544590955
29.663635140715357
29.663635140715357
29.663635140715357
29.663635140715357
29.663635140715357
29.663635140715357
29.663635140715357
29.07767665517753
29.07767665517753
29.07767665517753
29.07767665517753
29.07766208399471
29.07766208399471
29.07766208399471
29.077662083904706
29.077662083904706
29.077662083904706
29.077662083904706
29.077662083904706
29.077662083904706
29.077662083904706
29.077662083904706
29.077662083904706
29.077662083904706
29.077662083904706
29.077662083904706
29.077662083904706
29.077662083904706
29.077662083904706
29.077662083904706
29.077661978931015
29.077661978931015
29.077661978931015
29.077661978931015
29.077661978931015
29.077661978931015
29.077661978931015
29.07725824187871
29.07725824187871
29.07725824031404
29.07725824031404
29.07725824031404
29.07725824031404
29.077258240311867
29.077258240311867
29.077258240311867
29.077258240311867
29.077258240309256
29.07725822748527
29.07725822748527
29.07725822748527
29.077258227484904
29.077258227484904
29.077258227484904
29.077258227484904
29.077254236405068
29.077254236405068
29.077254236405068
29.077254236405068
29.077254236405068
29.077254236405068
29.077254236405068
29.077254236405068
29.077254236405068
29.077254023081526
29.077254023081526
29.077254023081384
29.077254023081384
29.077254023081384
29.077254023081384
29.077254023081384
29.077254023081384
29.077253985829948
29.077005207841417
29.077005207841417
29.077005207841417
29.077005207841182
29.077005207841182
29.077005207841182
29.077005167505874
29.077005167505874
29.077005167505874
29.077004612066673
29.077004612066673
29.076974889632375
29.076974889632375
29.076974889632286
29.076974889632286
29.076974889632286
29.076974889632286
29.076974889632286
29.076974889632286
29.076974889632286
29.076974856394372
29.076974856394372
29.076974856394372
29.076974856394372
29.076974856394372
29.076974856394372
29.076974856394372
29.076974856207254
29.076974856207254
29.076974856207254
29.076974856207254
29.076974856207254
29.076974856207254
29.076974834133946
29.076974834133946
29.076974834133946
29.076974834133903
29.076974834133903
29.076974834133903
29.076974834133903
29.07697483413388
29.07697483413388
29.07697483413388
29.07697483413388
29.07697483413388
29.07697483413388
29.07694210623323
29.07694210623321
29.07694210623321
29.07694210623321
29.07694210623321
29.07663971852003
29.07663971852003
29.07663971852003
29.07653932712446
29.0765393119475
29.075365350237004
29.075365350237004
29.075365350237004
29.075365350237004
29.075365350237004
29.075365350237004
29.075365350237004
28.48362732383093
28.48362732383093
28.483627323828415
28.483627323828415
28.483627323828415
28.483627323828415
28.483627323784106
28.483627323784106
28.483602114386773
28.483602114378343
28.483602114378254
28.483602114378254
28.483602114378254
28.483602114374545
28.483602114374545
28.483602114374545
28.483602114374545
28.483602114374545
28.483602114374545
28.483602112750937
28.483602112750937
28.483602112750937
28.483602112750937
28.483602112750937
28.483602112750937
28.483584115370995
28.483584110534135
28.481458795830786
28.481458795830786
28.481458795830786
28.456509515229275
28.456509515229275
28.456509515229275
28.456509515229275
28.456509515229275
28.456015105068193
28.456015105068193
28.456015105068193
28.456015105068193
28.45601115567624
28.456011155676183
28.45601115567593
28.45601115567593
28.45601115567593
28.45601115567593
28.45601115567593
28.45601115567593
28.456000701179658
28.456000701179658
28.456000701179658
28.456000701179658
28.456000701179658
28.456000701179658
28.456000701179658
28.456000701179658
28.456000701179658
28.456000701179658
28.456000701179658
28.456000701179658
28.456000701179658
28.456000701179658
28.4559608157606
28.4559608157606
28.4559608157606
28.45596081575552
28.455960781664334
28.455850655984403
28.455850655984403
28.455850655984403
28.455850655984403
28.455850655984403
28.455850655945635
27.844345149442084
27.844345149442084
27.844345149433682
27.844345149433682
27.844345149433682
27.844345149433682
27.844345149433682
27.844345149433682
27.844345149433682
27.844345149433682
27.844345149433682
27.844345149433682
27.844345149226946
27.844345149226946
27.844345149226946
27.844337067885178
27.844337067885174
27.844337067885174
27.72316523239626
27.72316523239626
27.72316523239626
27.72316523239626
27.723165232396205
27.723165232396205
27.723165232396205
27.664135718002125
27.66410159213816
27.66410159213791
27.66410159213791
27.66410159213791
27.66410159213791
27.664101592134244
27.664101592134244
27.66410159181145
27.66410159181145
27.66410159181145
27.66410159181026
27.66410159181026
27.66410159181026
27.66410159181026
27.66410159181026
27.66410159181026
27.66410159181026
27.66410159181026
27.66410159181026
27.66410145445785
27.66410145445785
27.66410130626368
27.66410130626368
27.66410130626368
27.66410130626368
27.664101306255557
27.664101306151476
27.664101306151476
27.664101306151476
27.664101306151476
27.664101306151476
27.66410130556888
27.664101305542793
27.664101305542793
27.664101305541692
27.664099494829635
27.664099494829635
27.664099494829635
27.664099494829635
27.66408778024195
27.664085558042494
27.664085309366953
27.664085309366953
27.664085309366953
27.664085309366953
27.664085309366953
27.664085309366953
27.664085309366953
27.664083843097288
27.66408379676692
27.66408379676692
27.66392169804517
27.66392169804517
27.66392169804517
27.66392169804517
27.66392169804517
27.66392169804517
27.66392169804517
27.66392169804517
27.66392169804517
27.66392169804517
27.66392140454811
27.66392140454811
27.66392140454811
27.66392140454811
27.663921404547832
27.663921404547832
27.66392140454249
27.66390017320698
27.66390017320698
27.663899744418856
27.663899744418856
27.663899744418128
27.663899744418128
27.663899744418128
27.663899744418128
27.663899744418128
27.663899744418128
27.66389974441805
27.66389974441805
27.66389974441805
27.663899744417964
27.663899737789507
27.663899737789507
27.663899737789507
27.66387514749432
27.66387514749432
27.66387514749432
27.66387514749432
27.66385867621517
27.66385867621517
27.66385867621517
27.546144163885195
27.546144163885195
27.546144163885195
27.546144163885195
27.546144163698138
27.546144163698138
27.546144156225203
27.546144156225203
27.546144156225203
27.546144156225203
27.546144156225203
27.545950693286503
27.545950693286503
27.545950693286503
27.545950691029425
27.545950690939115
27.545950690855115
27.545950690855115
27.545950690855115
27.54594980756204
27.54594980756204
27.54594980756204
27.54594980756204
27.54594980756204
27.54594980756204
27.545949798941468
27.545941066697544
27.545941066697537
27.545379801185256
27.545379801185256
27.54537932622506
27.54537932622506
27.54537932382398
27.54537932382398
27.54537932382398
27.54537932382398
27.54537932382398
27.54537932382398
27.545379323823532
27.545379323823532
27.545379323823532
27.545379323823532
27.545379323823532
27.545379323823514
27.545379323823514
27.545379323823514
27.545379323823514
27.545379323823514
27.545291892926308
27.545291892926308
27.545291892702604
27.545291892702604
27.545291892702604
27.545291892702604
27.54529189270203
27.54529189270203
27.545269483064317
27.545269483064317
27.545269483064317
27.54522854312471
27.54522854312471
27.54522854312471
27.54522854312471
27.54521824617881
27.5452182461788
27.54521824377424
27.54521824377424
27.54521824377421
27.54521824377421
27.54521824377421
27.54521824377421
27.54521824377421
27.545217163830923
27.545217163830923
27.545217163830923
27.545217163830923
27.545217163830923
27.54521716358006
27.518344000301386
27.518344000301386
27.518343458646463
27.50253699375791
27.50253699375791
27.5025369937579
27.5025369937579
27.5025369937579
27.50253699375771
27.502536993751615
27.502536993751615
27.502536993751615
27.502536993751615
27.502536993751615
27.42484253303293
27.424842533032926
27.424842533032926
27.424842533032926
27.424842533032905
27.424842533032905
27.424842533032905
27.424842533032905
27.4248425330329
27.424842533018193
27.424842533018193
27.424842522761892
27.424842522761466
27.424842522761466
27.424842522761466
27.424842522761466
27.424842522761466
27.424829231895544
27.424829210267703
27.42482921026145
27.42482921026068
27.42482921026068
27.42482921026068
27.42482921026068
27.42482921026068
27.42482921026068
27.42482921026068
27.42482921026068
27.42482921026068
27.42482921026068
27.42482921026068
27.42482921026068
27.424828445983014
27.424828445983014
27.424828445983014
27.42482844595785
27.42400616495288
27.42400616495288
27.424006164885903
27.424006164885903
27.424006164885903
27.424006164885903
27.424006164596662
27.424006164596662
27.424006164596662
27.424006164596662
27.424006164596662
27.424006164596662
27.424006164596662
27.424006163536884
27.424006163536884
27.424006163536884
27.424006163536884
27.424006163536884
27.424006163536884
27.424006163536884
27.424006163536884
27.424006163536884
27.424006163536884
27.424006163536884
27.424006163536884
27.424006163536884
27.424006163536884
27.424006163536884
27.424006125141055
27.424006125141055
27.424006125141055
27.424006125141055
27.424006125141055
27.424006125141055
27.424006124848386
27.424006124848386
27.424006124848386
27.42400612130275
27.42400612130275
27.42400612130275
27.42400612130275
27.42400612130275
27.42400612130275
27.42400612130275
27.42400612130275
27.42400612130275
27.42400612130246
27.42400612130246
27.423683440528432
25.12989854695455
25.129898068120614
25.129898068120614
25.129898068120614
25.129898068120614
25.129898068120614
25.129898068120614
25.12989806808022
25.129898068080156
25.129898068080156
25.129898068080156
25.129898068080156
24.903798415771156
24.903798415725454
24.903798415725454
24.90379841571583
24.90379841571583
24.90379841571574
24.903798415715578
24.903798415715578
24.903798415715578
24.903798415715578
24.903798415715578
24.903798415715578
24.903798415715574
24.903798415715574
24.903798415715574
24.903798415715574
24.903798381440804
24.903798381440804
24.903798381440804
24.903798381440804
24.903798381440804
24.903798381071883
24.903798381071883
24.903798381071883
24.760605888203663
24.76060588820354
24.76060588820354
24.76060568651153
24.76060568651153
24.760605677607288
24.760605677607288
24.743871135048728
24.743871135048728
24.743871127513625
24.74170136991576
24.741692524480843
24.741692524480843
24.741692524480843
24.741692524480843
24.741692507748727
24.741692507748727
24.741692504457856
24.741692504457856
24.74169250422563
24.74169250422563
24.74169250422563
24.74169250422563
24.741692504196216
24.741692504196216
24.741692504196216
24.741692504196216
24.741692504196216
24.741692504196216
24.741692504196216
24.741692504196216
24.741692504196216
24.741692504196216
24.741692504196216
24.741692504196216
24.741692504196216
24.741692504196216
24.741692504166544
24.741692504166544
24.738760521077282
24.738760521077282
24.738760521077282
24.738760521077282
24.738760521077282
24.738760521077275
24.738760521077275
24.738760521077275
24.738760521077275
24.738760521077275
24.738760521077275
24.738760521077275
24.738760521077275
24.738760521077275
24.738760521077275
24.73876051976952
24.73876051976952
24.738760519769496
24.738760519769496
24.738760519769496
24.738760519769496
24.738760519769496
24.738760519769496
24.738548986730567
24.738548986730567
24.738548986730567
24.738548986730567
24.738548986730567
24.738548986730567
24.738548986730567
24.738548986730567
24.738548986730567
24.738548986730564
24.738548986730475
24.73854898669728
24.73854898669728
24.73854898669728
24.738548986697076
24.738548986697076
24.738510284493508
24.738510284493508
24.738510284493508
24.738510284493508
24.738510284493508
24.738510284493508
24.738510284493508
24.738510284493508
24.738510284493508
24.738510284493508
24.738510284493508
24.738510284493508
24.738510284493508
24.738510284493508
24.738510284493508
24.738510284493508
24.738510284493508
24.738510284493508
24.738510284475336
24.738510284475336
24.738510284475336
24.738510284475336
24.738510284475336
24.738510284475336
24.738510284475336
24.738510284475336
24.738510283338222
24.738510283338222
24.738510283338222
24.738510283335668
24.738510283335668
24.738510283335668
24.7383437677281
24.7383437677281
24.7383437677281
24.7383437677281
24.7383437677281
24.7383437677281
24.738343765627842
24.738343765627842
24.738343765627842
24.738343765627842
24.738343765627842
24.738343765627842
24.738343765627842
24.738343765627842
24.738343765627842
24.738343765627803
24.738343765627803
24.73598537905247
24.73598537905247
24.73598537905247
24.73598537905247
24.73598537805169
24.73598537805156
24.73598537805156
24.73598537805154
24.73598537805154
24.73598537805154
24.73598537805154
3.220527702859979
3.2205276917132064
3.2205276917132064
3.2205276917132064
3.220527691713201
3.220527691713201
3.2205276898530064
3.2205276898530064
3.2205276898530064
3.2205276898530064
3.2205276898530064
3.2205276898530064
3.220527689852657
3.220527689852657
3.220527689852657
3.220527689852657
3.220527689852657
2.7258910556605715
2.7258910556605715
2.725891052736937
2.725891052736934
2.725891052736934
2.7258910125290208
2.7258910125290208
2.7258910125290208
2.7258910125290208
2.7258910125290208
2.7258910125290208
2.7258910125290208
2.7258910125290208
2.7258910125290208
2.7258910125290194
2.725891012528979
2.725891012528979
2.725891012528979
2.7258909943484095
2.7258909943484095
2.725890122644509
2.725890122644509
2.725890122644509
2.725890122644509
2.725890122405415
2.725890122405415
2.7258901224045706
2.7258901224045706
2.725890122372451
2.6958891300806966
2.6958891300806966
2.6958891300806966
2.6958891300806966
2.695889130079029
2.695889130079029
2.695889130079022
2.695889130079022
2.695889130079022
2.6958889916423114
2.695882097783094
2.695882097783094
2.6958820977813005
2.6958820966727917
2.695882096672791
2.695882096672791
2.695882096672791
2.695882096672791
2.6958788111021845
2.6958788111021845
2.6958788111021845
2.6958788111021845
2.6958788111021845
2.6958787961973423
2.6958787961973423
2.6958787961973423
2.695878796194759
2.6958787915358084
2.695878791535807
2.6958787915358027
2.6958787915358027
2.69585137910971
2.69585137910971
2.69585137910971
2.695488711198875
2.695488711198875
2.6937094010828955
2.6937094010828955
2.6937093674827564
2.6937093674827564
2.6937093657342985
2.693709363861139
2.693709363861139
2.693709363861139
2.693709363861139
2.6937093638611085
2.6937093638611085
2.6937093638611085
2.6937093638611085
2.6937093638611085
2.6937093638611085
2.6937093638611085
2.6937093638611085
2.6937093638611085
2.6937093638610032
2.6937093638610032
2.6937093638610032
2.6937093638610032
2.6937093638610032
2.6867578704012884
2.6867578704012884
2.6867578704012884
2.6867578704012884
2.6867578704012884
2.686757588812005
2.686757588812005
2.686757588812005
2.686757588812005
2.6867575888116475
2.6867574534470644
2.6867574534470644
2.6867565481164393
2.6867565481164393
2.6867565481164393
2.6867565481164393
2.6867565481164393
2.6867565481164393
2.6867565481164393
2.6867565481164393
2.6867565481164393
2.6867565481164393
2.6867428165496348
2.6867428161564746
2.6867370672084556
2.6867370672084556
2.6867229332545275
2.6867229332545275
2.6867229332545275
2.6867229332545275
2.686313746658084
2.686313746658084
2.686313746658084
2.686313746658084
2.686313746658084
2.686301032537864
2.686301032537864
2.686301032537864
2.686301032537864
2.686301032537864
2.686301032161276
2.6863010321612752
2.6863010321612752
2.6560537235815724
2.656053514017636
2.656053487874245
2.656053487874245
2.656053487874245
2.656053487874245
2.656053487874245
2.656053487874245
2.656053487874245
2.656053487874245
2.656053487874245
2.6560531763374313
2.6560531763374313
2.6560531763374313
2.6560531763374313
2.656053176337318
2.656053176337318
2.6560531692457956
2.6560531692457956
2.6560531692457956
2.6560531692457956
2.6560531692457956
2.6560531692457956
2.6560531692457956
2.6560531692457956
2.656053169245642
2.6560531691794123
2.656037359445208
2.656037359445208
2.656037359445208
2.6560373594412128
2.6560373594412128
2.6560373594412128
2.6560373594412128
2.656037315958057
2.656037315957973
2.656037315957973
2.656037315957973
2.656037315957973
2.656037315957973
2.656037315957973
2.656037315957973
2.656037315957973
2.656037302980337
2.656037252186928
2.656037252186928
2.656037252186928
2.6558525128975625
2.6558525128975625
2.6558525128975625
2.6558525128975625
2.6558525128975625
2.6558525128975625
2.6558525128975625
2.6558525128975625
2.6558525128975625
2.6558525128975625
2.6558525128975625
2.6558525128975625
2.6558525128975625
2.6558525128975625
2.6558525128974613
2.6558525128974613
2.6558525128974586
2.6558525128974586
2.6558525128974586
2.6558525128974586
2.6558525128974586
2.6558525128974586
2.6558525128974586
2.6558525128974586
2.6558525128974586
2.6558525128974586
2.6558525128974586
2.6558525128974586
2.6558525128974586
2.6558524942070774
2.6558524942070774
2.6558524942070774
2.6558524942070774
2.6558524808237505
2.6558524808237505
2.655852480524955
2.655852480524955
2.655852480524898
2.655852480524898
2.655852480524898
2.655852480524898
2.655852480524898
2.655852480524898
2.655852480524898
2.6558524805248975
2.6558524805248975
2.6558524805248496
2.6558524805248496
2.6558524805248496
2.6558524805248496
2.6558524805178276
2.6558524805178276
2.6558524805178276
2.6558524805178276
2.6558524805178276
2.6558524805178276
2.6558524802646453
2.6558524802646453
2.6558524802646453
2.6558524802646444
2.6558524802646444
2.6558524802646444
2.6558524802646444
2.6558524802646444
2.65585248026408
2.65585248026408
2.65585248026408
2.65585248026408
2.65585248026408
2.65585248026408
2.65585248026408
2.65585248026408
2.65585248026408
2.65585248026408
2.65585248026408
2.65585248026408
2.65585248026408
2.65585248026408
2.655852475186629
2.6558521926632124
2.6558521926632124
2.6558521926632124
2.6558521926597947
2.6558521926597947
2.655852192469895
2.655852192469895
2.655852192469895
2.655852192469895
2.655852192469895
2.655852192469895
2.655852192469895
2.655852192469895
2.655852192469895
2.655852192469895
2.655852192469895
2.655852192469895
2.6558514421911394
2.6558514421911394
2.6558514421911394
2.6558391710351232
2.655839132597782
2.6558391094215383
2.6558391094215383
2.6558391094215383
2.655839109349213
2.655839109349213
2.655839109349213
2.655839109349213
2.655839109349213
2.655839109349213
2.655839109349213
2.655839109240528
2.655839109240528
2.655839109240528
2.655839108873788
2.6558391088694013
2.655839108616707
2.6558391086102895
2.6558391086102895
2.6558391086102895
2.6558391086102886
2.6558391086102886
2.6558391086102886
2.6558391086102886
2.6558391086102886
2.6558391086102886
2.6558391086102886
2.6558391086102886
2.655839108503283
2.655839108503283
2.6558391084916897
2.6558391084916897
2.6558391070834566
2.6558390814029433
2.6558390814029433
2.6558390814029433
2.6558390814029433
2.6558390814029433
2.6558390814029433
2.6558390814029433
2.6558390814029433
2.6558390814029433
2.6558390814029433
2.6558390814029433
2.6558390814029433
2.6558390814029433
2.6558390814029433
2.6558390814029433
2.6558390814029433
2.6558390814029433
2.6558390814029433
2.6558390814029433
2.6558390814029433
2.6558390814028336
2.6558390814028336
2.6558390814028336
2.655839081402833
2.655839081402833
2.655839081402833
2.6558380118717078
2.6558376846905754
2.6558376846905754
2.6558376846905754
2.6558376846905745
2.6558376846905745
2.655837684686968
2.655837684686968
2.655837684686968
2.655837684686968
2.655837684686968
2.655837684686968
2.655837684686968
2.655837684686968
2.655837684686968
2.6558376846869667
2.6558376846869667
2.6558376846869653
2.6558376846869653
2.655837684686965
2.6558369188470534
2.6558369188470534
2.6558193929789113
2.6558193929694167
2.6558193929694167
2.6558193929694167
2.6558193929694167
2.6558193929694167
2.6558193929694167
2.6558193929694167
2.6558193929694167
2.6558193929694167
2.6558193929694167
2.655819392967294
2.655819392966919
2.655819392966919
2.6558173323492205
2.6558173323492205
2.6558173323492205
2.6558171004158213
2.6558171004158213
2.655817099074535
2.655817099074535
2.655817099074535
2.655817099074535
2.655817099074535
2.655817099074535
2.655817099074535
2.655817099074535
2.655817099074535
2.655817099074535
2.655817099074535
2.6558170990712657
2.6558170096847724
2.6558170096847724
2.6558170096847724
2.6558170096847724
2.6558170096847724
2.6558170096847724
2.6558162318990597
2.655816205800664
2.655816205800664
2.655816205800664
2.655816205800664
2.655816205800664
2.655816205800664
2.655816205800664
2.655816205800664
2.655816205800664
2.655816205800664
2.655816205800664
2.655816205800664
2.6558162056308015
2.6558162056308015
2.6558162056308015
2.6558161734042995
2.6558161734042995
2.6558161734042995
2.6558161734042995
2.6558161734042995
2.6558161734042995
2.6558161734042995
2.6558161734020795
2.6558161734020795
2.6558161733992116
2.6558161733992116
2.6558161733992116
2.6558161733992116
2.6558161733992116
2.6558161733992
2.6558161733992
2.6558161733992
2.6558161733992
2.6558161733992
2.6558161731884224
2.6558161731884224
2.6558161731884224
2.6558161731884224
2.6558161731884224
2.6558161731884224
2.6558161731880405
2.6558161731880405
2.6558161731880405
2.6558161731880405
2.6558161731880405
2.65581617318804
2.65581617318804
2.65581617318804
2.65581617318804
2.65581617318804
2.6558161731813206
2.655816173181316
2.6558161717234174
2.6558161717234174
2.655816171723182
2.655816171723182
2.655816171723182
2.655816171723182
2.655816171723182
2.6558161717208426
2.6558161717208426
2.655816171717333
2.655816171717333
2.655816171717333
2.655816171717333
2.655816171717333
2.655816171716882
2.655816171716533
2.655816171716533
2.6558161669844997
2.6558161669844997
2.6558161048553304
2.6558161048553304
2.655816102500974
2.655816102500974
2.655816102500974
2.655816102500974
2.655816102500974
2.655816102500974
2.655816102500974
2.655816102500974
2.655816102500974
2.655816102500974
2.655816102500974
2.655816102500974
2.655816102500974
2.655816102500974
2.655816102500974
2.655816102500974
2.6558161025008107
2.6558161025008107
2.6558161025008107
2.6558161025008107
2.6558161025008107
2.6558161025008107
2.6558161025008107
2.65581610219947
2.65581610219947
2.6558161021972384
2.6558161021221625
2.6558161021221625
2.6558161021221625
2.6558161021221625
2.6558161021221625
2.6558161021221625
2.6558161021221625
2.6558161021221625
2.6558161021221625
2.6558161021221625
2.6558161021221625
2.6558160993330544
2.6558160993330544
2.6558160993330544
2.6558160993330544
2.6558160993330544
2.6558160978325898
2.6558160978325898
2.655816097826987
2.655816097826987
2.655816097826987
2.6558160978269862
2.6558160847269154
2.6558160847269154
2.6558160847269154
2.6558160847269088
2.6558160847269088
2.6558160847269088
2.6558160833678937
2.6558160833678937
2.6558160833678937
2.6558160833678937
2.6558160833678937
2.6558160833678937
2.6558160833678937
2.6558160833678937
2.6558160833678937
2.6558160833678937
2.6558160833678937
2.655816083367888
2.655816083367888
2.655816083367888
2.655816083367888
2.6558160833678217
2.6558160833678217
2.6558160833678217
2.6558160833678217
2.6558160833678217
2.6558160833678217
2.6558160833678217
2.6558160833678217
2.6558160833678217
2.6558160833678217
2.6558160833678217
2.655816083367821
2.655816083367821
2.655816083367821
2.655816083367821
2.6558160833678044
2.655816083367553
2.655816083363158
2.655816083363158
2.655816083363158
2.655816083363158
2.655816083363158
2.655816083363158
2.654375615266831
2.654375615266831
2.6509643598064745
2.650964359800959
2.650964359800959
2.650964359800959
2.6509643598009305
2.6509643598009305
2.6509643598009305
2.6509643598009305
2.6509643598009305
2.6509643598009305
2.6509643597989125
2.650964358713741
2.650964358713741
2.650964358713741
2.650964358713741
2.650964358713741
2.6509643587137224
2.6509643587100196
2.6509643587100196
2.6509643587100187
2.6509643587100187
2.6509643587100187
2.6509643587100187
2.65096435728206
2.65096435728206
2.65096435728206
2.65096435728206
2.6509643572783355
2.6509643572783355
2.6509643572783355
2.6509643572783355
2.6509643572783355
2.6509643572783355
2.6509643572783355
2.6509643572783355
2.6509643572783355
2.6509643572783355
2.6509643572783355
2.6509643572783355
2.6509643572783355
2.650964343086822
2.650964343086822
2.650964343086822
2.650964343086822
2.650964343086822
2.650964343086822
2.650964343086822
2.650964343086822
2.650964343086822
2.650964343086822
2.650964343086774
2.650964341888303
2.650964341888303
2.6508281154628017
2.650825468654874
2.650825468654874
2.650825468654874
2.650825468654874
2.650825468654874
2.6508254686437187
2.6508254686437187
2.6508254686437187
2.6508254686437187
2.650825468606961
2.650825468606961
2.650825468606961
2.650825468606961
2.650825468606961
2.6508254676720617
2.6508254676720617
2.6508254676720617
2.6508254676720617
2.65082546457246
2.65082546457246
2.650825464402052
2.650788451884379
2.650788451884379
2.650788451884379
2.650788451884379
2.6503397548970673
2.6503397548970673
2.6503397548970673
2.6503397548970673
2.6503397548970673
2.6503397548970673
2.6503397548970673
2.650339754897066
2.650339754897066
2.650339754897066
2.650339754897066
2.650339754897066
2.650339754897066
2.650339754897066
2.6503397548970624
2.6503397548970624
2.650339754896998
2.650339754896968
2.650339754896968
2.650339754896968
2.650339754896968
2.650170585983824
2.650170585983824
2.650170585983824
2.650170585983824
2.650170585983824
2.650170585982794
2.650170585982794
2.650170585982794
2.650170585982794
2.650170585982794
2.650170585982794
2.650170585982794
2.650170585982794
2.650170585982794
2.648464733667618
2.648464733667582
2.648464733667582
2.648464733667582
2.648464733667582
2.648464733667582
2.648464733667582
2.648464733667581
2.648464733667581
2.648464733221637
2.6484647332142424
2.6484647332142424
2.6484647332142424
2.6484647332142424
2.6484647332142424
2.6484647332142424
2.6484647332142424
2.6484647332142424
2.6484647332142424
2.6484647332142424
2.6484647296164674
2.6484647296164674
2.6484647296164674
2.6484647296113253
1.7964637194137774
1.7964637194137774
1.7964637194137774
1.7964637194137774
1.7964635885382643
1.7964635885382643
1.7964635885233864
1.7964635885233864
1.7964635885233864
1.7964635885233864
1.7964635885233864
1.7964635885233864
1.7964635885233864
1.7964635885233864
1.7964635885233864
1.7964635885233864
1.7964635885233864
1.7964635885233864
1.7964635885233864
1.7964635885213052
1.7964635885213052
1.7964635885213052
1.7964635885213052
1.7964635885213052
1.7964635885213052
1.7964635429378975
1.7964635429378975
1.7964635429378975
1.7964635429378975
1.7964635429378975
1.7964635429378975
1.7964635429378975
1.7964635429378975
1.7964635429378975
1.7964635429378975
1.7964635428838993
1.7964635428838993
1.7964635428838993
1.7964635428838993
1.7964635428838835
1.7964635428838835
1.7964635428838835
1.7964635428838835
1.7964635428838835
1.7964635428838835
1.7964635428838835
1.7964635428838835
1.7964635428838835
1.7964635428721252
1.7964635428721252
1.7964635428721252
1.7964635428721252
1.7964635428721252
1.7964635428721252
1.7964635428721252
1.7964635428721252
1.7963175955455932
1.7963175955455932
1.796317595545556
1.7963175955455524
1.7963175955455524
1.7963175955141346
1.7963175955141346
1.7963175955141346
1.7963175955141346
1.796317250841222
1.7963172508412217
1.7963172508412217
1.7963038054872378
1.7963038054872378
1.7963038054872378
1.7963038054872378
1.7963038054872378
1.7963038054872378
1.7961857609664387
1.7961857609664387
1.7961857609664387
1.7961857609602447
1.796185760959214
1.796185760959214
1.796185760959214
1.796177630203117
1.796177630203117
1.796177630203117
1.7961776302031096
1.7961776302031096
1.7961776302031096
1.7961776302031096
1.7961776302031096
1.7961776302031096
1.7961776302031096
1.7961776302031096
1.796177630203107
1.796177630203107
1.796177630203107
1.796177630203107
1.796177630203107
1.796177630203107
1.7961747856641788
1.7961747856641788
1.7961747856641788
1.7961747856641788
1.7961747856641788
1.7961747856641788
1.7961747856641788
1.7961747856641788
1.7961747856641788
1.7961747856641788
1.7961747856641788
1.7961747856641788
1.7961747856641788
1.7930270120131004
1.7930270120131004
1.7930270120131004
1.7930270120131
1.7930270120131
1.7926837389546983
1.7926837389546983
1.7926837389546983
1.7926837389546983
1.7926837389546983
1.7926837389546983
1.7926837389546983
1.7926837389546983
1.7926837389546983
1.7926837389546983
1.7926837389546983
1.7926837389485342
1.7926837389485342
1.7926837389485342
1.7926837389485342
1.7926837389485342
1.7926837389478147
1.792683479956727
1.792683479956727
1.792683479956727
1.7926834799451974
1.7926834799451974
1.7926833834455056
1.7926833834274716
1.7926833834274716
1.7926833834274716
1.7926833834239053
1.7926833834239053
1.7926833834239053
1.7926833834239053
1.7926833834239053
1.7926833834239053
1.7926833834239053
1.7926833834239053
1.7926833834239053
1.7926833834239053
1.7926833834239053
1.7926833834239053
1.7926833834239053
1.7926833834239053
1.7926833834239053
1.7926833833937361
1.7926833833937361
1.7926833833937361
1.792678091541192
1.792678091541192
1.792678091541192
1.792678091541192
1.792678091541192
1.792678091541192
1.792678091541188
1.7926776518474883
1.7926776518474883
1.7926776518474883
1.7926776518474883
1.7926776518474883
1.7926776518357908
1.7926776518338816
1.7926776518338816
1.7926776518338816
1.7926776518338816
1.7926776518338816
1.792677651833881
1.792677651833881
1.7914563373066321
1.7914563373066321
1.7914563373066321
1.7914563373066321
1.7914563373066321
1.7914563373066321
1.7914562732309955
1.7914562732309955
1.7914562732309955
1.7914562720380578
1.7914562720380578
1.7914562720380578
1.7914562720380578
1.7914562720380578
1.7914562720380578
1.791456257266114
1.791456257266114
1.791456257266114
1.791456257266114
1.791456257266114
1.791456257266114
1.791456257266114
1.7914493242219145
1.7914493242219145
1.7914355099504136
1.7914355099504136
1.7914355099504136
1.7914355099504136
1.7914355099504136
1.7914355099504136
1.7914355099504136
1.7914355099504136
1.7914355099504136
1.7914355099504136
1.7914355099504136
1.7914355099504136
1.7914355099504136
1.7914355099504136
1.7914355099504102
1.7914355099504102
1.7914355099504102
1.7914355099504102
1.7914355099504102
1.7914355099504102
1.7914355099504025
1.7914355099504025
1.7914355099504025
1.7912420757626668
1.7912420757626668
1.7912420757626668
1.7912420757626668
1.7912420746869606
1.7912420746869606
1.7912420746869606
1.7912420746869606
1.791242074510844
1.791242074510844
1.791242074510844
1.791242074510844
1.7912420745099653
1.7912420745099653
1.7912420745099653
1.7912420745099653
1.7912420745099653
1.7912420745099007
1.7912420745099007
1.7912420745099007
1.7912420745099007
1.7912420745099007
1.7912420745099007
1.7912420745099007
1.7912420745099007
1.7912420745099007
1.7912420745099007
1.7912420745099007
1.7912420674686278
1.7912420674686278
1.7912420674686278
1.7912420674686278
1.7912420674686278
1.7912420674686278
1.7912420674686278
1.7912420674686278
1.7912420674686278
1.7912420674686278
1.7912420674686278
1.7912420674686278
1.791242067465783
1.7912420674649316
1.7912420674649316
1.7912420674616047
1.7912420674616047
1.7912420674616047
1.7912420674616047
1.7912420674616047
1.7912420674616047
1.7912420674616047
1.7912420674616047
1.7912420674616047
1.7912420674616047
1.7912420674616047
1.7912420674616047
1.7912420674616047
1.7912420674616043
1.7912420674616043
1.7912420674616043
1.7912420674616043
1.7912420674616043
1.7912420674616043
1.7912420674616043
1.7912420674610334
1.7912420674610334
1.7912420674610334
1.7912420674610334
1.7912420674610334
1.7912420674610334
1.7912420587264348
1.7912420587264348
1.7912420586815692
1.7912420586815692
1.7912420586815618
1.7912420586437288
1.7912420586437288
1.7912420586437288
1.7912420586437288
1.7912420586437288
1.7912420586437288
1.7912420586437288
1.7912420586437288
1.7912420586437288
1.7912420586436777
1.7912420586436777
1.7912420586436777
1.7912420586436777
1.7912420586436777
1.7912420586436733
1.7912420586436733
1.7912418430145027
1.7912418430141774
1.7912417715191795
1.7912417715191795
1.7912417715191795
1.7912417715191795
1.7912417715191795
1.7912417715191795
1.7912417715191795
1.7912417715191795
1.7912417715191795
1.7912417715191191
1.7912417715191191
1.791241771519118
1.791241771519118
1.791241771519118
1.791241771519118
1.791241771519118
1.791241771519118
1.791241771519118
1.791241771519118
1.791241771519118
1.791241771519118
1.791241771519118
1.7912415100923804
1.7912415100923804
1.7912415100923804
1.7912415100923804
1.7912415100923804
1.7912415100923804
1.7912415100923804
1.7912415100923804
1.7912415100923804
1.7912415100923804
1.7912415100857677
1.7912415100857677
1.7912415100857677
1.7912415100814454
1.7912397370783637
1.7912397370783637
1.7912397370783637
1.7912397370783637
1.7912397370783637
1.7912397370783637
1.7912397370783637
1.7912397370783637
1.791239134329422
1.791239131169821
1.791239115430644
1.791239115430644
1.791239115430644
1.791239115430644
1.791239115430644
1.7912391154306362
1.7912391154301006
1.7912391154300258
1.7912391154300251
1.791239108569832
1.791239108569832
1.791239108569832
1.791239108569832
1.791239108569832
1.791239108569832
1.791239108569832
1.791239108569832
1.7912391085697839
1.7912391085697839
1.7912391085697839
1.7912391085697839
1.7912391085697839
1.7912391085697836
1.791239106473765
1.7912390834708576
1.7912390834708576
1.7912390834708576
1.7912390834708576
1.7912390834708576
1.7912390834708576
1.7912390834667604
1.7912390834667604
1.7912390834667604
1.7912390834667604
1.7912390834667271
1.7912390834667271
1.7912390834667271
1.7912390834667271
1.7912390834667271
1.7912390834667211
1.7912390834667211
1.7912390834667211
1.791239083466718
1.791238851070384
1.791238851070384
1.791238851070384
1.791238851070384
1.791238851070384
1.7912334548750277
1.7912334548750277
1.7912334548750277
1.791233454875018
1.791233454875018
1.791233454875018
1.7912334548749254
1.7912334548749254
1.7912334548749254
1.791233454874905
1.791233454874905
1.791233454874905
1.791233454874905
1.7912130591399111
1.7912130591399111
1.7912130591399111
1.7912130591399111
1.7912130591399111
1.7912130591399111
1.7912130591399111
1.7912130591399111
1.7912130591399111
1.7912130591399111
1.7912130591399111
1.7912130591399111
1.7912130591399111
1.7912130136408075
1.7912130136408075
1.7912130136408075
1.7912130136408075
1.7912130136408075
1.7912130136408075
1.7912130136408075
1.7912130136408075
1.7912130136408075
1.7912130136408075
1.7912130136408075
1.7912130136408075
1.7912130136408075
1.7912130136408075
1.7912130136408075
1.7912130136408067
1.7912130136408067
1.7912130136402598
1.7912130136402598
1.7910604602471458
1.791060459087759
1.7910604561046852
1.7910604561046852
1.7910483202343386
1.7910483202343386
1.7910483202343386
1.7910483202343386
1.7910483202343386
1.7910483202343386
1.7910483202343386
1.7910483202343386
1.7910483202343386
1.7910483202343386
1.7910483202343386
1.7910483202343386
1.7910483202343386
1.7910483202343386
1.7910483202343386
1.7910483202343386
1.7910483202343386
1.7910483202343386
1.7910483202342997
1.7910483202342997
1.7910483053204724
1.7910483053204724
1.7910483052552815
1.7910483052552815
1.7910483052552815
1.7910483052552815
1.7910483052552815
1.7910483052552815
1.7910483052552815
1.7910483052552815
1.7910483052552815
1.7910483052552815
1.7910483052552815
1.7910483029963142
1.7910483029963142
1.7910483029963142
1.7910483029963127
1.7910483029963127
1.791043744276809
1.791043744276768
1.791043744276768
1.791043744276768
1.791043744276768
1.791043744276768
1.791043744276768
1.7910437442767184
1.7910437442767184
1.7910437442767184
1.7910437442767184
1.7910437442767184
1.7910437442767184
1.7910437442767184
1.7910437442767184
1.791043744215467
1.791043744215467
1.791043744215467
1.791043744215467
1.791043744215467
1.791043744215467
1.7910437442154616
1.791043744214822
1.791043744214822
1.791043744214822
1.791043744214822
1.791043744214822
1.7910437442148215
1.7910437442148215
1.7910437442148215
1.7910437442148215
1.7910437442148215
1.7910437442148215
1.7910437442147755
1.7910437442147755
1.7910437442147755
1.7910437442146574
1.7910437442146574
1.7897826484782924
1.7897826484782886
1.7897826484782886
1.789782648478287
1.789782648478287
1.7897826484782655
1.7897826484782655
1.7897826484782653
1.7897826484782653
1.7897826484782653
1.7897826484782653
1.7897826484782653
1.7897826484782653
1.7897826484782653
1.7897826484782653
1.7897826484782653
1.7897826484782653
1.7897826484782429
1.7897826484782429
1.7897826484782429
1.7897826484782429
1.7897826484782429
1.7897826484782429
1.7897826484782429
1.7897826484782429
1.7897826484782429
1.7897826458401715
1.7897826458401715
1.7897826458401715
1.7897826348547592
1.789782634854748
1.789782634854748
1.789782634854748
1.789782634854748
1.789782634854748
1.789782634854748
1.789782634854748
1.789782634854748
1.789782634854748
1.7897826348545733
1.7897826343706167
1.7897826343706167
1.7897826343706167
1.7897826343706167
1.7897826343706167
1.7897826343706167
1.7897826343706167
1.7897826343706167
1.7897826343166328
1.7897826343166328
1.7897826343166328
1.78978263352151
1.78978263352151
1.7897826274228672
1.7897826274228672
1.787523212616825
1.7875232114352535
1.7875232114352535
1.7875232114352535
1.7875232114352535
1.7875232114352535
1.7875232114352535
1.7875232114352255
1.7875232114352255
1.7875232114352255
1.7875232112243682
1.7875232112243682
1.7875232112243682
1.7875232112209773
1.7875232112209773
1.7875232112209773
1.7875232112209773
1.7875232112209773
1.7875232112209773
1.7875232112209773
1.787523211220862
1.787523211220862
1.787523211220862
1.787523211220862
1.787523211220862
1.787523211220862
1.787523211220862
1.787523211220862
1.787523211220801
1.787523211220801
1.787523211220801
1.787523211220801
1.787523211220801
1.787523211220801
1.787523211220801
1.787523211220801
1.787523211220801
1.787523211220801
1.787523211220801
1.787523211220801
1.787523211220801
1.787523211220801
1.787523211220801
1.787523211220801
1.787523211220801
1.787523211220801
1.787523211220801
1.787523211220801
1.787523211220801
1.787523211220801
1.787523211193324
1.787523211193324
1.787523211193324
1.787523211193324
1.787523211193324
1.787523211193324
1.787523211193324
1.7875232111933235
1.7875232111933235
1.7875222498115424
1.7875222498115424
1.7875222498115424
1.7875222498115424
1.7875222498115424
1.7875222498115424
1.7875222498115424
1.7875222498115424
1.7875222498076082
1.7875222498076082
1.7875222498067107
1.7875222498067107
1.7875222498067107
1.7875222498067107
1.7875222498067107
1.7875222498067107
1.7875222498067107
1.7875222498067107
1.7875222498067
1.7875222498067
1.7875222498067
1.7875222498066976
1.7875222498066976
1.7875222498066976
1.7875222498066976
1.7875222498066976
1.7875222498066976
1.7875222498066976
1.7875222498066976
1.7875222498066976
1.7875222498066976
1.7875222498066976
1.7875222498066976
1.7875222498066923
1.787522249806692
1.787522249806692
1.787522249806692
1.787522249806692
1.787522249806692
1.787522249806692
1.787522249806692
1.787522249806692
1.7875222498066914
1.7875222498066914
1.7875222498066914
1.7875222498066914
1.7875222498066914
1.7875222498066914
1.7875222498066914
1.7875222498066914
1.7875222498066914
1.7875222498066914
1.7875222498066907
1.7875222498066907
1.7875222498003969
1.7875222498003969
1.7875222498003969
1.7875222498003969
1.7875222498003969
1.7875222498003969
1.7875222498003969
1.7875222498003969
1.7875222498003969
1.7875222498003969
1.7875222498003969
1.7875222498003969
1.7875222498003969
1.7875222498003969
1.7875222498003969
1.7875222498003969
1.7875222498003969
1.7875222498003969
1.7875222498003969
1.7875222498003969
1.7875221392611178
1.7875221392611178
1.7875221392611178
1.7875221392611174
1.7875221392611174
1.7875221392611174
1.7875221392611174
1.7875221392611174
1.787522139261113
1.787522139261113
1.787522139261113
1.787522139261113
1.787522139261113
1.787522139261113
1.787522139261113
1.787522139261113
1.787522139261113
1.787522139261113
1.787522139261113
1.787522139261113
1.787522139261113
1.787522139261113
1.7875221358256719
1.7875221358256719
1.7875221358256719
1.7875221295110972
1.7875221295110972
1.7875221295110972
1.7875221295110972
1.7875221295110972
1.7875221295110972
1.7875221295110972
1.7875221295110972
1.7875221295110972
1.7875221295110972
1.7875221295110972
1.7875221295110972
1.7875221295110972
1.7875221295110972
1.7875221295110972
1.7875221295110972
1.787522129511096
1.787522129511096
1.787522129511096
1.787522129511096
1.787522129511096
1.787522129511096
1.787522129511096
1.787522129511096
1.787522129511096
1.787522129511096
1.787522129511096
1.7875221295110955
1.7875221295110955
1.7875221295110955
1.7875221295110955
1.7875221295110955
1.7875221295110955
1.7875221295110955
1.7875221295110955
1.7875221295110955
1.7875221295110955
1.7875221295110955
1.7875221295110955
1.7875221295089696
1.7875221295089594
1.7875221295089592
1.7875221295089592
1.7875221295089592
1.7875221295089592
1.7875221295089592
1.7875221295089592
1.7875221295089592
1.7875221295089592
1.7875221295089592
1.7875221294673749
1.7875221294673749
1.7875221294673749
1.7875221294673749
1.7875221294673749
1.7875221294673749
1.7875221294673749
1.7875221294673749
1.7875221294673749
1.7875221294673749
1.7875221294673749
1.7875221294673749
1.787522129463996
1.787522129463996
1.787522129463996
1.787522129463996
1.787522129463996
1.787522129463996
1.787522129463996
1.787522129463996
1.787522129463996
1.7875221294639818
1.7875221294639818
1.7875221294639818
1.7875221294639818
1.7875221294639705
1.7875221294639705
1.7875221294639705
1.7875221294639705
1.7875221294639705
1.7875221294372854
1.7875221294372854
1.7875221294372854
1.7875221294372854
1.7875221294372854
1.7875221294372854
1.7875221294372854
1.7875221294372763
1.7875221294372763
1.7875221294372763
1.7875221294372763
1.7875221294372763
1.7875221294372763
1.7875221294372763
1.7875221289967411
1.7875221289967411
1.7875221289967411
1.7875221289967411
1.7875221289967411
1.7875221289967302
1.7875221289967302
1.7875221289967302
1.7875221289967302
1.787522128960335
1.787522128960335
1.787522128960335
1.787522128960335
1.787522128960335
1.787522128960335
1.787522128960335
1.787522128960335
1.787522128960335
1.787522128960335
1.787522128960335
1.787522128960335
1.787522128960335
1.787522128960335
1.787522128960335
1.787522128960335
1.787522128960335
1.787522128960314
1.787522128960314
1.787522128960314
1.787522128960314
1.787522128960314
1.787522128960314
1.787522128960314
1.787522128960314
1.787522128960314
1.787522128960314
1.787522128960314
1.787522128960314
1.787522128960314
1.787522128960314
1.787522128960314
1.787522128960314
1.787522128960314
1.7875221289603103
1.7875221289603103
1.7875221289603103
1.7875221289603103
1.7875221289603103
1.7875221289603103
1.7875221289603103
1.7875221289603103
1.7875221289603103
1.7875221289603103
1.7875221289603096
1.7875221289603096
1.7875221289603096
1.7875221289603094
1.7875221289603094
1.7875221289603094
1.7875221289603094
1.7875221289603094
1.7875221289603094
1.7875221289603094
1.7875221289603094
1.7875221289603094
1.7875221289603094
1.7875221289603094
1.7875221289603094
1.7875221289603094
1.7875221289603094
1.7875221289603094
1.7875221289603094
1.7875221289603094
1.7875221289603094
1.7875221289603094
1.7875221289603094
1.7875221289603094
1.7875221289603094
1.7875221289603094
1.7875221289603094
1.7875221289603094
1.7875221289603094
1.7875221289603094
1.7875221289603094
1.7875221289603094
1.7875221289603094
1.7875221289603094
1.7875221289603094
1.7875221289603094
1.7875221289594412
1.7875221289594412
1.7875221289594412
1.7875221289594276
1.7875221289594276
1.7875221289594276
1.7875221289594276
1.7875221289594276
1.7875221289594276
1.7875221289594276
1.7875221289594276
1.7875221289594276
1.7875221289594276
1.7875221289594276
1.7875221289594276
1.7875221289594276
1.7875221289594276
1.7875221289594276
1.7875221289594276
1.7875221289588303
1.7875221289588303
1.7875221289588135
1.7875221289588135
1.7875221289588135
1.7875221289588135
1.7875221289588135
1.7875221289588135
1.7875221289588135
1.7875221289588135
1.7875221289588135
1.7875221289576289
1.7875221289576289
1.7875221289576289
1.7875221289576289
1.787522128957607
1.787522128957607
1.787522128957607
1.787522128957607
1.787522128957607
1.787522128957607
1.787522128957607
1.787522128957607
1.787522128957607
1.787522128957607
1.787522128957607
1.787522128957607
1.787522128957607
1.787522128957607
1.787522128957607
1.787522128957607
1.787522128957607
1.787522128957607
1.787522128957607
1.787522128957607
1.787522128957607
1.787522128957607
1.787522128957607
1.787522128957607
1.7875221289576062
1.7875221289576062
1.7875221289576062
1.7875221289576062
1.7875221289576062
1.7875221289576062
1.7875221289576062
1.7875221289576062
1.7875221289576062
1.7875221289576062
1.7875220766328075
1.7875220766328075
1.7875220766328075
1.7875220766328075
1.7875220766328073
1.7875220766328073
1.7875220766328073
1.7875220766328073
1.7875220766328073
1.7875220766324913
1.7875220766324913
1.7875220766324913
1.7875220766324913
1.7875220766324913
1.7875220766324913
1.7875220766324913
1.7875220766324913
1.7875220766324913
1.7875220766324913
1.7875220766324913
1.7875220766324913
1.7875220766324913
1.7875220766324913
1.7875220766324913
1.7875220766324913
1.7875220766324913
1.7875220766324913
1.7875220766324913
1.7875220766324913
1.7875220766324913
1.7875220766324913
1.7875220766324913
1.7875220766324913
1.7875220766324913
1.7875220766324913
1.7875220766324913
1.787522076632252
1.787522076632252
1.787522076632252
1.787522076632252
1.787522076632252
1.787522076632252
1.787522076632252
1.787522076632252
1.787522076632252
1.787522076632252
1.787522076632252
1.787522076632252
1.7875220766320483
1.7875220766320483
1.7875220766320483
1.7875220766320483
1.7875220766320483
1.7875220766320483
1.7875220766320483
1.7875220766320483
1.7875220766320483
1.7875220766320483
1.7875220766320483
1.7875220766320483
1.7875220766320483
1.7875220766320483
1.7875220766320483
1.7875220766320483
1.7875220766320483
1.7875220766320483
1.7875220766320483
1.7875220766320483
1.7875220766320483
1.7875220766320483
1.7875220766320468
1.7875220766320468
1.7875220766320468
1.7875220766320468
1.7875220766320468
1.7875220766320468
1.7875220766320468
1.7875220766320463
1.7875220766320463
1.7875220766320463
1.7875220766320463
1.7875220766320463
1.7875220766320463
1.7875220766320463
1.7875220766320463
1.7875220766320463
1.7875220766320463
1.7875220766320463
1.7875220766320463
1.7875220766320463
1.7875220766320463
1.7875220766320463
1.7875220766320463
1.7875220766320463
1.7875220766320463
1.7875220766320463
1.7875220766320463
1.7875220766320463
1.787522076632035
1.787522076632035
1.787522076632035
1.787522076632035
1.787522076632035
1.787522076632035
1.787522076632035
1.787522076632035
1.787522076632035
1.787522076632035
1.787522076632035
1.787522076632035
1.787522076632035
1.787522076632035
1.787522076632035
1.787522076632035
1.787522076632035
1.787522076632035
1.787522076632035
1.787522076632035
1.787522076632035
1.787522076632035
1.787522076632035
1.7875220766320306
1.7875220766320306
1.7875220766320306
1.7875220766320306
1.7875220766320306
1.7875220766320306
1.7875220766320306
1.7875220766320306
1.7875220766320306
1.7875220766320306
1.7875220766320306
1.7875220766320306
1.7875220766320306
1.7875220766320306
1.7875220766320306
1.7875220766320306
1.7875220766320306
1.7875220766320306
1.7875220766320306
1.7875220766320306
1.7875220766320306
1.7875220766320306
1.7875220766320306
1.7875220766320306
1.7875220766320306
1.7875220766320306
1.7875220766320306
1.7875220766320306
1.7875220766320306
1.7875220766320306
1.7875220766320306
1.7875220766320306
1.7875220766320306
1.7875220766320306
1.7875220766320306
1.7875220766320306
1.7875220766320306
1.7875220766320306
1.7875220766320306
1.7875220766320306
1.7875220766320306
1.7875220766320306
1.7875220766320306
1.7875220766320306
1.7875220766320306
1.7875220766320306
1.7875220766320306
1.7875220766320306
1.7875220766320306
1.7875220766320306
1.7875220766320306
1.7875220766320306
1.7875220766320306
1.7875220766320306
1.7875220765672866
1.7875220765672866
1.7875220765672866
1.7875220765672866
1.7875220765672866
1.7875220765672866
1.7875220765672866
1.7875220765672866
1.7875220764980764
1.7875220764980764
1.7875220764980764
1.7875220764980764
1.7875220764980764
1.7875220764980764
1.7875220764980764
1.7875220764980764
1.7875220764980764
1.7875220764980764
1.7875220764980764
1.7875220764980764
1.7875220764980764
1.7875220764980764
1.7875220764980764
1.7875220764980764
1.7875220764980764
1.7875220764980764
1.7875220764980764
1.7875220764980764
1.7875220764980764
1.7875220764980764
1.7875220764980764
1.7875220764980764
1.7875220764980764
1.7875220764980764
1.7875220764980764
1.7875220764980764
1.7875220764980764
1.7875220764980764
1.7875220764980764
1.7875220764980764
1.7875220764980764
1.7875220764980764
1.7875220764980764
1.7875220764980764
1.7875220764980764
1.7875220764980764
1.7875220764980764
1.7875220764980764
1.7875220764980764
1.7875220764980764
1.7875220764980764
1.7875220764980764
1.7875220764980764
1.7875220764980764
1.7875220764980764
1.7875220764980764
1.7875220764980764
1.7875220764980764
1.7875220764980764
1.7875220764980764
1.7875220764980764
1.7875220764980764
1.7875220764980764
1.7875220764980764
1.7875220764980764
1.7875220764980764
1.7875220764980764
1.7875220764980764
1.7875220764980764
1.7875220764980764
1.7875220764980764
1.7875220764980764
1.7875220764980764
1.7875220764980764
1.7875220764980764
1.7875220764980764
1.7875220764980764
1.7875220764980764
1.7875220764980764
1.7875220764980764
1.7875220764980764
1.7875220764980764
1.7875220764980764
1.7875220764980764
1.7875220764980764
1.7875220764980764
1.7875220764980764
1.7875220764980764
1.7875220764980764
1.7875220764980764
1.7875220764980764
1.7875220764980764
1.7875220764980764
1.7875220764980764
1.7875220764980764
1.7875220764980764
1.7875220764980764
1.7875220764980764
1.7875220764980764
1.7875220764980764
1.7875220764980764
1.7875220764980764
1.7875220764980764
1.7875220764980764
1.7875220764980764
1.7875220764980764
1.7875220764980764
1.7875220764980764
1.7875220764980764
1.7875220764980764
1.7875220764980764
1.7875220764980764
1.7875220764980764
1.7875220764980764
1.7875220764980764
1.7875220764980764
1.7875220764980764
1.7875220764980764
1.7875220764980764
1.7875220764980764
1.7875220764980764
1.7875220764980764
1.7875220764980764
1.7875220764980764
1.7875220764980764
1.7875220764980764
1.7875220764980764
1.7875220764980764
1.7875220764980764
1.7875220764980764
1.7875220764980764
1.7875220764980764
1.7875220764980764
1.7875220764980764
1.7875220764980764
1.7875220764980764
1.7875220764980764
1.7875220764980764
1.7875220764980764
1.7875220764980764
1.7875220764980764
1.7875220764980764
1.7875220764980764
1.7875220764980764
1.7875220764980764
1.7875220764980764
1.7875220764980764
1.7875220764980764
1.7875220764980764
1.7875220764980764
1.7875220764980764
1.7875220764980764
1.7875220764980724
1.7875220764980724
1.7875220764980724
1.7875220764980724
1.7875220764980724
1.7875220764980724
1.7875220764980724
1.7875220764980724
1.7875220764980724
1.7875220764980724
1.7875220764980724
1.7875220764980724
1.7875220764980724
1.7875220764980724
1.7875220764980724
1.7875220764980724
1.7875220764980724
1.7875220764980724
1.7875220764980724
1.7875220764980724
1.7875220764980724
1.7875220764980724
1.7875220764980724
1.7875220764980724
1.7875220764980724
1.7875220764980724
1.7875220764980724
1.7875220764980724
1.7875220764980724
1.7875220764980724
1.7875220764980724
1.7875220764980724
1.7875220764980724
1.7875220764980724
1.7875220764980724
1.7875220764980724
1.7875220764980724
1.7875220764980724
1.7875220764980724
1.7875220764980724
1.7875220764980724
1.7875220764980724
1.7875220764980724
1.7875220764980724
1.7875220764980724
1.7875220764980724
1.7875220764980724
1.7875220764980724
1.7875220764980724
1.7875220764980724
1.7875220764980724
1.7875220764980724
1.7875220764980724
1.7875220764980724
1.7875220764980724
1.7875220764980724
1.7875220764980724
1.7875220764980724
1.7875220764980724
1.7875220764980724
1.7875220764980724
1.7875220764980724
1.7875220764980724
1.7875220764980724
1.7875220764980724
1.7875220764980724
1.7875220764980724
1.7875220764980724
1.7875220764980724
1.7875220764980724
1.7875220764980724
1.7875220764980724
1.7875220764980724
1.7875220764980724
1.7875220764980724
1.7875220764980724
1.7875220764980724
1.7875220764980724
1.7875220764980724
1.7875220764980724
1.7875220764980724
1.7875220764980724
1.7875220764980724
1.7875220764980724
1.7875220764980724
1.7875220764980724
1.7875220764980724
1.7875220764980724
1.7875220764980724
1.7875220764980724
1.7875220764980724
1.7875220764980724
1.7875220764980724
1.7875220764980724
1.7875220764980724
1.7875220764980724
1.7875220764980724
1.7875220764980724
1.7875220764980724
1.7875220764980724
1.7875220764980724
1.7875220764980724
1.7875220764980724
1.7875220764980724
1.7875220764980724
1.7875220764980724
1.7875220764980724
1.7875220764980724
1.7875220764980724
1.7875220764980724
1.7875220764980724
1.7875220764980724
1.7875220764980724
1.7875220764980724
1.7875220764980724
1.7875220764980724
1.7875220764980724
1.7875220764980724
1.7875220764980724
1.7875220764980724
1.7875220764980724
1.7875220764980724
1.7875220764980724
1.7875220764980724
1.7875220764980724
1.7875220764980724
1.7875220764980724
1.7875220764980724
1.7875220764980724
1.7875220764980724
1.7875220764980724
1.7875220764980724
1.7875220764980724
1.7875220764980724
1.7875220764980724
1.7875220764980724
1.7875220764980724
1.7875220764980724
1.7875220764980724
1.7875220764980724
1.7875220764980724
1.7875220764980724
1.7875220764980724
1.7875220764980724
1.7875220764980724
1.7875220764980724
1.7875220764980724
1.7875220764980724
1.7875220764980724
1.7875220764980724
1.7875220764980724
1.7875220764980724
1.7875220764980724
1.7875220764980724
1.7875220764980724
1.7875220764980724
1.7875220764980724
1.7875220764980724
1.7875220764980724
1.7875220764980724
1.7875220764980724
1.7875220764980724
1.7875220764980724
1.7875220764980724
1.7875220764980724
1.7875220764980724
1.7875220764980724
1.7875220764980724
1.7875220764980724
1.7875220764980724
1.7875220764980724
1.7875220764980724
1.7875220764980724
1.7875220764980724
1.7875220764980724
1.7875220764980724
1.7875220764980724
1.7875220764980724
1.7875220764980724
1.7875220764980724
1.7875220764980724
1.7875220764980724
1.7875220764980724
1.7875220764980724
1.7875220764980724
1.7875220764980724
1.7875220764980724
1.7875220764980724
1.7875220764980724
1.7875220764980724
1.7875220764980724
1.7875220764980724
1.7875220764980724
1.7875220764980724
1.7875220764980724
1.7875220764980724
1.7875220764980724
1.7875220764980724
1.7875220764980724
1.7875220764980724
1.7875220764980724
1.7875220764980724
1.7875220764980724
1.7875220764980724
1.7875220764980724
1.7875220764980724
1.7875220764980724
1.7875220764980724
1.7875220764980724
1.7875220764980724
1.7875220764980724
1.7875220764980724
