44350.72878518235
44347.87132117766
44121.23752426496
44121.23752426496
44121.22949113553
44121.22949112578
43847.26098871832
43847.26098871832
43831.91824737776
43831.918247290174
43831.918247290174
43831.918247290174
43831.918247290116
43831.918247290116
43831.31132472459
43831.31132472459
43831.31132472459
43831.31132472459
43831.31132472459
43831.31132472459
43831.245600485214
43475.928747195736
43470.7189657875
43457.05792683636
43457.05792683636
43457.05792683636
43457.03119162828
43457.03119162828
43457.03094719286
41840.124016018235
41840.124016018235
41840.124016018235
41840.118016789675
41840.118016789675
41840.118016789675
41840.118016789675
41840.118016789675
41840.11801678919
37676.48776823275
37676.48776823275
37676.48776823275
37676.46497094113
37676.32888791009
37676.32888791009
37673.12000252918
37673.12000252918
37669.86901671924
37669.86901671924
37669.86901671924
37669.86901671924
30562.088788402554
30539.55420081184
30539.55420081184
30539.55420081184
30539.554188896207
30539.462639811743
30539.462639811743
30539.46263596806
30539.462635965338
30539.462635965338
30539.462635965338
30537.857640106824
30537.857640106824
30537.857640106824
30537.857640106824
30537.857640106824
30537.857640106824
30537.857640106824
30537.85764000518
30537.85764000518
30537.85764000518
30537.85764000518
30537.85764000518
30537.85764000518
30537.85764000517
30537.47988047275
30537.47988047275
30537.4798538933
30537.4798538933
30537.4798538933
29804.76004408882
29804.76004408882
29804.76004408882
29803.445398772696
29803.445398772696
29803.445398772696
29803.444910582934
29802.6045650324
29802.6045650324
29802.6045650324
29636.168577363158
29636.168577363158
29636.168577363158
29636.168577363158
29636.168577363158
29555.95459254183
29555.95459254183
29555.89432455508
29555.89432455508
29555.89432455508
29555.89432455508
29555.89432455508
29555.89432455508
29555.89432455508
29555.89432455508
28218.99806167034
28197.47430954347
28197.47430954347
28197.47430954347
28197.47430954347
28197.47430954347
28197.47430954347
28197.47430954347
28197.474283099255
28197.474283099255
28197.474283099255
28197.201632857592
28197.201632857592
28196.396964374046
28196.396964374046
28196.396964374046
28196.396964374046
26880.762942902413
26880.762942604804
25663.76185712938
25663.584253157947
25663.584253157947
25663.58425250298
25663.58425250298
25607.54533243217
25607.54533243217
25607.510009598616
25607.510009598616
25607.510009598616
25607.510009598616
25605.787456403305
23967.872047198613
23962.85856197078
23962.780593391468
23962.780140249124
23962.780140249124
23962.780140249124
23962.779820315118
23959.56459438097
23959.56459438052
23959.29482863773
23959.29482863773
23954.276914094546
23752.314579930233
23578.18907437911
23526.816432639913
23317.44659955345
23317.44659955345
23317.446565632934
23157.257310315323
23157.257310315323
23157.253041106145
23020.73374449728
23020.73374449728
23020.63716859813
23020.63716859813
23020.63716859813
22317.07787000297
22317.07787000297
22298.293125100943
21493.8688748137
21493.86837935749
21493.868230503904
21493.868230503904
21493.868230503904
21493.868230503904
21484.116397458965
21484.116397458965
21285.648233082546
21285.648233082546
21285.648233082546
21285.648230841565
21285.647279800243
21285.647279800243
21280.317587826874
21280.317587826874
21280.317587826874
21280.317587826874
21280.317587826874
21280.317587826874
21279.554824089995
21279.554824089995
21279.554824089995
21279.55384315949
21279.55384315949
21279.55384315949
21279.479639457277
21279.479639457277
19599.53373291332
19599.53370917501
19599.533709174993
19599.533709174993
19599.53331144989
19599.519215174456
19599.039363421594
19599.039363421594
19599.039363421594
19599.039363421594
19489.274864593594
19489.274864593594
19489.274864593594
19489.274864593594
19489.274864593594
19489.274864593594
19489.274864593594
19489.274864593594
19489.27484867812
19489.27484867812
19489.27484867812
19489.27484867812
19489.27484862078
19489.27484862078
19489.27484862078
19489.274712820188
19489.274712820188
19489.274712820188
19489.274712820188
19489.274712820188
19489.274712820188
19489.274712820188
19489.27470369667
19489.27470369667
19489.274703487954
19489.274703487954
19489.274703487954
19489.274703487954
19489.274698946094
19489.274698946094
19489.274698946094
19489.27469894608
19489.27469894608
19489.27469894608
19489.27469894608
19489.27469894608
19489.27469894608
19489.27469894608
19489.27469894608
19489.27469894608
19489.27469894608
19489.274698903275
19489.274698903275
19489.274698903275
19489.274698903275
19489.274698903275
19489.274698903275
19489.274698903275
19489.274698903275
19489.274698903275
19489.274616872288
19489.274616872288
19489.125892942327
19489.125892942327
19489.12589159582
19489.12589159582
15967.976321221005
15967.976321221005
15967.976321221005
15967.976321221005
15967.976321221005
15967.976321221005
15967.976164420985
15967.976164420985
15967.520503519809
15967.520503519809
15967.520503519809
15967.520503519809
15967.480581777927
15967.480581777927
15967.48011473619
15967.48011473619
15967.48011473619
15967.48011473604
15967.480114704253
15967.480053796455
15967.480053796455
15775.344319026433
15775.344319026433
13867.77275564882
13867.77275564882
13867.77275564882
13867.77275564882
13867.77275564882
13867.77275564882
13867.77275564882
13867.771120017242
13867.288732887937
13867.288732887937
13867.288475046164
13867.288475046164
13867.288475046164
13867.288475046164
13867.288475046164
13867.288475046156
13866.665365517874
13866.665365517874
13863.032599350296
13862.97276814714
13862.9727204316
13862.9727204316
13862.972720431597
13862.972720431597
13862.972720431597
13862.972720431597
13862.972720431597
13862.972720015729
13862.956827817387
13862.956827817387
13862.941537276525
13862.941537276525
13609.146115020689
13501.315118232815
13501.315118232815
13499.513271922875
13499.513271922875
13499.513271922875
13499.513271922875
13499.513271922875
13499.513271922875
13499.513271922875
13499.513271922875
13499.513271922875
13482.989440701402
13482.989440701402
13482.989440701402
13482.163454239588
13482.163454239588
13482.163454239588
13482.163454239588
13482.163454239588
13482.163454239588
13482.163454239588
13482.16344578542
13478.831303981427
13478.831303981427
13478.831303119909
13478.831303119909
13478.831303119909
11535.906268306002
11082.374248706516
11082.374248706516
11082.374248706516
11082.374248706516
11082.374248706516
11082.37424836605
11082.374248366035
11082.37368525354
11082.37368525354
11082.37368525354
11081.980185824912
11081.980185824912
11081.979922980578
11081.979922980545
11081.979922980545
11081.979922896153
11081.979922896153
11081.979922896153
11081.979922896153
11081.979922896153
11081.979922896153
11081.979922896153
11081.979922896153
11081.979922896153
11081.979922890074
11081.979922890074
11081.979922890074
10945.802783637213
10945.802783637213
10848.192189878253
10848.192189878253
10848.192187883875
10848.192187883875
10848.192187883875
10848.19218788386
10848.192187873854
10848.192187872515
10848.192187872515
10848.192187872515
10848.192187872515
10848.192187828183
10848.192187828183
10848.192187828183
10848.192187828183
10848.192187828183
10848.159096667829
10847.279922640293
10847.279922640293
10847.279922640293
10847.279922640293
10847.279922640293
10847.279922640293
10847.279922640293
10847.27992264004
10847.27992264004
10847.27992264004
10847.27992264004
10847.27979887893
10847.27979887893
10847.27979887893
10803.803689464472
10803.803689464472
10803.803689464472
10803.803461390462
10802.752970710186
10802.752970710157
10802.752970710157
10802.752970710157
10802.752970710157
10802.752970710157
10802.752970710157
10802.752970710157
10802.752970710157
10802.750842617932
10802.75062403671
10802.75062403671
10802.75062403671
10802.75062403671
10802.75062403671
10603.057144124346
10593.632328013717
10593.632328013717
10593.632328013717
10593.366708133932
10593.36670795232
10593.36670795232
10593.36670795232
10593.115800699674
10593.115800699674
10593.115764409322
10593.115764409322
10387.932876645446
10387.932786906189
10387.932786906189
10387.932786906189
10387.932786906189
10386.264379468426
10386.264379468426
10386.264379468426
10386.264379468426
10386.264379468426
10386.264379468426
10386.264379468426
10386.264379468426
10386.235426998743
10384.438549305596
10384.438549305596
10384.438549305596
10384.438549305596
10143.099951451533
10143.099951451533
10143.099951309154
10143.09995130803
10143.09822106948
10143.09822106948
10079.174137415303
10079.174137415303
10079.174137415303
10079.174137415303
10079.174137415303
10079.174137415303
10079.174137415303
10079.174137415303
10079.174137415303
10079.174137415303
10079.110104305646
10079.11010168912
10078.96414640956
10078.96414640956
10078.96414640956
10078.964145472777
10078.964145452517
10078.964145452517
10078.964145452517
10078.964145452517
10078.964145281097
10078.964145281097
10078.964145281097
10078.964145281097
10078.964145281097
10078.964145281097
10078.964145281097
10078.964145281097
10078.964145281097
10078.964145281097
10078.963908845713
10078.963908845697
10078.963908845697
10078.963908845692
10078.963908845692
10078.953165083838
10078.953165083838
10078.953165083838
10078.953165083838
10078.953163364342
10078.953163364342
10070.67137278664
10070.67137278664
10070.67137278664
10070.67137278664
10070.67137278664
10070.67137278664
10070.666662281426
10070.666662281426
10070.666652464488
10070.66639629195
10070.66639629195
10070.66639629195
10070.656139306426
10070.656139306426
10070.656139306426
10070.656139306426
10070.656139306426
10070.656139300603
9973.58631181311
9973.58631181311
9973.586309180322
9973.586309180322
9886.476239334028
9886.476239334028
9882.723123664357
9882.723123664357
9882.723123664357
9882.723071866969
9882.723071866969
9882.723071479304
9882.723071479304
9882.723071479304
9882.72184664767
9882.721846647648
9882.72184653976
9882.511329065923
9882.511329065923
9882.432118994577
9882.29923017008
9882.29923017008
9882.2992113049
9882.299211304891
9882.284911269564
9882.284911036792
9882.217553806935
9874.493017188675
9874.493017188675
9874.493017188675
9874.493017188675
9874.493017188675
9874.493017188675
9874.493017188675
9874.493017188675
9874.49301718279
9874.49301718279
9874.49301718279
9873.96582256888
9873.96582256888
9873.96582256888
9873.96582256888
9873.960308707077
9873.910179768967
9873.910179768967
9873.910179768967
9873.910179768967
9873.910179768967
9873.910179768967
9873.910179740476
9873.910179740476
9873.910179740476
9873.910124463679
9873.909918755076
9873.909918755076
9873.909918755076
9873.909918755076
9873.909918669506
9873.909918669506
9873.909918660156
9873.909918660156
9873.909918660156
9873.909918660156
9873.909918660156
9873.909918660156
9873.909918660156
9873.909918660156
9873.909918660156
9873.909918660156
9873.909918660156
9771.370061802942
9771.248834162909
9771.248834162909
9771.248834162909
9770.178165785705
8932.119268062464
8932.119267905842
8932.119267905842
8930.672274879505
8930.672274879505
8930.672274879505
8930.494853265465
8930.494853265465
8930.494853265465
8930.494853265465
8930.494853265465
8930.494853265465
8930.494853265454
8930.494853265454
8930.494853265454
8930.494853221528
8930.494853221528
8930.494853221528
8930.494853221528
8789.090835021632
8789.090835021632
8789.090835021632
8789.089312481923
1115.8007826807066
1115.8007826807066
1115.800782680703
1115.8007792564017
1115.8007792564017
1115.8007792564017
1115.8007792564017
1115.8007792564017
1100.223787722866
1100.223787722866
1100.223787722866
1100.223787722866
1100.223787722866
1100.223787722866
1100.223787722866
1100.223787722866
1100.223787722866
1100.223787722866
1100.223787722866
1100.223787722866
1100.223787722866
1100.223787722866
1100.2200267849898
1100.0015824914008
902.3317248342317
902.1245006030663
902.1245006030215
902.1245006018606
902.1245006018606
902.1245006018606
902.1245006018468
901.8635917165459
901.8635866672191
901.8635866672191
901.8635866672191
901.862770384052
901.862770384052
901.862770384052
901.862770384052
901.862770384052
901.862770384052
901.862770384052
901.7359785425305
901.7339648747095
901.7339648747095
901.7339648747095
800.6429797296514
800.6429797296514
800.6429797296514
800.642979583399
799.2751851562584
799.2743352130419
799.2743352130419
799.2743352130419
799.2743352130419
799.2421692639634
799.2421692639634
799.2421681429212
794.8292701480985
794.8292701480985
794.8292701480985
794.8292701480906
794.8292701480906
794.8292701480906
794.8292701480906
794.8292701480906
794.8292701480906
792.7666032700508
724.2054730631367
724.202030759709
724.202030759709
724.202030759709
724.202030759709
724.202030759709
724.202030759709
724.202030759709
724.202030759709
724.202030759709
724.1916126171091
724.1916126171091
724.1916126171091
716.9310275345351
716.9310275345315
716.9310275345315
716.9310275345315
716.9310275345315
716.9310275229298
716.9310275229298
716.931027478762
716.9306387854742
716.9306387854742
716.9306387854742
716.9306387854742
715.8029615199539
715.8029615199539
715.8029615199539
715.7999395142479
715.7987434830809
715.7987434830809
715.7987434830809
715.7987434830809
715.7987434830809
715.7987434830809
715.7987434830809
715.7987434830809
715.7987434830809
715.7987434830809
715.7987434830809
715.7987434830809
715.7987434830809
715.7987414682912
715.7947524331531
715.7947524331523
715.7947524318029
715.7946246233851
715.7946246233851
715.7946246233851
715.7912161974305
715.7912160377233
715.3358489999804
715.3358230049009
715.3358230049009
715.3358230049009
715.2092725493268
715.2092725493268
715.185215559881
715.185215559881
715.1852147819106
715.1852147819106
715.1852147797235
715.1852147797235
715.1852147797235
715.1852147797235
715.1852147797235
715.1852147797235
715.1852142360124
715.1852142360124
715.1852130275536
715.1852076694615
715.1852076694615
715.1852076694615
715.1852076670976
715.1852076670848
715.1852076670848
715.1852076661007
715.1852076661007
715.1851950553938
715.1595132183954
715.1595132183954
713.0366426433609
713.0366426433609
698.6817657766295
698.6803434071217
698.6803434071217
698.3125077814848
698.3125077814848
698.3125077814848
697.8997084405855
697.8997084405855
697.8997084405855
697.8997084085272
697.8997084085272
697.8997084085272
697.899708408517
697.899708408517
697.8997026385737
697.8997026385737
697.899702367079
697.899702367079
697.8997023670789
697.8970362553064
697.8970362553064
697.8970126486615
697.8970126486615
697.850482591477
684.8288366026002
684.6642754315808
684.6642753512988
684.6642753512988
684.6642753512988
684.6642448352145
684.6642448352145
684.6642448352145
684.6642307095341
684.6642307095341
684.6642307095341
684.6642307095341
684.6642307095341
684.6642307095341
684.6642307095341
684.6642307095341
684.6642307095341
684.6642307095341
684.6642307095341
684.507827150424
684.4060512010028
684.4060512010028
684.4060512010028
684.4060512010028
684.4060512010028
684.3745761699194
684.3745761699194
684.3745761699194
684.3745761699194
684.3241323899595
684.3241323899595
684.3241323899595
684.3241323899595
682.0939803163983
682.0939803163983
682.0939803163983
682.0939803163983
682.0379880929337
682.0379880929337
682.037986741088
682.032395088597
682.0323950040595
682.0323950040595
682.0323950040595
682.0323950040595
682.0323950013508
682.0323950013508
682.0245274743211
682.0245210442814
682.0245210442814
682.0245210442814
682.0245210442814
682.0245210442814
682.0245210442814
682.0245210442814
682.0245210442814
682.0245210442814
682.0245210442814
661.4320657471557
661.4320657471557
661.4320657471557
661.4320657471557
661.4320657471557
661.4320657471557
661.4320657471557
661.4320657449846
661.4320657449846
661.4320657448129
661.4320657448129
661.4320657448129
661.4306560605592
440.7281052313056
440.7281052296381
440.7281052296381
440.7281052296381
440.72810522666975
440.72810522666975
440.72810522003954
440.72810522003954
440.72810522003954
440.72810521990027
440.72810521990027
440.72810521990027
440.72810521990027
440.72810521989925
440.72795003653283
440.72795003653283
440.72795003653283
440.72795003653283
440.72795003653283
440.72795003653283
440.7277217751325
440.7277217751325
440.71735854030743
440.7166999781481
440.7166999781481
440.7166999736662
440.71669181838644
440.71664461928754
440.71664461928754
440.71664461928754
440.71664461928754
440.71664461928754
440.51008620018735
440.49908424274304
440.4990842381817
440.49908423800207
440.49908423800207
440.49908423800207
440.49908423800207
440.49908423800207
440.49908423800207
440.49908423800207
440.49706322913846
440.49706322913846
440.49706322913846
440.49706322913846
440.49706322913846
440.49706322913846
440.49706322913846
440.49706322913846
414.79021195960814
414.79021195960814
414.79021195960814
414.7902112443586
414.7902112443586
414.7902111015027
414.79021110150256
414.79021110150256
414.79021110150256
414.79021110150256
414.79021110150256
414.79021110150256
414.79021110150256
414.79021110150256
414.79021110150256
414.79021110150256
414.79021110150256
414.7902110995269
414.79021040821715
414.6859778869632
414.6859778869632
414.6859778869632
414.6859778869632
414.6859778869632
414.6859778869632
414.68597787409726
414.68597717648424
414.68597717648424
414.68597717648424
414.68586266206194
414.68586266206194
414.68586266206194
414.68586266206194
414.68586266206194
414.68586266206194
414.68586266206194
414.6858626620616
414.6858626620616
414.68575073030024
414.68575073030024
414.68575073030024
414.685750728303
414.68573051112037
414.68573051112037
414.6857221449603
414.6857221449602
414.6857221449602
414.6857221449602
414.6568432745305
414.6568432745305
414.65684283542373
414.65684283542373
414.6568428354227
414.6568428354227
414.6568428354227
414.6568428354227
414.6568428354227
414.6568428354227
414.6568428354227
414.6568428354227
414.6568428354227
414.6568428354227
414.6568428354227
414.6568428354227
414.6568428354227
414.6568428354227
414.6568428354227
414.6568428354227
414.6568428354227
414.6568428354227
414.6568428354227
414.6568428354227
414.6568428354227
414.6568428354227
414.6568428354227
414.6568428354227
414.6568428354227
414.6568428354227
414.6568428354227
414.6568428354227
414.6568428354227
414.6567838513196
414.6567838513196
414.6567838513196
414.6567838513196
414.6567755132702
410.20422494325635
410.2037516016546
410.2037516016546
410.2037516016546
409.874686071057
409.874686071057
409.87461153383776
409.8746115338364
409.8746115338364
409.8746115338364
409.8746115338364
402.3166756366419
402.3166756094796
402.3166575927
402.3166575927
402.3164943070019
402.3164937317646
402.3164937317646
402.3164937317646
402.3024088909485
402.3024088909485
402.3024088909485
402.30240889094847
402.3009980283025
402.3009949539554
402.3009949539554
399.01562506388586
399.01562506388586
399.01562506388586
397.388606524703
397.388606524703
396.3184611778431
396.3184611778431
396.3184611778431
396.3184611778431
396.318461177843
396.318461177843
396.318461177843
396.3184611766693
396.3184611766693
396.3184611766693
395.1947519442199
395.1947519442199
395.19475176121136
395.19475176121136
395.19475176121136
395.19475176120625
395.01188525832356
395.01188525832345
395.0118836885555
395.0118836885555
395.0118769752579
395.0118769748685
395.0118769748685
395.0118769748685
394.74566754289503
394.7456675390962
394.7456675390962
394.7456675390962
393.3957568926279
393.3957565606628
393.39575138846305
393.39571163719353
393.39570866822714
393.3957086682271
393.3957086671056
393.3957086671056
393.39570866531676
393.39562316869296
386.61113940442374
386.61113940442374
386.6108751391323
386.6108751391323
386.6108751391323
386.6108751391323
386.6108751391323
386.6108751391281
386.6108751391281
386.6108751391281
386.6108751391281
386.6108751391281
386.60508678181486
386.60508678181486
386.60508678181486
386.60508678181486
386.6050867762273
386.6050867762085
386.6050867762085
386.6050867762085
386.6050867762085
386.60508672059717
386.60508346908284
386.60508346817244
385.63754045422365
385.6214603110593
385.6214544463338
385.6214544463338
385.6213493625992
385.6213493625992
385.5905180424635
385.5905180424635
385.5905180424635
385.590517356746
384.40650303747316
384.40650303747316
384.40650303747316
384.40650303719093
384.38881171617913
384.38881171617913
384.38881171617913
384.38881171617913
384.38881171617913
384.38875635185104
384.38875635185104
384.3887560043968
384.3887560043968
383.98409589051374
383.98409589051374
383.98409589051374
383.98409589051374
383.97866330636975
383.9466542764294
383.9466542764294
383.5440247928541
383.5440247928541
383.5440247928541
383.5440247928541
383.5440247928541
383.5440247928541
383.5440247928541
383.54402476996796
382.3452864854463
382.344769866153
382.344769866153
382.3447698654946
382.34472881390883
382.11099447368235
382.11099447368235
382.11099447275956
382.1109944727592
382.1109944727592
382.1109944727592
382.1109944727592
382.1109944727592
382.1109944727127
382.1109944727127
382.1109944727127
382.1109944727127
382.11063403888477
382.1106340380387
382.10999645936636
382.10999645936636
382.10999645936636
382.1094340187062
275.35652263568295
275.35652263568295
275.3565226356829
275.35434607261254
275.3543460650252
275.3543460650252
275.3543460650252
275.34857443431946
275.34749114136685
275.34749114136685
275.34745632747837
275.34745632747837
275.34250889003755
275.34250889003755
273.9855368019022
273.9855368019022
273.9855368019022
273.9855368019022
273.98421857013045
273.98421857013045
273.97942618573603
273.97942618573603
273.97942618573603
273.97942618573603
273.97942618573603
273.97942618573603
273.97942618573603
273.97942618573603
273.97942618573603
273.97942611050416
273.97942611050416
273.6822135516563
273.6822135516563
273.6822135516563
273.6822135516563
273.6822135516563
265.9221317989608
265.9221317989608
265.92213179895714
265.92213179895714
265.92213179895714
265.92213179895714
265.92213179895714
265.92213179895714
265.92213179895714
265.92213179895714
265.92213179895714
265.9221317562176
265.92213141768246
265.92213141768246
265.92213141768246
265.92213140723584
265.92213140723584
265.4151649511664
265.4151649511664
265.38479481805865
263.52925163932446
263.52925163932446
263.52925163914654
263.52925163914654
263.52488089503925
263.52488089503925
263.52488089503925
263.52488089503925
263.52488089503925
263.52488089503913
263.52488089503913
263.52488088654286
263.52488088654286
263.52488059546516
263.52488059546516
263.52488059546516
263.5220574680553
263.5220574680553
263.5220574680553
263.5220574680553
263.5220574680553
263.5220574680553
263.5220574680553
263.5220574680552
263.5220574670032
263.52205745583245
263.52205745582484
263.52205745582484
263.1795036634825
263.17950339403325
263.1795033940061
263.1795033940061
263.1795033940061
263.1795033940061
263.1795033940061
263.1795033940061
263.1795033940061
263.1795033940061
263.1795033940061
263.1794826200457
263.1023892559898
263.1023892559898
263.1023892559898
263.1023892559898
263.1023840087437
263.1023840087437
263.1023840087437
263.1023840087437
263.10238400871276
263.10238400871276
263.10238400871276
263.102384008706
263.10238400870406
263.06210411052405
263.06210411052405
263.06210411052405
263.062103360189
263.062103360189
263.062103360189
263.062103360189
263.062103360189
263.062103360189
263.06210159312263
263.06210159312263
263.0620100855631
263.0603233763483
263.0365968567595
263.0365968567595
263.0365968567595
263.0365968567595
263.0365968567595
263.0365968567595
263.0365968567595
263.0365968567595
262.895647344015
262.895647344015
262.895647344015
262.89564734399596
262.89564734399596
262.89564734399596
218.4480404500164
218.4480404500164
218.44804040456881
218.448040199922
218.44804019992057
218.44804019991213
218.44804019991213
218.44804019991213
218.44804019991213
218.44804019991213
218.44803989350078
218.44015418867622
218.44015418867622
218.43614200320678
218.4361334254439
218.43180422017596
218.43180422017596
218.43180422017596
218.43180422017593
218.43180422017593
218.43130274461993
218.1232476198941
218.1232476198941
218.1232476198941
218.1232476198941
218.1232475859943
218.1232475859943
218.12324746429226
218.12324746429226
218.1232313160165
218.12323130412165
218.12323130412165
218.12323130222103
218.12323130222103
218.12323130222103
218.12323130222103
218.12323130222103
218.12323130222103
218.12323130222103
218.12323130205453
218.12323130205453
218.12323130205453
218.12323130205453
218.12323130205453
218.08241897555286
218.08241897555286
218.08241897509902
218.08241897509902
218.08241897509902
218.08241831023892
218.08241831023892
218.08241831023892
218.08241831023892
218.08241831023892
218.08241831023892
218.08238385299614
218.0823838524429
218.07207242870575
218.072072412914
218.072072412914
218.072072412914
218.072072412914
218.072072412914
217.99349208587097
217.99349208587097
217.99337845607005
217.99337845607005
217.99337845607005
217.99337845607005
217.99337845607005
217.99337845607005
217.99337845607005
217.99337845607005
217.94297884839418
217.94297884839418
217.94297884839418
217.94297884839418
217.94297884839418
217.94297884839418
217.94297884839418
217.942978848392
217.942978848392
217.942978848392
217.942978848392
217.942978848392
214.9094194189849
214.9094194173905
214.9094194173905
214.90941585214514
214.9094158521233
214.9094158521233
214.9094158521233
214.90941563558445
214.90941563558445
214.90941563558445
214.90941563558445
214.9093988073546
214.9093988073546
214.9093988073546
214.9093988073546
214.90842335256366
214.90842291756294
214.90842288470387
214.90827274382897
214.90827274382897
214.9082718902738
214.9082718902738
214.9082718902738
214.9082718902738
214.90711723281123
214.90711723281123
214.90167690997492
214.90167685126684
214.90167685126684
214.90167685126684
214.9016768364519
214.9016768364519
214.9016768364519
214.9016768364519
207.01146682455385
206.64508741789408
206.64508741789408
206.64508741789408
206.64508741789408
206.64508741788467
206.64508741788467
206.64508741788467
206.64508559871027
206.64508559871027
206.64508349001812
206.64508349001812
206.64508349001812
206.64508349001812
206.64508349001812
206.64491932987377
206.64491932987377
206.64491928857277
206.64491928854557
206.64491923839176
206.64491923839176
206.64491923839176
206.644919114138
206.644919114138
206.644919114138
206.6449187225722
206.6449187225722
206.64491872236084
206.64491872236084
206.64491872236084
206.64491872236084
206.64491872236084
206.64491872236084
206.64491872236084
206.64491872236084
206.64491872236084
206.64491872236084
206.64491872236084
206.64491872236084
206.64491872236084
206.64491872236084
206.64491872236084
206.64491872236084
206.64491872236084
206.64491872236084
206.64491426784602
206.6349240904396
206.63492409043943
206.63492409043943
206.63492409043943
206.63492409043943
206.63492409043943
206.63492409043943
206.63492409043943
206.63492408667182
206.63492408667182
206.61362091028337
206.61362091028337
206.61362091028337
206.6132216863755
206.6132216863755
206.6132216863755
206.6132216863755
206.6132216863755
206.6132216863755
206.6132216863755
206.6132216863755
206.6132216863755
206.6132216863755
206.6132216863755
206.6132216863755
206.6132216863755
206.6132216863755
206.6132216863755
206.61322168622192
206.61322168619188
206.61322168619188
206.61322168619188
206.61322168619188
206.61322168619188
206.61322168619188
206.61322166954227
206.61322166954227
206.61322166954227
206.61322166954227
206.61212576424546
206.61212576424546
206.61212576424546
206.61212576424546
206.61212576424546
206.61212576424543
206.61211853030088
206.61211847798796
206.61211847798796
206.61211847798796
206.61211847798796
206.61211847798796
206.61211847798796
206.61211847798796
206.61211847798796
206.61209959495727
206.61209959495727
206.61209959495727
206.46640620179463
206.46640334062667
206.46640334062667
206.46640329943918
206.4600990556275
206.4600990556275
206.4600990556275
206.4600990556275
206.4600990556275
206.4600950380434
206.46008507833957
206.46008507833957
206.46008507833957
206.46008397613826
206.46008397613826
206.46008397613826
206.46008397613826
206.46008397613826
206.46008397613826
193.43298448992815
193.43298448992815
193.43298448992815
193.43298448992815
193.43298448992815
193.4329844898666
193.4329844898666
193.4329830029593
193.4329830029593
193.43267004740673
193.43267004740673
193.43267004740673
193.43267004740673
193.43267004740673
193.43267004643286
59.025492378773855
59.025492378773855
59.025492378773855
59.025492378773855
59.025492378773855
59.02549237871103
59.02406775179307
59.02406775179307
59.02406775179307
59.02406775179307
59.02406775179307
59.02406775179307
59.02406775179307
59.02406775175845
59.02406775175845
59.02406775048276
59.02406775048276
59.02406775048276
59.02406775048276
59.02406775048276
59.02386928778831
59.02386928778831
54.051036852867554
53.98424927345735
53.98424927345735
53.98424927345735
53.98424927345735
53.970916548245256
53.970916548245256
53.970916548245256
53.97091654821016
53.97091654821016
53.97091651497453
53.97091651497453
53.97091651497453
53.97091651497453
53.97091651497453
53.97091651497453
53.97091651497453
53.97091651497453
53.97091651497453
53.97091651497453
53.96323196923858
53.96323195261725
53.96323195261725
53.96323195261725
53.96323195261725
53.96323195261725
53.96323195261725
53.96323195261725
53.96323195261725
53.96323195261725
53.96323195261725
53.96323195261725
53.96323195261725
53.96323195261725
53.92914730399169
48.90872818844772
48.90872818844772
48.90153786572894
48.90153786572894
48.90153786572894
48.90153786572894
48.88290362422493
48.88290362422493
48.88290362422493
48.88290362422493
48.88290352217499
48.88290352217499
48.88290352217499
48.88290352217499
48.88290352217499
48.88290352217499
48.88290352217499
48.88286829131172
48.87841903130465
48.87841901145178
48.87841881137193
48.87841881137193
48.87841881137193
48.878418804875295
48.878418804875295
48.878418804875295
48.878418804875295
48.878418804875295
48.878418804875295
48.878418804875295
48.87722381171221
48.87101157637134
48.87086197365252
48.87086197365252
48.870296140917894
48.870296140917894
48.870296140917894
48.870294625057824
48.870294625057824
48.870294625057824
48.870294625057824
48.870294625057824
48.870294625057824
48.870294625057824
48.870294625057824
48.8702946038774
48.804947550944284
48.804947550944284
48.804947550944284
48.804947550944284
48.804947550944284
48.804947550944284
48.804947550944284
48.80493338836738
48.80493338836738
48.80493338810766
48.80493338810766
48.45868060855295
48.45868060855295
48.45868060855295
48.45868060855294
48.45868060855294
48.45868060855294
48.45868060855294
48.450596619921825
48.450596619921825
48.450596619920695
48.43132698985657
48.43132698985657
48.43132698985657
48.43132698985657
48.43132698985657
48.43132698985657
48.40814341968633
48.40814341968633
48.40814341968633
48.40814341968633
48.408133000908926
48.408133000908926
48.408133000908926
48.408133000908926
48.408133000908926
48.408133000908926
48.408133000908926
48.408133000908926
48.33877464549385
48.33877464549385
48.33877464549385
48.33877464549385
48.33877464549385
48.33877464549385
48.33843303306284
48.33843303304815
48.33843303304815
48.33843303304815
48.33843303304815
48.33843303304815
48.33843303304815
48.33843303304815
48.33843297856763
48.33843297856763
48.33843297856706
48.33843297856706
48.33843297856706
48.33843297856706
48.33843297856706
48.33843170557902
48.3384316988968
48.3384316988968
48.3384316988968
48.33843101468867
48.33843101468867
48.33840435439775
48.33840435439775
48.33840435439775
48.33840435439775
48.33840435439775
48.33840435439775
48.33840435439775
48.33840435439775
48.33840434749885
48.33840434749885
48.338404347497004
48.33840434748909
48.33840434748909
48.33840434748909
48.33840434748909
48.33840434748909
48.33840434748909
48.33840434748909
48.33840434748909
48.33738577631903
48.33738577631903
48.33738577631903
48.33732373873656
48.3373236967555
48.3373236967555
48.3373236967555
48.337323404309764
48.337323404309764
48.337323404309764
48.33732340430974
48.33732340430974
48.33732340430974
48.33732340430974
48.33732340430974
48.33732340430974
48.33732340430974
48.33732340430974
48.33732340430974
48.33732340430974
48.3373234043088
48.33732340424304
48.33732340424304
48.33732335297544
48.33732335297544
48.33732335297544
48.33732335297544
48.33732335297544
48.33732335297544
48.33732335297544
48.33732335297544
48.33732335297544
48.33732335297544
48.33731201651853
48.33729039175094
48.33729039175094
48.33729039175094
48.33260228889321
48.33260228889321
48.33260228889321
48.33260228889321
48.33260228889321
48.33260228889321
48.33260228889321
48.33260226714211
48.33260226714211
48.33260226714211
48.33257243057834
48.33256954240748
48.31571055317419
48.31571055317419
48.31571055317419
48.31571054092468
48.31571054092468
48.31571054092468
48.31571054092468
48.31571054092468
48.31571054092468
48.31570197120772
48.3157019346615
48.3157019346615
48.3157019346615
48.3157019346615
48.3157019346615
48.3157019346615
48.31569890766415
48.31569890766415
48.31569890766415
48.3152784005555
48.3152784005555
48.3152784005555
48.3152784005555
48.3152784005555
48.31500422082319
48.31496488684799
48.31496488684799
48.31496488684799
48.314861477774414
48.27606521743824
48.27606521743824
48.27606521743824
48.27606521743824
48.27606521743824
48.27606521743824
48.27606384074216
48.27606384074216
48.27606384074216
48.27606384074216
48.27606384074216
48.276063793777816
48.27606365616203
48.27606365616203
48.276063451909764
48.276063451909764
48.276063451909764
48.276063451909764
48.276063451909764
48.27606283271734
48.27606283271734
48.27606283271734
48.27576420466259
48.27576420466259
48.27576420466259
48.27576420466259
48.27576420466259
48.27576420466259
48.27576420466259
48.27576420466259
48.27576420466259
48.27575978758304
48.27575978758304
48.2756568895648
48.2756568895648
48.2756568895648
48.275656889564786
48.275656889564786
48.275656889564786
48.275656889564786
48.275656889564786
48.275656889564786
48.275656889564786
48.275656889564786
48.275656889564786
48.27565453715454
48.27565453715454
48.27565453715454
48.27565404088009
48.27565404088009
48.27565404088009
48.27565404088009
48.27565259910397
48.27565259910397
48.27565259910397
48.27565259910397
48.275651007487575
48.275651007487575
48.24855236022
48.24855236022
48.24855236022
48.24855236022
48.24854562803793
48.24854562803793
48.24854562803793
48.24854562803793
48.24854551766255
48.24854551766255
48.24854551766255
48.24854551766255
48.248545517662514
48.248545517662514
48.248545517662514
48.248545517662514
48.24854532938581
48.24854532938581
48.24854532938581
48.24854532938581
48.24854532898584
48.24853015831549
48.24853015831549
48.24853015831549
48.24425755315117
48.244256154694035
48.244256154694035
48.244256154657926
48.244256154657926
48.244256154657926
48.244256154618924
48.244256154618924
48.24354417087589
48.24354417087589
48.24354417087589
48.24354357656335
48.24354357656335
48.24329411301589
48.24329273256748
48.24329273256748
48.24329273256748
48.24329273256748
48.24329273256748
48.24329273256748
48.24329273256748
48.24329273256748
48.24329273256748
48.24328849770589
48.24328849770589
48.243288327875895
48.24276093262313
48.24276093262313
48.24276093262313
48.24276093262313
48.242760932622964
48.24178406106254
48.24178406105978
48.24178406105978
48.24178406105978
48.24178406105978
48.24178406105948
48.24178406105948
48.24178406105948
48.241784024626725
48.241784024626725
48.241784024626725
48.241784024626725
48.241784024626725
48.241784024626725
48.241784024626725
48.241784024626725
48.241784024626725
48.241784024626725
48.241783966242785
48.241783966242785
48.241783966242785
48.241783966242785
48.241783966242785
48.241783966242785
48.241783966242785
48.241783966242785
48.241783966242785
48.241783966242785
48.241783966242785
48.241783966242785
48.241783966242785
48.241783966242785
48.24178396530441
48.241783964540474
48.241783955682564
48.241783955682564
48.241783955682564
48.241783955682564
48.241783955682465
48.241783955682465
48.241783955682465
48.241783955682465
48.241783955682465
48.241783955682465
48.24164111846146
48.24102760986421
48.24102760986421
48.24102656358932
48.240663367868606
48.24057967564502
48.24057967564502
48.24057967564502
48.24057967462696
48.24057967462696
48.240579674626936
48.24057967461684
48.24057967461684
48.24057967461684
48.24048264351506
48.24048264351506
48.24048264351506
48.24048264064589
48.24048264064589
48.072628493970846
48.06588026410664
48.06588026410664
48.06588026410664
48.06588026410664
48.06588026410664
48.06012780108194
48.06012780108194
48.06012780108194
48.06012780108194
48.06012780108194
48.06012780108194
48.06012780108194
48.06012780108194
48.06012780108194
48.06011802883508
48.06011802865923
48.06011802865923
48.06011802865923
48.06011802865923
48.06011802865923
48.06011802865923
48.06011802814955
48.06011802814955
48.06011802814955
48.06011802814955
48.06011802814955
48.06011802796064
48.06011802796064
48.06011802796064
48.06011802796064
48.03501929834543
48.03501929834543
48.03501929834543
48.03501929834543
48.03501736211913
48.03501736002729
48.03501736002729
48.03501736002729
48.03501736002729
48.03501735941416
48.03501735939275
48.03501735939275
48.03501735939275
48.03501735939275
47.926749679747374
47.926749679747374
47.92674967974737
47.92674967974737
47.92674967974737
47.92674967974737
47.92674967974737
47.91693368825896
47.91693368825896
47.916933678361374
47.916933678361374
47.91693367580472
47.91693367580472
47.91693367580472
47.91693288948737
47.91693288948737
47.91693288948737
47.91693288948737
47.91693288948737
47.91693288948737
47.91693288948737
47.91693288948737
47.91693288947775
47.91693288947774
47.91693288947774
47.847444998317904
45.79214826185695
45.79214826185695
45.79214826185695
45.609139281514175
45.609139281514175
45.609139281514175
45.60911893122342
45.60911893122342
45.60911893122342
45.60911893122342
45.60911893122342
45.609118861758645
45.609118861758645
45.60911886175315
45.60911886175315
45.60911886175315
45.60908898534928
45.60908898534928
45.60908898534928
45.60908898534928
45.60908898534928
45.60908898534928
45.60908898534928
45.609088985349125
45.60890171550128
45.60890171550128
45.60889832472784
45.60885936809278
45.6088593606854
45.608828314097586
45.608828314097586
45.608828314097586
45.60867836100223
45.58609892861302
41.395938179161995
41.395938179161995
41.395938179161995
41.395938179161995
41.39593817916197
41.39593817916197
41.39593817916197
41.395904384507176
41.395904384507176
41.395904384507176
41.395904384507176
41.395904384507176
41.395904384507176
41.395904384507176
41.395904384507176
41.395904384507176
41.395904384507176
41.395904384507176
41.395904384507176
41.395904384467734
41.395904384467734
41.395904384467734
41.395904384467734
41.39590404682612
41.39502932906333
41.39502932906333
41.39502932906333
41.39502932906333
41.39502932906333
41.324052824052224
41.324052824052224
41.32405282368688
41.32405282368688
41.32405282368688
41.3240452760163
41.32404002581318
41.3240400254786
41.3240400254786
41.3240400254786
41.32403967434554
41.32403967434554
41.32403967427771
41.32403967427771
41.32403967427771
41.32403967427771
41.32403967427771
41.324039640313146
41.324039640313146
41.324039640313146
41.324039640313124
41.324039621165355
41.324039621165355
41.324039621165355
41.324039621165355
41.324039621165355
41.324039621037926
41.324039621037926
41.324039621037926
41.324039621037926
41.324039621037926
41.324039621037926
41.324039621037926
41.324039621037926
41.324039621037926
41.324039621037926
41.324039621037926
41.324039621037926
41.324039621037926
41.324039621037926
41.32402981105439
41.32402980004193
41.32402980004193
41.32402980004193
41.32402980004193
41.324029800038126
41.324029799054856
41.324029799054856
41.324029799054856
41.324029799054856
41.32402935978391
41.32402935978391
41.32402935897673
41.32402935897673
41.32402935897673
41.32402935897673
41.32402935897673
41.3240293583441
41.3240293583441
41.3240293583441
41.3240293583441
41.3240293583441
41.3240293583441
41.32402935828333
41.323924141194304
41.323924141194304
41.323924141194304
41.323924141194304
41.32392194849609
41.32392194849609
41.3239219484951
41.3239219484951
41.3239219484951
41.32096015483369
41.320960154787734
41.320960154787734
41.320960154787734
41.32095769891696
41.32095769891696
41.3209576989169
41.32095102474689
41.255429745023704
41.255429745023704
41.255429745023704
41.25542971093402
41.2554297053724
41.2554297053724
41.2554297053724
41.25542870811962
41.25542870811962
41.255428708119496
41.255428708048505
41.2554287059756
41.2554287059756
41.2554287059756
41.2554287059756
41.2554287059756
41.2554287059756
41.2554287059756
37.87451179572226
37.87451179572226
37.87451179572226
37.87451171084502
37.87451171084502
37.87451171084497
37.8745117092944
37.8745117092944
37.874510818327906
37.874510818327906
37.874510818327906
37.874510818327906
37.87369812138945
37.87369812138945
37.87369812138945
37.873698121381366
37.873698121381366
37.873698121381366
37.873698121381366
37.87352618098784
37.87352618098784
1.890825911520096
1.8908259115200954
1.8908259115200954
1.8908259115200954
1.890825911518055
1.8908244042578273
1.8908244042577784
1.8908244042577784
1.8908244042577784
1.8907084988634024
1.8907084988634024
1.8906088653874336
1.8906088653874336
1.8906088653874336
1.8906088653874336
1.8906088653874336
1.8906088653874336
1.890599777238917
1.890599777238917
1.890599777238917
1.890599777238917
1.8904728504983213
1.8904728504983213
1.8904728504983213
1.8904728504983213
1.8904728504983213
1.8904728504983213
1.8904728504983213
1.8904728504983213
1.8904728073348356
1.8009356804242258
1.80093568042401
1.8009356803878758
1.8009356803878758
1.8009356803878758
1.8009356803878758
1.800935680371412
1.800935680371412
1.8009356693305805
1.8009356693305805
1.8009356693305805
1.8009356693305805
1.8009356693305805
1.8009356693305805
1.8009356693305805
1.8009356693305805
1.8009356693305805
1.8009356693305805
1.8009356678683826
1.8008966887927442
1.8008966887927442
1.8008966887927442
1.8008966887927442
1.8008966887927442
1.8008966887927442
1.8008966887927442
1.8008966887927442
1.8008966887927442
1.8008966887927442
1.8008966887927418
1.8008966887927418
1.8008966887927418
1.8008966887897513
1.8008966887897513
1.8008966887897513
1.8008966887897513
1.8008966887897513
1.8008966887897513
1.8008966887897513
1.8008966887897513
1.8008966887897513
1.8008966887897513
1.8008966887897513
1.8008966887897513
1.8008966887897513
1.8008966887897513
1.8008966519777236
1.8008966519777236
1.8008966519777236
1.8008966519777236
1.8008966519777236
1.8008966519777236
1.8008966519777236
1.8008966519777236
1.8008966519777236
1.8008966519777236
1.8008966517445884
1.8008966517445884
1.8008966517445884
1.8008966517445884
1.8008966517445884
1.8008966517445884
1.8008966517445884
1.8008966517445884
1.8008966517445884
1.8008966517445884
1.8008966517445884
1.8008966517445884
1.8008966517445884
1.8008966517445884
1.8008966517445884
1.800896639633124
1.800896639633124
1.800896639633124
1.800896639633124
1.800896592240965
1.8008965922409632
1.8008965922409632
1.8008965919236342
1.8008965919236342
1.8004031435194379
1.8004031435194379
1.8004031435194379
1.8004031435194379
1.8004031435194379
1.8004031435194379
1.8004031435194379
1.800403143370159
1.8004031429675307
1.80039542461977
1.7982949375577255
1.7982949375577255
1.7982949375577255
1.7982949375577255
1.7982949375577255
1.7935767438432577
1.7935767438432577
1.7935767438333106
1.7935767438333106
1.7935765343202588
1.792845379102661
1.792845379102661
1.792845379102661
1.792845379102661
1.792845379102661
1.7928397597993937
1.7928397597993937
1.7928392805715325
1.7928392805715325
1.7928392805715325
1.7928392805715325
1.7928392805715325
1.7928392805715325
1.7924207107890577
1.7924207107890577
1.7924207107890577
1.7924207107890577
1.7924207107890577
1.7924207107890577
1.7924207107890577
1.7924207107890577
1.7924207107890577
1.7924207107888201
1.7924207107888201
1.7924207107888201
1.7924207107888201
1.7924207107888201
1.7924207107888201
1.7924207107888201
1.7924207107888201
1.7924207107888201
1.7924207107888201
1.7924207107888201
1.7924207107888201
1.7924207107888201
1.7924207107888201
1.7924207106302434
1.7480663306439739
1.7480663306439739
1.7480663306439739
1.7480663306439739
1.7480663306439739
1.7480663293140657
1.7480663293140657
1.7480663293140657
1.7480648928053808
1.7480648928053808
1.7480648928053808
1.7480648927030003
1.7480648927030003
1.7480648927030003
1.7480648927030003
1.7480648927030003
1.7480648927030003
1.7480648927028624
1.7480648927028624
1.7480648927028624
1.7480648926737403
1.7480648926737403
1.748064892635201
1.748064892635201
1.748064892635201
1.748064815502964
1.7480648023523369
1.7480648023523369
1.7480648022249428
1.7480648022249428
1.7480648022249428
1.7480648022249428
1.7480648022249428
1.7480648006272184
1.7480648006272184
1.74806308101409
1.74806306142205
1.74806306142205
1.74806306142205
1.748063061420171
1.748063061420158
1.748063061420158
1.748063061420158
1.748063061420158
1.748063061420158
1.7476181178321344
1.7476181178321344
1.7476181178321344
1.7476181178042878
1.7476181178042878
1.7476181177734589
1.7473681903539737
1.7473681903539737
1.7473681903539737
1.7473681903539737
1.7473681903539737
1.7473681903539737
1.7473657451950613
1.7473657451950613
1.7473657451950613
1.74736567091675
1.74736567091675
1.74736567091675
1.74736567091675
1.7473651622287043
1.7473651622287043
1.7473651622287043
1.7472995782557457
1.7472278392559086
1.7472278380628021
1.7472278380628021
1.7472278380628021
1.7472278380628021
1.7472278371387968
1.7472278371387968
1.7471397974245324
1.7471397974245324
1.7471397974245324
1.7471397974245324
1.7471397974245324
1.7471397974245324
1.7471397974245324
1.7471397964056459
1.7471397964056459
1.7471397964056459
1.7471380654573516
1.7471380654573516
1.7469417378581629
1.7469417378581629
1.7469417378581629
1.7469417378581629
1.7469417378581629
1.7469417378581629
1.7469417378581629
1.7469417378581629
1.7469417378581629
1.7469417378581629
1.7469417378581629
1.746941325870176
1.746941325870176
1.7469413081229803
1.7469412904731034
1.7469412904731034
1.7469412637558053
1.7469412637208233
1.7469412637208233
1.7469412637208233
1.7469412594624998
1.7469412594547225
1.7464617129996203
1.7464617129996203
1.7464368818121694
1.7464368813702404
1.7464368813702404
1.7464368813702404
1.7464368813702404
1.7464368813702404
1.7464368813702402
1.7464368813702402
1.7464368813702402
1.7464368813702402
1.7464368813702402
1.7464368812567865
1.7464368812567865
1.7464367358960151
1.7464367358960151
1.7464367358960151
1.7464367358960151
1.7464367358960151
1.7464367358960151
1.7464367358960151
1.746436735896015
1.746436735896015
1.746436735896015
1.746436735896015
1.746436735896015
1.746436735896015
1.746436735896015
1.746436735896015
1.746436735896015
1.7464367354469053
1.7464367354469053
1.7464366722285525
1.7464366718102338
1.7464366413907357
1.7464366413907357
1.7464366413907357
1.7464366413907357
1.7464360066293898
1.7464360066293898
1.7464360066293898
1.7464360066293898
1.7464360066293898
1.7464360066293898
1.7464360066293896
1.742622480905673
1.742622480905673
1.742622480905673
1.742622480905673
1.742622480905673
1.742622480905673
1.742622480905673
1.742622480905673
1.742622480905673
1.742622480905673
1.742622480905673
1.742622480905673
1.742622480905673
1.742622480895394
1.742622480895394
1.742622480895394
1.742622480895394
1.7426224796096252
1.7426224796096252
1.7426224796096252
1.7426224796096252
1.7426224796096252
1.7426224796096252
1.7426224796087904
1.7426224796087488
1.7426224796087488
1.7426224668779955
1.7426224668779955
1.7426224668772785
1.7426224668772785
1.7426224668772785
1.7426224668772785
1.7426224668772785
1.7426224668772785
1.7426224668772785
1.7426224668772785
1.7426224668772785
1.7426224668772785
1.742622394710002
1.7426223947057715
1.7426223947057715
1.7426223947057715
1.7426223947055857
1.7426223947055857
1.7426223947054784
1.7426223947054784
1.742622394621779
1.742622394621779
1.742622394621779
1.742622394621779
1.742622394621779
1.742622394621779
1.742622394621779
1.742622394621779
1.7426223940642205
1.7426223413769026
1.7426223413769026
1.7426216700995343
1.7426216700995343
1.742621657076317
1.742621657076317
1.742621657076317
1.742621657076317
1.742621657076317
1.742621657076317
1.742621657076317
1.742621657076317
1.742621657076317
1.7426216570731328
1.7426216570731328
1.7426216570597517
1.7426216570597517
1.7426216569750999
1.7426216569750999
1.7426216569750994
1.7426216569750994
1.7426216569750994
1.7426216569750994
1.7426216569750994
1.7426216520113091
1.7426216520113091
1.7426216520113091
1.7426216520113091
1.7426086616741439
1.7426086616741439
1.7426086616741439
1.742608661674143
1.742608661674143
1.742608661674143
1.742608661674143
1.742608661674143
1.742608661674143
1.742608661674143
1.742608661674143
1.7426086616716803
1.7426086616716803
1.7426086616716803
1.7426086616716803
1.7426086616716803
1.7426086616716803
1.7426086616716803
1.74260866167168
1.74260866167168
1.74260866167168
1.74260866167168
1.74260866167168
1.7421564474209652
1.7421564474209652
1.7421564474209652
1.7421564474209652
1.7421564474209652
1.7421564474209652
1.7421564474166762
1.742156447416676
1.742156186401877
1.742156186401877
1.742156186401877
1.7421559959459247
1.7421559959459247
1.7421559959459247
1.7421559959459247
1.7421559959459247
1.7421559959459247
1.7421559959459247
1.7421559959459247
1.7364087508988426
1.7364087508988426
1.7364087508988426
1.7364087508988426
1.7364087508988426
1.7364087508988426
1.7364087508988426
1.7364087508988426
1.7364087508988426
1.7364087508988426
1.7364087508988426
1.7364087508988426
1.7364087508988426
1.7364087508988202
1.7364087508988202
1.7364087508988202
1.7363047822118025
1.7363047822118025
1.7363047822118025
1.7363047822118023
1.7363047822118023
1.7363046692806845
1.7363046692806845
1.7363046692805457
1.7363046692805457
1.7363046692805457
1.7363046692805457
1.7363046691760338
1.7363046691760338
1.7363046691760338
1.7363046691760338
1.7363046691760338
1.7363046691759962
1.7363046691759962
1.7363046691759962
1.7363046691759962
1.7363046691759962
1.7363046691759962
1.7363046691759962
1.7363046691759962
1.7363046691759962
1.7363046691759962
1.7363046691759962
1.7363046691759962
1.7359417341169008
1.7359417341169008
1.7359417341168444
1.7359417341168444
1.7359417341168444
1.7359417341168444
1.7359417341168444
1.7359417341168444
1.7359417341168444
1.7359417341168444
1.735941525579471
1.735941525579471
1.7359415165245486
1.7359415165245486
1.7359415165245486
1.7359415165245486
1.7359415164600314
1.7359415164600314
1.73594151646003
1.7359211022753227
1.7358022673551665
1.7358022670174598
1.7358022670174598
1.7358022670174598
1.7358022155801665
1.7358022155801665
1.735802214970363
1.735802214970363
1.7358022149701957
1.7358022149701957
1.7358022149701957
1.7358022149701957
1.735802176764417
1.735802176764417
1.735802176763923
1.735802176763923
1.735802176763923
1.735802176763923
1.7358021767639216
1.735801945008187
1.735801945008187
1.735801945008187
1.7358019450069684
1.7358019450069684
1.7358019450069282
1.7358019450069282
1.7358019450069282
1.7358019450069282
1.7358019450069282
1.7358015877867796
1.7358015877867796
1.735801586147859
1.7358015855497444
1.735801585549279
1.735801585549279
1.735801585549279
1.735801585549279
1.735801585549279
1.7358015855473958
1.7358015855473958
1.7358015855473958
1.7358015855473958
1.7358015855473958
1.7358015792739145
1.7357001273358132
1.7357001273358132
1.7357001273358132
1.7357001273358132
1.7357001273358132
1.7357001273358132
1.7357001273315895
1.7357001273315895
1.7357001273315893
1.7357001273315893
1.7356971557946999
1.7356971557946999
1.7356971557946939
1.7356971557946939
1.7356971557946939
1.7356971557946939
1.7356971557946939
1.7356971557946939
1.7356971557946939
1.7356971557946939
1.7356971557946939
1.735697155740203
1.735697155740203
1.7356971557401917
1.7356971557401917
1.7356971544675752
1.7356971544675752
1.7356971544674695
1.7353392474510723
1.7353392474510723
1.7353392474510723
1.7353392474510723
1.7353392474510723
1.7353392474510723
1.7352469767117042
1.7352469767117042
1.7352469767117042
1.7352469767117042
1.7352469767117042
1.7352469767117042
1.7352468479256888
1.7352460431171461
1.7352460431171461
1.7352460431171461
1.7352460431171461
1.7352460431171461
1.7352460431171461
1.7352460431171461
1.7352460431171461
1.7352460431171461
1.7352460431171461
1.7352460431171355
1.7352446519707745
1.7352446519707745
1.7352446519707745
1.7352446519707743
1.7352446519707743
1.7352446519707743
1.735244651970116
1.735244651970116
1.735244651970116
1.735244651969994
1.735244651969994
1.735244651969994
1.735244651969994
1.735244651969994
1.735244651969994
1.735244651969994
1.735244651969994
1.735244651969994
1.735244651969994
1.735244651969994
1.735244651969994
1.735244651969994
1.735244651969994
1.735244651969994
1.735244651969994
1.7352446417154381
1.7352446417154381
1.7351625604851284
1.7351586083580406
1.7351475327307233
1.7351475327307233
1.7351475327307233
1.7351475327307233
1.7351475327307233
1.7351475327005865
1.7351475315824896
1.7351475315824896
1.7351475315824896
1.7351475315824896
1.7351471968794767
1.7338500214678283
1.7338500214678283
1.7338500214678283
1.7338500214678283
1.7337125530278445
1.7337125530278445
1.7337125530278445
1.7337125530278445
1.7337125530278445
1.7337125472791293
1.7337125472791288
1.7337125472791288
1.7337125472791288
1.7337125472791288
1.7337125472791288
1.7337125472791288
1.7337125472791288
1.7337125472791037
1.7337125472791002
1.7337124816310834
1.7337124816310834
1.7337124816310834
1.7337124816310834
1.7337124816082006
1.7337124816081753
1.7337124816081753
1.7337124816081753
1.7337124816081753
1.7337124815859246
1.7337124815765286
1.7337124815765286
1.7337121495731829
1.7337121495731829
1.733712149573182
1.733712149573182
1.733712149573182
1.733712149573182
1.7337120658428282
1.7337120658428282
1.7337120658428282
1.7337120658427518
1.7337120658427518
1.7337120657510203
1.7337120657510203
1.7337120657510203
1.7337120657510203
1.7337120657510183
1.7337120657510183
1.733712065750818
1.733712065750818
1.733712065750818
1.733712065750818
1.733712065750818
1.733712065750818
1.733712065750818
1.733712065750818
1.733712065750818
1.733712065750818
1.7330283025355677
1.7330283025355677
1.7330283025355677
1.7330283025355677
1.7330283025355677
1.7330283025355677
1.7169479457458026
1.716946944984248
1.716946944984248
1.716946944984248
1.716946944984248
1.716946944984248
1.7169469341738686
1.7169469341734271
1.7169469341734271
1.7169469341734271
1.7169468102385466
1.7169468093757967
1.7169468093757967
1.7169468093757967
1.716946794971878
1.7169467870845696
1.7169467870845696
1.7169467870845696
1.7169467870845696
1.7169467870845696
1.7169467870845696
1.7169467870845696
1.7169467870845696
1.7169467869223267
1.7169467869223267
1.7169467869223267
1.7169467869223267
1.7169467869223267
1.7169467869223225
1.7169467869223225
1.7169467869223214
1.7169467869223103
1.7169467869223103
1.7169467787505492
1.7169467787499004
1.7169467787499004
1.7169467787499004
1.716740447382468
1.716740447382468
1.716740447382448
1.716740447382448
1.7167404473824397
1.7167404473824397
1.7167404473824397
1.7167404473824397
1.7167404473824395
1.7167404473777306
1.7167404473777306
1.7167404473777306
1.7167404473777306
1.7167404451454773
1.7167404451454773
1.7167404451454773
1.7167404451454773
1.7167404451454773
1.7167404451454773
1.7167404451454773
1.7167404449049914
1.7167404449049914
1.7167404449049914
1.7167404449049914
1.7167404449049914
1.7167404449049914
1.7167404449049914
1.7167404449049914
1.7167404449049914
1.7167404449049914
1.7163393992190799
1.7163393992190799
1.7163393992190799
1.7163393992190799
1.7163393992190799
1.7163393992190799
1.7163393992190799
1.7163393992190799
1.7163393992190799
1.7163393952123787
1.7163393952123787
1.7163393940338725
1.7163393940338725
1.7163393940338725
0.38671942241709995
0.38671942241709995
0.38671942241709995
0.38671942241709995
0.38671942241709995
0.38671942241709995
0.38671942241709995
0.38669989078841027
0.38669989078841027
0.38669989078841027
0.386699890538087
0.386699890538087
0.386699890538087
0.38669973145622616
0.38669973145622616
0.38669973145622616
0.38669973145622616
0.38669973145622616
0.38669966123548655
0.38669966123548655
0.3866995702957809
0.38669948204040294
0.38669948204040294
0.38669947845082914
0.3866994784498298
0.3866994784497281
0.38669947844421154
0.38669947844421154
0.3866994784442115
0.3866994784442115
0.3866994784442115
0.3866994784442115
0.3866994784442115
0.3866994784442115
0.3866994784442115
0.3866994784442099
0.3866994784442099
0.38669947844420965
0.38669947844420965
0.3866994783042196
0.3866994783042196
0.3866994783041001
0.3866994783041001
0.3866994783041001
0.3866994783041001
0.3866994783041001
0.38669947830383444
0.38669947830383444
0.38669947830383444
0.38669947830383444
0.38669947830383444
0.38669947830383444
0.38669947830383444
0.38669947830383444
0.38669947830383444
0.38669947830383394
0.38669947830383394
0.38669947830383394
0.38669947830383394
0.38669947830383394
0.38669947830383394
0.38669947830383394
0.38669947830383394
0.38669947830383394
0.38669947830383394
0.38669947830383394
0.38669947830383394
0.38669947830383394
0.38669947830383394
0.38669947830383394
0.38669947830383394
0.38669947830383394
0.38669947830383394
0.3866994783016145
0.3866994783016145
0.3866994783016145
0.3866994782903337
0.3866994782903337
0.3866994782903337
0.3866994782903337
0.3866994782903337
0.3866994782903277
0.3866994782903277
0.3866994782903164
0.3866994782903164
0.3866994782903164
0.3866994782903164
0.3866994782903164
0.3866994782903164
0.3866994782903164
0.3866994782903164
0.3866994782903164
0.3866994782903164
0.3866994782903164
0.3866994782903164
0.3866994782903164
0.3866994782903164
0.3866994782903164
0.3866994782903164
0.3866994782903164
0.3866994782903164
0.3866994782903164
0.3866994782903164
0.3866994782903164
0.3866994782903164
0.38453283177971004
0.38453283177971004
0.38453283177971004
0.38453283177971004
0.38453283177971004
0.38453283176120684
0.38453283176120673
0.38453283176120673
0.38453283176120673
0.38453283176120673
0.38453283176120673
0.38453283176120673
0.38453283176120673
0.38453283176120673
0.38453283176120673
0.3845328316509321
0.3845328316509321
0.3845328316509321
0.38453283165093144
0.38453283165093144
0.38453283165093144
0.38453283165093144
0.38453283165093144
0.38453283165088176
0.38453283165088176
0.38453283165088176
0.3845328316508729
0.3845328316508729
0.3845328316508729
0.3845328316508729
0.3845328316508729
0.3845328316508729
0.3845328316224388
0.3845328316224388
0.3845328316224388
0.3845328316224388
0.3845328316224388
0.3845328315703496
0.3845328315703496
0.3845328315703496
0.3845328315703496
0.3845328315703496
0.3845328315703496
0.3845328315703496
0.3845328315703496
0.38453283157034823
0.38453283157034823
0.38453283157034823
0.38453283157029555
0.38453283157029555
0.38453283157029555
0.38453283157029555
0.38453283157029555
0.38453283157029555
0.38453283157029555
0.38453283157029555
0.38453283157029555
0.38453283157029555
0.38453283157029555
0.38453283157029555
0.384532831519459
0.384532831519459
0.384532831519459
0.384532831519459
0.38453283151388307
0.38453283151388307
0.38453283151388307
0.38453283151388307
0.38453283151388307
0.38453283151388307
0.38453283151388307
0.38453283151388307
0.38453283151388307
0.3845328315138826
0.38453169539794335
0.38453169539794335
0.38453169539794335
0.38453169539794335
0.38453169539794335
0.38453169539794335
0.38453169539794313
0.38453169539794313
0.38453169539794313
0.38453169539794313
0.38453169539794296
0.38453169539794296
0.3845316953908893
0.3845316953908893
0.3845316953908893
0.38453169539088927
0.38453169539085297
0.3845316800931923
0.38453117203853937
0.38453117203853937
0.38453117203853937
0.38453117203853937
0.38453117203853937
0.3845311720380414
0.3845311720380414
0.3845311720380414
0.3845311720380414
0.38453117203804116
0.38453117203804116
0.3845311720355942
0.3845311179900944
0.3845311179900944
0.3845311179900944
0.3845311179900944
0.3845311179900944
0.3845311179900944
0.38453111797949496
0.38453111797949496
0.3845301496713508
0.3845301496713508
0.3845301496713508
0.3845301496713508
0.3845301496713508
0.384506555562385
0.384506555562385
0.3845065555623849
0.3845065555623849
0.3845065555623849
0.3845065555623849
0.3845065555623849
0.25579888846239274
0.25579888846239274
0.25579888846239274
0.25579888846239274
0.25579888846239274
0.25579888846239274
0.25579888846239274
0.25579888846239274
0.2557988884623927
0.2557988884621858
0.2557988884621858
0.2557988703215124
0.2557988703215124
0.2557988703215124
0.2557988703215124
0.2557988703215124
0.2557988703215124
0.25579887032147397
0.25579887032147397
0.25579886586687967
0.25579886586687967
0.25579886586687967
0.25579886586687967
0.25579886586687967
0.25579886586687967
0.25579886586687967
0.25579884560057914
0.25579884560057914
0.2557988328401161
0.2557988328401161
0.2557988328401161
0.2557988328401161
0.2557988328401161
0.2557988322182945
0.2557988322182945
0.25579883221623145
0.25579880961713697
0.25579880961713697
0.25579880863207305
0.25579880863207305
0.25579880863207305
0.25579880863207305
0.2557988086320729
0.2557988086320729
0.2557988086320729
0.2557988086320729
0.2557988086320729
0.255798806867437
0.255798639761325
0.25579839147131844
0.25579839147131844
0.25579839147131844
0.25579839147131844
0.25579839147131844
0.255797607518893
0.255797607518893
0.25579760751889274
0.25579760751889274
0.25579760751889274
0.25579760751889274
0.2557976075170814
0.25579760740464697
0.25579760740464697
0.25579760740464697
0.25579760740464697
0.25579760740464697
0.25579760740464697
0.25579760721272504
0.25579760721272504
0.25579760721272504
0.25579760721272504
0.25579760721272504
0.25579760721272504
0.25579760721272504
0.25579760721272504
0.25579760721272504
0.25579760721272504
0.2557976070511879
0.2557976070511879
0.2557976070511879
0.2557976070511879
0.2557976070506957
0.2557976070506957
0.25579760705069515
0.25579760705069515
0.2557657772992949
0.2557657772992949
0.2557657768226969
0.2557657768226969
0.2557657768226969
0.2557657768226969
0.2557657768226969
0.2557657768226969
0.2557657768226969
0.2557337862020901
0.2557337862020901
0.25573378618636644
0.25573378618636644
0.25573378618636644
0.25573378618636644
0.25573378618465015
0.25573378618465015
0.25573378618465015
0.25573378618465015
0.25573378586359397
0.25573378586359397
0.25573378586359374
0.25573378586359374
0.25573378586357226
0.25573378586357226
0.25573378586357226
0.25573378586357226
0.2557337858635722
0.2557337858635722
0.2557337858635722
0.25573378586357215
0.25573378586357215
0.25573378586357215
0.25573378586357215
0.2557197447715265
0.25571974477151527
0.25571974477151527
0.25571974477151527
0.25571974477151527
0.2557196761624363
0.2557196761624363
0.2557196761624363
0.2557196761624363
0.2557194921861593
0.2557194921861593
0.2557194921861593
0.2557194921861593
0.2557194921861593
0.2557194921861593
0.25571949218615914
0.25571949218615914
0.25571949218615914
0.25571949218615914
0.25571949218615914
0.25571917666319893
0.2557191766631988
0.2557191766631988
0.25571917666319877
0.25571917666319877
0.25571917666319877
0.2557191766625619
0.2557191766625619
0.2557191766625619
0.2557191766625619
0.2557191766625619
0.2557191766413698
0.2557191766413698
0.2557191766413698
0.2557191766413698
0.2557191766413698
0.2557112613645397
0.2557112613645397
0.2557106343771445
0.2557106343771445
0.2557106343771445
0.25571063437714436
0.2557106343770824
0.2557106343770824
0.2557106343770824
0.2557106343770824
0.2557106343770824
0.25571063437708236
0.25571063437708236
0.2557106334426972
0.2557106334426879
0.2557106334292286
0.2557106334292286
0.2557009749993357
0.25570095512312985
0.25570095512312985
0.25570095512312985
0.25570095512312985
0.25570095512312985
0.25570094280546096
0.2557008728831342
0.2557008728831342
0.2557008728831342
0.2557008728831342
0.2557008718405889
0.25570087133945335
0.2557008713394501
0.2557008713394501
0.2557008713394501
0.2557008713394501
0.2557008713309655
0.25570087133079006
0.25570087133079006
0.25570087133079006
0.25570087132231706
0.25570087132231706
0.25570087132231706
0.25570087132231445
0.25570087132231445
0.25570087132231445
0.25570087132231445
0.25570087132231445
0.25570087132231445
0.25570087132231445
0.25570087132231445
0.2556616497319169
0.25566164973191685
0.25566164973191685
0.25566164973191685
0.25566164973191685
0.25566164973191685
0.25566164973191685
0.25560881044580214
0.25560881044580214
0.25560881044580214
0.25560881044580214
0.25560881044580214
0.25560881043274475
0.25560881043274475
0.2556088104327389
0.25560881043273564
0.25560881043273564
0.2556088104207696
0.2556088104207696
0.25560881042071165
0.25560881042071165
0.25560881042053285
0.25560881042053285
0.25560881042053285
0.25560881042053285
0.25560881042053285
0.2556088104200287
0.25560881041996575
0.25560881041996575
0.25560881041996575
0.25560881041996575
0.2556088103873225
0.2556088103873225
0.2556088103873225
0.2556088103873225
0.2556088103873225
0.2556088103873225
0.2556088103873225
0.2556088103873225
0.2556088103873225
0.2556088103873225
0.2556085485965772
0.25560854859634113
0.25560854859634113
0.25560854842236247
0.25560854842236247
0.25560854842236247
0.25503052786696545
0.25503052786696545
0.25503052786696545
0.25503052786696545
0.25503052786696545
0.25503052786696545
0.25503052786696545
0.25503052786696545
0.25503052786696545
0.25503052786696545
0.25503052786696545
0.25503052786696545
0.25503052786696545
0.25503052786696545
0.25503052786696545
0.25503052786696545
0.25503052786696545
0.25503052786696545
0.2550305278531472
0.2550305278531472
0.2550305278531472
0.25503052785314484
0.25503052784139024
0.25503052784139024
0.2550305278413902
0.2550305278413902
0.2550305278413902
0.2550305278413902
0.2550305278413902
0.2550305278413902
0.2550305278413902
0.2550305278413902
0.2550305278413902
0.2550305278413902
0.2550305278413902
0.2550305278413902
0.2550305278413902
0.2550305278413902
0.2550305278413902
0.2550305278413902
0.2550305278413902
0.2550305278413902
0.2550305278413902
0.2550305278413902
0.2550305278413902
0.2550305278413902
0.2550305278380241
0.2550305278380241
0.2550305278380241
0.2550305278380241
0.2550305278380241
0.2550305278380241
0.2550305278380241
0.2550305278380241
0.2550305278380241
0.2550305278380241
0.2550305278380241
0.2550305278380241
0.255030527837865
0.255030527837865
0.255030527837865
0.255030527837865
0.25503052750339483
0.25503052750339483
0.25503052750339483
0.25503052750339483
0.25503052750339483
0.25503052750339483
0.25503052750339483
0.2550305275033944
0.2550305275033944
0.2550305275033944
0.2550305275033944
0.2550305275033944
0.25503049657865395
0.25503049657865395
0.2550304965786503
0.2550304965786503
0.25503049657832444
0.25503049657832444
0.25503049657832444
0.25503049657832444
0.25503049657832444
0.25503049657832444
0.25503049657832444
0.25503049657832444
0.25503049657832444
0.25503049657832444
0.25503049657832433
0.25503049657832433
0.2550304965783229
0.2550304965783229
0.2550304965783229
0.2550304965783229
0.2550304965783229
0.2550304965783229
0.2550304965783229
0.2550304965783229
0.2550304965782609
0.2550304965782609
0.2550304965782609
0.25503049653744997
0.25503049653744997
0.25503049653744997
0.25503049653744997
0.25503049653744997
0.25503049653744997
0.2550304965374494
0.2550304965374494
0.2550304965374494
0.2550304965374494
0.2550304965374494
0.2550304965374494
0.2550304965374494
0.2550304965374494
0.2550304965374494
0.2550304965374494
0.2550304965374494
0.25503049653700605
0.25503049650360915
0.25503049650360915
0.25503049650360915
0.25503049650335596
0.25503049650335596
0.25503049650335596
0.25503049650335596
0.25503049650335596
0.25503049650335596
0.2550304965032685
0.2550304965032685
0.25503049650002113
0.25503049650002113
0.25503049650002113
0.25503049650002113
0.25503049650002113
0.25503049650002113
0.25503049650002113
0.25503049650002113
0.25503049650002113
0.25503049650002113
0.25503049650002113
0.2550304959659664
0.2550304959659664
0.25503049596596006
0.25503049596596006
0.25503049596596006
0.25503049596596006
0.25503049596596006
0.25503049596596006
0.25503049596596006
0.25503049596596006
0.25503049596596006
0.25503049596589733
0.25503049596589733
0.25503049596589733
0.2545647917062969
0.2545647917062969
0.2545647917062969
0.2545647917062969
0.2545647917062969
0.2545647917062969
0.2545647917062969
0.2545647917062969
0.2545647915199981
0.2545647915199981
0.2545647915126325
0.2545647915126325
0.2545647915126294
0.25456479151262895
0.25456479151262895
0.25456479151262895
0.254564776379892
0.254564776379892
0.2545647763798919
0.2545647763798919
0.2545647763798919
0.2545647763798919
0.2545647763798919
0.2545647763798919
0.2545647763798919
0.2545647763798919
0.2545647763798919
0.2545647763798919
0.2545647763798919
0.2545647763798919
0.2545647763798919
0.2545647756955973
0.2545647756955973
0.2545647756955973
0.2545647756955973
0.2545647756955973
0.25456477569559466
0.25456477569559466
0.25456477569559466
0.2545647756955101
0.2545647756955101
0.2545647756955098
0.2545647756955098
0.2545645568461411
0.2545645568461411
0.2545645568461411
0.2545645568461411
0.2545645568461411
0.25456455684612495
0.25456455684612495
0.25456455684612495
0.25456455684612495
0.25456455684612495
0.25456455684612495
0.25456455684612495
0.25456455684612445
0.25456455684612445
0.25456455684612445
0.2545645568380045
0.2545645568380045
0.2545645568380045
0.2545645568380045
0.2545645568380045
0.2545645568380045
0.2545645568380045
0.2545645568380045
0.2545645568276275
0.2545645568276275
0.2545645410396246
0.2545645410396242
0.2545645410396242
0.2545645410396242
0.2545645410396242
0.2545645410396242
0.2545645410396242
0.2545645410396242
0.2545645410396242
0.2545645410396242
0.2545645410396242
0.2545645410396242
0.25456454103962417
0.25456454103962417
0.25456454103962417
0.25456454103962417
0.2545645410396224
0.2545645410396224
0.2545645410396224
0.2545645410396224
0.2545645410396224
0.2545645410396222
0.25456454088684477
0.2545645358943877
0.2545645358943877
0.25456453589420697
0.25456453589420697
0.25456453589420697
0.25456453589420697
0.25456453589420697
0.25456453589420697
0.25456453589420697
0.2545645358942057
0.25456453589420547
0.25456453589420547
0.25456453589420547
0.25456453589420547
0.25456453589420547
0.25456453589420547
0.25456453589420547
0.25456453589420547
0.25456453589420547
0.25456453589420547
0.25456453589416944
0.25456453589416944
0.25456453589416944
0.25456453589416944
0.25456453589416944
0.25456453589416944
0.25456453589416944
0.25456453589416944
0.25456453589416944
0.25456453589414035
0.25456453589414035
0.25456450737960923
0.25456450737960923
0.25456450737960923
0.25456450737960923
0.25456450737960923
0.25456450737957614
0.2545645073795352
0.2545645073795352
0.2545645073795325
0.2545645073795325
0.2545645073795325
0.2545645073795325
0.2545645073795325
0.2545645073793752
0.2545645073793752
0.2545645073793752
0.2545645073793752
0.25456447855916375
0.25456447855916375
0.25456447855916375
0.2545644785547906
0.25456447845710506
0.25456447845710506
0.25456447845710506
0.25275136808890064
0.2527513680888995
0.2527513680888995
0.2527513680888995
0.2527513680888995
0.2527513680888995
0.2527482398941387
0.2527482398941387
0.2527482398941387
0.2527482398941387
0.2527482398941387
0.2527482398941387
0.2527482398941387
0.25274823989413686
0.25274823989413686
0.25274823989413686
0.2527482398941134
0.2527482398941134
0.2527482398941134
0.25274498377930416
0.25274498377930416
0.25274498377930416
0.25274498377930416
0.2527449837213779
0.2527449837213779
0.2527449837213629
0.25274498155939945
0.25274498155939945
0.25274498155939945
0.25274498155939945
0.25274498155939945
0.25274498155939945
0.25274498155939945
0.25274498155939945
0.25274498155939445
0.25274498155939107
0.25274498155939107
0.25274498155939107
0.25274498155939107
0.25274498155939107
0.25274498155939107
0.25274498155939107
0.25274498155939107
0.25274498155939107
0.25274498155939107
0.25274498155939107
0.25274498155939107
0.25274498155939107
0.25274498155939107
0.25274498155939107
0.2527449815573811
0.2527449815573811
0.25274486810232794
0.25274486810232794
0.25274486810232794
0.25274486809481117
0.25274486809481117
0.25274486809481117
0.25274486809481117
0.2527448680948107
0.2527448680948107
0.2527448680948107
0.25274486809472835
0.25274486809472835
0.25274486809472324
0.25274486809472324
0.25274486809472324
0.25274486809472324
0.25274486809432994
0.25274486809432994
0.25274486809432994
0.25274486809432994
0.25274486809432994
0.25274486809432994
0.252744703099408
0.252744703099408
0.252744703099408
0.252744703099408
0.2527298221982191
0.2527298221982191
0.25272982219821905
0.25272982219821905
0.2527298221980498
0.2527298221980498
0.2527298221980498
0.2527298221980498
0.2527298221980498
0.2527298221980498
0.2527298221980498
0.2527298221980498
0.2527298221980498
0.25272981452747567
0.25272981452747567
0.25272981452747567
0.25272981452747567
0.25272981452747567
0.2527298144306698
0.2527298144306698
0.2527298144306698
0.2527298144306698
0.2527298144306698
0.2527295010325876
0.2527295010325876
0.2527295010325876
0.2527295010325876
0.2527294339049943
0.2527294339049943
0.2527294339049943
0.2527294339049943
0.2527294339049943
0.2527294339049943
0.2527294339049943
0.2527294339049943
0.2527294339048868
0.2527294339048868
0.2527294339048868
0.2527294339048868
0.2527294339048868
0.2527294339048868
0.2527294339048868
0.2527294339048861
0.2527294339048861
0.2527294339048861
0.25272943390488606
0.25272943390488606
0.2527294339012889
0.2527294338965429
0.2527294338965429
0.2527294338965429
0.2527294338965429
0.2527294338965429
0.2527294338965429
0.2527294338965429
0.2527294338965429
0.2527294338965429
0.2527294338965429
0.2527294338965429
0.2527294338965429
0.252729433888761
0.252729433888761
0.252729433888761
0.252729433888761
0.252729433888761
0.2527294325356256
0.2527294325356256
0.252729432535621
0.252729432535621
0.252729432535621
0.25272942221863515
0.25272942221863515
0.25272942221863515
0.25272942221863515
0.25272942221863515
0.25272942221863515
0.25272942221863515
0.25272942221863515
0.25272942221863515
0.25272942221863515
0.25272942221863515
0.25272942221863515
0.25272942221863515
0.25272942221863515
0.25272942221863515
0.25272942221863515
0.25272942221863515
0.25272942221863515
0.2527294222186315
0.2527294222186315
0.2527294222186315
0.2527294222186315
0.2527294222186315
0.2527294222185914
0.2527294222185914
0.2527294222185914
0.2527294222185914
0.2527294222185914
0.2527294222185914
0.2527294222185914
0.2527294218826327
0.2527294218826327
0.25261074105826997
0.252610741051741
0.252610741051741
0.252610741051741
0.252610741051741
0.252610741051741
0.252610741051741
0.252610741051741
0.252610741051741
0.252610741051741
0.2526107410313462
0.2526107410313462
0.25261073722662314
0.25261073722662314
0.25261073722662314
0.25261073722662314
0.25261073722662314
0.25261073722662314
0.25261073722662314
0.25261073722662314
0.25261073722662314
0.25261073722662314
0.25261073722662314
0.2526107372266045
0.25261073484521246
0.25261073484521246
0.25261073484521246
0.25261073484521246
0.25261073484521246
0.25261073484521246
0.25261073242706733
0.25261073242706733
0.25261073242706733
0.25261073242706733
0.25261073242706733
0.25261073242706733
0.2526107324270531
0.2526107324270531
0.2526107324270531
0.2526107324270531
0.2526107324270531
0.2526107324270528
0.2526107324270528
0.2526107324270528
0.25261073242700455
0.25261073242700455
0.25261073242700455
0.25261073242700455
0.25261073242700455
0.25261073242700455
0.25261073242700455
0.25261073242700455
0.25261073242700455
0.25261073242700455
0.2526107324270027
0.2526107324270027
0.2526107324270027
0.2526107324270027
0.25261073242414106
0.25261064865305694
0.25261064865305694
0.252610648606939
0.252610648606939
0.252610648606939
0.252610648606939
0.252610648606939
0.252610648606939
0.252610648606939
0.252610648606939
0.252610648606939
0.252610648606939
0.25261064860689436
0.25261064860689436
0.25261064860689436
0.25261064860689436
0.25261064860689436
0.25261064860689436
0.25261064859700605
0.25261064859700605
0.2526106485790503
0.2526106485790308
0.2526106485790308
0.2526106485790308
0.2526106485790308
0.2526106485789815
0.2526106485789815
0.25261064851499854
0.25261064851499854
0.25261064851499776
0.2526106485149859
0.2526106485149859
0.25261064836043245
0.25261064836043245
0.25261064836043245
0.25261064836043245
0.25261064836043245
0.25261064836043245
0.25261064836043245
0.25261064836043245
0.252610648360391
0.252610648360391
0.252610648360391
0.252610648360391
0.252610648360391
0.25261064836034036
0.25261064836034036
0.25261064836034036
0.25261064836034036
0.25261064836034036
0.25261064836034036
0.25261064836034036
0.25261064836034036
0.25261064836034036
0.25261064836034036
0.25261064836034003
0.25261064836034003
0.25261064836034003
0.25261064836034003
0.25261064836034003
0.25261064836034003
0.25261064836034003
0.25261064836034003
0.25261064836034003
0.25261064836034003
0.25261064836034003
0.25261064836034003
0.25261064836034003
0.25261064836034003
0.25261064836034003
0.25261064836034003
0.25261064836034003
0.25261064836034003
0.2526106483603276
0.2526106483603276
0.2526106483603276
0.2526106483603276
0.25261064835950076
0.25261064835950076
0.25261064835950076
0.25261064835950076
0.25261064835950076
0.25261064835950076
0.25261064835950076
0.25261064835950076
0.25261064835950076
0.2526106483593641
0.2526106483593641
0.2526106483593641
0.25261064835936226
0.25261064835936226
0.25261064835936087
0.25261064835936087
0.25261064835936087
0.25261064835936087
0.25261064835936087
0.2526106482422868
0.2526106482422868
0.25261064824228674
0.25261064824228674
0.25261064824228674
0.25261064824228674
0.25261064824228674
0.25261064824228674
0.25261064824228674
0.25261064824228674
0.25261064824228674
0.25261064824228674
0.25261064824228674
0.25261064824228674
0.25261064824228674
0.25261064824228674
0.25261064824228674
0.25261062935279943
0.25261062935279943
0.25261062935279943
0.25261062935279943
0.25261062935279943
0.25261062935279943
0.25261062935279943
0.25261062935279943
0.25261062935279943
0.25261062935279943
0.25261062935279943
0.25261062935279943
0.25261062935279943
0.25261062935279943
0.25261062935279943
0.25261062935279943
0.25261062935279943
0.2526106293501838
0.2526106293501838
0.25261062930593864
0.25261062930593864
0.25261062930593375
0.25261062930593375
0.25261062930593375
0.25261062930593375
0.2526106293059246
0.2526106293059246
0.2526106293059246
0.2526106293059246
0.2526106293059246
0.2526106293059246
0.2526106293059246
0.25261062919754346
0.25261062919754346
0.25261062919754346
0.25261062919754346
0.25261062919754346
0.25261062919754346
0.25261062919754346
0.2526106291975321
0.2526106291975321
0.2526106291975321
0.2526106291975321
0.2526106291975123
0.2526106291975123
0.2526106291975123
0.2526106291975123
0.2526106291975123
0.2526106291975123
0.2526106291975123
0.2526106291975123
0.2526106291975123
0.2526106291975123
0.2526106161149391
0.25261061611493907
0.25261061611493907
0.25261061611493907
0.25261061611493907
0.2526106161148613
0.2526106161148613
0.2526106161148613
0.2526106161148613
0.2526106161148613
0.25261022953609724
0.25261022953609724
0.25261022953609724
0.2526102295358393
0.2526102295358393
0.2526102295358393
0.2526102295358393
0.2526102295358393
0.2526102295358393
0.2526102295358393
0.2526102295344658
0.2526102295344658
0.2526102295344658
0.252610229527656
0.252610229527656
0.252610229527656
0.25261022952765577
0.25261022952765577
0.25261022952765577
0.25261022952765577
0.252610224005933
0.252610224005933
0.252610224005933
0.252610224005933
0.252610224005933
0.252610224005933
0.252610224005933
0.252610224005933
0.252610224005933
0.252610224005933
0.252610224005933
0.252610224005933
0.2526102240059276
0.2526102240059276
0.2526102240059276
0.2526102240059276
0.2526102240059276
0.2526102240059276
0.2526102240059276
0.2526102240059276
0.2526102240059276
0.2526102240059276
0.2526102240059276
0.2526102240059276
0.2526102240059276
0.2526102240059276
0.2526102240059276
0.2526102240059276
0.2526102240023087
0.2526102240023087
0.2526102240023087
0.2526102240023087
0.2526102240023087
0.2526102240023087
0.2526102240023087
0.2526102240023087
0.2526102240023087
0.2526102240023087
0.2526102240023087
0.2526102240023085
0.2526102240023085
0.2526102240023085
0.25261022400229605
0.25261022400229605
0.25261022400229605
0.25261022400229605
0.25261022400229605
0.25261022400229605
0.25261022101914804
0.2526102210191452
0.2526102210191452
0.2526102210191452
0.2526102210191452
0.2526102210191452
0.2526102210191452
0.2526102210191452
0.2526102210191451
0.2526102210191451
0.2526102210191451
0.2526102210191451
0.2526102210191451
0.2526102210191451
0.2526102210191451
0.2526102210191451
0.25261022101914166
0.25261022101914166
0.25261022101914166
0.25261022101914166
0.25261022101914166
0.25261022101914166
0.25261022101914166
0.25261022101914166
0.25261022101914166
0.25261022101914166
0.25261022101914166
0.25261022101914166
0.25261022101912206
0.25261022101912206
0.25261022101912206
0.2526102210191092
0.2526102210191092
0.2526102210191087
0.2526102210191087
0.2526102210191087
0.2526102210191087
0.2526102210191087
0.2526101940295165
0.2526101940295165
0.2526101940295159
0.2526101940295159
0.2526101940295159
0.2526101940295159
0.25261014399017695
0.25261014399017695
0.25261014399017695
0.25261014399017695
0.25261014399017695
0.25261014399017695
0.25261014399017695
0.25261014399017695
0.25261014399017695
0.25261014399017695
0.25261014399017695
0.25261014399017695
0.25261014399017695
0.25261014399017695
0.25261014399017695
0.25261014399017695
0.25261014399017695
0.25261014399017695
0.25261014399017695
0.25261014399017695
0.25261014399017695
0.25261014399017695
0.25261014399017695
0.25261014399017695
0.25261014399017695
0.25261014399017695
0.25261014399017695
0.25261014399017695
0.2526101439901549
0.2526101439901549
0.2526101438909065
0.2526101438909065
0.2526101438909065
0.2526101438909065
0.2526025599526164
0.2526025599526164
0.2526025599526164
0.2526025599526164
0.2526025599526164
0.2526025599526164
0.2526025599526164
0.2526025599526164
0.2526025599526164
0.2526025599526164
0.2526025599526164
0.25260255878344723
0.25260255878344723
0.25260255878344684
0.25260255878344684
0.25260255878344684
0.25260255878344684
0.25260255878344684
0.25260255878344684
0.25260255878344684
0.25260255878344684
0.25260255878344684
0.25260255878344684
0.25260255878344684
0.25260255878344684
0.25260255878344684
0.25260255878344684
0.25260255878344684
0.25260255878344684
0.25260255878344684
0.25260255878344684
0.25260255878344684
0.25260255878344645
0.25260255878344645
0.25260255878344645
0.25260255878344645
0.25260255878344645
0.25260255878344595
0.25260255878344595
0.25260255878344595
0.25260255878344595
0.25260255878344595
0.25260255878344595
0.25260255878344595
0.25260255878344595
0.25260255878335847
0.25260255878335847
0.25260255878335847
0.25260255878335847
0.25260255878335847
0.25260255878335847
0.25260255878335847
0.25260255878335847
0.25260255878335847
0.25260255878335847
0.25260255878335847
0.25260255878335847
0.25260255878335847
0.25260255878335847
0.25260255878333326
0.252602558783333
0.25260255878329185
0.25260255878329185
0.25260255878329185
0.25260255878329185
0.2526025587736351
0.2526025587736351
0.2526025587736351
0.2526025587736351
0.2526025587736351
0.2526025587736351
0.2526025587736351
0.2526025587736351
0.2526025587736351
0.2526025587736351
0.2526025587736351
0.2526025587736351
0.2526025587736351
0.252602558773635
0.252602558773635
0.252602558773635
0.252602558773635
0.252602558773635
0.252602558773635
0.252602558773635
0.252602558773635
0.252602558773635
0.252602558773635
0.25260255877363497
0.25260255877363497
0.25260255877363497
0.25260255877363497
0.25260255877363497
0.25260255877363497
0.2526002849295945
0.2526002849295945
0.2526002849295945
0.2526002849295765
0.2526002849295765
0.2526002849295765
0.25260028492957154
0.25260028492957154
0.25260028492957154
0.25260028492957154
0.25260028492957154
0.25260028492957154
0.2526002849081202
0.2526002849081202
0.2526002849081202
0.2526002849081202
0.2526002849081202
0.2526002849081202
0.2526002849081202
0.2526002849081202
0.25260028490236897
0.25260028490236897
0.25260028490236897
0.25260028490236897
0.25260028490236897
0.25260028490236897
0.25260028490236897
0.25260028490236897
0.25260028490236897
0.25260028490236897
0.25260028490236897
0.25260028490236897
0.25260028490236897
0.25260028490236897
0.25260028490236897
0.25260028490236897
0.25260028490236897
0.25260028490236897
0.25260028490236897
0.25260028490236897
0.25260028490236897
0.25260028490236897
0.25260028486426506
0.25260028486426506
0.25260028486426506
0.25260028486426506
0.25260028486426506
0.25260028486426506
0.25260028486426506
0.25260028486426506
0.25260028486426506
0.25260028486426506
0.25260028486426506
0.25260028486426506
0.25260028486426506
0.25260028486426506
0.25260028486426506
0.25260028486426506
0.25260028486426506
0.25260028486426506
0.25260028486426506
0.25260028486426506
0.25260028486426506
0.25260028486426506
0.25260028486426506
0.25260028486426506
0.25260028486426506
0.25260028486426506
0.25260028486426506
0.25260028486426506
0.25260028486426506
0.25260028486426506
0.25260028486426506
0.25260028486426506
0.25260028486426506
0.25260028486426506
0.25260028486426506
0.25260028486426506
0.25260028486426506
0.25260028486426506
0.25260028486426506
0.2526002837921155
0.2526002837921155
0.2526002837921155
0.2526002837921155
0.2526002837921155
0.2526002837921155
0.2526002837921155
0.2526002837921155
0.2526002837921155
0.2526002837921155
0.2526002837921155
0.2526002837921155
0.2526002837921155
0.2526002837921155
0.2526002837921155
0.2526002837921155
0.2526002837921155
0.2526002837921155
0.2526002837921155
0.2526002837921155
0.2526002837921155
0.2526002837921155
0.2526002837921155
0.2526002837921155
0.2526002837921155
0.2526002837921155
0.2526002837921155
0.2526002837921155
0.2526002837921155
0.2526002837921155
0.2526002837921155
0.2526002837921155
0.25260028379211485
0.25260028379211485
0.25260028379211485
0.25260028379211485
0.25260028379211485
0.25260028379211485
0.25260028379211485
0.25260028379211485
0.25260028379211485
0.25260028379211485
0.25260028379211485
0.25260028379211485
0.25260028379211485
0.25260028379211485
0.25260028379211485
0.25260028379211485
0.25260028379211485
0.25260028379211485
0.25260028379211485
0.25260028379211485
0.25260028379211485
0.25260028379211485
0.25260028379211485
0.25260028379211485
0.25260028379211485
0.252600283792114
0.252600283792114
0.252600283792114
0.252600283792114
0.25260028379199256
0.25260028379199256
0.25260028379199256
0.25260028379199256
0.25260028379199256
0.25260028379199256
0.25260028379199256
0.2526002837919925
0.2526002837919925
0.2526002837919925
0.2526002837919925
0.2526002837919925
0.2526002837919925
0.2526002837919925
0.2526002837919925
0.2526002837919925
0.2526002837919925
0.2526002837919925
0.2526002837919925
0.2526002837919925
0.2526002837919925
0.2526002837919925
0.2526002837919925
0.2526002837919925
0.2526002837919925
0.2526002837919925
0.2526002837919925
0.2526002837919925
0.2526002837919925
0.2526002837919925
0.2526002837919925
0.2526002837919925
0.2526002837919925
0.2526002837919925
0.25260028379198685
0.25260028379198685
0.25260028379198546
0.2526002837919778
0.2526002837919778
0.2526002837919778
0.2526002837919778
0.2526002837919778
0.2526002837919778
0.2526002837919778
0.2526002837919778
0.2526002837919778
0.2526002837919778
0.2526002837919778
0.2526002837919778
0.2526002837919778
0.2526002837919778
0.2526002837919778
0.2526002837919778
0.2526002837919778
0.2526002837919778
0.2526002837919778
0.2526002837919778
0.2526002837919778
0.2526002837919778
0.2526002837919778
0.2526002837919778
0.2526002837919778
0.2526002837919778
0.2526002837919778
0.2526002837919778
0.2526002837919778
0.2526002837919778
0.2526002837919778
0.2526002837919778
0.2526002837919778
0.2526002837919778
0.2526002837919778
0.2526002837919778
0.25260028379194643
0.25260028379194643
0.25260028379194643
0.25260028379194643
0.25260028379194643
0.25260028379194643
0.25260028379194643
0.25260028379194643
0.25260028379194643
0.25260028379194643
0.25260028379194643
0.25260028379194643
0.25260028379194643
0.25260028379194643
0.25260028379194643
0.2526002837919448
0.2526002837919448
0.2526002837919448
0.2526002837919448
0.25260028379194477
0.25260028379194477
0.25260028379194477
0.25260028379194477
0.25260028379194477
0.25260028379194477
0.25260028379194477
0.25260028379194477
0.25260028379194477
0.25260028379194477
0.25260028379194477
0.25260028379194477
0.25260028379194477
0.252600272800563
0.252600272800563
0.252600272800563
0.252600272800563
0.252600272800563
0.252600272800563
0.252600272800563
0.252600272800563
0.252600272800563
0.252600272800563
0.252600272800563
0.252600272800563
0.252600272800563
0.252600272800563
0.252600272800563
0.252600272800563
0.252600272800563
0.252600272800563
0.252600272800563
0.2526002728005222
0.2526002728005222
0.2526002728005222
0.2526002728005222
0.2526002728005222
0.2526002728005222
0.2526002728005222
0.2526002728005222
0.2526002728005222
0.2526002728005222
0.2526002728005222
0.2526002728005222
0.2526002728005222
0.2526002728005222
0.2526002728005222
0.2526002728005222
0.2526002728005222
0.2526002728005222
0.2526002728005222
0.2526002728005222
0.2526002728005222
0.2526002728005222
0.2526002728005222
0.2526002728005222
0.2526002728005222
0.2526002728005222
0.2526002728005222
0.2526002728005222
0.2526002728005222
0.2526002728005222
0.2526002728005222
0.2526002728005222
0.2526002728005222
0.2526002728005222
0.2526002728005222
0.2526002728005222
0.2526002728005222
0.2526002728005222
0.2526002728005222
0.2526002728005222
0.2526002728005222
0.2526002728005222
0.2526002728005222
0.2526002728005222
0.2526002728005222
0.2526002728005222
0.2526002728005222
0.2526002728005222
0.2526002728005222
0.2526002728005222
0.2526002728005222
0.2526002728005222
0.2526002728005222
0.2526002728005222
0.2526002728005222
0.2526002728005222
0.2526002728005222
0.2526002728005222
0.2526002728005222
0.2526002728005222
0.2526002728005222
0.2526002728005222
0.2526002728005222
0.2526002728005222
0.2526002728005222
0.2526002728005222
0.2526002728005222
0.2526002728005222
0.2526002728005222
0.2526002728005222
0.2526002728005222
0.2526002728005222
0.2526002728005222
0.2526002728005222
0.2526002728005222
0.2526002728005222
0.2526002728005222
0.2526002728005222
0.2526002728005222
0.2526002728005222
0.2526002728005222
0.2526002728005222
0.2526002728005184
0.2526002728005184
0.2526002728005184
0.2526002728005184
0.2526002728005184
0.2526002728005184
0.2526002728005184
0.2526002728005184
0.2526002728005184
0.2526002728005184
0.2526002728005184
0.2526002728005184
0.2526002728005184
0.2526002728005184
0.2526002728005184
0.2526002728005184
0.2526002728005184
0.2526002728005184
0.2526002728005184
0.2526002728005184
0.2526002728005184
0.2526002728005184
0.2526002728005184
0.2526002728005184
0.2526002728005184
0.2526002728005184
0.2526002728005184
0.2526002728005184
0.2526002728005184
0.2526002728005184
0.2526002728005184
0.2526002728005184
0.2526002728005184
0.2526002728005184
0.2526002728005184
0.2526002728005184
0.2526002728005184
0.2526002728005184
0.2526002728005184
0.2526002728005184
0.2526002728005184
0.2526002728005184
0.2526002728005184
0.2526002728005184
0.2526002728005184
0.2526002728005184
0.2526002728005184
0.2526002728005184
0.2526002728005184
0.2526002728005184
0.2526002728005184
0.2526002728005184
0.2526002728005184
0.2526002728005184
0.2526002728005184
0.2526002728005184
0.2526002728005184
0.2526002728005184
0.2526002728005184
0.2526002728005184
0.2526002728005184
0.2526002728005184
0.2526002728005184
0.2526002728005184
0.2526002728005184
0.2526002728005184
0.2526002728005184
0.2526002728005184
0.2526002728005184
0.2526002728005184
0.2526002728005184
0.2526002728005184
0.2526002728005184
0.2526002728005184
0.2526002728005184
0.2526002728005184
0.2526002728005184
0.2526002728005184
0.2526002728005184
0.2526002728005184
0.2526002728005184
0.2526002728005184
0.2526002728005184
0.2526002728005184
0.2526002728005184
0.2526002728005184
0.2526002728005184
0.2526002728005184
0.2526002728005184
0.2526002728005184
0.2526002728005184
0.2526002728005184
0.2526002728005184
0.2526002728005184
0.2526002728005184
0.2526002728005184
0.2526002728005184
0.2526002728005184
0.2526002728005184
0.2526002728005184
0.2526002728005184
0.2526002728005184
0.2526002728005184
0.2526002728005184
0.2526002728005184
0.2526002728005184
0.2526002728005184
0.2526002728005184
0.2526002728005184
0.2526002728005184
0.2526002728005184
0.2526002728005184
0.2526002728005184
0.2526002728005184
0.2526002728005184
0.2526002728005184
0.2526002728005184
0.2526002728005184
0.2526002728005184
0.2526002728005184
0.2526002728005184
0.2526002728005184
0.2526002728005184
0.2526002728005184
0.2526002728005184
0.2526002728005184
0.2526002728005184
0.2526002728005184
0.2526002728005184
0.2526002728005184
0.2526002728005184
0.2526002728005184
0.2526002728005184
0.2526002728005184
0.2526002728005184
0.2526002728005184
0.2526002728005184
0.2526002728005184
0.2526002728005184
0.2526002728005184
0.2526002728005184
0.2526002728005184
0.2526002728005184
0.2526002728005184
0.2526002728005184
0.2526002728005184
0.2526002728005184
0.2526002728005184
0.2526002728005184
0.2526002728005184
0.2526002728005184
0.2526002728005184
0.2526002728005184
0.2526002728005184
0.2526002728005184
0.2526002728005184
0.2526002728005184
0.2526002728005184
0.2526002728005184
0.2526002728005184
0.2526002728005184
0.2526002728005184
0.2526002728005184
0.2526002728005184
0.2526002728005184
0.2526002728005184
0.2526002728005184
0.2526002728005184
0.2526002728005184
0.2526002728005184
0.2526002728005184
0.2526002728005184
0.2526002728005184
0.2526002728005184
0.2526002728005184
0.2526002728005184
0.2526002728005184
0.2526002728005184
0.2526002728005184
0.2526002728005184
0.2526002728005184
0.2526002728005184
0.2526002728005184
0.2526002728005184
0.2526002728005184
