34798.071105142284
34798.07110514228
34798.07110514209
34798.07110514209
34798.07110514209
34798.07110514209
34798.07110514209
34798.07110514209
34797.68492559342
34797.68492559342
34790.755208927956
34790.755208927956
33151.980947926546
33151.980947926546
33151.979847811745
33151.979847811745
33151.979847811745
33151.97665662885
33151.97665662885
33151.97665662668
33151.97665662668
33151.97665662668
33151.97665662665
33151.97665662665
33151.9766512219
33151.9766512219
33151.976408575574
33151.976408575574
33151.976344826435
33151.97634392637
33151.97634392637
33151.97634390794
33150.974067811854
33150.974067811854
33150.97329337368
33150.97329337368
33150.972432679584
33131.09080559076
33131.09080559076
33131.09080559076
33131.09080559076
33131.09080546821
33131.09080546821
33131.09080546821
33131.09080546821
33131.09080546821
33131.09080546821
33131.09080546821
33131.09080546821
33131.09080546821
33131.05648293249
33131.05648293249
33109.5416776134
33081.53666219006
33008.30981571073
33008.30981571073
33008.30981571073
33008.30981571073
33008.30981571073
33008.30981571073
33008.30981571057
33008.309802510565
33008.309802510565
26368.784612264393
26368.689731484785
26368.689731484785
26368.689731484785
26368.689731484785
26368.689731484785
26368.599552307784
26368.58640189206
26368.58640189206
26298.621447127258
26298.621447127258
26298.621447127258
26298.621445195993
26298.621445195993
26152.13848344963
26152.13848344963
26152.13848344963
26152.13848344963
26152.13848344963
26152.13848344963
26152.13848344963
26152.13848344963
25690.144484889217
25690.144484889217
25690.144484889217
25690.14448364548
25690.14448364548
25690.14448364548
25690.14448364548
25690.144483645472
25690.14447611345
25690.144475781322
25690.144475781322
25690.087090741436
25690.087090741436
25690.087090741436
25690.087090736975
25690.087090736975
25689.1242736216
25689.1242736216
25689.124206298602
25689.124206298602
25689.124206298602
25689.124206298602
25670.827549763424
18723.07835586645
18723.07835586645
18723.07835586645
18723.064709487368
18723.064709487368
18723.064690999687
18723.064690999687
18723.064690999687
18723.064690999687
18662.191833574736
18662.19183357473
18662.19183357473
18662.19183357473
18645.674913468418
18645.674913468418
18645.674913468418
18645.674913468418
18645.674913468418
18628.43115344702
18628.43115344702
18628.405303285475
18628.405303285475
18628.405303102216
18628.405303102216
18599.325774647798
18599.325774647798
18599.32571931659
18599.32571931659
18599.32571931659
18599.325717510346
18599.325717510346
18507.083401527267
18507.083401527267
18507.083401527267
18507.083401461612
18414.581074030833
18414.581074030833
18414.581073654837
18414.581073654837
18414.581073654837
18414.581073654837
18414.563906048483
18414.563905812684
18411.3578815634
17376.157358763285
17376.157358763285
17376.157358763285
17375.82625094055
17375.673114120924
17375.673114120924
17375.67311411833
17375.67311411833
17375.67311411833
17375.67311411833
17375.67311411833
17367.776032764206
17367.776032764206
17367.776031849564
17367.776031849564
17367.77603184828
17367.776031848276
17367.7760318272
17318.60530500396
17318.60530500396
17318.605236500374
17317.874013034558
17317.874013034558
17317.874013034558
17317.874013034558
17317.835067336076
17317.835063235456
17317.835063235456
17317.835063235456
17317.835063235456
17317.835063235456
17317.835063235456
17317.835063235456
17317.835063235456
17317.835063235456
17317.835063235456
17317.835063235456
17317.835063235456
17314.809089170165
17314.809089170165
17314.809089170165
17314.809089170165
17259.708688711657
16897.18531890402
16897.173298227386
16897.173298227386
16897.173298184447
16897.131566898308
16897.131566898308
16897.131449411623
16897.131449411623
16897.131449411623
16897.130814411907
16897.130814411907
16897.130814411907
16897.130814411907
16897.130814411907
16897.130814411907
16897.130814411907
16897.130814411907
16897.130814411907
16897.13081440377
16897.13081440377
14374.092821265514
14374.092821265514
14374.092821265514
14374.092820957749
14374.092820957741
14374.092820957712
14374.092820957712
14374.092820957712
14374.092820957712
14374.092820957712
11762.69247886733
11762.69247886733
11762.69247886733
11762.69247886733
11762.689709569415
11762.689709569415
11762.689709569415
11762.689709569415
11759.51894847476
11759.51894847476
11759.51894847476
11756.27698642037
11754.13399842241
11746.08565551238
11746.08564762797
11746.08564762797
11746.085646995862
11746.067695337031
11746.067695337031
11746.067695337031
11746.067695337031
11746.067695337031
11746.067695337031
11746.067695337031
11746.067695337031
11746.067695337031
11746.066586651865
11746.066586651865
11746.066586651865
11746.066586651865
11746.066586651865
11746.066586651865
11746.05741458133
11746.049493075032
11746.049493075032
11738.160079556033
11738.160079556033
11738.149396684943
11738.149396684943
11722.470382899312
11722.470382899312
11722.470382899312
11722.470382899312
11722.470382899312
11722.470382899312
11722.470382899312
11722.468254916676
11722.468254916676
11722.468254916676
11722.468254916676
11722.468254916676
11722.468254916676
11722.468254916676
11722.468254916676
11722.467600108535
11722.467600108535
11722.467600108535
11722.467600108535
11722.467600108535
11722.467600108535
11722.467600108535
11722.467600108535
4281.325002995013
4281.325002995013
4281.325002995013
4281.324853737696
4281.324853737696
4281.324853737696
4281.321700578808
4281.321700578808
4281.321700578808
4281.321700578808
4281.321700578808
4281.321700578808
4281.321694333481
4281.321694333481
4281.321694333481
4281.321694333481
4281.321694333481
4281.321694333477
4281.321694332372
4281.321694332372
4281.321694332372
4281.321694332372
4281.321694332372
4281.321694332372
4280.833895379377
4280.833895379377
4280.833895379377
4272.318774026997
4272.318774026997
4272.318751627239
3047.545557740502
3047.545557740502
3047.545557740502
3047.545557740502
3047.545557740502
3047.545557740502
3047.545557740502
3047.5406757903957
3047.5406757903957
2424.1202095072863
2424.1202095072863
2424.1202092898416
2424.120012339636
2424.120012339636
2424.120012339636
2424.120012339636
2424.1200123393382
2424.1200123393382
2424.0241778751492
2424.0241778751492
2421.6437549800107
2421.6437549800107
2421.6437549800107
2419.316700031255
2413.823074668451
2413.823074668255
2413.8230744783264
2413.822875799654
2413.822875799654
2413.822875799654
2413.822875799654
2413.7509983874215
2413.7509966149214
2413.75012901859
2413.75012901859
2413.7006525259985
2413.7006525259985
2413.7006525259985
2413.7006525259985
2413.7006525259985
2413.7006525259985
2413.7006525259976
2413.7006525259976
2412.0239599832053
2412.0239599832053
2412.0239599832053
2412.0239599832053
2412.0239599832053
2412.0239599832053
2412.0239599832053
2412.0239599832053
2412.0239599832053
2412.0239599832053
2412.023959983204
2412.023959983204
2412.023959983204
2412.02395947875
2412.02395947875
2412.02395947875
2412.02395947875
2412.02395947875
2412.02395947875
2412.021694189402
2412.021694189402
2412.021694189402
2412.021694189402
2412.021694189402
2412.021694189402
2411.973361188364
2411.973361188364
2411.9733611166516
2411.9733611166516
2312.753163459572
2312.753163459572
2312.7518422839353
2312.7518422837966
2312.545977924842
2312.545977924842
2312.545977924842
2312.545977924842
2312.545977924842
2312.545977924842
2312.545977924842
2312.5459741386094
2312.5459741386094
2312.5459741386094
2312.5223699247495
2312.5223699247495
2312.5223699247495
2312.5223699247495
2312.5223699247495
2312.5223699246712
2312.5223699246712
2312.5223699246712
2312.5223699246712
2312.5223699246712
2312.5223699246712
2312.5223699246712
2312.5223699246712
2286.1271220242884
2286.1271220242884
2286.1271220242884
2286.1271220242884
2286.1271220242884
2238.7322542912816
2238.7322542912816
2238.7322537964596
2238.7322537964596
2238.7322537964596
2238.7322537964596
2238.7322537964596
2230.218387124565
2222.389485948938
2222.389485948938
2222.389485948938
2222.389485948938
2222.389485948938
2222.389485948938
2222.389485948938
2222.3894722533964
2222.3894722533964
2222.3894722533964
2222.3894722533964
2222.3894722533964
2222.3894722533964
2222.3894722533964
2222.3894722533964
2222.3894722533964
2222.3836650182943
2222.3836650182943
2222.3836650182943
2222.272017875944
2222.272017875944
2222.272017875944
2222.2720150917944
2222.2720150917944
2222.2718028023205
2222.2718028023205
2222.2718028023205
2222.2718028023205
2221.718261642035
2221.718261642035
2221.718261642035
2221.7182616398095
2221.718261639782
2221.718261639782
2221.718261639782
2221.718261639782
2221.718261639782
2221.718261639782
2221.718261639782
2221.718261639782
2221.718261639782
2221.7182584977045
2221.687672898019
2221.687672898019
2221.687672898019
2221.687672898019
2221.687672898019
2221.687672898019
2221.687672898019
2221.687672898019
2221.687672898019
2221.687672898019
2221.687660845616
1708.941743047253
1708.941743047253
1708.941743047253
1708.941743047253
1708.9417420138332
1708.9417420138332
1708.9417420138332
1708.9417420138332
1708.9417420138332
1708.9417420138332
1708.9417320996786
1708.9417320996786
1708.9417320996786
1708.941732098981
1708.941732098981
1708.941732098981
1708.941732098981
1708.9417165232067
1708.9417165232067
1708.9417165232067
1708.9417165232067
1708.9417165232067
1708.9417165232067
1708.9417165232067
1708.9417165232067
1708.9417165232067
1708.9417165232067
1708.9417165232067
1708.9417165232067
1708.9417165232067
1708.9417165232067
1708.9417165232067
1708.9417165232067
1708.9417165232067
1708.9417165232067
1708.9417165232067
1708.9417165232067
406.5550878243693
406.5550878243693
406.5550878243693
406.55508782433526
406.55508782433526
406.55508782433526
406.55508782433526
406.55508782433526
406.55508767975573
403.00250901669585
403.00250901669585
403.00250901669585
403.00250901669585
403.0024881366978
403.0024881366978
403.0024881366978
402.7240080953238
402.72400802899006
402.72400802899006
402.72400802894526
402.72400802894526
402.72400802894526
402.7240080289421
402.7240080289421
402.7240080289421
402.7240080289421
402.7240069503267
402.7240069503267
402.7240069503267
402.723947370901
402.723947370901
402.7239473627353
402.7239473627353
402.7239473627353
402.7239473627353
402.64749584630283
402.64749584630283
402.64749584630283
402.64749584630283
402.64749584630283
402.6265714971738
402.6265714971738
402.6265714971738
402.62657149714937
402.62656996413455
402.62656996413455
402.62656996413455
185.07510120720946
185.07510120720946
185.07510120720946
185.07510120720946
185.07510120720946
185.07510120720946
185.075099758886
185.07509975884562
185.07443761654844
185.07443761654844
185.07443761654844
185.07443415142316
185.07443415142316
185.07443415142316
185.07443415142316
185.07443415142316
185.07443415142316
185.07443415142316
185.07443415142316
185.07443415142316
185.05553366045052
185.0553786985557
185.0553786985557
185.0553786985557
185.0553786985557
185.0553786985557
185.0553786985557
185.0553786871818
185.0553786871818
185.0553786871818
185.0553786871818
185.0553786871818
185.0553786871818
185.0553786871818
185.0553786871818
185.0553786871818
185.0553786871818
184.37747249659526
184.37747249659526
184.37747249659526
184.37747249659526
184.37747249659526
184.37747249659526
184.37747249659526
184.37730706614707
184.37730706614707
184.37730706614707
184.37730706614707
184.37730706614707
184.37730706614707
184.37730706614707
184.37730706614707
184.37730706614707
184.37730706614707
184.37373389061239
184.37373389061239
184.37373389061236
184.37373389061236
184.37373389061236
184.37373389061236
184.37373389061236
184.37373389061236
184.37373389061236
184.37373389061236
184.37328452903134
184.37328452903134
184.37328452903134
184.37328421039254
183.98278117731832
183.98060598738522
183.98060598738522
183.9806059607193
183.9806059607193
183.9806059607193
183.9806059607193
183.9806059607193
183.98060596071923
183.9805702236792
183.9805702236792
183.9805702236792
183.9805702236792
183.9805702236792
183.9805702236792
183.9805702236792
183.9805702236792
174.97615157967667
174.97615157967667
174.97615157965473
174.97615157965473
174.97615157965473
174.97615157965473
174.97615157965473
174.97615157965473
174.97615157965473
174.97615157965473
174.97615157837214
174.97615157837214
174.97615157837214
174.97615157837214
174.97615157837214
174.97615157837214
174.97615157837214
174.97615157837214
174.97615157837214
174.97615157837214
174.97615157837214
174.97615157837214
174.9761143938773
174.9761143938773
174.9761143938773
174.88550219024364
174.88550219024364
174.88550219024364
174.88550219024364
174.8855021901453
174.8855021901453
174.8855021901453
174.88550218845273
174.88550218845273
174.88550218845273
174.88550218845273
174.88550218845273
174.88550218845273
174.88550218845273
174.88550218845273
174.88550216309233
174.88549898614005
174.88484633745807
174.88484633745807
174.88484633745807
174.88280985427548
174.88280985427548
174.88280985427548
174.88279311039247
174.88279311039247
174.88279301996553
174.88279301996553
174.80657383839633
174.80657383839633
174.80657383839633
174.80657383839534
174.8065738383936
174.8065738383936
174.8065738383936
174.8065738383936
174.8065738383936
174.80657383352437
174.80657383352437
174.80657383293254
174.80657383293254
174.80651639173362
174.80651639173362
174.80651639173362
174.80651639173362
174.80651639130792
174.80651639130792
174.80651639130792
174.80349312932947
174.80349312932947
174.80349312932947
174.80349312932947
174.80349312932947
174.80349312932947
174.80349312932944
174.80349312932944
174.80349312932944
174.80349312932944
152.1389541963577
152.1389541963577
152.1389541963577
152.13895419635767
152.13895419635767
152.13895419635767
152.1389541962742
152.1389541962742
152.1389541962742
152.1389541962742
152.1389541962742
152.1389541962742
152.1389541962742
152.1389541962742
152.1389541962742
152.1389541962742
152.1389541962742
152.1389541962742
152.1389541962742
152.07237058267344
152.07237058267344
152.07237058267344
98.72491147302448
98.72491147302448
98.72491147302448
98.72491147302448
98.72491147302448
98.72491147302448
98.72491147302448
98.72491147302445
98.72491147302445
98.71927062938568
98.71927062938568
98.71927062938568
98.71927062938568
98.71927062938568
98.71927062938568
98.71927062938568
98.71927062938568
98.71927062925108
98.71927062925108
98.46817504972722
98.46817504972722
98.46817504972722
98.46817504972722
98.46817504972722
98.46817504972722
98.38900099429661
98.38900099429661
98.38900099429661
98.38899610565927
98.38882936269239
98.38882936269239
98.38882936269239
98.38882936269239
98.38882882279339
98.38882882279339
98.38882882279339
98.38882882279339
98.38882882279339
98.38881555004421
98.38881555004421
98.38881555004421
98.38881555004421
98.38881555004421
98.38881555004421
98.3784817289273
98.3784817289273
98.37822290333179
98.37822290333179
98.37822290333179
98.37822290333179
98.37822290333179
98.37822290333179
98.37822290332578
98.28691518031127
98.28691518031103
98.286915180296
98.286915180296
98.286915180296
95.59793145165557
52.84728816153703
52.84728816153703
52.84728816153703
52.84728816153703
52.81413902049664
52.81413902049664
52.81413902049664
52.81413902049664
52.81413902049664
52.81413902049664
52.81413902049664
52.81413902049664
52.81413890111279
52.81413890111279
52.814138901096165
52.814138901096165
52.81413890109612
52.81413890109612
52.81413890109612
46.02556336905536
46.02556336905536
46.02556336905536
46.02556336905536
46.02556336905536
46.02525067489336
46.02525067489336
46.025250339700186
46.025250339700186
46.025250339700186
46.02525033009401
46.02525033009401
46.02525033009401
46.025250308641986
46.025250308641986
46.02344694591876
45.89664589959949
45.89664589959949
45.89664589959949
45.89664589959949
45.89664589582013
45.89664589582013
45.709427564291786
45.709427564291786
45.709427564291786
45.709427564291786
45.709427564291786
45.709427564291786
45.709427564291786
45.709427564291786
45.709427564291786
45.709427564291786
45.709427564291786
45.709427564291786
45.709427564291786
45.709427564291786
45.252923442599496
45.252923442599496
45.25292344256685
45.25292344256685
45.25292344256685
45.25292331468158
45.25292331468158
45.25292331468158
45.252923313738066
45.252923313738066
45.252923313738066
45.252923313738066
45.25292315730883
45.25292315730883
45.25292315730883
45.25292315730883
45.24653038066502
45.24653038066502
45.24653038048125
45.24653038048125
45.24653038048125
45.24653038048125
45.24653038048125
45.24653038048125
45.24653038048125
45.24653038048125
45.246529097918774
45.246529097918774
45.246529097918774
45.2465271162961
45.2465271162961
45.24649670890263
45.241168120687625
45.241168120687625
45.241168120687625
45.241168120687625
45.241168120687625
45.08198202409021
45.08198202409021
45.081981742377664
45.0817764347305
45.0817764347305
45.081776434720226
45.01017926959459
45.01017926959459
45.01017926857443
45.01017926857443
45.01017926857443
44.862724239422306
44.86272393575804
44.86272393575804
44.86272393575804
44.86272393575804
44.86272393575804
44.862723911838465
44.862723911838465
44.862723911838465
44.862723911838465
44.862723911838465
44.862723911838465
44.862723911838465
44.862723911838465
44.862723911838465
44.862723911838465
44.862723911838465
44.862723911838465
44.862723911838465
44.862723170485445
44.86272317047907
44.86272317047907
44.86272317047907
44.86251544002603
44.86251544002603
44.86251544002603
44.86251544002603
44.86251544002603
44.86251544002603
44.86251544002603
44.86251544002603
44.86251544002603
44.86251544002603
44.86251544002603
44.862515430520176
44.862515430520176
44.862515430520176
44.862515430520176
44.862515430520176
44.862032974399995
44.862032974399995
44.862032974399995
44.862032974399995
44.862032974399995
44.862032974399995
44.862032974399995
40.847519875706915
40.847519875706915
40.84751987493424
40.84751987493424
40.84751986761317
40.84751986761317
40.84751986761317
40.845652133421986
38.703806700594605
38.703806700594605
38.703806700594605
38.703806700594605
38.703806700594605
38.703806700594605
38.70364694292987
38.70364694292987
38.703646942904804
38.703646942904804
38.703646942904804
38.703646942904506
38.703646942904506
38.703646942904506
38.703646942904506
38.518018723784635
38.518018723784635
38.518018723784635
38.518018663128046
38.518018663128046
38.518018663128046
38.51801813462351
38.51801813462351
38.51801813462351
38.51801813462351
38.51801813462351
38.51801813462351
38.51801813462351
38.51801813462351
38.51801813462351
38.51801813462351
38.51801813462351
38.51801813462351
38.51801813462351
38.51801813462351
38.51801813462351
38.4680141196214
38.4680141196214
38.4680141196214
38.4680141196214
38.4680141196214
38.4680141196214
38.4680141196214
38.46801411962137
38.46801411962137
38.46801411962137
38.46801411962137
37.43916196694123
37.43916196694123
37.43916196694123
37.43916196694123
37.43916196694123
37.43916196694123
37.43916196694123
37.43916196694123
37.43916196694123
37.43916059659852
37.43916059659852
37.43916059659852
37.439160595662564
37.439160595628586
37.439160595628586
37.43915858328462
37.43229320350456
37.43229320350456
37.43229320350456
37.43229320350456
37.43229320350456
37.43226849322716
37.43225127694562
37.43225127694562
37.43225127694562
37.432251276919715
37.432251276919715
37.432251276919715
37.432251276919715
37.432251276919715
37.432251276919715
37.43212168446649
37.43212168446649
37.43212167458007
37.43212167458007
37.43212167458007
37.4321216745798
37.4321216745798
37.4321216745798
37.43212167408407
37.43212167408407
37.43212167408407
37.43212167408407
37.43212167408407
37.43212167408407
37.43212167408407
37.43212167408407
37.43212167408407
37.43212167408407
37.42670605333382
37.42670605333382
37.42670605333382
37.21354087080428
37.21354087080428
37.21354087080428
37.21354087080428
37.21354087080428
37.21354087080428
37.21354087080428
37.21354087080425
37.21354087080425
37.21354087080425
37.21354087080425
37.21354087080425
37.21354087080425
33.69248534754773
33.69248534754773
33.69248534754773
33.69248534754773
33.69248534754773
33.67465803339572
33.67465803339436
33.56589161334463
33.56589161334461
33.5597577535113
33.5597577535113
33.5597577535113
33.55975771172543
33.55975771172543
33.55975771172543
33.55975771172543
33.5596722580046
33.5596722580046
33.5596722580046
33.5596722580046
33.5532678489104
33.5532678489104
33.5532678489104
33.55326092921607
33.55326092921607
33.55326092921607
29.657745367460357
29.657745367460357
29.657745367460357
29.657745367460357
29.657745367460357
29.657745367456673
29.657745367456673
29.657745367456673
29.657745367456673
29.657745367456673
29.657745367456364
29.657745367456364
29.657745333054162
29.657745333054162
29.657745332442385
29.657745332442385
29.657745332442385
29.657745332442385
29.657745332442385
29.657745332442385
29.657745332442385
29.65774533057444
29.657744857689973
29.65774484727078
29.65404076043823
29.654040760432476
29.654040760432476
29.654040760432476
29.653867620072756
29.65384896305723
29.65384896305723
29.645336936380826
29.645336936380826
29.64143014388951
29.64143014152134
29.63843493410255
29.63843493410255
29.557552477749717
29.557552477749717
29.557552477749717
29.557552477749713
29.557552477749713
29.557552477749713
29.557552477749713
29.540578229989485
29.540578229989485
29.540578229989485
29.540578229989485
29.5405781232714
29.5405781232714
29.5405781232714
29.5405781232714
29.540561445473838
29.540561445473838
29.540561445473838
29.540561445473838
29.540561445473838
29.540561445473838
29.54056144547353
29.54056144547353
29.54056144547325
29.54056144547325
29.54056144547325
29.54056144547325
29.540561444071816
29.540561444071816
29.540561444071816
29.540561444071816
29.540561444071816
29.27936986685453
29.27936986685453
29.27936986685453
29.279369866849077
29.279369866849077
29.279369866849077
29.279369866849077
29.279369866849077
29.279369866849077
29.279369866849077
29.279369866849077
29.279369866849077
29.279369866849077
29.279369866849077
29.279369866849077
29.279369866849077
29.27918548062543
29.27918548062543
29.27918548062543
29.27918548062543
29.27918548062543
8.075916473339243
8.075916473339243
8.075916473339243
8.075916473339243
8.075916473339243
8.075916473338461
8.075916473338461
8.075916473322255
8.075916473322255
8.075916473322255
8.075916473322255
8.073828556872957
8.073769786487539
8.073769786487539
8.07376973516914
8.07376973516914
8.07376973516914
8.00896783461687
8.00896783461687
8.008967834616868
8.008967834616868
8.008967834616868
8.00896782605858
8.00896782605858
8.00896782605858
8.00896782605858
8.00896782605858
8.00896782605858
8.008967819547381
8.008967819547381
8.008955266208034
8.008955266207186
8.00826948517239
8.0082693958788
8.008269101747295
8.008269101747295
8.008269101747295
8.008269101747295
8.008269101747295
8.008269101747228
8.008269101747228
8.008269101747228
8.008269096669371
8.008269096669371
8.008269069925094
8.008269069925094
8.008269069925094
8.008269069925094
7.986276356729342
7.986276317916443
7.9862763178049425
7.9862763178049425
7.986264894009978
7.986264894009978
7.986264894009978
7.986264894009978
7.986264894009978
7.986264894009978
7.986264894009978
7.986264894009978
7.986264894009978
7.9862648940099765
7.9862648940099765
7.9862648940099765
7.9862648940099765
7.986143456878103
7.968322146288785
7.968322146288785
7.968322146288785
7.968322146288785
7.968322146288785
7.968322146288785
7.968322146288785
7.968322146288785
7.968322146288785
7.968322146288785
7.968275314624247
7.968275314624247
7.968275314624247
7.968275314624247
7.968275314624247
7.968275314624247
7.968275314624247
7.968275314624247
7.968275314624247
7.725554887519417
7.725554887519417
7.463911924715151
7.463911083785213
7.463911083785213
7.463911083785213
7.463911083785213
7.463911083785213
7.463911083785213
7.46391108378437
7.46391108378437
7.46391108378437
7.46391108378437
7.46391108378437
7.46391108378437
7.46391108378437
7.46391108378437
7.46391108378437
7.46391108378437
7.46391108378437
7.46391108378437
7.46391108378437
7.46391108378437
7.46391108378437
7.46391108378437
7.46391108378437
7.461090975379417
7.461090975379417
7.461090975379417
7.461090975379417
7.461090858016359
7.461090858016358
7.461090851592357
7.461090851592357
7.461090851592357
7.461090851592357
7.461090842254717
7.461090842254717
7.461090842254717
7.461090842254717
7.461090842254717
7.46109082094591
7.46109082094591
7.46109082094591
7.46109082094591
7.46109082094591
7.461039964796423
7.461039964796423
7.458471750501891
7.458471750501891
7.458460296456563
7.458460296456563
7.458460296456563
7.458460296456563
7.458460296456563
7.458460296453913
7.458460296453913
7.458460296453913
7.458460296453913
7.458460296453913
7.458460296453913
7.458460296453913
7.161780124532571
7.161780124532571
7.161770174532324
7.161770174532324
7.161770174532324
7.161770174532324
7.161770174532324
7.161770174532324
7.161770174532324
7.148318631747986
7.148318631747986
7.148318165035357
7.148318165035357
7.148318165035357
7.148315875479426
7.148315875479426
7.148315875479426
7.148315875479426
7.148315875479426
7.148315875479426
7.148315875479426
7.076265030770494
7.076265030770494
7.076265030770494
7.076265030770494
7.076265030770494
7.076265030770494
7.076265030770494
7.076211846273581
7.076211846273581
7.07611976766147
7.07611976766147
7.0761197676567305
7.0761197676567305
7.0761197505356215
7.054074218534506
7.054074218534506
7.054074218534506
7.054055452764259
7.054055452764259
7.054055452764259
7.054055452764259
7.054055452764259
7.054055452764259
7.054055452764259
7.054055452764259
7.054055452764259
7.0524059602802165
7.0524059602802165
7.0524059602802165
7.0524059602802165
7.0524059602802165
7.0524059602802165
6.964399292649133
6.964399292649133
6.964399292649133
6.964399292649133
6.964399292649133
6.964399292649133
6.964399292649133
6.964399292649133
6.964399292649133
6.934962424070857
5.066640511715201
5.066640511715201
5.066640511715201
5.066640511715201
5.066640511715201
5.066640511715201
5.066263567066109
5.066263567066109
5.066263567066109
5.066263567066109
5.066263567066109
5.066263567058475
5.066263567024794
5.066263567024794
5.066263489612213
5.066263489612213
5.066263489612213
5.066263489612213
5.066263489612213
5.0662634896114485
5.0662634896114485
4.981558763254212
4.98023914785556
4.98023914785556
4.980239082441471
4.980239082441471
4.980239082441471
4.980239082441471
4.980239082441471
4.980233394678879
4.980218984427297
4.980110543213589
4.980110543213589
4.980110543213589
4.980110543213589
4.980110543213589
4.980110543213589
4.980110543213589
4.980110543213589
4.980110543213589
4.980110543213589
4.980110543213589
4.980110543213589
4.980110543213589
4.980093439027704
4.980093439027704
4.980093439027704
4.980093438282477
4.980093438282477
4.980093438282477
4.980093438282477
4.980093438282477
4.980093438282477
4.980093438282477
4.980093438282477
4.980093438282477
4.980093438282477
4.980088833133855
4.980088833133855
4.980088833133855
4.980088833133855
4.980088833133855
4.980088833133855
4.980088833133855
4.980088833133855
4.980088833133855
4.980088833133855
4.980088833133855
4.980088833133855
4.980088833133855
4.980088833133855
4.980088833133819
4.980088833133819
4.948273786479519
4.948273786479519
4.948273786479519
4.948273783930217
4.948273783930217
4.948273783930217
4.948273783930217
4.7118853187886085
4.7118853187886085
4.7118853187886085
4.71188531537393
4.661958316406445
4.661958316406445
4.661958316406445
4.661958316406445
4.661958316406445
4.661958316406445
4.661958316406445
4.661958316406445
4.661958316406445
4.661958316401723
4.661958316401723
4.661958316401723
4.661958316401723
4.661958316401723
4.661958316401723
4.661958316401723
4.661958316401723
4.661958313268788
4.661958313268788
4.661958313268788
4.661958313268788
4.661958313268788
4.6619452923411995
4.6619452923411995
4.6619452923411995
4.6619452923411995
4.6619452923411995
4.661945292341198
4.661945292341198
4.661945292341198
4.661945292341198
4.661945292341198
4.661945292341198
4.661945292341198
4.661945292341198
4.661945292341198
4.650360910906609
4.650360910906609
4.650360718918279
4.650360718918279
4.650360718918279
4.650360718918279
4.650360718918279
4.650360718918279
4.65036071891821
4.650190840851394
4.650190757903646
4.6501907578985575
4.6501907578985575
4.650092004775293
4.650092004770477
4.650092004770477
4.650092004770477
4.650092004770477
4.650092004770477
4.650092004770477
4.650092004770477
4.650092004770477
4.650092004770477
4.650092004770477
4.650092004770477
4.65009200477046
4.65009200477046
4.65009200477046
4.65009200477046
4.650092004770439
4.650092004770439
4.64889235566744
4.648892355667416
4.648892355667416
4.6488923556674155
4.6488923556674155
4.6488923556674155
4.648892206038913
4.648892206038913
4.2699608253096715
4.269865748339663
4.269844999532449
4.269844999532449
4.269844999532449
4.269844999532449
4.269844999532449
4.269825279007678
4.269825279007678
4.269825279007678
4.269825279007678
4.269825279007678
4.269825279007678
4.269825279007678
4.269825279007678
4.269825279007678
4.269825279007678
4.269825279007678
4.269825279007678
4.269825279007678
4.26981405176438
4.26981405176438
4.26981405176438
4.26981405176438
4.26981405176438
4.269814046809191
4.269814046809191
4.269814046809191
4.269814046809191
4.269814046809191
4.269814046809191
4.269814046809191
4.269814043362922
4.269814043362922
4.267597094682014
4.2675970946811255
4.2675970946811255
4.2675970946811255
4.2675970946811255
4.267597063669155
4.267597063669155
4.267597063669155
4.267597063669155
4.2675958142554755
4.2675958142554755
4.2675958142554755
4.2675958142554755
4.2675958142554755
4.2675958142554755
4.259203009828593
4.259203009828593
4.259203009828593
4.259203009828593
4.259203009828173
4.259203009828173
4.259203009828173
4.259203009828167
4.259203009828167
4.259188582770847
4.259188582770847
4.259188580847877
4.259188580847877
4.259188580847877
4.259188580847877
4.259188580847877
4.259188580847877
4.259188580847877
4.259188546640644
4.259188546640644
4.259188546640644
4.259188546640644
4.259188546640644
4.259188546640644
4.259188546640644
4.259188546640644
4.259188546640638
4.259188546640638
4.240090792864914
4.240090792864893
4.240090792864893
4.240090792864893
4.240090792864893
4.240090792853876
4.2400907823977105
4.240090781997317
4.240090781997317
4.240090781963194
4.240090781963194
4.240090781963194
4.240090781963194
4.239666054894561
4.239666054894561
4.239666054894561
4.239649680140329
4.239649680140329
4.239649680140329
4.239649680140329
4.239649680140329
4.239649680101488
4.239649680101488
4.239649680101488
4.239649680101488
4.239649680101488
4.239649680101488
4.239649673820389
4.239649673820389
4.239649673820389
4.239649673820389
4.239649673820389
4.239649673820389
3.7184090614760734
3.7184090614760734
3.7184090593100123
3.7184090593100123
3.7184090593100123
3.7184090593100123
3.7184090593100123
3.7184090593100123
3.7184090593100123
3.7184090593100123
3.7184090593100123
3.7184090593100123
3.7184090593100123
3.7184090593100123
3.71840905931001
3.71840905931001
3.71840905931001
3.71840905931001
3.7184085428756384
3.718408542875626
3.718408542875626
3.718408542875626
3.718408542875626
3.718408542875279
3.718408542875279
3.718408542875279
3.7184061883054538
3.7184061883054538
3.7184061883054538
3.7184061883054538
3.7184061883054538
3.7184061883054538
3.7184061883054538
3.7183800229446065
3.7183800229446065
3.3568105255934637
3.3568105255934637
3.3568105255934637
3.3568105255934637
3.3568105251704834
3.3568105251704834
3.3568105251704834
3.3568105251704834
3.3568105251704834
3.3568105251704834
3.3568105251704834
3.3568105251704834
3.3568105251704834
3.356810525170483
3.3567754650432655
3.356735673675748
3.356735673675748
3.3567356736630463
3.3567356736630463
3.3567356736630463
3.3567356736630463
3.3567356736629668
3.3567356736629668
3.3565148505955134
3.3565148505955134
3.3565148505955134
3.3565148505955134
3.3565148364575594
3.355758487458258
3.355758487458258
3.355758487458258
3.355758487458258
3.355758487458258
3.355758487458258
3.355758487458258
3.355157297558963
3.355157297558963
3.355157297558963
3.355157297558963
3.355157297558963
3.355157297558963
3.355157297558963
3.355157297558963
3.355157297558963
3.355157297558963
3.355157297558963
3.355157297558949
3.355157297558949
3.355157297558949
3.355157297558949
3.355157297558949
3.355157277688357
3.355157277688357
3.355157277688357
3.3531688436999647
3.3531688436999647
3.3531688436999647
3.3531688436999647
3.3531688436999647
3.3531688436999647
3.3531688436999647
3.3531688436999647
3.3531688436999647
3.3531471913752333
3.353147191345863
3.353147191345863
3.3531461638313695
3.3531461638313695
3.3531461638313695
3.3531461638313695
3.3531461638313695
3.3529420334421096
3.3529420334406423
3.352941899639943
3.3529418867906324
3.3529418867906324
3.3529418867906324
3.3529418867906324
3.3529418867906324
3.3529418867906324
3.3287040461142263
3.3287040461142263
3.3287040461142263
3.3287040461142263
3.3287040461142263
3.3287040312558323
3.3287040312558323
3.3287040312558323
3.328704031252555
3.328704031252555
3.32870398689579
3.32870398689579
3.32870398689579
3.32870398689579
3.3265867371503854
3.3265867371503854
3.3265867371503677
3.3265867371503677
3.3265867371503677
0.43536279060868904
0.4353626617494256
0.435362199501038
0.4353621769805861
0.4353621769805861
0.4353621769805861
0.4353621769805861
0.4353621769805861
0.4353621769805861
0.4353621769805861
0.4353621769805861
0.4353621769805861
0.4353621769805861
0.4353621769805861
0.4353621769805861
0.43536217695641655
0.43536217695641655
0.43536217695641655
0.43536217695641655
0.43536217695641655
0.4353618369151166
0.4353441051658039
0.43534396484354704
0.43534396484354704
0.43534396484354704
0.43533978081257385
0.4353397808125182
0.4353397808125182
0.4353397803214312
0.4353397803214312
0.4353397803214312
0.4353397803214312
0.4353397803214312
0.4353397803214312
0.4353397803214312
0.4353397803214312
0.4353397803214312
0.4353397803214312
0.4353397803214312
0.43091254174876714
0.43091254174876714
0.43091254174876714
0.43091254174876714
0.43091254174876714
0.43091254174876714
0.43091253968827226
0.4270484434186299
0.4270484434186299
0.42704844091941496
0.42704844091941496
0.42704844091941496
0.4270484409194114
0.4270484409194114
0.4270484409194114
0.4270484409194114
0.4270477586086243
0.4270477586086243
0.4270477586086243
0.42704775771018105
0.42704775771018105
0.42702858977238783
0.42702858977238783
0.42702807874731036
0.42701891178040485
0.42701891178040485
0.42701891178040485
0.4270189117435654
0.4270189117435654
0.4270189117435654
0.4270189117435654
0.4270189117435654
0.4270189117435654
0.4270189117435654
0.4270189117435648
0.4270189117435648
0.4270189117435648
0.4270189117435648
0.4270189117435648
0.4270189117435648
0.42701868272080856
0.42701868272080856
0.42701868272080856
0.42701868272080856
0.42701868272080856
0.42701868272080856
0.42701868272080856
0.42701868272080856
0.42701868272080856
0.42701868272080856
0.42701868272080856
0.42701868272080856
0.42701868272080856
0.42701868272080856
0.4270186773880759
0.4270186773880759
0.4270186773880759
0.4270186773856333
0.4270186773856333
0.4270186773856333
0.4270186773847864
0.4270186773847864
0.4270186773847864
0.4270186773847864
0.4270186773847864
0.4270186773847864
0.4270186773847864
0.4270186773847864
0.4270186773847864
0.4270186773847864
0.4270186773847864
0.4270186773847864
0.4270186773847864
0.4270186773847864
0.4270186773847864
0.4270186773847864
0.4270186773847864
0.4270186773847864
0.4270186773847864
0.42701865368469566
0.42701865368469566
0.42701865368469566
0.42701865368469566
0.42701865368469566
0.42701865368469566
0.3950435387052295
0.3950435387052295
0.3950435387052295
0.3950435387052295
0.3950435387052295
0.3950435387052295
0.3950435387052295
0.3950435387052295
0.3950435387052295
0.39504353537337666
0.3950435353733766
0.3950435353733766
0.3950435353733766
0.3950435353733766
0.3950435353733766
0.3950435353733766
0.3950435353733766
0.39504353532634123
0.3950435350892226
0.3950435350892226
0.3950433485982294
0.3950433485982294
0.3950433485982294
0.3950433485982294
0.3950433485982294
0.3950433485982294
0.3950433485128223
0.3950433485128223
0.3950433485128223
0.3950433474397182
0.393575898235429
0.393575898235429
0.393575898235429
0.393575898235429
0.393575898235429
0.393575898235429
0.39357589808448074
0.39357589808448074
0.39357589808448074
0.39305133119135716
0.39305133119135716
0.39305133119135716
0.39305133119135716
0.3928666011227221
0.3928666011227221
0.3928666011227221
0.3928666011227221
0.3928666011227221
0.3928666011227221
0.3928666011227213
0.3928666011227213
0.3928666011227213
0.3928666011227213
0.3928666011227213
0.3928666011227213
0.3928666011227213
0.3928666011227213
0.3928666011227213
0.3928666011227213
0.3928666011226692
0.3928666011226692
0.3928666011226692
0.3928666011226692
0.3928666008293647
0.3928666008293647
0.3928666008293647
0.39286660082903435
0.392866600829032
0.392866600829032
0.392866600829032
0.3928666008211221
0.3928666008211221
0.3928666008211221
0.3928666008211221
0.3928666008211221
0.3928666008211221
0.3928666008211221
0.3928666008211219
0.3928666008205384
0.39286660060272466
0.39286660060272466
0.39286660060272466
0.39286660060272466
0.39286660060272466
0.392866600600493
0.392866600600493
0.392866600600493
0.392866600600493
0.392866600600493
0.39286660059911505
0.39286660059911505
0.39286660049469796
0.39286660049469796
0.39286660049469796
0.3927701409704842
0.3927701409704842
0.3927701409704842
0.39277014097045404
0.39276710192547665
0.39276710192547665
0.3927671019254759
0.3927671019254759
0.3927671019254759
0.3927671019254759
0.3701743814395365
0.3701743814395365
0.37017438143950593
0.37017438143950593
0.37017438143950593
0.37017438143950593
0.3701743794576382
0.3701743794576382
0.3701743794576382
0.3701743794576382
0.37017437945763026
0.37017437945763026
0.37017167037161053
0.37017167037161053
0.37017167037161053
0.37017167037161053
0.37017167037161053
0.37017167033205844
0.37017167033205844
0.37017167033205844
0.37017167033205844
0.37017167033205844
0.37017167033205844
0.37017167033205844
0.3701716703300031
0.3701716703300031
0.3701716703300031
0.3701716703300031
0.3701716703300031
0.3701716703300031
0.37017167004282625
0.37017167004282625
0.37017167004282625
0.37017167004282625
0.37017167004282625
0.37017167004282625
0.37017167004282625
0.37017167004282625
0.37017167004282625
0.37017167004282625
0.37017167004282625
0.37017167004282625
0.37017167004282625
0.37017167004282625
0.37017167004282625
0.37017167004282625
0.37017167004282625
0.37017167004282625
0.37017167004282625
0.37017167004282625
0.37017167004282625
0.3701716447313917
0.3701716447313917
0.3701716447313917
0.3701716447313917
0.3701716447313917
0.3701716447313917
0.3701716447313917
0.3701716447313917
0.3701716447313917
0.3701716447313917
0.3701716447313917
0.3701716447313917
0.3701716447313917
0.3701716447313917
0.3701716447313917
0.3701716447313917
0.3701716447313917
0.3701716447313917
0.3701716447313458
0.3701716447313458
0.3701716447313458
0.3586270323810946
0.3586270323810946
0.3586270323810931
0.3586270323810931
0.3586270323810931
0.3586270323810557
0.3351821565098037
0.3351821565098037
0.3351821565098037
0.3351821565098037
0.3351821565097986
0.3351821559425235
0.3351821559425235
0.33518215594252343
0.33518215594252343
0.33518215594252343
0.33518215593367934
0.33518215593367934
0.33518215593367934
0.33518215593367934
0.33518215593367934
0.3351821556025623
0.3351821556025623
0.3351821556025623
0.3351821556025623
0.3351821556025623
0.3351821556025623
0.3351821556025623
0.3351821556025623
0.335182155602561
0.335182155602561
0.335182155602561
0.3351806757570084
0.3351806757570084
0.3351806757570084
0.335150931061863
0.335150931061863
0.335150931061863
0.335150931061863
0.33514528763307627
0.33514528763307627
0.3132560005359554
0.3132560005359554
0.31325600053442104
0.31325600053442104
0.31325600053442104
0.31325600053442104
0.31325600053442104
0.31325600053442104
0.31325600053442104
0.31325600053442104
0.31325600051836455
0.31325600051836455
0.29754429680374733
0.29754429508855856
0.29754429508855007
0.29754429508855007
0.29754429508855007
0.29754429508855007
0.29754429508855007
0.2975442950859821
0.2975442950859821
0.2975442950859821
0.2975442949015925
0.2975442949015925
0.2975442949015925
0.29754429490159234
0.29754429490159234
0.29754429490159234
0.29754429490159234
0.29754429490159234
0.29754429490159234
0.29754429490159234
0.29754429490159234
0.29754429490159234
0.18301158146087654
0.18286804774199888
0.18286804774199888
0.18286804774199888
0.18286804774199888
0.18286804774199888
0.18286804774199888
0.18286804774199888
0.18286804774199888
0.18286804774199888
0.1672052032439143
0.16720520324286486
0.16720520324164911
0.16720520324164911
0.16720520323391524
0.16720520323391524
0.16720520323391524
0.16720520323391524
0.16720520323391524
0.16720520323391524
0.16720520323391524
0.16720520323391402
0.16720520323391402
0.16720520323391402
0.1672051898931822
0.1672051898931822
0.1672051898931822
0.16720518989080765
0.16720518454008895
0.16720518454008895
0.16720518454008895
0.16720518454008895
0.16720518454008895
0.16720518454008895
0.16720518454008895
0.16720518454008895
0.16720518454008895
0.16720518454008895
0.16720518454008895
0.16720518454008892
0.16720518454008892
0.16720518454008892
0.16720518454008892
0.16720518454008892
0.16720518454008892
0.16720518454008892
0.16720518454008892
0.16720518454008892
0.16720518454008892
0.16720518454008892
0.16720518454008892
0.16720328560038963
0.16720328555904934
0.16720328555904934
0.16720328555904934
0.16720328555904934
0.16720328555904934
0.16720328555904934
0.16720328555904934
0.16720328555904934
0.1672032855584439
0.1672032855584439
0.16519066458333298
0.16519066458333298
0.16519066458333298
0.16519061005288294
0.16519061005288294
0.09808943684947524
0.09808943684947524
0.09808943684792862
0.09808943684792862
0.09808943684792862
0.09808843404258824
0.09808843404258824
0.09808843404258824
0.09808843404258824
0.09808843404258824
0.09808843404258824
0.09808843404258824
0.09808843404258824
0.09808843362394999
0.09808843362394999
0.09808843362394999
0.09808843362394999
0.09806574182072442
0.09806574182072442
0.09806574182072442
0.09806574182072442
0.09806574182072442
0.09806574182072442
0.09806574182072442
0.09806574182072442
0.09806566223429973
0.09806566153783886
0.09806566153783886
0.09806566153783886
0.09625598687488017
0.09625598687488017
0.09506851570644777
0.09506851570644777
0.09506851570644773
0.09506851570644773
0.09506851570644773
0.09506851570644773
0.09506851305453243
0.09506851305453243
0.09506851305453243
0.09506851305453243
0.09506850894045284
0.09506850894045284
0.09506850894045284
0.09506850894045284
0.09506850894045284
0.09506850861325328
0.09506850861325328
0.09506850861325328
0.09506850861325328
0.09506850861324728
0.09506850861324728
0.09506850861324728
0.09506850861324728
0.09506850861324728
0.09506850861324728
0.09506850861324728
0.09506850861324728
0.09506850861324728
0.09506850861324728
0.09489943435843608
0.09489943435843608
0.09489943435843608
0.09489943435843608
0.09489943435843608
0.09489943435843608
0.09489943435843608
0.09489943435843608
0.09489943435843608
0.09489943435843608
0.09489943435843608
0.09489943435843608
0.09489943435843608
0.09489767616391315
0.09489767616391315
0.09489767616391315
0.09489767610235719
0.09489767610235719
0.09489767610235719
0.09489767610235719
0.09489767610235719
0.09489767610235719
0.09489767610235719
0.09489767610235719
0.09489767610235719
0.09489767610235719
0.09489767610235719
0.09412438237878529
0.09412438237878529
0.09412438237878529
0.09412438237878529
0.09412438237878529
0.09412438237878529
0.09412438237878529
0.09412438237878529
0.09412438237878529
0.09412438237878529
0.09412438237878522
0.09412438237878522
0.09412438237878522
0.09412438237878522
0.09412438237878522
0.09412438237878522
0.09412438237878522
0.09412438237878522
0.09412438237878522
0.09412438237878522
0.09412438237878522
0.09412438237878522
0.09412438237878522
0.09412438237878522
0.09412438237878522
0.09412438237878522
0.09412438237878522
0.09412438237878522
0.09412438237878522
0.09408089942093283
0.09408089942093283
0.09408089942093283
0.09408089942093283
0.09408089942093283
0.09408089938618341
0.09408089938618341
0.09408089938618341
0.09408089938618341
0.09408089938618341
0.09408089938618341
0.09408089938618341
0.09408089938618341
0.09408089938618341
0.09408089936531144
0.09408089936531144
0.09387644377998225
0.09387644377998225
0.09387644377997525
0.09387644330330815
0.09387644330330815
0.09387644330330815
0.09387644330330815
0.09387644330198543
0.09387644330198543
0.09387644330198543
0.09387644330198543
0.09387644330198543
0.09387644330198543
0.09387644330198543
0.09387644330198543
0.09387644330198543
0.09387644330198543
0.09387644330198543
0.09387644330198543
0.09387644330198543
0.09387644330198543
0.09387644330198543
0.09387644330198543
0.09387644110933058
0.09387644110933058
0.09387638004781006
0.09387638004781006
0.09387638004781006
0.09387638004781006
0.09387638004781006
0.0938763404018988
0.0938763404018988
0.09387634032100449
0.09387634032100449
0.09387634032100449
0.09387634032100449
0.09387634032100449
0.09387634032100449
0.09387634029852994
0.09387634029852994
0.09387634029852994
0.09387634029852994
0.0938763402980565
0.0938763402980565
0.0938763402980565
0.0938763402980565
0.0938763402980565
0.09387633985541204
0.09387633623443656
0.09387633623443656
0.09362509313029192
0.09362509313029192
0.09362509313029192
0.0936250931302877
0.0936250931302877
0.09360180316876988
0.09360180316876988
0.09360180316876988
0.09360180316876988
0.09360180297185813
0.09360180297185813
0.09360180297185813
0.09360180297185813
0.09360180297185813
0.09360146819145594
0.09360146819145594
0.09360146819132135
0.09352335543339368
0.09352335543339368
0.09352332977327
0.09352332977327
0.09352332977327
0.09352332977327
0.09352332977327
0.09352332977327
0.09352332977327
0.09352332977327
0.08544910713651392
0.08544910713651392
0.08544910713651392
0.08542415598568473
0.08542415598568473
0.08542415598568473
0.08542415598568473
0.0854232068073094
0.08141219329765423
0.08141219329765423
0.08141219329765423
0.08141219329765423
0.08141219329765423
0.08141219329765423
0.08141219329765423
0.08141219329765423
0.08141219329765423
0.08141219162664226
0.08141219162664226
0.08141219162664226
0.08141219162664226
0.08141219162664226
0.08140565121677816
0.08140565121677816
0.08139456716123368
0.08139454456176258
0.08139454456176258
0.08139454456176258
0.08139454456176258
0.08139454456176258
0.08139454456176176
0.08139452854245309
0.08139452854245309
0.08139452854245309
0.08139452854245309
0.08139452854245309
0.08139452854031458
0.056731216770956196
0.056731216770956196
0.056731216770956196
0.056731216770956196
0.056731216770956196
0.056731216770956196
0.056731216770956196
0.056731216770956196
0.056731216770956196
0.05673121640368281
0.05673121640368281
0.05673121640368281
0.05673121640368281
0.056731216109446675
0.056731188576333365
0.056731188576333365
0.056731188576333365
0.056731188576333365
0.056731188576333365
0.05673118857605095
0.05673118857605095
0.05673118857605095
0.05673118857605095
0.05673118857605095
0.05673118857605095
0.05673118857605095
0.05673118857605095
0.05673094690906525
0.05673094690906525
0.05673094690906525
0.05672657714833682
0.05672657714833682
0.056726542725475906
0.056726542725475906
0.056726542725475906
0.056726542725475906
0.056726542725475906
0.056726542725475906
0.056726542725475906
0.056726536733452494
0.056726536733452494
0.05672653593889839
0.05672653593889839
0.05672653593889839
0.05672653593889839
0.05672653593889839
0.05672653593889839
0.05672653593889839
0.05672653593889839
0.05672653593889839
0.05672653593888888
0.05248010482394034
0.05248010482394034
0.05248010481598757
0.05248003701190398
0.05248003701190398
0.05248003701190398
0.05248003701190398
0.05248003701190398
0.05248003701190398
0.05248003701190398
0.05248003701190398
0.05248003701190398
0.05248003701190398
0.05247988379394684
0.05247988379394684
0.05247988379394684
0.05247988379394684
0.05247988379394684
0.05247988379394684
0.0524798837911446
0.0524798837911446
0.052479883791144454
0.052479883791144454
0.052479883791144454
0.052479883791144454
0.052479883791144454
0.052479883791144454
0.052479883791144454
0.05247988373965497
0.05247988373965497
0.05247988373736954
0.05247988373736954
0.05247988373736953
0.052479883735946246
0.052479883735946246
0.052479883735946246
0.052479883735946246
0.05247988373364932
0.05247988373364932
0.05247988373364932
0.05247830129260531
0.05247830129260531
0.05247830129260531
0.05247830129260531
0.05247830129260531
0.05247830129260531
0.05247830129260531
0.05247830129260531
0.05247830129260531
0.05247830129260531
0.05247830129241062
0.05247830129241062
0.05243141416559375
0.05243141416559375
0.05243141416559375
0.05243141416559375
0.05243141416559375
0.05243141416559369
0.05243141416504136
0.05243141416504135
0.05243141416504135
0.05243141416504135
0.05243141416504135
0.05243141416504135
0.05243141416504135
0.05243141416504135
0.05243141416504135
0.05243141416504135
0.05243141416504135
0.05243141416504135
0.05243141416504135
0.05243141416504102
0.05243141416504102
0.05235328843489228
0.05235328843489228
0.05235328843489228
0.05235328843489228
0.05235328843489228
0.05235308170503288
0.05235308170503288
0.05235308170503288
0.052353081705032875
0.05235308127033706
0.052353018866898623
0.052353018866898623
0.05235187452641608
0.05235187452641608
0.05235187452641608
0.05235187452641608
0.05235187452641608
0.05235187452641608
0.05235187452641608
0.05235187452641608
0.05235187452641608
0.052351872952967685
0.052351872952967685
0.052351872952967685
0.052351872952967685
0.052351872952967685
0.052351872952967685
0.052351872952967685
0.052351872952967685
0.052351872952967685
0.052351872952967685
0.052351872952967685
0.052351872952967685
0.052351872952967685
0.052351872952967685
0.052351872952967685
0.05199558422364214
0.05199558422364214
0.05199558422364214
0.007049864698235423
0.007049864698235423
0.007049864698235423
0.007049864698235423
0.007049864698235423
0.007049292125495911
0.007040670210632424
0.007040670210610625
0.007040670210610625
0.007038828197577926
0.007038827922580297
0.007038827922580297
0.007038827922580297
0.007038827922580297
0.007038827922580297
0.007038827922580297
0.007024688105669291
0.007024688105669291
0.007024688105669291
0.007024688105669291
0.007024688105669291
0.007024688105669291
0.007024688105669291
0.007024688105669291
0.007024688105669291
0.0048549019353860984
0.0048549019353860984
0.0048549019353860984
0.0048549019353860984
0.00484968726939636
0.00484968726939636
0.00484968726939636
0.00484968726939636
0.00484968726939636
0.00484968726939636
0.00484968726939636
0.00484968726939636
0.00484968726939636
0.00484968726939636
0.00484968726939636
0.00484968726939636
0.004848389811757609
0.004848389811757609
0.004848389811757609
0.004848389811757609
0.004848389811757609
0.004848389811757609
0.004848389811757609
0.0048480782856689265
0.0048480782856689265
0.0048480782856689265
0.0048480782856689265
0.0048480782856689265
0.00474411638344018
0.004744107536575993
0.004744107536575358
0.004744107536575358
0.004744107536575358
0.004744107536575358
0.004744107536575358
0.004744107536575358
0.004744107536575358
0.004705677099529792
0.004705677099529792
0.004705677099529792
0.004705677099529792
0.004290470404864287
0.004290470404864287
0.00426367860914712
0.004255668020929987
0.004254970588239691
0.00425496982149178
0.00425496982149178
0.00425496982149178
0.00425496982149178
0.0038116001800591196
0.0038116001800591196
0.0038116001800591196
0.0038116001800591196
0.003811600156326191
0.003811600156326191
0.0038022842895600625
0.0038022842895600625
0.0038022842895600625
0.00380228083303387
0.00380228083303387
0.00380228083303387
0.00380228083303387
0.0038022807713201786
0.0038022807713201786
0.0038022807713201786
0.003802280771246333
0.003802280771246333
0.003802280771246333
0.003802280771246333
0.0038022555636221143
0.0038022555636221143
0.0038022555636221143
0.0038022555636221143
0.0038022555636221143
0.0038022555618719735
0.003802255489478576
0.0038015564630243213
0.0038015564630243213
0.0038015564630243213
0.0038015564630243213
0.0038015564630243213
0.0038015564630243213
0.003801556428236916
0.003801556415940463
0.003801556415940463
0.003801556415940463
0.0038012076170469856
0.0038012076170469856
0.0038012076170469856
0.0038012076170469856
0.0038012076170469856
0.0038012076170469856
0.0038012076170469856
0.0038012076170469856
0.003801084734908331
0.003801084734908331
0.003801084734908331
0.003801084734908331
0.003801084734908331
0.003801084734908331
0.003801084734908331
0.003801084734908331
0.003801084734908331
0.0038008712528024976
0.0038008712528024976
0.0038008712528024976
0.0038008712528024976
0.0038008712528024976
0.003800787754069203
0.0038007877539226837
0.0038007877539226837
0.0038007877539138007
0.003796677160222874
0.003796677160222874
0.003796677160222874
0.003796224622065686
0.003796224621276161
0.003796224621276161
0.003796224621276161
0.00379622458095222
0.00379622458095222
0.00379622458095222
0.00379622457906648
0.0037962244620178445
0.0037962242173124406
0.0037962242173124406
0.0037962242173124406
0.0037962242173124406
0.003796224217312353
0.003796224217312353
0.003796224217312353
0.0037956058116174274
0.0037956058116174274
0.0037956058116174274
0.0037956058116174274
0.0037956058116174274
0.0037956058116174274
0.0037956058116174274
0.003792767514618182
0.003792767514618182
0.003792767514618182
0.003792767514618182
0.003792767514618182
0.003792767514618182
0.0037927675144750627
0.0037927675144750627
0.0037927675144750627
0.0037927675144750627
0.0037927675144750627
0.003792767514475062
0.003792767514475062
0.003792767514475062
0.003792767514475062
0.003790411923914436
0.003790411923914436
0.003790410778459285
0.0037903809519165225
0.0037903809519165225
0.0037903809519165225
0.0037903809519029934
0.0037903809519029934
0.0037903809519029934
0.0037903809519029934
0.0037903809519029934
0.0037903809519029934
0.0037903795454108415
0.0037903795454108415
0.0037903795454108415
0.0037903795454108415
0.0037903795454108415
0.0037903795454108415
0.0037903795454108415
0.0037903795454108415
0.0037903795454108406
0.0037903795454108406
0.003790365454863826
0.003790365454863826
0.003790365454863826
0.003790365454863826
0.003790365454863826
0.003790365454863826
0.0037903654542292674
0.0037903654542292674
0.0037903654542292674
0.0037903654542292674
0.0037903654542292674
0.003706834794301023
0.003706834289909454
0.003706834289909454
0.003706834289909454
0.003706834289909454
0.0037068313884864516
0.003706831388486302
0.003706831388486302
0.003706831388486302
0.0036896233850153516
0.0036896233850153516
0.0036896233850153516
0.0036896233850153516
0.0036896233850153516
0.0036896233850153516
0.0036896233850153516
0.0036896233850153373
0.003689623085422392
0.003689623085422392
0.003689623085422392
0.003689623085422392
0.003689623085422392
0.003689529088356727
0.003689529088356727
0.003689529088356727
0.003689529088356727
0.0036895290876384564
0.0036895290876384564
0.0036895290876384564
0.0036895290876384564
0.0036895290876384564
0.0036895290876384564
0.0036895256154365753
0.0036895256154365753
0.0036895256154365753
0.0036895256154365753
0.0036895256154365753
0.0036895256154365753
0.0036895256154365753
0.0036895256154365753
0.0036895256154365753
0.0036891320504087565
0.0036891320504087565
0.0036891320503105608
0.0036891320503102416
0.0036891320503102416
0.0036891320503102416
0.0036604003240294763
0.003660400217380403
0.003660400217380403
0.0036604002173804013
0.0036604002173804013
0.0036604002173804013
0.0036604002173804013
0.0036604002173804013
0.0036604002173804013
0.0036604002173804013
0.0036604002173804013
0.0036604002173804013
0.0036604002173804013
0.0036604002173791753
0.0036604002173791753
0.0036604002173791753
0.0036604002173791753
0.0036604002173791753
0.0036604002173791753
0.003660398692794638
0.003660398692794638
0.003660398692794638
0.003660398692794638
0.0036603986927945995
0.0036603986927945995
0.0036603986927945995
0.0036603986927945995
0.003660398329580629
0.003660398329580629
0.003660398329580629
0.003660398329580629
0.003660398329580629
0.003660398329580629
0.003660398329580629
0.0036603983291875687
0.0036603983291875687
0.0035419092124775106
0.0035419092124775106
0.0035419091779511445
0.0035419091779511445
0.0035419091779511445
0.0035419091779511445
0.0035419091779511445
0.003541909177951141
0.003541909177951141
0.003541909177951141
0.003541909177951141
0.003541909177951141
0.0035419091755033655
0.0035419091755033655
0.0035419091755033655
0.0035363423705928798
0.0035363423705928798
0.0035363423705928798
0.0035363423705928798
0.0035363423705928798
0.0035363423705928798
0.0035363423705928798
0.00353633135794721
0.00353633135794721
0.00353633135794721
0.00353633135794721
0.00353633135794721
0.0035363313579472094
0.0035363313579472094
0.0035363313579472094
0.0035363313579472094
0.0035363030711926535
0.0035363030711926535
0.0035363030711926535
0.0035363030711926535
0.0035363030711926535
0.0035363030711926535
0.0035363030711926535
0.0035363030711926535
0.0035362997446214866
0.0035362997446214866
0.0035362912359265405
0.0035362912359265405
0.0035362912359265405
0.0035362912359265405
0.0035362912359265405
0.0035362639752490985
0.0035362639752490985
0.0035362639752490985
0.0035362639752490985
0.003536193042702226
0.0035360158061798113
0.0035360158061798113
0.0035360158061798113
0.0035360158061798113
0.0035360158061798113
0.0035360158061798113
0.0035360158061798113
0.0035360158061798113
0.0035360158061798113
0.0035360158061798113
0.0035360158061798113
0.0035360158061798113
0.0035360158061798113
0.0035295271594888216
0.0035295271594888216
0.0035295271594888216
0.0035271228406965026
0.0035271228406965026
0.0035271228297720407
0.0035271228297720407
0.0035271228233365913
0.0035271223274425355
0.0035271223226724943
0.0035271223226073806
0.0035271223226073806
0.0035271223226073806
0.0034234668739104718
0.0034234668739104718
0.0034234668739104718
0.0034234668738962644
0.0034234668738962644
0.0034234668738962644
0.003423466873896182
0.003423466873896182
0.003423466873896182
0.003423466873896182
0.003423466873896182
0.003423466873896182
0.003423466873896182
0.003423466873896182
0.00342346687388683
0.00342346687388683
0.00342346687388683
0.00342346687388683
0.00342346687388683
0.00342346687388683
0.00342346687388683
0.00342346687388683
0.00342346687388683
0.00342346687388683
0.00342346687388683
0.00342346687388683
0.00342346687388683
0.00342346687388683
0.00342346687388683
0.00342346687388683
0.00342346687388683
0.00342346687388683
0.00342346687388683
0.00342346687388683
0.00342346687388683
0.00342346687388683
0.00342346687388683
0.00342346687388683
0.00342346687388683
0.00342346687388683
0.00342346687388683
0.00342346687388683
0.00342346687388683
0.003353339734898277
0.003353339734898277
0.003353339734898277
0.0033533397341735547
0.0033533397341735547
0.0033533397341735547
0.0033533397341735547
0.0033533397341735547
0.0033533397341735547
0.0033533397341735547
0.0033533397341735547
0.0033533397341735547
0.003353339734173552
0.003323667262571008
0.003323667262571008
0.003323667262571008
0.003323667262571008
0.0033236672625709144
0.0033236672625709144
0.003323667254775225
0.003323667254775225
0.003323667254775225
0.003323667254775225
0.003323667254775225
0.0033233747488264267
0.0033233747488264267
0.0033233747488264267
0.0033233747488264267
0.0033233747488264267
0.0033233445807279542
0.0033233445807279542
0.0033233445714493564
0.0033233445714493564
0.0033233445714493564
0.0033233445714493564
0.0033233445714493564
0.0033233445714493564
0.0033233445714493564
0.0033233445714493564
0.0033233445714493564
0.0033233445714493564
0.0033233445714493564
0.0033233445714493564
0.0033233445714493564
0.0033233445714493564
0.0033233445714493564
0.0033233445714493564
0.0033233445714493564
0.0033233445714493564
0.0033233445714493564
0.0033233445714493564
0.003323344517837973
0.003323344517837973
0.003323344517837973
0.003323344517837973
0.003323344517837973
0.0033233341875302915
0.0033233341875302915
0.0033233341875302915
0.0033233341875302915
0.0033233341875302915
0.0033233341875302915
0.0033233341875302915
0.0033233341875302915
0.0033233341875302915
0.0033233341875302915
0.0033233341875302915
0.0033233341875302915
0.0033233341875302915
0.0033233341875302915
0.0033233341875302915
0.0033233341875274873
0.0033233326678024575
0.0033233326678024575
0.0033233326678024575
0.0033233326678024575
0.00332333266764487
0.0033233326492809433
0.0033233326482486614
0.0033233326482486614
0.0033233326482486614
0.0033233326482486614
0.003323330102104751
0.003323330101112102
0.003323330101112102
0.003323330101112102
0.0033232870428183776
0.003323285717858932
0.003323285717858932
0.003323285717858932
0.003323285717822089
0.003323285464685777
0.003323285464685777
0.003323285464685777
0.003323285464685777
0.003323285464685777
0.003323285464685777
0.0033232850761889875
0.0033232850761889875
0.0033232850761889875
0.0033232850761889875
0.0033232850761889875
0.0033232850761889875
0.0033232850761889875
0.0033232850761889875
0.0033232850761889875
0.0033232850761889875
0.0033232850761889875
0.0033232850761889875
0.0033232850760350863
0.0033232850760350863
0.0033232850760350863
0.003323285074140921
0.003323285074140921
0.003323285074140921
0.003323285074140921
0.003323285074140921
0.0033232850741409157
0.003323285056697127
0.003323285056697127
0.003323285056697127
0.003323285056697127
0.0033232850566891747
0.0033232845338002693
0.0033232845338002693
0.0033232845338002693
0.0033232845338002693
0.0033232845338002693
0.0033232845338002693
0.0033232845338002693
0.0033232845338002693
0.002839771225376797
0.0028397712221550895
0.0028397712221550895
0.0028397712221550895
0.0028397712221550895
0.002839771212781369
0.002839771212781369
0.00283977119645007
0.0028283784399574328
0.0028283784399574328
0.0028275832494983016
0.0028275832494983008
0.0028275832494983008
0.0028275832494983008
0.0028275832494983008
0.0028275832494983008
0.0028275832494983008
0.0028275832494983008
0.0028275832494983008
0.0028275832494983008
0.0028275832494983008
0.0028275832494983008
0.0028275832494983008
0.002827583249359184
0.0028240176065217103
0.0028240176065217103
0.0028240176065200935
0.0028240176065200935
0.0028240176065200935
0.0028240176065200935
0.0028240176065200935
0.0028240176065200935
0.0028240176065113002
0.0028240176065113002
0.0028240176065113002
0.0028240176065113002
0.002824017605660171
0.002824017605660171
0.002824017605660171
0.002824017605660171
0.002824017605660171
0.002824017605660171
0.002824017605660171
0.0028240096917981215
0.0028240093731686654
0.0028240093731686654
0.0028240093731686654
0.0028240093731686654
0.0028240093731686654
0.0028240093731686654
0.0028240093731686654
0.0028240093731686654
0.0028240093731686654
0.0028240093731686654
0.0028240048040850717
0.0028240048040850717
0.0028240048040850717
0.002695547478139002
0.002695547478139002
0.002695547478139002
0.002695547478139002
0.002695547478139002
0.002695547478139002
0.0026955474781388293
0.0026955474781388293
0.0026955474781388293
0.0026955474781387915
0.0026955474781387915
0.0026955474781387915
0.0026955474781387915
0.0026955474781387915
0.0026955474781387915
0.0026955474781387915
0.0026955474781387915
0.0026955474781387915
0.0026955474781387915
0.0026955474781387915
0.0026955474781387915
0.0026955474781387915
0.0026955474781387915
0.0026955474771912526
0.0026955456586973433
0.002686436622489718
0.0026864366215930114
0.0026864366215930114
0.0026864366215930114
0.002686436621593011
0.002686436621593011
0.002686436621593011
0.002686436621593011
0.002686436621593011
0.002686436621593011
0.002686436621593011
0.0026128449314773597
0.0026128449314773597
0.0026128449314773597
0.0026128449314773597
0.0026128449314773597
0.0026128449314773597
0.0026128449314773597
0.0026128449314773597
0.0026128449314773597
0.0026128449314773597
0.0026128449314773597
0.0021301214195995426
0.0021301214195995426
0.0021301214195995426
0.0021301214195995426
0.0021301214195995426
0.0021301214193739414
0.0021301214193739414
0.0021301214193739414
0.0021301214193739414
0.0021301214193739414
0.0021301214193739414
0.0021301214193739414
0.0021301214193739414
0.0021301213160204815
0.0021301213160204815
0.0021301213160204815
0.0021301213160204815
0.0021301213147948373
0.0021301213147948373
0.0021301213147948373
0.0021301213147948373
0.002130121314794718
0.002130121314794718
0.002130121314794718
0.002130121314794718
0.002130121314794718
0.002130121314794718
0.002130121305113308
0.002130121305113308
0.0021299106460709693
0.0021299106460709693
0.0021299106460709693
0.0021299106460709693
0.002126110817390191
0.002126110817390191
0.002126110817390191
0.002104183969767084
0.002104183969767058
0.002104183969767058
0.002104106968585477
0.002104106968585477
0.0021041069683693362
0.0021041069683693362
0.0021041069683693362
0.0021041069561410332
0.002104101309975035
0.002104101309975035
0.002104101309975035
0.002104101309974925
0.002104101309974925
0.002104101309974925
0.002104101309974925
0.002104101309974925
0.0021041011276449234
0.002104101127577798
0.002104101127577798
0.002104096668782535
0.002104096668782535
0.002104096668782535
0.002104096668782535
0.002104096668782535
0.002104096668782499
0.002104096668782499
0.0021040966687824974
0.0021040966687824974
0.0021040966687824974
0.0021040966687824974
0.0021040966687824974
0.0021040966687824974
0.002104096668782497
0.002104096668782497
0.002104096668782497
0.002104096668782497
0.002104096668782497
0.002104096668782497
0.002104096668782497
0.002104096668782497
0.002104096668782497
0.002104096668782497
0.002104096668782497
0.0021040966531770283
0.0021040966531770283
0.0021040966531770274
9.440663927651686E-4
9.440662100688746E-4
9.440662100688746E-4
9.440662100688746E-4
9.440662100688746E-4
9.440662100688628E-4
9.440662100688628E-4
9.440662100688628E-4
9.440662100688628E-4
9.440662100688628E-4
9.440662100688628E-4
9.440662100688628E-4
9.440662100688628E-4
9.440662100688628E-4
9.440662100688628E-4
9.440662100688622E-4
9.440662099966224E-4
9.440662099966224E-4
9.440662099966224E-4
9.440662099966224E-4
9.440662099966224E-4
9.440662099966224E-4
9.440662099966224E-4
9.440662099966224E-4
9.440662099966224E-4
9.440662099966224E-4
9.440662099887791E-4
9.440662099887791E-4
9.440662099827275E-4
9.440662099827275E-4
9.440662099827275E-4
9.440662099827275E-4
9.440662099827275E-4
9.440662099827275E-4
9.440662099827275E-4
9.440662099827275E-4
9.440662099827275E-4
9.440662099798185E-4
9.440662099798185E-4
9.440662099798185E-4
9.440662099798185E-4
9.440662099798185E-4
9.440662055629046E-4
9.440662055629046E-4
9.440662055629046E-4
9.440662055629046E-4
9.440662055629046E-4
9.440662055629046E-4
9.440541838264873E-4
9.440541838264873E-4
9.440541838264873E-4
9.440541838264873E-4
9.440541836489961E-4
9.440541836489961E-4
9.440541836489961E-4
9.440541836489961E-4
9.440541836489961E-4
9.440541836489961E-4
9.44054180989168E-4
9.44054180989168E-4
9.44054180989168E-4
9.44054180989168E-4
9.44054180989168E-4
9.44054180989168E-4
9.44054180989168E-4
9.44054180989168E-4
9.44054180989168E-4
9.44054180989168E-4
9.44054180989168E-4
9.44054180989168E-4
9.44054180989168E-4
9.44054180989168E-4
9.44054180989168E-4
9.44054180989168E-4
9.440027195421468E-4
9.440027195421468E-4
9.440027195303676E-4
9.440027195303676E-4
9.440027195303676E-4
9.440027195303676E-4
9.440027195303676E-4
9.380954774008081E-4
9.380954774008081E-4
9.380954774008081E-4
9.380954774008081E-4
9.359275942968706E-4
9.359275942968706E-4
9.359275942968706E-4
9.359275942968706E-4
9.359275942968706E-4
9.359275942968706E-4
9.359275942968706E-4
9.34591182999261E-4
9.34591182999261E-4
9.34591182999261E-4
9.34591182999261E-4
9.345911806683671E-4
9.345911806677352E-4
9.345911800340712E-4
9.34590736894969E-4
9.34590736894969E-4
9.34590736894969E-4
9.34590736894969E-4
9.34590736894969E-4
9.34590736894969E-4
9.34590736894969E-4
9.34590736894969E-4
9.34590736894969E-4
9.34590736894969E-4
9.34590736894969E-4
9.34590736894969E-4
9.345907368937729E-4
9.345907368937729E-4
9.345907368937729E-4
9.345907368937729E-4
9.345907368937729E-4
9.345448733883434E-4
9.345448733883434E-4
9.345448733883434E-4
9.345448733883434E-4
9.345448733883434E-4
9.345448733883434E-4
9.345448733883434E-4
9.345448733883434E-4
9.345447848701352E-4
9.345447848701352E-4
9.345447848701352E-4
9.345447848701352E-4
9.345447848701352E-4
9.345447848701352E-4
9.345447848701352E-4
9.345447848701352E-4
9.345447848701352E-4
9.345447848701352E-4
9.345447848701352E-4
9.345447848701352E-4
9.345447848701352E-4
9.345447848701352E-4
9.345447848701352E-4
9.345447848701352E-4
9.345447848701352E-4
9.345447848701352E-4
9.345447848701352E-4
9.345447848701352E-4
9.345447848701352E-4
9.345447848701352E-4
9.34524952305992E-4
9.34524952305992E-4
9.345249523059859E-4
9.345249523059859E-4
9.345249523059817E-4
9.345249523059817E-4
9.345249523059762E-4
9.345249523059762E-4
9.345249413363983E-4
9.345249413363983E-4
9.345249413363983E-4
9.345249413363983E-4
9.345249413363983E-4
9.345249412689966E-4
9.345249412689966E-4
9.345249412689966E-4
9.345249412689966E-4
9.345249412689966E-4
9.345249412689966E-4
9.345249412689966E-4
9.345249412689966E-4
9.345249412689966E-4
9.345249412689966E-4
9.345249412689966E-4
9.345244335617665E-4
9.345244335617665E-4
9.345244335617665E-4
9.345244335591961E-4
9.345244335591961E-4
9.345244335591961E-4
9.34524084970676E-4
9.345240849706389E-4
9.345227463388682E-4
9.345227463388682E-4
9.345227463388682E-4
9.345227463388682E-4
9.345227463388682E-4
9.345227463388682E-4
9.345227463388682E-4
9.345147974699341E-4
9.345147974699341E-4
9.345147974694765E-4
9.345147974694765E-4
9.345147974694765E-4
9.345147974694765E-4
8.157872434385324E-4
8.157872434385324E-4
8.157872434385324E-4
8.157872434385324E-4
8.157872434385324E-4
8.157872434385324E-4
8.157872434385324E-4
8.157872434385324E-4
8.157872434385324E-4
8.156932255374985E-4
8.156932255374985E-4
8.156932255374985E-4
8.156932255374985E-4
8.156932255374985E-4
8.156932255374985E-4
8.156932255374985E-4
8.156932255374985E-4
8.156932255374985E-4
8.156932255374985E-4
8.156932255374985E-4
8.156932255374985E-4
8.156932255374985E-4
8.156932255374985E-4
8.156932253625606E-4
8.156932253625606E-4
8.156932253625606E-4
8.156932253625606E-4
8.156932253625606E-4
8.156865191819406E-4
8.156865191819406E-4
8.156865191819406E-4
8.156861919405735E-4
8.156861919405735E-4
8.156861919405735E-4
8.156861919405735E-4
8.156861919405735E-4
8.156861919405735E-4
8.156861919405735E-4
8.156861919405735E-4
8.156861919405735E-4
8.156861919353514E-4
8.156861919353514E-4
8.156861919353514E-4
8.156861919353495E-4
8.156861919353495E-4
8.156861919353495E-4
8.156861919353495E-4
8.156861919353494E-4
8.156861607797426E-4
8.156861607797426E-4
8.156861607797426E-4
8.156861607797426E-4
8.156861607797426E-4
8.156861351808482E-4
8.156861351808482E-4
8.156861351808482E-4
8.156861351808482E-4
8.156861351808482E-4
8.156861351808482E-4
8.156861351808482E-4
8.15686135175031E-4
8.15686135175031E-4
8.15686135175031E-4
8.156861350851337E-4
8.156861350851337E-4
8.112650751194038E-4
8.112650751194038E-4
8.112650751194038E-4
8.112650751194038E-4
8.112650751194038E-4
8.112650751194038E-4
8.112650751194038E-4
8.112650751194038E-4
8.112650751194038E-4
8.112650751194038E-4
8.112650751194038E-4
8.112650751194038E-4
8.112650749631909E-4
8.112650749631909E-4
8.112650749631909E-4
8.112646181161874E-4
8.112646181161874E-4
8.112646181161874E-4
8.112646181161874E-4
8.112646181161874E-4
8.112646181161874E-4
8.112646181161874E-4
8.112646181161874E-4
8.112646181161869E-4
8.112646181161869E-4
8.112646181161869E-4
8.112646181161869E-4
8.112646099217008E-4
8.112646099217008E-4
8.112646099217008E-4
8.112644173130004E-4
8.112644173130004E-4
8.112644148923686E-4
8.112644148923686E-4
8.112644148923686E-4
8.112644148923686E-4
8.112644148923686E-4
8.112644148923686E-4
8.112643702103578E-4
8.112643702103578E-4
8.112643702103578E-4
8.112643702103578E-4
8.112643360782861E-4
8.112643360782861E-4
8.112576998654824E-4
8.112576998654824E-4
8.112576998654824E-4
8.112576998654824E-4
8.112576998654824E-4
8.112576998654824E-4
8.112576998654824E-4
8.112576998654824E-4
8.112576998654824E-4
8.111311473447189E-4
8.111311473447189E-4
8.111311473447189E-4
8.111311473447189E-4
8.111311472133255E-4
8.111311472133255E-4
8.11131146136268E-4
8.11131146136268E-4
8.11131146136268E-4
8.11131146136268E-4
8.11131146136268E-4
8.11131146136268E-4
8.11131146136268E-4
8.11131146136268E-4
8.11131146136268E-4
8.111311461318012E-4
8.111311461318012E-4
8.111311461318012E-4
8.111311461318012E-4
8.111311461318012E-4
8.111311461318012E-4
8.111311461318012E-4
8.111311461312681E-4
8.111311461312681E-4
8.111311461312681E-4
8.111311461312681E-4
8.111311461312681E-4
8.111309664581713E-4
8.111309664581713E-4
8.111309664581713E-4
8.111309664581713E-4
8.111309664581713E-4
8.111309664581713E-4
8.111309664581713E-4
8.111309664581713E-4
8.111309174627959E-4
8.111309174627959E-4
8.111309174627959E-4
8.111309174627959E-4
8.111309174627959E-4
8.111309174627959E-4
8.111309174627959E-4
8.111309174627949E-4
8.111309174627949E-4
8.111309174627949E-4
8.111309174627949E-4
8.111309174627949E-4
8.111309174627949E-4
8.111309174627949E-4
8.111309174627949E-4
8.111309174627949E-4
8.111309174627949E-4
8.111309174627949E-4
8.111309174627949E-4
8.111309174627949E-4
8.111309174627949E-4
8.111309174627442E-4
8.111309174627442E-4
8.111302691918894E-4
8.111302691918889E-4
8.111302691918889E-4
8.111302691918889E-4
8.111302691918889E-4
8.111302691918889E-4
8.111302691918889E-4
8.111302691918889E-4
8.111302691918889E-4
8.111302691918889E-4
8.111302691918889E-4
8.111302691918889E-4
8.111302691918889E-4
8.111302691918889E-4
8.111302691918889E-4
8.111302691825922E-4
8.111302691825922E-4
8.111302691825921E-4
8.111302691825921E-4
8.111302691825921E-4
8.111302691803805E-4
8.111302691803805E-4
8.111302691803805E-4
8.111302691803805E-4
8.111302691803805E-4
8.111302691803785E-4
8.111302691803785E-4
8.111302691803785E-4
8.111302691803785E-4
8.111302691803785E-4
8.111302691803785E-4
8.111104046234863E-4
8.111104046234863E-4
8.111104046234863E-4
8.111104046234863E-4
8.111104046234863E-4
8.111104046234863E-4
8.111104046234863E-4
8.111104046232809E-4
8.111103175401244E-4
8.111103175401244E-4
8.11110317540121E-4
8.11110317540121E-4
8.11110317540121E-4
8.11110317540121E-4
8.11110317540121E-4
8.11110317540121E-4
8.11110317540121E-4
8.11110317540121E-4
8.11110317540121E-4
8.111103175400462E-4
8.111102633314779E-4
8.111102633314779E-4
8.111102633314779E-4
8.111102633314779E-4
8.111102633314779E-4
8.111102633314779E-4
8.111102633314779E-4
8.111102633314779E-4
8.111102633314779E-4
8.111102633314779E-4
8.111102633314779E-4
8.111102633314779E-4
8.111102633314779E-4
8.111102633314779E-4
8.111102633314779E-4
8.111102633314779E-4
8.111102633314779E-4
8.111102633314776E-4
8.111102633314776E-4
8.111102633314776E-4
8.111102633314776E-4
8.111102633314776E-4
8.111102633314776E-4
8.111102633314776E-4
8.111100829208393E-4
8.111100829208393E-4
8.111100829208393E-4
8.111100829208393E-4
8.111100829208393E-4
8.111100829208393E-4
8.111100829208393E-4
8.111100829208393E-4
8.111100829208393E-4
8.111100829208393E-4
8.111100829208393E-4
8.111100829208393E-4
8.111100829208393E-4
8.111100829126243E-4
8.111100829126243E-4
8.111100825146589E-4
8.111100825146589E-4
8.111100825146589E-4
8.111100825146589E-4
8.111100825146589E-4
8.111100825146589E-4
8.111100825146589E-4
8.111100825146589E-4
8.111100825146587E-4
8.111100825146587E-4
8.111100825146587E-4
8.111100825146587E-4
8.111100825146587E-4
8.111100825146587E-4
8.111100825146587E-4
8.111100825146587E-4
8.111100825146587E-4
8.111100825146587E-4
8.111100819683341E-4
8.111100819683341E-4
8.111100819683341E-4
8.111100819683341E-4
8.111100819683341E-4
8.111100819683341E-4
8.111100819683341E-4
8.111100610532171E-4
8.111100610532171E-4
8.111100610532171E-4
8.111100610532171E-4
8.111100610532171E-4
8.111100610532171E-4
8.111100610532171E-4
8.111100610532171E-4
3.9451665206773485E-4
3.9451665206773485E-4
3.9451665206773485E-4
3.9451665206773485E-4
3.9451665206773485E-4
3.9451665206773485E-4
3.9451665206773485E-4
3.9451665206773485E-4
3.9451665206773485E-4
3.9451643433842967E-4
3.9451643433842967E-4
3.9451643433842967E-4
3.9451643433842967E-4
3.9451643433842967E-4
3.9451643433842967E-4
3.9451643433842967E-4
3.9451643433842967E-4
3.9451643433842967E-4
3.9451643433842967E-4
3.9451643433842967E-4
3.9451643433842967E-4
3.9451643433842967E-4
3.9451643433842967E-4
3.9451643433842967E-4
3.9451643433842967E-4
3.9451643433842967E-4
3.9451643433842967E-4
3.9451643433842967E-4
3.9451643433842967E-4
3.93272208552543E-4
3.93272208552543E-4
3.93272208552543E-4
3.93272208552543E-4
3.93272208552543E-4
3.93272208552543E-4
3.93272208552543E-4
3.93272208552543E-4
3.93272208552543E-4
3.93272208552543E-4
3.93272208552543E-4
3.93272208552543E-4
3.93272208552543E-4
3.93272208552543E-4
3.93272208552543E-4
3.93272208552543E-4
3.93272208552543E-4
3.93272208552543E-4
3.93272208552543E-4
3.93272208552543E-4
3.9327152086408266E-4
3.9327152086408266E-4
3.9327152086408266E-4
3.932603253569033E-4
3.932603253569033E-4
3.8401071434709423E-4
3.8401071434709423E-4
3.8401071434709423E-4
3.8401071434709423E-4
3.8401071434709423E-4
3.8401071434709423E-4
3.8401071434709423E-4
3.8401071434709423E-4
3.8401071434709423E-4
3.8401071434709033E-4
3.8401071434709033E-4
3.8401071434709033E-4
3.8401071434709033E-4
3.8401071434709033E-4
3.838502971868196E-4
3.838502971868196E-4
3.8385029717660183E-4
3.8385029717660183E-4
3.8385029717660183E-4
3.8385029717660183E-4
3.8385029717660183E-4
3.8385029717660183E-4
3.8385029717660183E-4
3.8385029717660183E-4
3.8385029717660183E-4
3.8385029717660183E-4
3.8385029717660183E-4
3.8385029717643557E-4
3.8385015899708425E-4
3.8385015899708425E-4
3.8385015899708425E-4
3.8385015899708425E-4
3.8385015899708425E-4
3.8385015899708425E-4
3.8385015899708425E-4
3.838501589790633E-4
3.838501589790633E-4
3.838501589790633E-4
3.838501589790633E-4
3.838501589790633E-4
3.838501589790633E-4
3.838501589790633E-4
3.838501589790633E-4
3.838501589790633E-4
3.838017750051398E-4
3.838017750051398E-4
3.838017750051398E-4
3.838017750051398E-4
3.838017750051398E-4
3.838017750051398E-4
3.838017750051398E-4
3.838017750051398E-4
3.838017750051398E-4
3.838017750051398E-4
3.838017750049926E-4
3.838017750049926E-4
3.838017750049926E-4
3.8380177343680784E-4
3.8380177343680784E-4
3.8380177343680784E-4
3.606982414940071E-4
3.606982414940071E-4
3.6069824093115004E-4
3.6069824093115004E-4
3.6069824093115004E-4
3.6069824093115004E-4
3.6069824093115004E-4
3.6069824093115004E-4
3.6069824093115004E-4
3.6069824093115004E-4
3.6069824093115004E-4
3.6069824093115004E-4
3.606982409189016E-4
3.606982409189016E-4
3.6069682156706636E-4
3.6069682156706636E-4
3.6069682156706636E-4
3.606968165400186E-4
3.606968165400186E-4
3.606968165400186E-4
3.606968165400186E-4
3.606968165400186E-4
3.606968165400186E-4
3.606968165400186E-4
3.606968165400186E-4
3.6069482773717123E-4
3.6069482773717123E-4
3.6069482773717123E-4
3.6069482773717123E-4
3.6069482773716397E-4
3.6069482773716397E-4
3.6069482773716397E-4
3.6069482773671175E-4
3.6069482773671175E-4
3.6069482773671175E-4
3.6069482773671175E-4
3.6069482773671175E-4
3.6069482773671175E-4
3.6069482773671175E-4
3.6069482773671175E-4
3.6069482773671175E-4
3.606948277367117E-4
3.606948277367117E-4
3.606865037394752E-4
3.606865037394752E-4
3.606865037394752E-4
3.606865037394752E-4
3.606865037394752E-4
3.606865037394752E-4
3.463989924850355E-4
3.463989924850355E-4
3.463989924850355E-4
3.463989924850355E-4
3.463660154254065E-4
3.463660154254065E-4
3.463657980305214E-4
3.463657980127314E-4
3.463657980127314E-4
3.463657980127314E-4
3.463657979743745E-4
3.4636579797437376E-4
3.4636579797437376E-4
3.4636579797437376E-4
3.4636579797437376E-4
3.4635850597803693E-4
3.4635850597803693E-4
3.4635850597803693E-4
3.463585059707512E-4
3.463585059707512E-4
3.463585059707512E-4
3.463585059707512E-4
3.463585059707512E-4
3.463585059707512E-4
3.463585059707512E-4
3.463585059707512E-4
3.463585059707512E-4
3.4635849967312623E-4
3.4635849967312623E-4
3.4635849967312623E-4
3.4635849967312623E-4
3.46357997938467E-4
3.46357997938467E-4
3.46357997938467E-4
3.46357997938467E-4
3.46357997938467E-4
3.46357997938467E-4
3.46357997938467E-4
3.46357997938467E-4
3.46357997938467E-4
3.46357997938467E-4
3.46357997938467E-4
3.46357997938467E-4
3.46357997938467E-4
3.46357997938467E-4
3.46357997938467E-4
3.46357997938467E-4
3.46357997938467E-4
3.46357997938467E-4
3.46357997938467E-4
3.46357997938467E-4
3.46357997938467E-4
3.46357997938466E-4
3.46357997938466E-4
3.46357997938466E-4
3.46357997938466E-4
3.46357997938466E-4
3.4635799793788277E-4
3.4635799793788277E-4
3.4635799793788277E-4
3.4635799793788277E-4
3.4635799793788277E-4
3.4635799793788277E-4
3.4635799793788277E-4
3.4635799793788277E-4
3.4565141484206975E-4
3.4565141484206975E-4
3.4565141484206975E-4
3.4565141484206975E-4
3.4565141484206975E-4
3.456472989708931E-4
3.456472989708931E-4
3.456472989708931E-4
3.456472989708931E-4
3.456472989708931E-4
3.456472989708931E-4
3.456472989708931E-4
3.456472989708931E-4
3.456472986945037E-4
3.456472986945037E-4
3.456472986945037E-4
3.456472986945037E-4
3.456472986945037E-4
3.456472986945037E-4
3.456472986945037E-4
3.4559491315838784E-4
3.455948473752862E-4
3.455948473752862E-4
3.455948473752862E-4
3.455948473752862E-4
3.455948473752862E-4
3.455882017686552E-4
3.455882017686552E-4
3.455882017686552E-4
3.455882017686552E-4
3.455882017476936E-4
3.455882017476936E-4
3.455882017476936E-4
3.455882017476936E-4
3.455882017476936E-4
3.455882017476936E-4
3.455882017476936E-4
3.455882017476936E-4
3.455882017476936E-4
3.455882017476936E-4
3.455882017476936E-4
3.455882017476936E-4
3.455882017476936E-4
3.455882017476936E-4
3.455882017476936E-4
3.455882017476936E-4
3.455882017476936E-4
3.455882017476936E-4
3.455882017476936E-4
3.455882017476936E-4
3.455882017476936E-4
3.455882017476936E-4
3.455882017476936E-4
3.455882017476936E-4
3.455882017476936E-4
3.455882017476936E-4
3.455882017476936E-4
3.455882017476936E-4
3.455882017476936E-4
3.455882017476936E-4
3.455882017476936E-4
3.455882017476936E-4
3.455882017476936E-4
3.455882017476936E-4
3.455882017476936E-4
3.455882017476936E-4
3.455882017476936E-4
3.455882017476936E-4
3.455882017476936E-4
3.455882017476936E-4
3.455882017439595E-4
3.455882017439595E-4
3.455882017439595E-4
3.455882017438902E-4
3.4558564361001075E-4
3.4558564361001075E-4
3.4558564361001075E-4
3.4558557628338454E-4
3.4558557628338454E-4
3.4558556844763605E-4
3.4558556844763605E-4
3.4558556844763605E-4
3.4558556844763605E-4
3.4558556844763605E-4
3.4558556844763605E-4
3.4558556844763605E-4
3.4558556844763605E-4
3.4558556844763605E-4
3.4558556843263433E-4
3.4558556843263433E-4
3.4558556843263433E-4
3.4558556843263433E-4
3.455855415106778E-4
3.4558554146036426E-4
3.4558554146036426E-4
3.4558554146036426E-4
3.4558554146036426E-4
3.4558554146036426E-4
3.4558554146036426E-4
3.4558554146036426E-4
3.455855414603641E-4
3.455855414603641E-4
3.455855414603641E-4
3.455855414603641E-4
3.455855414603641E-4
3.455855414603641E-4
3.455855414603641E-4
3.455855414603641E-4
3.4558554093333505E-4
3.4558554093333505E-4
3.4558554093333505E-4
3.4558554093333505E-4
3.4558554093333505E-4
3.4558554093333505E-4
3.4558554093333505E-4
3.4558554093333505E-4
3.4558554093333505E-4
3.4558554093333505E-4
3.4558554093333505E-4
3.4558554093333505E-4
3.4558554093333505E-4
3.4558554093333505E-4
3.4558554093333505E-4
3.4558554039884837E-4
3.4558554039884837E-4
3.4558554039884837E-4
3.4558554039884837E-4
3.4558554039884837E-4
3.4558554039884837E-4
3.4558554039884837E-4
3.4558554039884837E-4
3.4558554039884837E-4
3.4558554039884837E-4
3.4558554039884837E-4
3.4558554039884837E-4
3.4558554039884837E-4
3.4558554039884837E-4
3.4558554039884837E-4
3.4558554039884837E-4
3.4558554039884837E-4
3.4558554039884837E-4
3.4558554039884837E-4
3.4558554039884837E-4
3.4558554039884837E-4
3.4558554039884837E-4
3.4558554039884837E-4
3.4558554039884837E-4
3.4558554039884826E-4
3.4558554039884826E-4
3.4558554039884826E-4
3.4558554039884826E-4
3.4558554039884826E-4
3.455855403988479E-4
3.455855403988479E-4
3.455855403988479E-4
3.455855403988479E-4
3.455855403988479E-4
3.455855403988479E-4
3.455855403988479E-4
3.455855403988479E-4
3.455855403988479E-4
3.455855403988479E-4
3.455855403988479E-4
3.455855403988479E-4
3.455855403988479E-4
3.455855403988479E-4
3.455855403988479E-4
3.455855403988479E-4
3.455855403988479E-4
3.455855403988479E-4
3.455855403988479E-4
3.455855403988479E-4
3.455855403988479E-4
3.455855403988479E-4
3.455855403988479E-4
3.455855403988479E-4
3.455855403973103E-4
3.455855403973103E-4
3.455855403973103E-4
3.455855403973103E-4
3.455855403973103E-4
3.455855403973103E-4
3.455855403973103E-4
3.455855403973103E-4
3.455855403973103E-4
3.455855403973103E-4
3.4557939796478184E-4
3.4557939796478184E-4
3.4557939796478184E-4
3.4557939796478184E-4
3.4557939796478184E-4
3.4557939796478184E-4
3.4557939796478184E-4
3.4557939796478184E-4
3.4557939796478184E-4
3.4557939796478184E-4
3.4557939796355875E-4
3.4557939796355875E-4
3.4557939796355875E-4
2.9383843832922116E-4
2.9383843832922116E-4
2.9383843832922116E-4
2.9383843832922116E-4
2.9383843832922116E-4
2.9383843832922116E-4
2.9383843832922116E-4
2.9383843832922116E-4
2.9383843775558215E-4
2.9383843775558215E-4
2.9383843775558215E-4
1.7555249172932906E-4
1.7555232547844765E-4
1.7555232547844765E-4
1.7555232547844765E-4
1.755523254784471E-4
1.755523254784471E-4
1.755523254784471E-4
1.755523254784471E-4
1.755523254784471E-4
1.755523254784471E-4
1.755523254784471E-4
1.755523254784471E-4
1.755523254784471E-4
1.755523254784471E-4
1.755523254784471E-4
1.755523254784471E-4
1.7555232542850892E-4
1.7555232542850892E-4
1.7555232542850892E-4
1.7555232542850892E-4
1.7555232361603172E-4
1.0117129499715898E-4
8.363980877032571E-5
8.363980877032571E-5
8.363980877032571E-5
8.363980877032571E-5
8.363980877032571E-5
8.363980877032571E-5
8.363980877032571E-5
8.363980877032571E-5
8.363980877032571E-5
8.363980877032571E-5
8.363980877032571E-5
8.363980877032571E-5
6.645190742011364E-5
6.645190742011364E-5
6.126860367939256E-5
6.126860367939256E-5
6.126860367939256E-5
6.126860367939256E-5
6.126860367939256E-5
6.126860367939256E-5
6.126860367939256E-5
6.126860367939256E-5
6.126860367939256E-5
6.126860367939256E-5
6.126860367939256E-5
6.126860367939256E-5
6.126860367939256E-5
6.126860367939256E-5
6.126860367939256E-5
6.126860367939256E-5
6.126860367939256E-5
6.126860367939256E-5
6.126860367887682E-5
6.126860367887682E-5
6.126860367887682E-5
6.126860367887682E-5
6.126860367887682E-5
6.126860367887682E-5
6.126860367887682E-5
6.126860367887682E-5
6.126860367887682E-5
6.126860367887682E-5
6.126860367887682E-5
6.126860367887682E-5
6.126860367887682E-5
6.126859460559272E-5
6.126859460559272E-5
6.12685946055926E-5
6.12685946055926E-5
6.12685946050733E-5
6.12685946050733E-5
6.12685946050733E-5
6.12685946050733E-5
6.12685946050733E-5
6.12685946050733E-5
6.12685946050733E-5
6.12685945986765E-5
6.12685945986765E-5
6.12685945986765E-5
6.12685945986765E-5
6.12685945986765E-5
6.12685945664012E-5
6.12685945664012E-5
6.12685945664012E-5
6.12685945664012E-5
6.126809914504989E-5
6.126809914504989E-5
6.126809914504989E-5
6.126809914504989E-5
6.126809914504989E-5
6.126809914504989E-5
6.126809914504989E-5
6.126809914504989E-5
6.126809914504989E-5
6.126809914504989E-5
6.126809914504989E-5
6.126809914504989E-5
6.126809914504989E-5
6.126809914504989E-5
6.126809914504989E-5
6.126809914504989E-5
6.126809914504989E-5
6.126809914504989E-5
6.126809914504989E-5
6.126809914504989E-5
6.126809914504989E-5
6.126809914504989E-5
6.126809914504989E-5
6.126809914443882E-5
6.126809914443882E-5
6.126809885601425E-5
6.126809885601425E-5
6.126809885601425E-5
6.126809883633206E-5
6.126809883633206E-5
6.126809883633206E-5
6.126809883633206E-5
6.126809883633206E-5
6.126809883633206E-5
6.126809883633206E-5
6.126809883633206E-5
6.126809883633206E-5
6.126809883633206E-5
6.126809883633206E-5
6.126809883633206E-5
6.126809883633206E-5
6.12680988362538E-5
6.12680988362538E-5
4.410253195764626E-5
4.410253195764626E-5
4.410253195764626E-5
4.410253195764626E-5
4.410253195764626E-5
4.410253195764626E-5
4.410253195764626E-5
4.4102531957533496E-5
4.4102531957533496E-5
4.4102531957533496E-5
4.4102531957533496E-5
4.4102531957533496E-5
4.4102531957533496E-5
4.4102531957533496E-5
4.4102531957533496E-5
4.4102531957533496E-5
4.410252608739008E-5
4.410252608739008E-5
4.410252608739008E-5
4.410252608739008E-5
4.410252608739008E-5
4.410252608739008E-5
4.410252608739008E-5
4.410252608739008E-5
4.410252608739008E-5
4.410252608739008E-5
4.410252608739008E-5
4.410252608739008E-5
4.410252608739008E-5
4.410252608739008E-5
4.410252608739008E-5
4.410252608739008E-5
4.410252608739008E-5
4.410252608739008E-5
4.410252608739008E-5
4.410252608739008E-5
4.410252608739008E-5
4.410252608739008E-5
4.41025238789663E-5
4.41025238789663E-5
4.410252383117171E-5
4.41011342081312E-5
4.410113087008512E-5
4.410113087008512E-5
4.410113087008512E-5
4.205093510734199E-5
4.205093510734199E-5
4.205093510733406E-5
4.205093510733406E-5
4.205093510733406E-5
4.205093510733406E-5
4.205093510733406E-5
4.205093510733406E-5
4.205093510733406E-5
4.205093510733406E-5
4.205093510733406E-5
4.199452280690962E-5
4.199452280690962E-5
3.717121567338662E-5
3.717121567338662E-5
3.717121567338662E-5
3.7171215663496136E-5
3.7171215663496136E-5
3.7171215663496136E-5
3.7171215663496136E-5
3.7171215663496136E-5
3.7171214685247776E-5
2.890694743511624E-5
2.890694743511339E-5
2.8906947435112878E-5
2.8906947435112878E-5
2.8906947435112878E-5
2.8906947435112878E-5
2.8906947435112878E-5
2.8906947435112878E-5
2.8906947435112878E-5
2.8906947435112878E-5
2.8906947435112878E-5
2.8906947435112878E-5
2.8906947435112878E-5
2.8906947435112156E-5
2.8906947435112156E-5
2.8906947435112156E-5
2.8906947435112156E-5
2.8906947435112156E-5
2.8906947435112156E-5
2.8906947435112156E-5
2.8906947435112156E-5
2.8906947435112156E-5
2.8906947435112156E-5
2.8906947435112156E-5
2.8906947435112156E-5
2.8906947435112156E-5
2.8906947435112156E-5
2.8906947435112156E-5
2.8906947435112156E-5
2.8906947435112156E-5
2.8906947435112156E-5
2.8906947435112156E-5
2.8906947435112156E-5
2.8906947435112156E-5
2.8906947435112156E-5
2.8906947435112156E-5
2.8906947435112156E-5
2.8577047099382365E-5
2.8577047099382365E-5
2.8577047099382365E-5
1.7650185695679207E-6
1.7650185695679207E-6
1.7650185695679207E-6
1.7650185695679207E-6
1.7650185695679207E-6
1.7650185695679207E-6
1.7650185695679207E-6
1.7650185695679207E-6
1.7650185695679207E-6
1.7650172734893603E-6
1.7650172734893603E-6
1.7650172734893603E-6
1.7650172734893603E-6
1.7650172734893603E-6
1.7650165213850516E-6
1.7650165213850516E-6
1.7650165213850516E-6
1.7650165213850516E-6
1.7650165213820556E-6
1.7650165213820556E-6
1.765016521373068E-6
1.765016521373068E-6
1.765016521370453E-6
1.765016521370453E-6
1.765016521370453E-6
1.765016521370453E-6
1.765016521370453E-6
1.765016521370453E-6
1.765016521370453E-6
1.765016521370453E-6
1.765016521370453E-6
1.765016521370453E-6
1.7650165084757566E-6
1.7650165084757562E-6
1.7650165084757562E-6
1.7650165084757562E-6
1.7650165084757562E-6
1.7650165059048413E-6
1.7650165059044077E-6
1.7650165059044077E-6
1.7650165059044077E-6
1.7650165059044077E-6
1.7650165059044077E-6
1.7650165059044077E-6
1.7650164909153503E-6
1.7650164268378144E-6
1.7650164268378144E-6
1.7650164268378144E-6
1.7650164268378144E-6
1.7650164268378144E-6
1.7650164268378144E-6
1.7650164268378144E-6
1.7650164268378144E-6
1.7650164268378144E-6
1.7650164268378144E-6
1.7650164252441778E-6
1.7650164252441778E-6
1.7650164252441778E-6
1.7650164252441778E-6
1.7650164252441778E-6
1.7650164252441778E-6
1.7650164252441778E-6
1.7650164252441778E-6
1.7650164252441778E-6
1.7650164252441778E-6
1.7650164252441778E-6
1.7650164252441778E-6
1.7650164252441778E-6
1.6007711612838347E-6
1.600771161259736E-6
1.600771161259736E-6
1.600771161259736E-6
1.600771161259736E-6
1.600771161259736E-6
1.600771161259736E-6
1.600771161259736E-6
1.600771161259736E-6
1.6007711612513868E-6
1.6007711612513868E-6
1.6007711612513868E-6
1.6007711612513868E-6
1.6007711612513868E-6
1.60077116047544E-6
1.60077116047544E-6
1.60077116047544E-6
1.600771160475086E-6
1.600771160475086E-6
1.600771160475086E-6
1.600771160475086E-6
1.5958940039227107E-6
1.5958940039227107E-6
1.5958940039227107E-6
1.5958940039227107E-6
1.5958940039227107E-6
1.5958940039227107E-6
1.5958861604395817E-6
1.5958861604395817E-6
1.5958861604395817E-6
1.5958861604395817E-6
1.5958861604395817E-6
1.5958861604395817E-6
1.5958861604040932E-6
1.5958861604040932E-6
1.5958861604040932E-6
1.5958861604040932E-6
1.2793786953677882E-6
1.2793786953677882E-6
1.2793786953677882E-6
1.2793786953677882E-6
1.2793786953677882E-6
1.2793786953677882E-6
1.2793786953677882E-6
1.2793786953677882E-6
1.2793786953677882E-6
1.2793786953677882E-6
1.2793786953677882E-6
1.2793786953677882E-6
1.2793786953677882E-6
1.2793774151062877E-6
1.2793774151062877E-6
1.2793774151062877E-6
1.2793774151062877E-6
1.2793774151062877E-6
1.2793774151062877E-6
1.2793774151062877E-6
1.2793774151062877E-6
1.2793774151062877E-6
1.2793774151062877E-6
1.2793774151062877E-6
1.2793774151062877E-6
1.2793774151062877E-6
1.2793774151062877E-6
1.2793774151062877E-6
1.2793774151062877E-6
1.2793773833708111E-6
1.2793773833708111E-6
1.2793773752311728E-6
1.2793773752311728E-6
1.2793773752311728E-6
1.2793773752311728E-6
1.2793773752311728E-6
1.2793773752220914E-6
1.2793773752220914E-6
1.2793773752220914E-6
1.2793773752220914E-6
1.2793773752220914E-6
1.2793773752220914E-6
1.2793773752220914E-6
1.2793773752220914E-6
1.2793773752220914E-6
1.2793773752220914E-6
1.2793773752220914E-6
1.2793773752220914E-6
1.2793773621563358E-6
1.2793773621563358E-6
1.2793773621563358E-6
1.2793773621563358E-6
1.2793773621563358E-6
1.2793773621563358E-6
1.2793773621563358E-6
1.2793773621563358E-6
1.2793773621563358E-6
1.27934120558825E-6
1.27934120558825E-6
1.27934120558825E-6
1.27934120558825E-6
1.27934120558825E-6
1.27934120558825E-6
1.27934120558825E-6
1.27934120558825E-6
1.27934120558825E-6
1.2793362545042169E-6
1.2793362545042169E-6
1.2793362545042169E-6
1.2793331762306895E-6
1.2793331762306895E-6
1.2793331762306895E-6
1.2793331762306895E-6
1.2793331762306895E-6
1.2793331762306895E-6
1.2793331762306895E-6
1.2793331762306895E-6
1.27933317552796E-6
1.279333175429663E-6
1.279333175429663E-6
1.279333175429663E-6
1.279333175429663E-6
1.279333175429663E-6
1.279333175429663E-6
1.279333175429663E-6
1.279333175429663E-6
1.2776881617826845E-6
1.2776881617826845E-6
1.2776881617826845E-6
1.2776881617826845E-6
1.2776881617826845E-6
1.2776881617826845E-6
1.2776881617826845E-6
1.2776881617826845E-6
1.2776881617826845E-6
1.2776881615507364E-6
1.2776881615507364E-6
1.2776881615507364E-6
1.2776881615507364E-6
1.2776881613186987E-6
1.2776881613186987E-6
1.2776881613186987E-6
1.2776881613186987E-6
1.2776881613186987E-6
1.2776881613186987E-6
1.2776881613185488E-6
1.2776881613185488E-6
1.2776881613185488E-6
1.2776881613185488E-6
1.2776881613185488E-6
1.2776881613185488E-6
1.2776881613185488E-6
1.2776881613185488E-6
1.2776880438087166E-6
1.2776879587491697E-6
1.2776879587491697E-6
1.2776879587491697E-6
1.2776879587491697E-6
1.2776879587491697E-6
1.2776879587491697E-6
1.2776879587491697E-6
1.2776879587491697E-6
1.2776879587491697E-6
1.2776879587491697E-6
1.2776879587491697E-6
1.2776879587491697E-6
1.2776879587491697E-6
1.2776879587491697E-6
1.2776879587491697E-6
1.2776879587491697E-6
1.2776879587491697E-6
1.2776879586878433E-6
1.2776879586878433E-6
1.2776879586878433E-6
1.2776879586878433E-6
1.2776879586878433E-6
1.2776879586878433E-6
1.2776879586878433E-6
1.2776879586878433E-6
1.2776879586878433E-6
1.2776879586878433E-6
1.2776879586878433E-6
1.2776879586878433E-6
1.2776879586878433E-6
1.2776879586878433E-6
1.274213135761876E-6
1.274213135761876E-6
1.274213135761876E-6
1.274213135761876E-6
1.274213135761876E-6
1.274213135761876E-6
1.274213135761876E-6
1.274213135761876E-6
1.274213135761876E-6
1.2742131357618758E-6
1.2742131357618758E-6
1.2742131357618758E-6
1.2741921411920232E-6
1.274192141192003E-6
1.274192141192003E-6
1.274192141192003E-6
1.2621470474953733E-6
1.2621470474953733E-6
1.2621470474953733E-6
1.2621470472777538E-6
1.2621470472777538E-6
1.2621470472777538E-6
1.2621470472775412E-6
1.2621470472775412E-6
1.2621470472775412E-6
1.2621470472775412E-6
1.2621470472775412E-6
1.2621470428837208E-6
1.2621470405469543E-6
1.2621470405469543E-6
1.2344173850250403E-6
1.2344173850250403E-6
1.2344173850250403E-6
1.2344173850250403E-6
1.2344173850250403E-6
1.2344173850250403E-6
1.2344173850250403E-6
1.2344173850250403E-6
1.2344173850250403E-6
1.2344173850250403E-6
1.2344173850250403E-6
1.2344173850250403E-6
1.2344173850250403E-6
1.2344173850250403E-6
1.2344173850250403E-6
1.2344173850250403E-6
1.2344173850250403E-6
1.2344173850250403E-6
1.2344173843088434E-6
1.2344173843088434E-6
1.2344173843088434E-6
1.2344173843088434E-6
1.2344173843088434E-6
1.2342416382838639E-6
1.234241638278302E-6
1.234241638278302E-6
1.234241638278302E-6
1.234241638278302E-6
1.234241638278302E-6
1.234241638278302E-6
1.234241638278302E-6
1.2342411019438724E-6
1.2342411019438724E-6
1.2342411019438724E-6
1.2342411019438724E-6
1.2342411019438724E-6
1.2342411019438724E-6
1.2342411019438724E-6
1.2342411019438724E-6
1.2338962614986178E-6
1.2338962614986178E-6
1.2338962614986178E-6
1.2338962614986178E-6
1.2338962614986178E-6
1.2338962614986178E-6
1.2338962614986178E-6
1.2338962614980283E-6
1.2338962614980283E-6
1.2338962608003629E-6
1.2338962608003629E-6
1.2338962608003629E-6
1.2338962608003629E-6
1.2338962608003629E-6
1.2338962608003629E-6
1.2338962608003629E-6
1.2338962608003629E-6
1.2338962608003629E-6
1.2338962607997392E-6
1.2338962607997392E-6
1.2338962607997392E-6
1.2338962607997392E-6
1.2338962607997392E-6
1.2338962607997392E-6
1.2338962607997392E-6
1.2338962607997392E-6
1.2338962607997392E-6
1.233896260799725E-6
1.233896260799725E-6
1.233896260799725E-6
1.233896260799725E-6
1.2338962604420222E-6
1.2338962604420222E-6
1.2338962604420222E-6
1.2338962604420222E-6
1.2338962604420222E-6
1.2338962604402745E-6
1.2338962604402745E-6
1.2338962604402745E-6
1.230688825073583E-6
1.230688825073583E-6
1.230688825073583E-6
1.230688825073583E-6
1.2306738030136528E-6
1.2306738030136528E-6
1.2306738030136528E-6
1.2306738030136528E-6
1.2306738030136528E-6
1.2306738030136528E-6
1.2306738030136528E-6
1.2306738030136528E-6
1.2306738030136528E-6
1.2306738030136528E-6
1.2306738030136528E-6
1.230673802976228E-6
1.230673802976228E-6
1.230673802976228E-6
1.2221669003671468E-6
1.2221669003671468E-6
1.2221669003671468E-6
1.2221669003671468E-6
1.2221669003671468E-6
1.2221669003671468E-6
1.2221669003671468E-6
1.222166895947813E-6
1.222166895947813E-6
1.222166895947813E-6
1.222166895947813E-6
1.2221668914211225E-6
1.2221668914211225E-6
1.2221668914211225E-6
1.22216689142088E-6
1.2221668900976865E-6
1.2221668900976865E-6
1.2221668900976865E-6
1.2221668900976865E-6
1.2221574174701483E-6
1.2221574174701257E-6
1.2221574174701257E-6
1.2221574174701257E-6
1.2221574174701257E-6
1.2221574174701257E-6
1.2221574174701257E-6
1.2221574174701257E-6
1.2221574174701257E-6
1.2221574174701257E-6
1.2221574174701257E-6
1.2221574174701257E-6
1.2221574174701257E-6
1.2221574174701257E-6
1.2221574174701257E-6
1.2221574174701257E-6
1.2221574174701257E-6
1.2221574174701257E-6
1.2221574174701257E-6
1.2221574174701257E-6
1.2221574174701257E-6
1.2221568502277332E-6
1.2221568502277332E-6
1.2221568502277332E-6
1.2221568502277332E-6
1.2221568502277332E-6
1.22215685022771E-6
1.22215685022771E-6
1.2221555664686933E-6
1.2221555664686933E-6
1.2221555664686933E-6
1.2221555664686933E-6
1.2221555664686933E-6
1.2221555653597383E-6
1.2221555653597383E-6
1.2221555653597383E-6
1.2221555653597383E-6
1.2221555653597383E-6
1.2221555653594746E-6
1.2221555653594596E-6
1.2221555653594596E-6
1.2221555653594596E-6
1.2221555653594596E-6
1.2221555653594596E-6
