21406.676294445366
21406.676294445366
21406.676294445366
21361.930937246856
21361.930937246856
21361.930937246856
21361.930937246856
21361.930937246856
21361.930937246856
21361.930937246856
21361.930937246856
21361.930937246856
21361.930937246856
21361.930937246685
21361.930937246685
21360.458930260895
21360.4543837855
21360.4543837855
21360.4543837855
21360.4543837855
20812.06411051334
20812.06411051334
20440.921907659937
20440.921907659937
20437.81777388036
20437.81777388036
20437.81777388036
20437.817356600834
20437.817356600834
20437.817356600834
20400.264991094464
20400.264991094464
20400.264991094464
20400.264991094464
20400.264989058243
20399.66717622583
20399.66717622583
20399.66717622583
20399.66710403315
17788.162652055642
17788.162652055642
17771.275553179592
17771.275553179592
17771.275553179592
17771.275553179592
17771.275553179592
17771.275553179592
17771.275553036354
17771.26581304766
17771.265811480214
17771.18966221891
17771.18966221891
17739.41960173901
17739.41960173901
17739.416733767466
17739.416733767466
17739.416733767466
17033.303308676215
17033.303297898765
17033.303297898765
17033.303297898765
17033.303297898765
17033.303297898765
17033.30326805965
17033.30326805965
16390.343069431015
16390.343069431015
16390.343069431015
16390.343069431015
16390.343069431015
16390.343069431015
16390.343069431015
16390.343069431015
16390.343069431015
16390.343069431015
16390.343069431015
16390.343069431012
16390.335830703338
16390.335830703338
16390.214979793916
16390.21497425567
16389.540205207948
16389.540205207948
16389.540205207948
16052.67488334894
16052.67488334894
16052.667842368091
16052.667842368091
16052.667842368091
16052.667842368091
16052.653897873017
16052.653897873017
16052.653897753102
16052.653897753102
16052.653897753102
16052.653892851487
16052.653892851487
16052.653892851487
16052.653892851487
16052.653892851487
16052.653892851487
15995.839806980179
15995.839805628117
15995.839805628117
15995.839805628117
15995.839805627407
15995.839805627404
15995.839805627404
15995.839805627404
15910.010169997282
15910.010169997282
15910.010169997282
15910.010169997282
15910.010169997006
15892.70158398361
15892.701579868248
15892.701579868248
15892.701579868248
15892.701579868248
15892.700967207138
15768.62610512594
15768.62610512594
15768.62610512594
15768.62610512594
15768.62275767833
15768.62275767833
15768.62275767833
15768.62275767833
15768.62275767833
15767.658641740063
15767.658641740063
15766.948738452616
15766.948738452616
15766.946698539328
15766.946698539328
15766.946698539328
15754.331469160365
15745.505318931473
15745.505318931473
15745.505318931473
15745.505318931473
15745.346459824466
15745.346459824466
15745.346459824466
15745.346459824466
15684.707145601273
12438.577487188564
12428.883544002854
12428.772781550606
12428.772781550606
12428.772781550606
12428.772781550015
12428.772781550015
12428.772781550015
12244.289730629145
10852.283394748441
10851.95562533538
10851.955624801607
10851.955624801607
10851.955624801607
10851.955624801607
10851.955601043896
10851.955601037625
10851.955601037625
10851.955600386436
10846.746700041596
10846.746700041596
10846.746700041596
10846.746700041596
10846.746700041596
10846.746700041596
10846.746700041596
10846.746700041596
10846.746700041596
10844.091548521483
10844.091548521483
10844.0914035232
10844.0914035232
10844.0914035232
10844.003298065056
10844.003298065052
10844.003298062016
10844.003298062016
10843.987433346509
10843.980539117958
10836.444832832818
10829.221240507126
10829.221240507126
10829.221218296107
10812.67937596105
10812.67937596105
10812.679375961048
10812.523086518988
10812.523086518988
10812.523086518988
10812.523086518988
10812.523086518988
10812.523086518988
10812.523086518988
10812.523048508521
10807.147658984375
10807.147658984375
10807.147658984375
10807.147658984375
10807.147658984375
10807.147658971948
10807.14763549726
10807.147635497231
10807.147635497231
10807.147635497231
10799.697714419408
10799.697714419408
10799.697714419408
10799.696059614447
10799.696059614447
10799.696059614447
10799.696059614447
10799.696059614447
9832.603797693455
9830.343894322768
9830.343894322768
9830.343894322768
9830.343894322768
9825.154826238664
9825.154826238664
9825.154826238664
9700.276328943375
9700.276328943375
9672.260090446196
9672.260090446196
9672.260090446196
9593.73500474445
9593.73500473077
9593.576955255709
9593.576955255709
9592.195236757718
9582.830823831071
9582.830823831071
9582.585912268927
9582.585912268927
9582.585912268927
9582.585912268927
9582.585912268927
9582.585912268743
9581.978357205873
9581.978357205873
9581.978357205873
7106.02728595307
7106.02728595307
7106.02728595307
7106.02728595307
7106.02728595307
7105.964876344069
7105.964876344069
7105.964576979671
7105.964576979671
7105.964576979664
7105.964576979664
7105.962068295594
7105.962064538563
7105.962064538563
7105.960544757716
7105.960544757716
7105.960544757716
7105.960544757716
7105.960544757716
7105.958568132893
7105.958568132893
7105.95084092014
7105.927911242458
7105.927911242458
7105.927911242458
7105.927911242458
7105.927911242458
7105.927880800054
7105.927880800054
7105.927880800054
7105.927880800054
7105.927880800054
7105.927880800054
6948.818369989659
6948.818369989659
6948.816903802999
6948.816903802999
6948.816903802999
6948.816903802999
6948.8169038021115
6948.816903780995
6948.816903780966
6948.816903780966
6948.811330596305
6948.811330596305
6948.811330596305
6948.797363940153
6948.797363940153
6948.797363940153
6948.797363940153
6948.797363940153
6948.797363940153
6948.796917696176
6948.796917696176
6948.796917696176
6948.796917696176
6948.796917696176
6948.796917693528
6948.796915062816
6948.796915062816
6948.785121169583
6948.785121169583
6948.785121169583
6948.7851211695815
6948.7851211695815
6948.4187249794695
6948.418671128727
6948.418671128646
6948.418671128646
6948.418671128646
6948.418671128646
6948.4186359029345
6948.418016670551
6948.418016670551
6948.418016670551
6948.418016670551
6948.418016670551
6948.418016670551
6948.418016670551
6948.417895700191
6948.417895700191
6948.4032178693205
6948.403216997239
6948.403216997239
6948.403216997239
6948.403213402189
6948.403213402189
6948.32580171706
6948.32580171706
6948.32580171706
6948.325801706649
6948.325789874656
6948.325789874656
6948.325789874656
6948.325789874656
6944.21605130658
6944.21605130658
6944.216051305317
6944.216051305317
6944.216051305317
6944.216043006675
6944.216043006675
6926.242309616292
6926.242309616292
6926.242309616292
6926.242309616292
6926.242309615959
6923.922540165015
6923.92254000879
6923.92254000879
6923.062566758733
6923.062566758733
6922.97742519325
6922.977423469923
6922.97742304842
6922.97742304842
6922.9773226763555
6922.977322676105
6922.8915483012715
6922.891548041125
6922.891548041125
6922.891548041125
6922.89154800071
6922.89154800071
6922.89154800071
6922.852632827838
6922.852632827838
6922.852632827838
6922.8526328278285
6854.236368835877
6854.236368835877
6794.942625414209
6794.942625414209
6794.942625414209
6794.942625414209
6794.9423595217995
6794.942359520025
6794.942359520025
6794.942359520025
6794.942359520025
6794.942359520025
6794.942359520025
6794.942359520025
6794.942359520025
6794.942359520025
6789.7926024381195
6789.7926024381195
6789.7926024381195
6789.7926024381195
6789.792602381594
6789.792602381594
6789.5383589270405
6789.5383589270405
6789.5383589270405
6789.5383589270405
6789.5383589270405
6789.5383589270405
6789.538357552491
6789.538357552491
6789.5383575377045
6789.5383575377045
6789.5383575377045
6789.5383575377045
6789.303955166958
6789.303955166958
6789.303955166958
6789.303955166958
6789.303955166958
6789.303955166958
6778.806902663183
6778.791840624706
6778.791840543243
6778.791840543243
6778.791840543243
6778.791840543243
6778.791840543243
6778.791840543243
6778.791840543243
6778.778319208195
6778.778319208195
6778.778319208195
6778.778319208195
6778.778319208195
6778.778307399175
6778.2553627766965
6778.2553627766965
6778.2553627766965
6778.2553627766965
6778.2553627766965
6778.2553627766965
6778.2553617855665
6778.255361188683
6778.255361188683
6778.254020079999
6778.254020079999
6778.254020079999
6778.254020079999
6778.254020079999
6778.254020079999
6778.25401639021
6778.25401639021
6778.25401639021
6778.25401639021
6778.194292963785
6778.193382182513
6778.193382182513
6778.193382182513
6778.192645510668
6778.192645510668
6778.192645510668
6777.998274218762
6777.998274218762
6706.902046836851
6706.902046836851
6706.902046836851
6700.50066375548
6700.50066375548
6700.50066375548
6700.50066375548
6700.50066375548
6700.50066375548
6700.50066375548
6700.200244175858
6700.178584569495
6700.178584569495
6700.155549046216
6700.155549046216
6700.155371341924
6700.155371341924
6698.779092584052
6698.653476410141
6698.653476410141
6698.339441156983
6616.304465398481
6616.304465398481
6616.304465398481
6616.304465398481
6616.304465398481
6616.304465398481
6616.303772850458
6616.303772850458
6616.303772850458
6616.303772850458
6616.023756975882
6616.023756975882
6616.02375697588
6616.02375697588
6616.02375697588
6616.02375697588
6616.02375697588
6616.02375697588
6616.023755524186
6616.023755524186
6379.978765414347
6379.978763209572
6379.978763209572
6379.978762952321
6376.057286965426
6376.057282761981
6376.057282761981
6376.057282761981
6376.057282761981
6376.057282761981
6376.057282761981
6376.057282761981
6375.8783077417775
6375.8783059792595
6375.878305975103
6375.878305975103
6375.878135600512
6375.878135600512
6375.878135600512
6375.878135600512
6375.8781259295465
6375.878125928964
6375.878125928964
6375.878125928964
6375.878125928964
6289.3546397765795
6289.3546397765795
6289.3546397301625
6289.354639164259
6289.3546386419775
6289.354638641962
6289.354638641962
6289.354638323056
6289.354638323056
6289.35161505567
6289.35161505567
6289.35161505567
6289.351615055666
6289.351615055666
6289.351348805683
6289.351348805683
6289.3513487799955
6289.3513487799955
6289.3513487799955
6289.3513487799955
6289.3513487799955
6289.3513487799955
6289.35134875754
6289.35134875754
6289.35134875754
6289.35134875754
6289.35134875754
6289.351348757424
6289.3513485919675
6289.3513485919675
6289.351348591877
6289.351348591877
6289.350798788057
6289.350798788057
6289.350798788057
6289.350798787603
6289.069136198335
6289.069136198335
6289.069136198335
6289.069136198335
6289.069136198335
6289.069136198335
6289.069136197152
6289.069136197152
6289.059098934617
6289.059098934617
6289.059095930984
6289.059095834888
6289.059095834888
6289.058850887576
6289.058850887576
6289.058850887576
6289.058483851322
6289.058483851322
6288.83728302758
6288.83728302758
6288.83728302758
6288.83728302758
6288.83728302758
6288.778843023073
6288.778843023073
6288.778843023073
6288.778843023061
6288.778842181171
6288.778842181171
6288.778842181171
6288.778842181171
6288.778842181171
6288.758168615597
6288.758168615597
6288.758168615597
6288.758168615597
6288.758168615597
6288.758168615597
6288.758168615597
6288.758168615597
6288.758168615597
6288.758168615597
6288.758168615597
6288.758168615597
6288.758168615597
6288.758140242639
6288.758140242639
6288.758140242639
6288.758140242639
6288.757746871051
6288.757746871051
6183.3181927400965
6183.318187932443
6183.31818703209
6183.31818703209
6183.31818703209
6183.318186974542
6183.318186974542
6183.318186974542
6181.286486803297
6181.28486563215
6181.284865632149
6181.284865614118
6181.284865614118
6181.284865614118
6181.284865614118
6181.284865614118
6181.284865614118
6181.284865614118
6181.284865614118
6103.785795647561
6103.785795647561
6103.7857956262305
6103.7857956262305
6103.7857956262305
6103.7857956262305
6103.7857956262305
6103.7857956262305
6103.7857956262305
6103.7857956262305
6103.7857956262305
6103.7857956262305
6103.7857956262305
6103.7857956262305
6103.7857956262305
6103.7857956262305
6103.7857956262305
6103.7857956262305
6103.7857956262305
6103.7857956262305
6103.7857956262305
6103.7857956262305
6103.785792211956
6103.785792211956
6103.785792211956
6103.785792211956
6103.785792211956
6103.785792211956
6103.785792211956
6103.785792211956
6103.785792211956
6103.785792211955
6103.785792211955
6048.787636772733
6048.787636772733
6048.787636772733
6048.787636772733
6048.787636772733
4738.555442574055
4738.555442574055
4738.555442574055
4738.555442574055
4738.552868500666
4726.0868047692475
4726.0868047692475
4726.0868047692475
4726.0868047692475
4726.0868047692475
4726.053778230596
4726.053778230596
4726.053757547978
4726.053757547978
4725.743282420591
4725.743282420591
4705.309311785011
4705.309311785011
4705.309311785007
4705.309311785007
4705.309311785007
4705.309311785007
4705.30805077925
4705.30805077925
4705.128033923377
4705.128033923377
4705.128033923377
4705.128033923377
4705.128033923377
4705.128030737664
4705.128030737664
4705.128030737664
4705.128030737664
4705.128030737664
4651.630157742025
4651.630157742025
4650.840616261209
4650.840616261209
4650.840616261209
4650.840616261209
4650.840616261209
4641.536516215996
4641.536516215996
4641.536516215996
4641.536516215996
4641.536516215996
4641.536516215996
4641.536516215996
4641.536516215996
4641.536516215996
4641.536516215996
4641.536516215996
4641.536514160872
4641.536230738771
4641.536230738771
4067.1917731477274
4067.1917731477274
4067.1917731477274
4067.1917731477274
4047.548667973178
4047.263653961802
4047.263653961802
4047.263653961802
4047.263653961802
4047.263653961802
4047.263653961802
4047.263653961802
4047.263653961802
4047.263653961802
4047.040806279175
4047.040806279175
4047.040806279175
4044.454683741394
4044.4546837411253
4044.4546837411253
4044.4546837411253
4044.4546837411253
4044.4546837411253
4044.4546837411253
4044.4351768592
4044.377934820269
4044.276595556216
4044.276595556216
4044.2765955562086
4044.2765955562086
4044.0726411065575
4044.0726411065575
4044.0726411065575
4044.07263099024
4044.07263099024
4044.0720443606842
4043.7703893109206
4043.770389310913
4043.770389310913
4043.7703823923125
4043.7703823923125
4041.6395806833525
4041.6395806833525
4041.6395806833525
4041.6395806833525
4041.6395806833525
4041.6395806833525
4041.6395787039005
4041.6395787038805
4041.6395787038805
4041.6395787038805
4041.6395787038805
4041.6395787038805
4041.6395787038805
4041.6395081430824
4041.6395081430824
4041.6395081430824
4041.6395081430824
4041.6395081430824
4041.6395081410164
4041.62558520638
4041.62558520638
4041.62558520638
4041.62558520638
4041.62558520638
4041.62558520638
4041.621349107129
4041.6211618103885
4033.594395252069
4033.5381268951905
4033.5381268951905
4033.5381268951905
4033.5381268951905
4033.5381268360757
4033.538061708905
4033.538061708905
4033.538061708905
4033.538061708905
4033.538061708905
4033.538061248418
4033.538061248418
4033.538061248418
4033.538061248418
4033.538061248418
4033.538061248418
4033.538061165372
4033.538061165372
4033.538061165372
4033.538061129
4033.538061129
4032.8119812640675
4032.8119812640675
4032.8119812640675
4032.8119812640675
4032.8119812640675
4032.582266154455
4032.582266154455
4032.582266154455
4032.582266154455
4032.582167424734
4032.582167424734
4032.582166538324
4032.5821065353007
4032.5821065353007
4032.5821065352866
4032.5230473835145
4032.5230473835145
4031.657721043548
4031.657721043548
4031.657721043548
4031.657721043548
4031.657721043548
4019.8145266294855
4019.8145266294855
4019.8145266294855
4019.8145125975543
4019.8145125973238
4019.8145123824593
4019.8145123824593
4019.8145123824593
4019.8145123824593
4019.8145119676974
4019.8145119676974
4019.814511967697
4019.814511937349
4019.813956451969
4019.8139564519684
4016.3295520662186
4012.0720938825666
4012.0720938825666
4012.0720938825666
4012.0699869675964
4012.069986733652
4012.069986733652
4012.0699866243904
4012.068656231448
4012.068631086481
4012.068631086481
4012.0686310864508
4012.0686310864508
4012.06863108641
4012.06863108641
4012.06863108641
4012.06863108641
4012.06863108641
4012.06863108641
4012.06863108641
4012.06863108641
4012.06863108641
4012.062799567701
4012.062799567701
4012.062799567701
4012.062799567701
4012.062799567701
4012.062798707328
4012.062798707328
4012.062709381358
4012.0627093813578
4012.0627093813578
4012.0627093813578
4012.0627093812564
4012.0626984668647
4012.0626981941177
4012.0626981941177
4012.0626981941177
4012.0626981941177
4012.0626981941177
4012.0626981941177
4012.0626981941177
4012.0626981941177
4012.0626981941177
4012.0626981941177
3949.231176657444
3949.231176657444
3949.231176657444
3949.231176657444
3949.231176657444
3949.231176657444
3949.2309541242016
3949.2309541242016
3949.2309541242016
3949.2309541242016
3949.229939154513
3949.229939154513
3949.229939154513
3949.229939154513
3949.229939154513
3949.229939154513
3949.229939154513
3948.9555295867526
3948.9555295867526
3948.9555295867526
3948.9555295867526
3948.9555295867526
3948.9555295867526
3948.9555295867526
3948.9555295867526
3948.9555295867526
3948.9555295867526
3948.9547599474145
3948.9547599474145
3948.9546993586127
3948.9546993586127
3947.896974615844
3947.896974615844
3947.896974615844
3947.896973554503
3947.896973554503
3947.896973508809
3947.896973508809
3947.896973508809
3947.896973508809
3947.896973508809
3947.896973508809
3947.896973508809
3947.896973508809
3947.89697323483
3947.6559436797734
3947.6559436797734
3947.6559436797734
3947.6559436797734
3947.655937280715
3947.655937280715
3947.655937280715
3947.6559307439334
3947.636886868255
3947.636879069702
3947.636879069702
3941.6089987760342
3941.6089987760342
3941.6089987760342
3941.6089987760342
3941.6089987760342
420.5105122622065
420.5105122622065
420.506945415819
420.506945415819
420.506945414832
420.506945414832
420.506945414832
420.506945414832
420.506945414832
420.506945414832
420.506945414832
420.506945414832
420.506945414832
420.4000953440783
420.4000953440783
420.4000953440783
420.4000953435707
420.4000359901446
420.4000359901446
413.3122582636091
413.18440606946604
413.18440606946604
413.18440606946604
413.18440606946604
413.1844060694619
413.1844060694619
413.1844060694619
413.1844060694619
413.1844060694619
413.1844060694619
413.1844060694619
413.1844060694619
413.1844060694619
413.1844060694619
413.1844060694576
413.1844060694576
413.1844060694576
413.1844060694576
413.1844060694576
413.1844060694576
413.183014844115
413.1829830218628
413.1829830218628
413.1829830218628
413.1829830218628
413.1829830218628
413.1829830218628
413.1829830218628
413.1829809598325
413.1829809598325
413.1829809598324
413.18294500916795
413.18294500916795
413.18294500916795
413.18294500916795
413.18294500916795
413.1829450091679
413.1829450091679
413.18294500849726
413.11648909703996
413.11648909703996
413.11648909703996
413.11648909703996
413.11648909703996
413.11648909703996
413.11647813607976
413.11647813607976
413.1164781360673
413.1164781360673
413.1164781360673
413.1164781360673
413.1164781359754
413.1164781359754
413.1164781359754
413.1164781359754
413.11647777811066
413.11647777811066
413.11647777811066
413.11647777811066
413.11647697985103
413.11647697985103
413.11647697985103
413.11647697985103
413.11570867914725
413.1157075905677
413.1157075905677
413.1157075905677
413.1157075905677
413.1147018869241
413.1147018869241
413.1147018869241
413.1147018869241
413.1147018869241
413.1147018869241
412.5150236345779
412.5150236345779
412.5150236345779
412.5150236345779
412.5150236345779
412.5150236345779
412.5150236345779
412.51502363456814
412.51502363456814
412.51502363456814
412.51502363456814
412.51502360361076
412.51502360361076
412.51502360361076
412.5150236036107
412.51502360073397
412.515023578898
412.515023578898
412.51502314939137
412.51502314939137
412.51502314939137
412.51488290152747
412.51488290152747
412.51488290152747
412.51488280765744
412.51488280765744
412.51488280765744
412.51488280765744
412.303234499523
412.303234499523
412.3032344994508
412.3032344994508
412.3032344994508
412.30323447183133
412.30323447182883
412.30323447182883
412.295682571405
412.295682571405
412.295682571405
412.295682571405
412.295682571405
412.295682571405
412.2956825712295
412.2956825712295
412.2956825712295
412.2956825712295
412.2956825712295
381.92511979757546
381.92511979757523
381.92511979757523
381.92511979757523
381.86027871367463
381.86027871367463
381.8602671669087
381.8602671669087
380.97549644866143
380.97549644866143
380.97549644866143
380.97549644866143
380.97549644866143
380.97549644866143
380.97549644866143
380.97549644866143
380.9754964462087
380.9754964462087
380.741316901152
107.80365489450574
107.80365489450574
107.80365489450574
106.00537188383336
106.00537187382932
106.00537187382932
106.00537187382932
106.00537187382932
106.00537187382932
106.00537187382932
106.00537187382932
106.00537187375728
106.00533274562198
106.00533274562198
106.00485761950665
106.00485761950665
106.00485761950665
106.00485761950665
106.00485761950665
106.00485761950665
106.00485761950665
106.00485761950665
106.00485761950665
106.00485761950665
105.99971926004784
105.98461791045536
105.98461791045486
105.98461791045486
105.98461790972893
105.98461790969084
105.98461790969084
105.98461790969084
105.98456823686276
105.98456815389771
105.98456815389771
105.98456737108897
105.98456737108897
105.98453516975043
105.98453516975043
105.98453516975043
105.98453516974627
105.98453516974627
105.98453516974627
105.98453516974497
105.98453516974497
105.98453516974497
105.98449791659777
105.98449791659777
105.98449791659777
105.91988118261747
105.91988118261747
105.91988118261747
105.91988118257983
105.91988118257983
105.91988112543115
105.91987943488932
105.91987943487285
105.91987535533973
105.9198753548562
105.91987533600704
105.9198702661698
105.9198285979152
105.9198285979152
105.9198285979152
105.91982859787717
105.91982859787717
105.91797480778072
105.91797480753272
105.91797480753272
105.91797480753272
105.91797473822481
105.91797473822481
105.91797473822481
105.91797473822481
100.43074547264217
100.43074547264217
100.43074544366942
100.43074544366942
100.43074544366942
100.43074544366942
100.43074544366942
100.43074544366942
100.43074544365714
100.43074123293172
100.43074123293172
100.43074123293172
100.43074123293172
100.43074123293172
100.12270036451412
100.12268902120485
100.12268902120485
100.12268902120485
100.12268886420235
100.12268886420235
100.12268886417942
100.12268886417942
100.12267683562727
100.12267683562727
100.12267683562727
100.1213842174178
100.1213842174178
100.1213842174178
100.1213842174178
100.1213842174178
100.1213842174178
100.1213842174178
100.1213842174178
100.12138419846882
100.12138419846882
100.12138419846882
100.12138419846882
100.1213623303829
100.1213623303829
100.1213623303829
100.1213623303829
100.12136233038187
100.12136233038187
100.12136233038187
100.12136233038187
100.12136233038187
100.12136233038187
100.12136027506327
100.12135866127163
100.12135866127163
100.12135866127163
100.12135866127163
100.12135866127163
100.12135866127163
99.89950590081354
98.27400691564782
98.2740065595856
98.2740065595856
98.2740065595856
98.27400655704191
98.27400655704191
98.27400655704191
98.27400655704191
97.45741127799178
97.45741127799178
97.4571568191908
97.4571568191908
97.4571568191908
97.4571568191908
97.4571568191908
97.4571568191908
97.4571568191908
97.4571568191908
97.4571568191908
97.4571568191908
97.4571568191908
97.4571568191908
97.45715493632102
97.45715493632102
97.45715493632102
97.45715493632102
97.45715493632102
97.45715493632102
97.45715493632102
97.45715378912118
97.45715378912118
97.45715378912118
97.45715378912118
92.90587291364103
92.90587291364103
92.90587291364103
92.9058728223295
92.9058728223295
92.9058728217975
92.9058728217975
92.90587041638636
92.90587041638636
92.90587041638636
92.90587041638636
92.90587041638636
92.90587041638636
92.90587041638636
92.90587041638636
92.9058704155419
92.9058704155419
92.90587024109308
92.9058694695287
92.9058694695287
92.9058694695287
92.9058694695287
92.9058694695287
92.9058694695287
92.9058694695287
92.9058694695287
92.9058694695287
92.90586946825945
92.90338218372757
92.90338218372757
92.90338218371839
92.90338218371839
92.90338218371839
92.90338218371839
92.90338218371839
92.90338218371839
92.9033012653306
92.9033012653306
92.9033012653306
84.40485817244551
84.40485817244551
84.40485817244551
84.40485817244551
84.40485817244551
84.40485817244551
84.40485817244551
84.40457092966435
84.40457092966435
84.40457092966435
84.40457092966435
84.40457092966435
84.40457092966435
84.40456250085403
84.40022949212825
84.40022949212825
84.40022949212825
84.40022949212825
84.40022630428577
84.4002100393838
84.40020742482311
84.40020742482311
84.40020742482311
84.40020742482311
84.40020742482311
84.40010933413414
84.40010933413414
84.40010933413414
84.40010933413414
84.34362443613817
84.34361809486934
84.34361809486934
84.34361809486934
84.34361809486934
84.34361809486934
84.34361809486934
84.34355111714154
84.34355111714154
84.34355111714154
84.34355111714154
84.34355111714154
84.34355111714154
84.34355111714154
84.34355111714153
84.34355111714153
84.34355111714153
84.32750741887708
84.32750741887708
84.32750741887708
84.32750741887708
84.32750741887708
84.32750741887708
84.32750741887708
84.32750741887708
84.32750741887708
84.32750741887708
81.62860240448956
81.62860240448956
81.62860240439281
81.62860240439281
81.62860240439281
81.62860240416175
81.62860240416175
81.62860240416175
81.62860240416072
81.62497504859205
81.62497504859205
81.62466448043843
81.62466448043843
81.62466448043843
81.62466448043843
81.62466448043843
81.62466448043843
81.62466448043843
81.62466448043843
81.62466448043843
81.62466448043843
81.62466448043843
81.62466448043843
81.62466448043843
81.62466448043843
81.62466448043843
81.62466448043479
81.62466448043479
81.62466447706142
81.62466447706142
81.62466447706142
81.62466447706142
81.62466447706142
81.62466447703802
81.62466447703797
81.62466447627943
81.62466447627943
81.45377392160808
81.45329064746802
81.45329064746802
81.45329064746802
81.33203068997693
81.33203068997693
81.33196559402487
81.33196558206849
81.33196558206843
81.33196558206843
81.33001999194244
81.33001999144237
81.33001999144237
78.54634648119348
78.54634648119348
78.54634563523084
78.54634563523084
78.54634563523084
78.54634480871788
78.54634480871788
78.54634480871788
78.54634480871788
78.54634480871788
78.54634365013679
78.5463436501331
78.5463436501331
78.5463436501331
78.5463436501331
78.5463436501331
78.54633813948928
78.54633813948928
78.54633813948928
78.54633812970701
78.54633812968643
78.54633812968643
78.54633812968643
78.54633812968643
78.54633812968643
78.54633812968643
78.54633812968643
78.54633812968643
78.3615920310577
78.3615920310577
78.3615920310577
78.3615920310577
78.3615920310577
78.3615920310577
78.3615920310577
78.3615920310577
78.3615920310577
78.3615920310577
78.13731043008642
78.12585738262123
78.12585225481891
78.12583210822879
78.12583210822879
78.12583210822879
78.12583210822879
78.10106741027276
78.10106741027276
77.80677371768903
77.80677371768903
77.80677371768903
77.8067474482249
75.58668061390478
75.5866792392675
75.5866792392675
75.5866792392675
75.5866792392675
75.5866792392675
75.5866792392675
75.5866792392675
75.5866792392675
75.5866792392675
75.5866792392675
75.58655171434012
75.58655171434012
75.58655170888454
75.58655170888454
75.58655170888454
75.58655170887288
75.58655170887288
75.58655170887288
75.58655170887288
75.58655170886345
75.58655170886243
75.58655170886243
75.5855344695731
75.5666680130185
75.5666680130185
75.5666680130185
75.56666801301175
75.56666801301175
75.56666801301175
75.56666801301175
75.56665643407457
75.56665643407457
75.56665643407457
75.56665643407457
75.56665643407457
75.56665643407457
75.56663678641368
75.56663678641362
75.56663678641362
75.56663676121052
75.56663676121052
75.56663676121052
75.56663676121052
75.56663676117729
75.56663675411157
75.56663675411157
75.56663675411157
75.56663675411157
75.56663675411157
75.56663675411157
75.36277902346713
75.36275694756867
75.36275694756867
75.36275694756867
75.36275694756867
75.36275694756867
75.36275694756867
75.36275694756867
75.36275694756867
75.36275694756867
75.36275694756867
75.36275694756867
75.36275694756867
75.36275694756867
75.36275694756867
75.36275694756867
75.36275694756867
75.3625699731141
75.3625699731141
75.3625699731141
75.3625699731141
75.3625699731141
75.34595968439564
75.34595966631294
75.34595966631294
75.34595966631294
75.34595966631294
75.34595966631294
75.34595966631294
75.34595966631294
75.34595966631294
75.34595966518101
75.34595966518101
75.34595966518101
75.34595966518101
75.34595966518101
75.34595966518101
75.34595966516135
75.34595966516135
75.34595966516135
75.34595966515661
75.34595966515661
75.34595956498303
75.34595956498303
75.34595956498303
75.34595956498303
75.34595956498303
75.34595956498303
75.34595956498303
75.34595946935188
75.34595946935188
75.34595946935188
75.34577491034575
75.34577491034575
75.10041052281892
75.10041052281892
75.10041052281892
75.10041052281892
75.10041052281892
75.10041052281892
75.10041052281892
75.10041052281892
75.10041052281892
75.10041052281892
75.05373571033829
75.05373571033829
75.05373571033829
75.05373571033829
75.05062537954086
75.05062537954086
75.05062537954086
75.05062537954086
75.04295224312195
75.04295224312195
75.00821775901031
75.00821774975465
75.00821774975465
75.00821774975465
75.00821774975465
75.0082177485895
75.00821767543263
75.00821767543263
75.00821767543263
75.00821767543263
75.00821767543263
75.00821767543263
75.00821767543263
75.00821767543263
75.00821767543263
75.00821767543263
75.00821767543263
75.00821767543263
75.00821767297046
75.00821767297046
75.00821767297046
75.00821767297046
75.00821767297046
75.00821767297046
75.00821767297046
75.00821767297046
74.92259824599132
74.92259824566318
74.92241994099732
74.92241994099732
74.92241994099732
74.92241994097009
74.92241994097009
74.92241994097009
74.92241994097009
74.92241994097009
74.92241991571142
74.92241991571142
74.92241991571142
74.92241991492463
74.92241991492408
74.92241991492408
74.92241991492408
74.92241991492408
74.92241991492408
74.92241991492408
74.92241991492408
74.92241991492408
74.92241991492408
74.92241058544452
74.92241058544452
74.92241058544452
74.92241058544452
74.92241058544452
74.91829922224744
74.91829922224744
74.91829911592006
74.91829911592006
74.91829911592006
74.91829911592006
74.91829911592006
74.91829911592006
74.91829911591854
74.91829911591854
74.91829911591854
74.91829911591854
70.488034367603
70.488034367603
70.488034367603
70.48803436760254
70.48803436759972
70.48802956904973
70.48802956904973
70.48802956904973
70.48802956904973
70.48802956904973
70.48802956904973
70.48802912674482
70.48802912674482
70.48802912674482
70.48802912674482
70.48802912673773
70.48802907938303
70.48802907938303
70.48802907938303
70.48677166230644
70.48665950825183
70.48665950825183
70.48665950825183
70.48665950825183
70.48665950825183
70.48665950825183
70.48665715881775
70.48655654787886
70.48655654787886
70.485126652212
70.485126652212
70.485126652212
70.485126652212
70.48512665081158
70.48487850240207
70.48487850240207
70.48487850240207
70.48487833404417
70.48487833404417
70.48487833404417
70.48487833404417
70.48487833404417
70.48487833404417
70.48487810650985
70.48487810612666
70.48487810612666
70.48487810612666
70.48487810612666
70.48487810612666
70.48487810612666
70.48487810612666
70.48487810612666
70.48487810612659
70.4848781061026
70.48487810538097
70.48487810538097
70.48487810538097
70.48487810538097
70.48487810538097
70.48487810538097
70.48487810538097
70.48487810538097
70.48487810538097
70.48487810538097
70.48487810538097
70.4848781023331
70.4848781023331
70.48483327194839
70.48483327194809
70.48404129158652
70.48404129158652
70.48404126217454
70.48396231322951
70.48396231322951
70.48396207909191
70.48396207909191
70.48396207909191
70.48396207909191
70.48396207909191
70.48388438302156
70.48388403721822
70.48388403721822
70.47636724764898
70.47636724764898
70.47015475431495
70.47015475431495
70.47015475431495
66.35223403055791
66.35223403044189
66.35223403044189
66.35223403044189
66.3522338025203
66.35223380064842
66.35223380043125
66.35223380043125
66.35223380043125
66.35223380043125
66.26675646676848
66.26675496358075
66.26675495891972
66.26675495891972
66.26675495891972
66.26675495891972
66.26675495891972
66.26675495891972
66.26675495891972
66.26675495891972
66.26671449647701
66.26671449647701
66.26671449647701
66.26671449647701
66.26671449647698
66.26671449647698
66.26671449647698
66.26671449647698
66.26671449647698
66.26671449647698
66.26671449647698
66.26671449647698
66.26671449647698
66.26671449647698
66.26671449647698
66.2666500364985
66.2666500364985
66.2666500364985
66.26664963561913
66.26664963561913
66.26664963561913
66.26664963561913
66.26664956205306
66.24247331936817
52.91734644281491
52.91734644281491
52.91734644281491
52.91734644281491
52.91734644281491
52.91734644281491
52.91734644279558
52.917344987027874
52.917344987027874
52.917344987027874
52.917344987027874
52.917344987027874
52.91734494638991
52.79498799999552
52.79498799999552
52.794974263411824
52.794974263411824
52.794974263411824
52.794974263411824
52.794974263411824
52.794974263411824
52.794974263411824
52.79497426341181
52.794947606618294
52.794947606618294
52.794947606618294
52.794947606618294
52.794947606618294
52.794947606618294
52.794947606618294
52.794947606618294
52.794947606618294
52.794947606618294
52.794947606618294
52.794947606618294
52.794947606617924
52.794947606617924
52.794947606617924
52.794947606617924
52.794947606617924
52.794947606617924
52.794947606617924
52.794946680744864
52.794946680744864
52.21809435980936
52.21809435980936
52.21809435971417
52.21799985123737
52.21799985120838
52.21799985120838
52.21799985120838
52.21799985120838
52.21799985120838
52.21799985120838
52.21799985120838
52.21799985120838
52.21799985120838
52.21799985120838
52.21799984657566
52.21799984657566
52.21799984647432
52.217997842447325
52.217997842447325
52.217997842447325
52.217997842447325
52.217997842447325
52.217997842447325
52.217997842447325
52.21799784244732
52.21799784244604
52.21679498752991
52.21679477773023
52.21679477772944
52.21679477772944
52.1802263633565
52.1802263633565
52.1802263633565
52.180226313263205
52.18022629648533
52.18022629648533
52.18022629648532
52.18022629648532
52.18022629648532
52.18021327671129
52.18021327671129
52.18021327671129
52.18021327671129
52.180213276711285
52.180213276711285
52.180213276711285
52.180213276711285
52.180213276711285
52.180213276711285
52.180213276711285
52.180213276711285
52.180213276711285
43.07972615530139
43.07972615530139
43.07972615530139
43.07972615530139
41.878765535763385
41.87876553576335
41.87876553576335
41.87876553576335
41.87799600607553
41.87799600607553
41.87799600607553
41.87799600607553
41.87799600607553
41.87799600607553
41.87799600607553
41.87799600607553
41.87799600607553
41.87799600607553
41.87799600607553
41.87799600607551
41.87799600607551
41.87799600607507
41.87483616091074
41.87483616091074
41.874835903859
41.874835903859
41.87483590385765
41.87483590385765
41.87483590385765
41.87483590385765
41.87483590385765
41.87483564291583
41.32060475435816
41.32045479282761
41.32045479282761
41.32045479282761
41.32045479282761
41.30955295757344
41.309515429954374
41.309515429954374
41.309515429954374
41.309515429954374
41.309515429954374
41.309515429954374
41.309515429954374
41.309515429954374
41.309515429954374
41.309515429954374
41.309515429954374
41.309515429954374
41.309515429954374
41.309515429954374
41.309515429954374
41.309515429954374
41.30950402914138
41.30950402914138
41.30950402914138
41.30950402914138
41.30950402914138
41.30950402766106
41.30950402766106
41.30950402762133
41.30950398447944
41.30950398447944
41.30950380681166
41.30950380681166
41.30950379981857
41.309503799818444
41.30950377818994
41.30950377818994
41.30950377818994
41.309503778189935
41.30950347483042
41.30950347483042
41.30950347483042
41.30950347483042
41.3094016671554
41.3094016671554
41.3094016671554
41.3094016671554
41.3094016671554
41.3094016671554
41.3094016671554
41.3094016671554
41.3094016671554
41.3094016671554
41.3094016671554
41.30939435151551
41.30939435146014
41.30939435146014
41.30939435146014
41.30939435146014
41.30939432914317
41.30939432914317
41.30939432914317
41.30939432914317
41.30939432914317
41.30939428558876
41.30939428558876
41.30935157678998
41.30935001187096
41.30935001187096
41.30935001187096
41.30935001187096
41.30935000690347
41.30934764323581
41.309347642797775
41.309347642797775
41.309347642797775
41.30933722029148
41.30933722029148
41.309337219501344
41.309337219501344
41.309337219501344
41.309337219501344
41.30933721924002
41.30933721924002
41.309337099402626
41.309337099402626
41.309337099402626
41.309337099402626
41.309337099402626
41.309337099402626
37.20520161817485
37.20520161817485
37.16752608747315
37.16752608747315
37.16748522673575
37.16748522673575
37.16748522673575
37.16748522673575
37.16748522673575
37.16654057241705
37.16654057241705
37.16654057240358
37.16654057240358
37.16654057240358
37.14686638385008
37.14686632304669
37.14686628938235
37.14686628938235
37.14686628938235
37.146866118956225
37.14685707226291
37.14685707226291
37.14685707226291
37.14685707226291
37.14685707226291
37.14685707226291
37.14685707226291
37.141722230709654
37.141722230709654
37.141722230709654
37.141722230709654
37.141722230709654
37.09177262437166
37.09177262437166
37.09177262437166
37.09177262437166
37.0917726188421
37.09160116284252
37.0912654282763
37.091265428055884
37.091265428055884
37.091265428055884
37.091265428055884
37.091265428055884
37.091265428055884
37.091265428055884
37.091265428055884
37.091265428055884
37.091265428055884
37.091265428055884
37.091265428055884
37.091265428055884
37.091265428055884
37.091265428055884
37.09126531471059
37.091265295964426
37.091265295964426
37.091265295599506
37.091265293526085
37.091265293526085
37.0912630472009
37.0912630472009
37.091263047200535
37.091263047200535
37.091262940280245
37.091262940280245
37.091262940280245
37.091262940280245
37.09125902254155
37.09125902254155
37.09125902254155
37.09125899335731
37.09125899335731
37.09125006021811
37.09125006021811
37.09125006021811
37.091200760733464
37.091200760733464
37.091200760733464
37.091200760733464
37.091200760733464
37.091200760733244
37.091200760733244
37.091200760733244
37.091200760733244
37.08966739236641
37.08966739236641
37.089667390549444
37.08966724258493
37.08966724258493
37.08966724258493
37.08966724255004
37.08966724255004
37.08966648599048
37.08966648599048
37.08966648598813
37.08966648598813
37.08966648598813
37.08966648598813
37.08966642111894
37.08966642111894
37.089666421118864
37.089666421118864
37.089666421118864
37.089666421118864
37.08966634816434
37.08966634816434
37.08966634816434
37.08966386307645
37.08966386307645
37.08966386307645
37.08966386307645
37.08966386307645
37.08966386307645
37.08966386307645
37.08966386307645
37.089663863072175
37.089663863072175
37.089663863072175
37.089663863072175
37.089663863072175
37.003137593950754
37.00313759391399
36.998916135496955
36.998916135496955
36.99891613357233
36.99891611245094
36.99891611245094
36.998916112450715
36.998916112447155
36.998916112447155
36.998916112447155
36.998916112447155
36.998916112447155
36.99891611244715
36.99891611244715
36.99891610738667
36.99891610738316
36.99891610738316
36.99891610738316
36.99891610738316
36.99891610738316
36.99891610738316
36.99891610738316
36.99891610738316
36.99891610738316
36.998916083329036
36.998916083329036
36.998916083329036
36.998916083329036
36.998916083329036
36.998916083329036
36.82900891740153
36.82900891740153
36.82900891740153
36.82900891740153
36.82900891740153
36.829008913377564
36.829008913377564
36.829008913377564
36.829008913377564
36.829008913377564
36.82900891272924
36.82900891272924
36.82900891272924
36.82900891272924
36.82900891272924
36.82900891272924
36.82900891272924
36.82900891272924
36.82900891272924
36.82900891272924
35.86430135841636
35.86430135841636
35.864301358409406
35.864301358409406
35.8643013583988
35.8643013583988
35.86430129292805
35.864301292656805
35.86430129265542
35.86430129265542
35.86430129265542
35.86430129265443
35.86430129265443
35.86430129265443
35.86430129265443
35.86430129265408
35.864301292532765
35.864301292532765
35.864301291740595
35.864301291740595
35.864301291740595
35.864301291740595
35.864301284070535
35.864301284070535
35.66533939190357
35.66533939190357
35.66533939190357
35.66533939190357
35.66533939190357
35.66533939190357
35.66533939190357
35.66533939190357
35.665339391894975
35.665339391894975
35.665339391894975
35.665339391894975
35.665339391894975
35.665339391894975
35.665339391894975
35.66533939189465
35.66533939189465
35.66533939189465
35.66533939189465
35.66533939189465
35.66533939189465
35.665339391894186
35.665339391894186
35.66533382982314
35.66533382982314
35.66533382982314
35.66533382982314
35.66533382982314
35.66533382982314
35.66533382982314
35.66533382982314
35.66533382982314
35.6653338298208
35.6653338298208
35.6653338298208
35.6653338298208
35.6653338298208
35.6653338298208
35.6653338298208
35.6653338298208
35.6653338298208
35.66533382982025
35.66261032944462
35.66261032944462
35.66261032944462
35.66261032944462
35.66261032944462
35.66261032944462
35.661537068034896
35.661537068034896
35.55569821678057
35.55569821678057
35.55569821678057
35.55569821678043
35.55569821678043
35.55569821678043
35.55435216328392
35.55435216328392
35.55435216328392
35.55435216328392
35.55435216328392
35.55435216328392
35.5543521100884
35.5543521100884
35.554352110088374
35.554352110088374
35.554352110088374
35.554352110088374
35.554352110082235
35.554352110082235
35.55366148033135
35.55366148033135
35.55366148033135
35.55366148033135
35.55366148033135
35.55366148033135
35.553653158112695
35.553653158112695
35.553653158112695
35.553653158112695
35.553653158112695
35.553653158112695
35.553653158112695
35.484517829909166
35.484517829909166
35.484517804809904
35.484517804809904
35.484517804809904
35.484517804809904
35.484517804809904
35.48448917837553
35.48448917837553
35.48448917837553
35.48448917837553
35.48448917837553
35.48448917837553
35.48448917837553
35.48448917837553
35.48448917837553
35.48448917837553
35.48448917837553
35.48448917837553
35.48448917837553
35.48448917837553
35.48448917837553
35.48448915108327
35.48448915108327
35.484489136589545
35.48448913658954
35.48448913658954
35.48448913658954
35.48448913658954
35.48448913658954
35.48448913658954
35.48448913658954
35.48448913658954
35.48448911969328
35.48448911969328
35.48448911969328
35.48448911969328
35.48448911969328
35.48448911969328
35.48448911969328
35.48448911969328
35.48448911969328
35.48448911969328
35.48448911969328
35.48448911969328
35.48448911969328
35.48448911969324
35.48448911969324
35.48448911969324
35.48448911969324
35.48448911969324
31.967664109328158
31.967664109328158
31.967664109328158
31.967664109328158
31.967664109328158
31.967664109328158
31.96675851158196
31.96675851158196
31.966758511424302
31.966758511424302
31.966758511424302
31.966758511424302
31.966758511424302
31.966758511424302
31.966758511424295
31.966758511424192
31.966758447212303
31.966758447212303
31.966758447212303
31.966758447212303
31.966758446953843
31.96667335826677
31.966673358266764
31.966673358266764
31.966673357988437
31.966673349322527
31.966673349322523
31.96667250376895
31.96667250376895
31.96667250376895
31.96603078908834
31.966030777609287
31.966030777609287
31.966030777609287
31.966030777609287
31.966030777572975
31.96603077749076
31.96603077749076
31.96603077749076
31.965949174844994
31.965949174844994
14.819300947872755
14.819300947872755
14.819300945725011
14.819300945725011
14.819300945725011
14.819300945725011
14.819300945725011
14.819300945725011
14.819300945674886
14.819300945674886
14.819300945674886
14.819300945674886
14.819300945674886
14.818232474742238
14.818232474742238
14.818232474742238
14.818232474742238
14.818232464890972
12.1390841801502
12.1390841801502
12.139084173455911
12.139084173455911
12.139084173455911
12.139084173455911
12.139084173455911
12.139084173455911
12.139084173455911
12.139084173455911
12.139084173455911
12.13908417345591
12.13908417345591
12.13908417345591
12.13908417345591
12.13908417345588
12.13908417345588
12.13908417345588
12.13908417345588
12.13908417345588
12.13908417345588
12.139084170930868
12.139038496974095
12.139038496974095
12.139038496974095
12.139038496974095
12.139038496974095
12.139038496974095
12.139038496974095
12.139038496974095
12.139038496974095
12.139038496974095
12.139038496974095
12.139038496974095
12.139038496974095
12.139038496974095
12.139038496974095
12.139038496974095
12.139038496974095
12.139038496974065
12.139038496974065
12.139038496764789
12.139038496764789
12.139038496764789
12.139038492440138
12.139038492440138
12.139038492435281
12.139038492435281
12.06628865842115
12.06628865842115
12.06628865842115
12.066288658421149
12.066288658421149
12.066288658421149
12.066288658421149
12.06628865838457
12.06628865838457
12.06628865838457
12.06628865838457
12.06628865838457
12.066288617104531
12.066288319380986
12.066288319380986
12.066288319380986
12.057756617297896
12.057756617297896
12.057756617144612
12.05775661714458
12.057756617123323
12.057756617123323
12.057755907074705
12.057755907074705
12.057755907074705
12.057755898155667
12.057755898155667
12.057755898155667
12.057718976318363
12.057718976318363
12.057718448162007
12.057718448161998
12.057718448157093
12.057718448157093
12.057718448157093
12.057718448157093
12.057718448157093
12.057718448157093
12.05771621470179
12.05771621470179
12.05771621469857
12.05771621469857
12.057716214698553
12.057716214698553
12.057716101894627
12.057716101894627
12.057716101894627
12.057716101894627
12.057716101894627
12.057716101894625
12.057716101894625
12.057716101894625
12.05771607705587
12.05771607705587
12.05771607705587
12.05771607705582
12.05771607705582
12.05771607705582
12.057716077055744
12.057716077055744
12.057716077055744
12.057716077055744
12.057716077055744
12.057716077055744
12.057716077055744
12.05771607705558
12.05771607705558
12.05771607705558
12.05771607705558
12.05771607705558
12.05771607705558
12.057716077055579
12.057716077055579
12.057716077055579
12.057716077055579
12.057716077055579
12.057716077055579
12.057716077055579
12.057716077055579
12.057716077055579
12.057716077055579
12.057716077055579
12.057716058684349
12.057716058684347
12.057716058658109
12.057716058658109
12.022801683452997
12.021693671932653
12.021693554295686
12.021693554295686
12.021693554295686
12.021693554295686
12.021693554295686
12.021693554295686
12.021693554295686
12.021693554295686
12.021693554295686
12.021693554295682
12.021693554295682
12.021662471901239
12.021662471901239
12.021662471901239
12.021662471901239
12.021662471901239
12.021662471901239
12.021662471901239
12.021662471901138
12.02163914886451
12.02163914886451
11.84938361414165
11.84938361414165
11.84938361414165
11.84938361414165
11.84938361414165
11.84938361414165
11.84938361414165
11.849383614141555
11.849383614141555
11.849382107942244
11.849382107733314
11.849382107730412
11.84702557815441
11.84702557815441
11.84702557815441
11.84702557815441
11.84700008597339
11.84700008597339
11.84700008597339
11.84700008597339
11.84700008597339
11.84700008597339
11.847000085221017
11.847000085221003
11.847000085221003
11.847000085221003
11.847000085215845
11.847000085215845
11.847000085215845
11.847000085215845
11.847000085215845
11.847000085215845
11.847000085215845
11.846999769772507
11.846999769772507
11.846999769772507
11.846999769772507
11.846999769772507
11.846999769556428
11.846999769556428
11.846999769556428
11.846999769556428
11.846999769556428
11.846999769556254
11.846999769556254
11.846999769556254
11.846999769556254
11.846999769556254
11.846999769556254
11.846989345883713
11.846989345883713
11.846989345883713
11.846989345883713
11.846989345883712
11.846989345883712
11.846989345883712
11.846989345883712
11.846989345883712
11.846989345883712
11.846989345883712
11.846989345883712
11.846989345883712
11.846989345883712
11.846989345883712
11.846989345883712
11.846989345883712
11.846989345883712
11.846989345883712
11.846989345883712
11.846989344596729
11.846989344596729
11.846989344596729
11.846989344596729
11.846989344596729
11.846989344595993
11.846989344595993
11.846989344595993
11.846989344595993
11.846989344595993
11.846989344595993
11.846989344595993
11.846989344595993
11.846989344595993
11.846989344595993
11.846989344595993
11.846989344595993
11.846989344595993
11.846989344595993
11.846989344595949
11.846989344595949
11.846989344595949
11.846361268263227
11.846361268263227
11.846361268263227
11.846361268263227
11.846361268263227
11.846361268261173
11.846361268261173
11.845289121909397
11.845237366941381
11.845237366940745
11.845237366940745
11.845237366940745
11.845237366940745
11.845237366940594
11.845237366771798
11.845237366771798
11.845237366771798
11.845237366771798
11.845237366771798
11.845237366771798
11.845237366771798
11.845237366771798
11.845237366771798
11.845237361756716
11.845237361756716
11.845237361756716
11.845237361756716
11.845237361756716
11.845237361756716
11.845237361756716
11.845237361756716
11.845237361756716
11.845237361756716
11.845237361756716
11.845237361756716
11.845237338346184
11.845237338346184
11.845237338346184
11.845237338346184
11.845237338346184
11.845237338346184
11.845237338346184
11.845237338346184
11.845237338346184
11.845237338346182
11.845237338346182
11.845237338346182
11.845237338346182
11.845237338346182
11.845237206302706
11.845237206302706
11.845237206302706
11.845237206302317
11.845237206302317
11.845237206302317
11.845237206302317
11.845237206302317
11.845237206302317
11.845237206302317
11.845237206302317
11.845237206302317
11.845237206302317
11.836988990413628
11.836988990413628
11.836988990413628
11.836985613977903
11.836985613977903
11.836985613977868
11.836985613977868
11.836985613977868
11.836985613977868
11.836985613977868
11.836985613977868
11.836985613977868
11.836985613977868
11.836985613977868
11.836985613977868
11.836985613977868
11.836985613977868
11.836985613977868
11.836985613977868
11.836985613977868
11.836985613977868
11.836985613977868
11.836985613977868
11.836985613199065
11.836985612784236
11.836985612784236
11.836985612784236
11.836985612784236
11.836985612784236
11.836985612784236
11.836985612784236
11.836985612784236
11.836985612784236
11.836985612784236
11.836985612784236
11.836985612784236
11.836985612784236
11.836985612784236
11.836985612784236
11.836985612784236
11.836985612784236
11.836985612784236
11.836985612784236
11.836985612784236
11.836985192276387
11.836985192276387
11.836985192276387
11.836985192276387
11.836985192276387
11.836985192019746
11.836985192019746
11.836985192019746
11.836985192019746
11.83698519201929
11.83698519201929
11.836985192019272
11.836985192019272
11.836985192019272
11.836985192019272
11.836985192019272
11.836985192019272
11.836985192019272
11.836985192019272
11.836985192019272
11.836985192019272
11.725084197393352
11.725084197393352
11.725084197393352
11.725084197393352
11.725084197393233
11.725084197393233
11.725084196684312
11.725084196684312
11.725084196684312
11.725084196684312
11.725084196684312
11.725084196684312
11.725084196684312
11.725084196684312
11.725084196684312
11.725084196664435
11.725084196643715
11.725084196643715
11.725084196643715
11.725084196643715
11.725084196643715
11.725084196643715
11.725084196643715
11.725084196643715
11.72508419664016
11.725084196612894
11.725084196612894
11.725084196612894
11.725084196612894
11.72508419661289
11.72508419661289
11.72508419661289
11.725084195302648
11.725084195302648
11.725084195302646
11.725084195302646
11.725084190755663
11.725084190755663
11.725084189315869
11.725084189315869
11.725084189315869
11.725084189315869
11.725080577751456
11.72508057774885
11.72508057774885
11.72508057774885
11.72508057774885
11.72508057774885
11.72508056939134
11.72508056939134
11.72508056939134
11.725054305093987
11.725054305093987
11.725054305093987
11.725054305093987
11.725054305093987
11.725054305074321
11.725054305074321
11.725054304287179
11.725054304287179
11.725020677310756
11.72502067731073
11.72502067731073
11.72502067731073
11.72502067731073
11.72502067731073
11.72502067731073
11.72502067731073
11.72502067731073
11.72502067731073
11.725020677197787
11.725020677197787
11.725020677197787
11.725020677197787
11.725020677197787
11.725020677197787
11.725020677197787
11.725020677197787
11.725020677197787
11.72470832253415
11.72470832253415
11.550102467677641
11.550102467677641
11.550102465783944
11.550102465783944
11.550102465783944
11.550102465783944
11.550102465783944
11.550102465783944
11.550102465783944
11.550102465783944
11.550102465783944
11.550102465783944
11.550102465783944
11.550102465783944
11.550102465783944
11.550102465783944
11.550102465783944
11.550102465783937
11.550102465783937
11.550102465783937
11.550102465783937
11.550102465713614
11.550102465713614
11.550102465713614
11.549717675374117
11.54971767148736
11.54971767148736
11.549714305970003
11.549714305970003
11.549714305970003
11.549714305970003
11.549714305970003
11.549714305970003
11.549714305970003
11.549714305970003
11.549714305970003
11.549714305750625
11.549714305750625
11.549714305749788
11.549714305749788
11.549714305749788
11.549714305749754
11.549714305749754
11.549714305749754
11.549714305749754
11.549714305530859
11.549714293000465
11.549714293000465
11.549714293000465
11.549714293000465
11.549714293000465
11.549714293000465
11.549714293000465
11.549714293000465
11.549714293000465
11.549710511266964
11.54971051126637
11.54971051126637
11.54971051126637
11.54971051125978
11.54971051125978
11.54971051125978
11.54971051125978
11.549710505137897
11.549710505137895
11.549710505137895
11.549710505137483
11.549710505137483
11.549710505137483
11.54970862419804
11.54970862419804
11.54970862419804
11.54970862419804
11.54970862419804
11.54970862419804
11.54970862419804
11.54970862419804
11.54970862419804
11.54970862419804
11.54970862419804
11.549576143592377
11.549576143592377
11.549576143592377
11.549576143592377
11.549298981405784
11.549298981405784
11.549298981405784
11.549298981405784
11.549298981405784
11.549298981405784
11.549298981405393
11.54929898140532
11.54929898140532
11.54929898140532
11.54929898140532
11.54929898140532
11.54929898140532
11.549298981387734
11.549298953610641
11.549298953610641
11.54929895361064
11.54929895361064
11.54929895361064
11.54929895361064
8.535158388426927
8.53515821269234
8.53515821266858
8.52988722229696
8.52988722229696
8.52988722229696
8.52988722229696
8.52988722229696
8.52988722229696
8.52988722229696
8.52988722229696
8.529887035894113
8.529887035894113
8.529887035894113
8.529887035894113
8.529887035894113
8.529887035894113
8.529887035884203
8.529887035884203
8.529887035884203
8.529887035884203
8.529887035884203
8.529887035884203
8.529887035884203
8.529887035884203
8.529887035884203
8.529887035884203
8.529887035884203
8.529887035884203
8.529887035884203
8.529887035884036
8.529887035884036
8.529887035884034
8.529887035884034
8.529887035881597
8.529887035881597
8.529887035881597
8.529887035881597
8.529887035881597
8.529887035881597
8.529887035881597
8.529887035881597
8.529887035881583
8.529887035881583
8.529884741055515
8.529884741055515
8.529266929044553
8.529266929044553
8.529266929044553
8.529266929044553
8.529266929044553
8.529266929044553
8.529266929044553
8.529266929044553
8.529266929044553
8.529266929044553
8.529266929044553
8.529266929044553
8.529266929044539
8.529266927248047
8.529266927248047
8.529266927248047
8.529266927248047
8.529266927248047
8.529266927248047
8.529266927248047
8.529261837374646
8.529261837374646
8.529261837374646
8.529261837374646
8.529252971099158
8.529252971099158
8.529252971099158
8.529252971098941
8.529252971098941
8.529252971098941
8.529252971098941
8.529252971098941
8.529252971098941
8.529252971098934
8.529252971098934
8.529252926599318
8.529252926599318
8.529252926599318
8.529252926599318
8.529252926599318
8.529252926599318
8.529252925992703
8.529252925992703
8.529252925992703
8.529252925992703
8.529252925992703
8.529131830052437
8.529131830052437
8.529131657674439
8.529131657674439
8.529131657674439
8.529131657674439
8.529131657674439
8.529131657674439
8.529131657674439
8.529131657674439
8.529131657674439
8.529131657674439
8.529131657674439
8.529131657674439
8.529131657674439
8.529131657674439
8.529131657674439
8.529131657674439
8.529131657674437
8.529131657674302
8.529131657674302
8.529131657674302
8.529131657674302
8.529131657674302
8.529131657674302
8.529131657674302
8.529131657674302
8.529131657674302
8.529131657674302
8.529131657672357
8.529131657671995
8.529131657671739
8.529131657671739
8.529131657671739
8.529131657671739
8.529131657671739
8.529131657671739
8.529131657671739
8.52828314457949
8.52828314457949
8.52828314457949
8.52828314457949
8.52828314457949
8.52828314457949
8.52828314457949
8.528283144579488
8.528283144579488
8.528283144579488
8.528283144579488
8.528283144579488
8.528283144579488
8.528283144579488
8.528283144579486
8.528283144579486
8.528283144579486
8.528283144579486
8.528283144579486
8.528283144579483
8.528283144579378
8.528283144579378
8.528283144579378
8.528283144579378
8.528283144574468
8.528283144574468
8.528283144574468
8.528283143642941
8.528283143642941
8.528283143642941
8.528283143642941
8.528283143642941
8.528283143642941
8.528283143642941
8.528283143642941
8.528283143642941
8.528232881820268
8.528232881820268
8.528232881820268
8.528232881661841
8.528232881661841
8.528232881661841
8.528232881661841
8.528232881661825
8.528232881661756
8.528232881661756
8.528232881661756
8.528232881661756
8.528232881617374
8.528232881617361
8.528232881617361
8.528232881617354
8.528232881617354
8.528232881617354
8.528232881617354
8.528232881617354
8.528050781546549
8.528050781546145
8.528050781546145
8.528050781546145
8.528050781546145
8.528050781467963
8.528050781467963
8.528050780705982
8.528050780705982
8.528050780705982
8.528050780705982
8.528050780705982
8.528050780705982
8.528049092698168
8.528049092698168
8.52804909269813
8.52804909269813
8.52804909269813
8.528049092698026
8.528049092698026
8.528049092698026
8.528049092698026
8.528049092698026
8.528049092698026
8.528049092698026
8.528049092698026
8.52804909269479
8.52804909269479
8.52804909269479
8.52804909269226
8.52804909269226
8.52804909269226
8.52804909269226
8.52804909269226
8.52804909269226
8.52804909269222
8.528049090630981
8.528049090630981
8.528049090630981
8.528049090630981
8.528049090630981
8.528049090630981
8.528049090630981
8.52804909063043
8.52804909063043
8.52804909063043
8.52804909063043
8.527788212340264
8.527788212340264
8.527788212340264
8.527788212340264
8.527788212340264
8.52778804808877
8.527787291377503
8.527787291377503
8.527787291377503
8.527787291377503
8.527787291377503
8.527787291377503
8.527787291377503
8.527787291349215
8.527787291349215
8.527787291349215
8.527787290905351
8.527787290905351
8.527772859800441
8.527772859800441
8.527772859800441
8.527772859800441
8.527772859800441
8.527772859800441
8.527772859800441
8.527772859800441
8.527772859800441
8.527772859800441
8.527772859800441
8.527772859800441
8.527772859800441
8.527772859800441
8.527772859800441
8.527772859800441
8.527772859800441
8.527772859800441
8.527772859800441
8.527772859800383
8.527772859800383
8.527772859800383
8.527772859800383
8.527772859800306
8.527772859800306
8.527772859800306
8.527772859800306
8.527772859800306
8.527772859800306
8.527772859800306
8.527772859800306
8.527772859800306
8.527772859800306
8.527772859800253
8.527772859800253
8.527772859800253
8.527772859800253
8.527772859789165
8.527772859789165
8.527772859788746
8.527772859788746
8.527772859788746
8.527772859332472
8.527772859332472
8.527772859332472
8.527772859332472
8.527772859332472
8.527772859332472
8.527772859332472
8.527772859332472
8.527772859324108
8.527772859324108
8.527772859324108
8.527772859324108
8.527772859324108
8.527772859324108
8.527772859324108
8.527772859324108
8.527772859324108
8.527772859324106
8.527772859324106
8.527772859324106
8.527772859324106
8.527772859324102
8.527772859324102
8.52777285932407
8.52777285932407
8.52777285932407
8.52777285932407
8.52777285932407
8.52777285932407
8.52777285932407
8.527772858967284
8.527772858967284
8.527772858967284
8.527772855027923
8.527772855027923
8.527745540214013
8.527745540214013
8.527745540214013
8.527745540214013
8.527745540148047
8.527161056055968
8.527161056055968
8.52716021080488
8.52716021080488
8.52716021080488
8.52716021080488
8.52716021080488
8.52716021080488
8.52716021080488
8.52716021080488
8.527160198978049
8.527160198978049
8.527160198978049
8.527160198978049
8.527160198978049
8.527160198978049
8.527160198978049
8.527160198978049
8.527160198978049
8.527160198978049
8.527160198959873
8.527160198959873
8.527160198959873
8.527160198959873
8.527160198959873
8.527160198959873
8.527160198959873
8.527160192845924
8.527160192845924
8.527160192845924
8.527160192845813
8.527160192845813
8.527160192845813
8.527160192845813
8.527160192845813
8.527160192845813
8.527160192845813
8.527160192845813
8.527160192845797
8.527160192845797
8.527160192845797
8.527160192845797
8.527160192845797
8.527160192845797
8.527160192758224
8.527160192758224
8.527160192758224
8.527160192758224
8.527160192755145
8.527160192755145
8.527160192755137
8.527160192755137
8.527160192754994
8.527160192754994
8.527160192754994
8.527160192754994
8.527160192754994
8.527160192754994
8.527160192754994
8.527160192754991
8.527160192754991
8.527160192754991
8.527160192754991
8.527160192754991
8.527160192754991
8.527160192541999
8.527160192541999
8.527160192541999
8.527160192541999
8.527160192541999
8.527160192541892
8.527160192541892
8.527160192538785
8.527160192538785
8.527160192538785
8.527160192538785
8.527160192538785
8.527160192538785
8.527160192538785
8.527160192538785
8.527160192538785
8.527160192538785
8.527160192538785
8.527160192538785
8.527160192538785
8.527160192538785
8.527160192538785
8.527160192538785
8.527160192538785
8.527160192538785
8.527160192538785
8.527160192538785
8.527160192538785
8.527160192538785
8.527160192538785
8.527160192538785
8.527160192538785
8.527160192538785
8.527160188942387
8.527160188942387
8.527160188942387
8.527160188942387
8.527160188942387
8.527160188942387
8.527160188942387
8.52716018894237
8.52716018894237
8.52716018894237
8.52716018894237
8.527160188942355
8.527160188942355
8.164554857317981
8.164554857317981
8.164554857317059
8.164554841853152
8.164554841853152
8.164554841853152
8.164554841853152
8.164554824795585
8.164554824795585
8.164554824795585
8.164554824795585
8.164554824795585
8.164554824795585
8.15804520060867
8.15804520060867
8.15804520060867
8.15804520060867
8.15804520060867
8.15804520042626
8.15804520042626
8.15804520042626
8.15804520042626
8.15804520042626
8.15804520042626
8.15804520042626
8.15804520042626
8.15804520042626
8.158045200328546
8.158045200328546
8.158045200328546
8.158045200328546
8.158045200328546
8.158045200192394
8.158045200192394
8.158045200192394
8.158045200192394
8.158045200192394
8.158045200192394
8.158045200192394
8.158045200192394
8.158045200192394
8.158045200192394
8.158045200192394
8.158045198790083
8.158045086094633
8.158045086094633
8.158045086094633
8.158045086094633
8.158045086094097
8.158045083219031
8.1580450831746
8.1580450831746
8.158045083174507
8.158045083174505
8.158045083174505
8.158045083174505
8.158045083174505
8.158045083174505
8.158045083174505
8.158045083110316
8.158045083110316
8.158045083110316
8.158045083110316
8.158045083110316
8.158045083110316
8.158045083110316
8.158045083110316
8.158045083110304
8.158045083110304
8.158045083110304
8.158045082994075
8.158044955526034
8.158044955526034
8.15804495551696
8.15804495551696
8.15804495551696
8.158044955516957
8.158044955516957
8.158044955516957
8.158044955516923
8.158044955516923
8.158044955516923
8.158044955516923
8.158044955516923
8.158044955516923
8.158044955516923
8.158044955516923
8.158044955516923
8.158044955516923
8.158044955516923
8.158044955516923
8.158044955516923
8.158044955516923
8.158044955516923
8.158044955516923
8.158044955516894
8.156537373899956
8.156537373899956
8.156537373899956
8.156537373899956
8.156537373899956
8.156537373899956
8.156537373899956
8.156537373899956
8.156537373899956
8.156537373899956
8.156537373899956
8.15653737389984
8.156537373899058
8.156537373899058
8.156537373899058
8.156518389819656
8.156518389819656
8.156518389819656
8.156518389819656
8.156518373103223
8.156518373103223
8.156518373103223
8.156518373103223
8.156518373102546
8.156518373102546
8.156518373102546
8.156518111223994
8.156518111223994
8.156518111223994
8.156518111223994
8.156518111223994
8.156518111223994
8.156518111223988
8.156518111223988
8.156518111223988
8.156518111223988
8.156518033234525
8.156518033234525
8.156518033234525
8.156518033234525
8.156518033234525
8.156518033234525
8.156518033234525
8.156518033234525
8.156518033234525
8.156518033234525
8.156518033234525
8.156517288284084
8.156517288284084
8.156517288284084
8.156517288284084
8.156517288284084
8.156517288284075
8.156517288284075
8.156517288284075
8.156517288284075
8.156517288284075
8.156517288284075
8.156517288284075
8.156517288284075
8.156517288284075
8.156517288284075
8.156517288284075
8.156517288284075
8.156517288284075
8.156517288284075
8.156517288284075
8.156517288284075
8.156517288284075
8.156517288284075
8.156517288284075
8.156517286598678
8.156517286598678
8.156517286598678
8.156517284430716
8.156517284430716
8.156517284430716
8.156517284430716
8.156517284430716
8.156517284430716
8.156517284430715
8.156517284430715
8.156517284430715
8.156517284430715
8.156517284430715
8.156517284430715
8.156517284430715
8.156517284430715
8.156517284430715
8.156517284430715
8.156517284430715
8.156517284430715
8.156517284430715
8.156517284430715
8.156517284430715
8.156517284430715
8.156517284430715
8.156517284430715
8.156517284430715
8.156517284430715
8.156517284430715
8.156517284430715
8.156517284430715
8.156517284430715
8.156517284430715
8.156517284430715
8.156517284406876
8.156517284406876
8.156517284406876
8.156517284406876
8.156517284406876
8.156517280717146
8.156517280717146
8.156517280717127
8.156517280717127
8.156517280717127
8.156517280717127
8.156517280717127
8.156517280717127
8.156517280717127
8.156517280717127
8.156517280717127
8.156517279877498
8.156517279877498
8.156517279877498
8.156517279877498
8.156517279877498
8.156517279877498
8.156517279877498
8.156517279877498
8.156517279877498
8.156517279877498
8.156517279877498
8.156517279877477
8.156517279877477
8.156517279877477
8.156517279877477
8.156517279877477
8.15651726893709
8.15651726893709
8.15651726893709
8.15651726893709
8.15651726893709
8.15651726893709
8.15651726893709
8.15651726893709
8.15651726893709
8.15651726893709
8.15651726893709
8.156517268861567
8.156517268861567
8.156517268861567
8.1565172679955
8.15651726797072
8.154613052337146
8.154613052337146
8.154613052337146
8.154613052337146
8.154613052337146
8.154613052337146
8.154613052337146
8.154613052337146
8.154613052337146
8.154613052337146
8.154613052337146
8.154613052323946
8.154613052323946
8.154613052323946
8.154613052323946
8.154613052323946
8.154613052323946
8.154613052323946
8.154613052323946
8.154613052323946
8.154613052323946
8.154613052323944
7.768642129711954
7.768642129711954
7.768642127531612
7.768642127531612
7.768642127531612
7.768642127531612
7.768642127531612
7.768642127531547
7.768642127531547
7.768642127531543
7.725880581417055
7.725880581417055
7.725880581417055
7.725880581417055
7.725880581417055
7.725880581417055
7.717952027222155
7.717952027222155
7.717952027222067
7.717952027222067
7.717952027222067
7.717952027218218
7.717952027218218
7.717952027218218
7.717952027218218
7.717952027218218
7.717952027218218
7.717952027218218
7.717952027218218
7.717952027218218
7.717952027218218
7.717952027218218
7.717952027218218
7.717952027218218
7.717952027218218
7.717952027218218
7.717952027218218
7.717952027218218
7.717952027218218
7.717952027218218
7.717952027218214
7.717952027218214
7.717952027218214
7.717952027218213
7.717952027218213
7.717952027218213
7.717944600131139
7.717944600131139
7.717944600131139
7.717944600131139
7.717944600131137
7.717944600131137
7.717944600131137
7.717944600131137
7.717944600131137
7.717944600131137
7.717944600131137
7.717944600131137
7.717944600131137
7.717944600131137
7.717944600131137
7.717944600131137
7.717944600131137
7.717944600131137
7.717941333927463
7.717941333927463
7.717941333927463
7.717941333927463
7.717941333927463
7.717941333927463
7.717941333927463
7.717941333927463
7.717941333927463
7.717941333927463
7.717941333927463
7.717941333927463
7.717941333927463
7.71794133392704
7.71794133392704
7.71794133392704
7.71794133392704
7.71794133392704
7.71794133392704
7.71794133392704
7.71794133392704
7.717941326953596
7.717941326953596
7.717941326953596
7.717941326953596
7.717941326953596
7.717941326953596
7.717941326953596
7.717941326953596
7.717941326953596
7.717941326951147
7.717941326951147
7.717941326951147
7.717941326950651
7.717941326950651
7.717941326950651
7.717941326950651
7.7179413269481
7.7179413269481
7.7179413269481
7.7179413269481
7.7179413269481
7.7179413269481
7.7179413269480035
7.7179413269480035
7.7179413269480035
7.7179413269480035
7.717941326948001
7.717941326948001
7.717941326948001
7.717941326948001
7.717941326932234
7.717941326932234
7.717941326932234
7.717941326932234
7.717941326932234
7.717941326897439
7.717941326897439
7.717941326897439
7.717941326897439
7.717941326897439
7.717941326836302
7.717941326836302
7.717941326836302
7.717941326836302
7.717941326836302
7.717941326836302
7.717941326836302
7.717941326836302
7.717941326836302
7.717941326836302
7.717941326836302
7.717941326836302
7.717941326836302
7.717941326836302
7.717941326836302
7.717914020433232
7.717914020433232
7.717914020433232
7.717914020433232
7.717914020433232
7.717914020433232
7.717914020433232
7.717914020433071
7.717914020433071
7.717914020433071
7.717914020433071
7.717914020433071
7.717914020433071
7.717914020433071
7.717914020433071
7.717914020433071
7.717914020433071
7.717914020433071
7.717914020433071
7.717914020433071
7.717914020433071
7.717914020433071
7.717910652544006
7.717910652544006
7.717910652544006
7.717910652544006
7.717910652544003
7.717910652544003
7.717910652544003
7.717910652544003
7.717910652544003
7.717910652544003
7.717910652544003
7.717910652544003
7.717910652544003
7.717910652544003
7.717910652544003
7.717910652544003
7.717910652544003
7.717910652544003
7.717910652544003
7.717910652544003
7.717910652544003
7.717910652544003
7.717910652544003
7.717910652544003
7.717910652544003
7.717910652544003
7.717910652544003
7.717910652544003
7.717910652544003
7.717910652544003
7.717910652544003
7.717910652544003
7.717910652544003
7.717910652544003
7.717910652544003
7.717910652543997
7.717910652543997
7.717910652526568
7.717910652526568
7.7179105708697655
7.7179105708697655
7.7179105708697655
7.7179105708697655
7.7179105708697655
7.7179105708697655
7.7179105708697655
7.7179105708697655
7.717910570869758
7.717910570869758
7.717910570869758
7.717910570869758
7.717910570869758
7.717910570869758
7.717910570869758
7.717910570869758
7.717910570869758
7.717910570869758
7.717910570869758
7.717910570866515
7.717910570866515
7.717910570866515
7.717910570866515
7.717910570866325
7.717910570866325
7.717910570866325
7.717910570866325
7.717910570548984
7.717910570548984
7.717910570548984
7.717910570548984
7.717910570548984
7.717910570548984
7.717910570548984
7.717910570548984
7.717910570548984
7.717910570548984
7.717910570548984
7.717910570548984
7.717910570548982
7.717910570548982
7.717910570548982
7.71791057054895
7.71791057054895
7.71791057054895
7.71791057054895
7.71791057054895
7.71791057054895
7.71791057054895
7.71791057054895
7.71791057054895
7.71791057054895
7.71791057054895
7.717910570456494
7.717910570456494
7.717910570456494
7.717910570455632
7.717910570455632
7.717910570455632
7.717910570455599
7.717910570455599
7.717910570455599
7.717910570455599
7.717910570455599
7.717910570455599
7.717910570455599
7.717910570455599
7.717910570455599
7.717910570455599
7.717910570455599
7.7179105704555875
7.7179105704555875
7.7179105704555875
7.7179105704555875
7.7179105704555875
7.7179105704555875
7.7179105704555875
7.7179105704555875
7.717910171730263
7.717910171730263
7.717910171730263
7.717910171730263
7.717910171730263
7.717910171730263
7.717910171728596
7.717910171728596
7.717910171728596
7.717910171728596
7.717910171728596
7.717910171728596
7.717910171728596
7.717910171728596
7.717910171728596
7.717910171728596
7.717910171728596
7.717910171728596
7.717910171728596
7.717910171728596
7.717910171728596
7.717910171728596
7.717910171728596
7.717910171728596
7.7179101502353875
7.7179101502353875
7.7179101502353875
7.7179101502353875
7.7179101502353875
7.7179101502353875
7.7179101502353875
7.7179101502353875
7.717910150235382
7.717910150235382
7.717910150235382
7.717910150235373
7.717910150235373
7.717910150235373
7.717910150235373
7.717910150235373
7.717910150235373
7.717910150235373
7.717910150235373
7.717910150235373
7.717910150235373
7.717910150235373
7.717910150235373
7.717910150235373
7.717910150235278
7.717910150235278
7.717910150235278
7.717910150235278
7.717910150235278
7.717910150235277
7.717910150235277
7.717910146671279
7.717910146671279
7.717910145381067
7.717910145381066
7.717910123607216
7.717910123607216
7.717910123607216
7.717910123607216
7.717910123607216
7.717910121988397
7.717910121988397
7.717910121988397
7.717910121400091
7.717910121400091
7.717910121400091
7.717910121400091
7.717910121400091
7.717910121400075
7.717910121400075
7.717910121400075
7.717910121400075
7.717910121400075
7.717910121400075
7.717910121400075
7.717910121400075
7.717910121400075
7.717910121400075
7.717910121400075
7.717910121400075
7.717910121400075
7.717910121400068
7.717910121400068
7.717910121400068
7.717910121400066
7.717910121400066
7.717910121400066
7.717910121400066
7.717910121400066
7.717910115541835
7.717910115541835
7.717910115541835
7.717910115541835
7.717910115541835
7.717910115541813
7.717910115541813
7.717910115541367
7.717910115541367
7.717910115541367
7.71791011554092
7.71791011554092
7.71791011554092
7.71791011554092
7.717908848550958
7.717908848550958
7.717908848550958
7.717908848550958
7.717908848550958
7.717908848550958
7.717908848550958
7.717908848550958
7.717906878469699
7.717906878469699
7.717906878469699
7.717906878461652
7.717906878461652
7.717906878461652
7.717906878461641
7.717906878461641
7.717906878459142
7.717906878459142
7.717906878459142
7.717906878459142
7.717906878459142
7.717906878459142
7.71790687845909
7.71790687845909
7.71790687845909
7.71790687845909
7.71790687845909
7.71790687845909
7.71790687845909
7.7179068784573674
7.7179068784573674
7.7179068784573674
7.71790687845682
7.71790687845682
7.71790687845682
7.71790687845682
7.71790687845682
7.71790687845682
7.71790687845682
7.71790687845682
7.71790687845682
7.71790687845682
7.71790687845682
7.71790687845682
7.71790687845682
7.71790687845682
7.71790687845682
7.71790687845682
7.717906878456816
7.717906878456816
7.717906878456816
7.717906878456816
7.717906878456816
7.717906878456799
7.717906877141146
7.717906877141146
7.717906877141146
7.717906877141146
7.717906877141146
7.717906877141146
7.717906877141146
7.717906877141146
7.717906877141146
7.717906877141119
7.717906877141119
7.717906877141119
7.717906877141119
7.717906877141119
7.717906877141119
7.717906877141119
7.717906877141119
7.717906877141119
7.717906877141119
7.717906877141119
7.717906877141105
7.717906877141105
7.717906877141105
7.717906877141105
7.717906877141105
7.717906877141102
7.717906877141102
7.717906877141102
7.717906877141102
7.717906877141102
7.717906877141102
7.717906877140285
7.717906877140285
7.717906877140285
7.717906877140279
7.717906877140279
7.717906877140279
7.717906877140279
7.717906877140279
7.717906877140279
7.717906877140279
7.7179068764165795
7.7179068764165795
7.7179068764165795
7.7179068764165795
7.7179068764165795
7.7179068764165795
7.7179068764165795
7.717906876416579
7.717906876416579
7.717906876416579
7.717906876416579
7.717906876416579
7.717906876416579
7.717906876416579
7.717906876416579
7.717906876416579
7.7179068764161665
7.717906792600359
7.717906792600359
7.717906792600359
7.717906792600357
7.717906792600357
7.717906792600357
7.717906792600357
7.717906792600357
7.717906792600357
7.717906792600357
7.717906792600357
7.717906792600357
7.717906792600357
7.717906792600357
7.717906792600357
7.717906792600357
7.717906792600357
7.717906792600357
7.717906792539736
7.717906792539736
7.717906792539736
7.717906792539736
7.717906792539736
7.717906792539736
7.717906792538041
7.717906792538041
7.717906792538041
7.717906792538041
7.717906792538041
7.717906792538041
7.717906792538041
7.717906792538041
7.717906792538041
7.717906792538041
7.717906792538041
7.717906792538041
7.717906792538041
7.717906792538041
7.717906792538041
7.717906792538041
7.717906792538041
7.717906792538041
7.717906792538041
7.717906792538041
7.717906792538041
7.7179067635885845
7.7179067635885845
7.7179067635885845
7.7179067635885845
7.7179067635885845
7.7179067635885845
7.717906763588583
7.717906763588583
7.717906763588583
7.717906763588583
7.717906763588555
7.717906763588555
7.717906763588555
7.717906763588555
7.717906759455873
7.717906759455873
7.717906759455715
7.717906759455715
7.717906759455715
7.717906759455715
7.717906759455715
7.717906759455715
7.717906759455715
7.717906759455715
7.717906759455715
7.717906759455714
7.717906759455714
7.717906759455714
7.717906759455714
7.717906759455714
7.717906759455714
7.717906759455714
7.717906759455714
7.717906759427457
7.717906759427457
7.717906759427457
7.717906759427457
7.717906759427457
7.717906759427457
7.717906759427457
7.717906759427457
7.717906759427457
7.717906759427457
7.7179067594271125
7.7179067594271125
7.7179067594271125
7.7179067594271125
7.7179067594271125
7.7179067594271125
7.7179067594271125
7.7179067594271125
7.7179067594271125
7.7179067594271125
7.7179067594271125
7.7179067594271125
7.7179067594271125
7.7179067594271125
7.7179067594271125
7.7179067594271125
7.7179067594271125
7.7179067594271125
7.7179067594271125
7.7179067594271125
7.7179067594271125
7.7179067594268345
7.7179067594268345
7.7179067594268345
7.7179067594268345
7.7179067594268345
7.7179067594268345
7.7179067594268345
7.7179067594268345
7.7179067594268345
7.7179067594268345
7.7179067594268345
7.7179067594268345
7.7179067594268345
7.7179067594268345
7.7179067594268345
7.7179067594268345
7.717906759426815
7.717906759426815
7.717906759426815
7.717906759426815
7.717906759426815
7.717906759426815
7.717906759426815
7.717906759426815
7.717906759426815
7.717906759426815
7.717906759426815
7.717906759426815
7.717906759426785
7.717906759426785
7.717906759426785
7.717906759426785
7.717906759426785
7.717906759426785
7.717906759426785
7.717906759426785
7.717906759426785
7.717906759426785
7.717906759426785
7.717906759426785
7.717906759426785
7.717906759426785
7.717906759426782
7.717906759426782
7.717906759426782
7.717906759426782
7.717906759426782
7.717906759426782
7.717906759426782
7.717906759426782
7.717906759426782
7.717906759426782
7.717906759426782
7.717906759426782
7.717906759426782
7.717906759426782
7.717906759426782
7.717906759262653
7.717906759262653
7.717906759262653
7.717906759262653
7.717906759262653
7.717906759262653
7.717906759262653
7.717906759262653
7.717906759262653
7.717906759262653
7.717906759262653
7.717906759262653
7.717906759262653
7.717906759262653
7.717906759262653
7.717906759262653
7.717906759262653
7.717906759262653
7.717906759262653
7.717906759262653
7.717906759262653
7.717906759262653
7.717906759262652
7.717906759262652
7.717906759262652
7.717906759262652
7.717906759262652
7.717906759262652
7.717906759262652
7.717906759262652
7.717906759262652
7.717906759262652
7.717906759262652
7.717906759262652
7.717906759262652
7.717906759262652
7.717906759262652
7.717906759262652
7.717906759262652
7.717906759262652
7.717906759262636
7.717906759262636
7.717906759262636
7.717906759262629
7.717906759262629
7.717906759262629
7.717906759262629
7.717906759161549
7.717906759161549
7.717906759161549
7.717906759161549
7.717906759161549
7.717906759161549
7.717906759161549
7.717906759161549
7.717906759161549
7.717906759161549
7.717906759161549
7.717906759161549
7.717906759161549
7.717906759161549
7.717906759161549
7.717899220455761
7.717899220455761
7.717899220455761
7.717899220455761
7.717899220455761
7.717899220455761
7.717899220455761
7.71789922044228
7.71789922044228
7.71789922044228
7.71789922044228
7.717899220442232
7.717899220442232
7.717899220442232
7.717899138801819
7.717899138801819
7.717899138801819
7.717899138801819
7.717899138801819
7.717899138801819
7.717899138801819
7.717899138801819
7.717899138801819
7.717899138801819
7.717899138801819
7.717899138801819
7.717899138801789
7.717899138801789
7.717899138801789
7.717899127954807
7.717899127954807
7.717899127954807
7.717899127954805
7.717899127954805
7.717899127954805
7.717899127954805
7.717899127954805
7.717899127954805
7.717899127954805
7.717899127954805
7.717899127954805
7.717899127954805
7.717899127954802
7.717899127954802
7.717899127954802
7.717899127954802
7.717899127954802
7.717899127954802
7.717899127954802
7.717899127954802
7.717899127954802
7.717899127954802
7.717899127954802
7.717899127954802
7.717899127954802
7.717899127954802
7.717899127954802
7.717899127954802
7.717899127954802
7.717899127954802
7.717899127954802
7.717899127954802
7.717899127954802
7.717899127954802
7.717899127954802
7.717899127954802
7.717899127954802
7.717899127954802
7.717899127954802
7.717899127954802
7.717899127954802
7.717899127954802
7.717899127954802
7.717899127954802
7.717899127954802
7.717899127954802
7.717899127954802
7.717899127954802
7.717899127954802
7.717899127954802
7.717899127954802
7.717899127954802
7.717899127954802
7.717899127954802
7.717899127954802
7.717899127954802
7.717899127954802
7.717899127954802
7.717899127954802
7.717899127954802
7.717899127954802
7.717899127954802
7.717899127954802
7.717899127954802
7.717899127954802
7.717899127954802
7.717899127954802
7.717899127954802
7.717899127954802
7.717899127954802
7.717899127954802
7.717899127954802
7.717899127954802
7.717899127954802
7.717899127954802
7.717899127954802
7.717899127954802
7.717899127954802
7.717899127954802
7.717899127954802
7.717899127954802
7.717899127954802
7.717899127954802
7.717899127954802
7.717899127954798
7.717899127954798
7.717899127954775
7.717899127954775
7.717899127954775
7.717899127954775
7.717899127954723
7.71789912793057
7.71789912793057
7.71789912793057
7.71789912793057
7.71789912793057
7.71789912793057
7.717899127930178
7.717899127930178
7.717899069517704
7.717899069517704
7.717899069517704
7.717899069517704
7.717899069517704
7.717899069517704
7.717899069517704
7.717899069517704
7.717899069517697
7.717899069517697
7.717899069517697
7.717899069517697
7.717899069517697
7.717899069517697
7.717899069517697
7.717899069517697
7.717899069517697
7.717899069517697
7.717899069517697
7.717899069517696
7.717899069517696
7.717899069517696
7.717899069517696
7.717899069517696
7.71789906951767
7.71789906951767
7.71789906951767
7.71789906951767
7.71789906951767
7.71789906951767
7.71789906951767
7.71789906951767
7.71789906951767
7.71789906951767
7.71789906951767
7.71789906951767
7.71789906951767
7.71789906951767
7.71789906951767
7.71789906951767
7.71789906951767
7.71789906951767
7.71789906951767
7.71789906951767
7.71789906951767
7.71789906951767
7.71789906951767
7.71789906951767
7.71789906951767
7.71789906951767
7.71789906951767
7.71789906951767
7.71789906951767
7.71789906951767
7.71789906951767
7.71789906951767
7.71789906951767
7.71789906951767
7.71789906951767
7.71789906951767
7.71789906951767
7.71789906951767
7.71789906951767
7.71789906951767
7.71789906951767
7.71789906951767
7.71789906951767
7.71789906951767
7.71789906951767
7.71789906951767
7.71789906951767
7.71789906951767
7.71789906951767
7.71789906951767
7.71789906951767
7.71789906951767
7.71789906951767
7.71789906951767
7.71789906951767
7.71789906951767
7.71789906951767
7.71789906951767
7.71789906951767
7.71789906951767
7.71789906951767
7.71789906951767
7.71789906951767
7.71789906951767
7.71789906951767
7.71789906951767
7.71789906951767
7.71789906951767
7.71789906951767
7.71789906951767
7.71789906951767
7.71789906951767
7.71789906951767
7.71789906951767
7.71789906951767
7.71789906951767
7.71789906951767
7.71789906951767
7.71789906951767
7.717899069513106
7.717899069513106
7.717899069513106
7.717899069513106
7.717899069513106
7.717899069513106
7.717899069513106
7.717899069513106
7.717899069513106
7.717899069513106
7.717899069513106
7.717899069513106
7.717899069513106
7.717899069513106
7.717899069513103
7.717899069513103
7.717899069513103
7.717899069513103
7.717899069513103
7.717899069513103
7.717899069513103
7.717899069513103
7.717899069513103
7.717899069513103
7.717899069513103
7.717899069513103
7.717899069513103
7.717899069513103
7.717899069513103
7.717899069513103
7.717899069513103
7.717899069513103
7.717899069513103
7.717899069513103
7.717899069513103
7.717899069513103
7.717899069513103
7.717899069513103
7.717899069513103
7.717899069513103
7.717899069513103
7.717899069513103
7.717899069513103
7.717899069513103
7.717899069513103
7.717899069513103
7.717899069513103
7.717899069513103
7.717899069513103
7.717899069513103
7.717899069513103
7.717899069513103
7.717899069513103
7.717899069513103
7.717899069513103
7.717899069513103
7.717899069513103
7.717899069513103
7.717899069513103
7.717899069513103
7.717899069513103
7.717899069513103
7.717899069513103
7.717899069513103
7.717899069513103
7.717899069513103
7.717899069513103
7.717899069513103
7.717899069513103
7.717899069513103
7.717899069513103
7.717899069512788
7.717899069512788
7.717899069512788
7.717899069512788
7.717899069512788
7.717899069512788
7.717899069512788
7.717899069512788
7.717899069512788
7.717899069512788
7.717899069512788
7.717899069512788
7.717899069512788
7.717899069512788
7.717899069512788
7.717899069512788
7.717899069512788
7.717899069512788
7.717899069512788
7.717899069512788
7.717899069512788
7.717899069512788
7.717899069512788
7.717899069512788
7.717899069512788
7.717899069512788
7.717899069512788
7.717899069512788
7.717899069512788
7.717899069512788
7.717899069512788
7.717899069512788
7.717899069512788
7.717899069512788
7.717899069512788
7.717899069512788
7.717899069512788
7.717899069512788
7.717899069512788
7.717899069512788
7.717899069512788
7.717899069512788
7.717899069512788
7.717899069512788
7.717899069512788
7.717899069512788
7.717899069512788
7.717899069512788
7.717899069512788
7.717899069512788
7.717899069512788
7.717899069512788
7.717899069512786
7.717899069512786
7.717899069512786
7.717899069512786
7.717899069512786
7.717899069512786
7.717899069512786
7.717899069512786
7.717899069512786
7.717899069512786
7.717899069512786
7.717899069512786
7.717899069512786
7.717899069512786
7.717899069512786
7.717899069512786
7.717899069512786
7.717899069512786
7.717899069512786
7.717899069512786
7.717899069512786
7.717899069512786
7.717899069512786
7.717899069512786
7.717899069512786
7.717899069512786
7.717899069512786
7.717899069512786
7.717899069512786
7.717899069512786
7.717899069512786
7.717899069512786
7.717899069512786
7.717899069512786
7.717899069512786
7.717899069512786
7.717899069512786
7.717899069512786
7.717899069512786
7.717899069512786
7.717899069512786
7.717899069512786
7.717899069512786
7.717899069512786
7.717899069512786
7.717899069512786
7.717899069512786
7.717899069512786
7.717899069512786
7.717899069512786
7.717899069512786
7.717899069512786
7.717899069512786
7.717899069512786
7.717899069512786
7.717899069512786
7.717899069512786
7.717899069512786
7.717899069512786
7.717899069512786
7.717899069512786
7.717899069512786
7.717899069512786
7.717899069512786
7.717899069512786
7.717899069512786
7.717899069512786
7.717899069512786
7.717899069512786
7.717899069512786
7.717899069512786
7.717899069512786
7.717899069512786
7.717899069512786
7.717899069512786
7.717899069512786
7.717899069512786
7.717899069512786
7.717899069512786
7.717899069512786
7.717899069512786
7.717899069512786
7.717899069512786
7.717899069512786
7.717899069512786
7.717899069512786
7.717899069512786
7.717899069512786
7.717899069512786
7.717899069512786
7.717899069512786
7.717899069512786
7.717899069512786
7.717899069512786
7.717899069512786
7.717899069512786
7.717899069512786
7.717899069512786
7.717899069512786
7.717899069512786
7.717899069512786
7.717899069512786
7.717899069512786
7.717899069512786
7.717899069512786
7.717899069512786
7.717899069512786
7.717899069512786
7.717899069512786
7.717899069512786
7.717899069512786
7.717899069512786
7.717899069512786
7.717899069512786
7.717899069512786
7.717899069512786
7.717899069512786
7.717899069512786
7.717899069512786
7.717899069512786
7.717899069512786
7.717899069512786
7.717899069512786
7.717899069512786
7.717899069512786
7.717899069512786
7.717899069512786
7.717899069512786
7.717899069512786
7.717899069512786
7.717899069512786
7.717899069512786
7.717899069512786
7.717899069512786
7.717899069512786
7.717899069512786
7.717899069512786
7.717899069512786
7.717899069512786
7.717899069512786
7.717899069512786
7.717899069512786
7.717899069512786
7.717899069512786
7.717899069512786
7.717899069512786
7.717899069512786
7.717899069512786
7.717899069512786
7.717899069512786
7.717899069512786
7.717899069512786
7.717899069512786
7.717899069512786
7.717899069512786
7.717899069512786
7.717899069512786
7.717899069512786
7.717899069512786
7.717899069512786
7.717899069512786
7.717899069512786
7.717899069512786
7.717899069512786
7.717899069512786
7.717899069512786
7.717899069512786
7.717899069512786
7.717899069512786
7.717899069512786
7.717899069512786
7.717899069512786
7.717899069512786
7.717899069512786
7.717899069512786
7.717899069512786
7.717899069512786
7.717899069512786
7.717899069512786
7.717899069512786
7.717899069512786
7.717899069512786
7.717899069512786
7.717899069512786
7.717899069512786
7.717899069512786
7.717899069512786
7.717899069512786
7.717899069512786
7.717899069512786
7.717899069512786
7.717899069512786
7.717899069512786
7.717899069512786
7.717899069512786
7.717899069512786
7.717899069512786
7.717899069512786
7.717899069512786
7.717899069512786
7.717899069512786
7.717899069512786
7.717899069512786
7.717899069512786
7.717899069512786
7.717899069512786
7.717899069512786
7.717899069512786
7.717899069512786
7.717899069512786
7.717899069512786
7.717899069512786
7.717899069512786
7.717899069512786
7.717899069512786
7.717899069512786
7.717899069512786
7.717899069512786
7.717899069512786
7.717899069512786
7.717899069512786
7.717899069512786
7.717899069512786
7.717899069512786
7.717899069512786
7.717899069512786
7.717899069512786
7.717899069512786
7.717899069512786
7.717899069512786
7.717899069512786
7.717899069512786
7.717899069512786
7.717899069512786
7.717899069512786
7.717899069512786
7.717899069512786
7.717899069512786
