43035.778191740435
43034.94867207711
43034.94866934467
43034.94866934467
43034.94866934467
42977.84222235088
42977.84222235088
42977.84222235088
42977.803067130735
42977.80297587364
42977.79893458225
42977.79893458225
42977.798925695475
42977.798925695475
42977.798925693016
42977.59556291008
42977.59556291008
42977.59556291008
42977.59556291008
42977.59556291008
42970.81976573418
42970.81976573418
42970.81950329167
42970.81950329167
42958.790065929614
41696.08567569264
41696.08567569264
41696.08567569264
41696.08567569264
41696.08567569264
41695.988854657946
41695.98885457693
41695.98885457692
41695.955993629956
41695.68368761666
41695.68368761666
41695.68368761666
36614.0660848869
36614.063499689844
36614.063499689844
36614.063499689844
36613.72737647209
36613.72737647209
36613.72737647209
36613.72737647209
36613.72737647209
36613.72737647208
34797.80894364977
34797.80894364977
34797.80894364977
34797.80894364977
34797.80894364977
34797.80894364977
34797.18362698947
34797.18362698947
34797.18362698947
34797.18362698947
34797.18362698947
34797.18361703713
34797.18361703713
34797.18361703713
34797.18361703713
34797.18361703713
34797.18361703713
34583.79231196564
34583.79231196564
34583.79069359065
34583.79069359065
34583.79069359065
34583.79069359065
34583.79069359065
34583.79069359065
34066.23144484896
34066.23144484896
34066.231444848956
34066.231444848956
34066.23144484895
34066.23144484895
34066.23144484895
34066.23144484895
34066.23144484895
34066.23144484895
34066.11366008091
34066.1136600809
34066.1136600809
34066.11365986777
34066.11365952546
34066.11142698658
34066.11142698658
34066.11142698658
34066.11142698658
34066.11142698658
34066.111417781874
34066.11135207242
34066.11135207242
34066.11135207242
34066.11135207242
34066.11135207242
34066.11135207242
34066.11135207242
34066.11135207242
34066.11135207242
34066.03091502834
34066.03091502834
34066.03091502834
34066.03091502834
34066.03091502834
34066.03091502834
30679.894402793172
30679.888914717332
30679.88790021054
30679.88790021054
30679.887900167596
30679.887900167596
30679.887900167596
30679.887900167596
30678.910483611122
30678.910483611122
30678.91048360848
30678.91048360848
30678.91048360848
30678.91048360848
30678.910482906387
29026.058922736192
29026.058922736192
29026.058922713244
29025.434438608652
29025.434438608652
29025.434438608652
29025.434438608652
29025.434438608652
29025.434438608652
29025.434438608652
29025.434438608652
29025.434438608652
29025.434438608652
29025.434438608652
29025.434438608652
28883.195907031157
28883.195907031157
28883.195907031157
28883.195907031157
28883.195907031157
28881.6128927101
28881.6128927101
28881.6128927101
28881.6128927101
28881.6128927101
28875.364976944962
28875.364976944635
28875.364976943514
28875.364976943514
26101.356609164606
26101.356609164606
26101.356609164606
26101.356609164606
26101.356609164606
26101.356609164606
26098.33441586238
22896.468681089962
22896.468681089962
22896.468681089962
22708.78930646461
22708.78930646461
18466.207286123976
18466.207286123976
18466.207286123976
18466.207286123976
18466.207286123976
18466.207286123976
18385.417461294863
18385.417461294863
18385.417461294863
18385.417461294863
18385.417461294863
18385.417461294863
18385.417461294863
18385.417461294863
18385.417461294863
18385.417461294863
18385.417461294863
18385.417461294863
18265.90819540211
18265.90819540211
18264.450154095815
18264.450154095815
18264.42708116159
18256.46176395865
18256.46176395865
18256.46176395865
18232.007628285566
18232.007628285566
18232.007627464234
18232.007627464234
18232.00666039694
18232.00666039694
18232.00666039694
18232.00666039694
18232.00666039694
18232.00666039694
18232.00666039694
18232.00666039694
18232.00666039694
18232.00666039694
18232.00666039694
18229.33008279304
18229.33008279304
18229.33008279304
18229.33008270964
18229.33008270964
18226.16920517979
18226.169202757977
18226.169202757977
17695.111254473934
17695.111254473934
17695.110432231682
17258.762209341385
17258.76220634837
17258.762160242506
17258.762160242506
17258.762160242506
17258.762160242506
17258.762160242506
17258.762160242506
15358.619581799367
15358.619581799367
15358.619581799367
15358.619581799367
15356.359800098746
15337.023092918602
15329.85896502879
15329.85896502879
15329.85896502879
15329.85896502879
15329.85896502879
15329.85896502879
15329.85896502879
15329.592767129052
15329.592767129052
15329.592767129052
15329.592767129052
15329.592767129052
15329.592767123107
15329.592767123107
15329.592767123107
15327.940625082821
15327.940625076128
15327.940625076128
15327.940625076128
15327.94062388167
15318.872671583958
15318.872671583958
15318.872671583958
15302.099630692339
15302.099630692339
15302.099630689763
15302.099630689763
15264.374571392125
15264.374571392125
15264.37433827161
15264.374337886147
15264.374337886147
14901.928553342297
14901.928553342297
14901.92809874243
14901.928098713586
14901.928098713586
14901.928098713586
14901.928098713586
14901.928098713586
14901.928098713586
14901.928098713586
14901.928098713586
14901.928098713586
14901.928098713586
14901.928098713586
14901.928098713586
14901.928098713586
14901.928098713586
14901.928098713586
14901.928098713586
14901.928098713586
14901.60510471186
14901.60510471186
14901.60510471186
14901.60510471186
14901.60510471186
14901.60510471186
14901.60510471186
14901.60510471186
14901.60510471186
14901.60510471186
14901.605104711842
14901.605104711842
14901.605104711842
14901.603629128724
14899.470838706075
14898.449723265756
14898.449723265756
14898.449723265756
14898.449723265236
14898.449131412595
14898.44894190772
14898.44894190772
14898.323523061707
14898.323523060591
14898.32352300455
14898.32352300455
14898.32352300455
14898.323472649354
14898.323472649354
14898.323472649354
14898.323472649354
14898.323472649354
14891.323000643742
14891.323000643742
14891.323000643742
14891.323000643742
14891.323000643742
14891.323000643742
14891.323000643742
14891.32300055381
14891.32300055381
14891.32300055381
14891.32300055379
14891.282952055433
14735.550143046154
14735.550143046152
14735.550143046152
14735.550143046152
14733.926902435145
14733.926902435145
14733.926902435145
14733.926902434876
14733.926902434876
14733.926902434876
14481.976784523515
14481.976784523515
14478.712653161941
14465.10857351624
14465.10857351624
14465.10857351624
14465.10857351624
14465.10857351624
14465.10857351624
14457.742666302964
14457.742666302964
14457.73776911791
14457.73776911791
14457.73776911791
14457.737765418808
14457.013532042207
14457.013532042207
14457.013532042207
14457.013532042207
14457.013532042207
14457.013532042207
14457.013532042207
14457.013532042207
14451.073797313109
14451.073797313109
14451.06689252714
14451.066892525529
14451.066892525529
14451.066892525529
14451.066892525529
14451.06567841028
14451.06567841028
14451.00887113114
14451.008871128273
14451.008871127095
14451.008871127095
14451.008871127095
14451.008871127095
14451.008871127095
14451.008871127095
14451.008871127095
14451.008871127073
14451.008871127073
14451.008871127073
14451.008871127073
9439.590689138879
9390.442384136706
9390.442384136706
9390.442384136706
9390.442384136706
9390.442384136706
9130.581717072344
9130.581685316016
9130.581685316016
9130.581685316016
9130.581685316016
9129.492296933026
9129.492296933026
9129.492296933026
9129.492296933026
9129.492296876848
8650.775645160325
8650.775645160325
8650.775645160325
8650.775645160325
8650.775645160325
8650.775645160325
8650.775645160325
8604.05967636951
8604.05967636951
8604.05967636951
8604.05967636951
8604.05967636951
8604.05967636951
8604.05967636951
8604.05967636951
8604.05967636951
8604.05967636951
8604.05967636951
8604.05967635524
8604.05967635524
8603.980660488645
8603.98066032401
8603.98066032401
8603.98066032401
8603.98066032401
8603.98066032401
8603.98066032401
8603.980660309375
8603.980645468144
8603.980645434553
8603.980645434553
8603.980645434553
8603.980578475863
8603.980578475663
8603.980578475663
8603.980578475663
8603.980578475663
8603.980578475663
8603.977654276092
8603.971090316574
8603.971090316574
8603.971090316574
8603.200623972481
8603.200623972481
8603.200623972481
8603.200623972481
8603.200623972481
8603.198489923236
8603.198489923236
8603.198489923234
8603.198489923234
8603.198489923234
8603.198489923234
8603.198489923234
8603.198489923234
8603.198489923234
8603.160856635866
8603.160856635866
8603.160856635866
8603.160856635866
8603.160856635866
8603.160856635866
8538.741750431742
8538.741750431742
8538.741750431742
8538.741750431742
8538.741746541971
8538.741746541971
8538.741746541971
8536.797931204179
8536.797931204179
8536.797931204179
8536.371898175117
8536.371898175117
8536.371898175117
8536.371898175117
8536.371898175117
8535.374103204345
8535.374103204345
8535.374103204345
8535.374103204345
8535.374103204345
8535.374103204345
8534.717091692037
8534.716163661411
8534.716163661411
8531.83096630108
8531.83096630108
8531.830938428753
8531.830938428753
8531.82519227844
8531.82519227844
8531.82519227844
8531.82519227844
8531.795498729853
8531.795498729758
8531.795498701666
8531.795498701666
8531.795498701666
8434.74011282305
8434.74011282305
8434.74011282305
8434.74011282305
8434.695915806791
8434.695915806791
8434.656049026764
8434.656049026764
8434.656049026764
8434.656049026764
8433.946668955798
8433.946668955798
8433.94666539907
8433.94666539907
8433.94666536517
8433.946585412912
8433.946585412896
8433.946585410467
8433.946585410467
8433.946585410467
8433.935384067348
8433.935384067343
8433.935384067343
8432.211995588072
8432.211995588072
8432.211954164324
8432.211954164324
8432.211954164324
8429.256893501271
8429.25689349725
8429.2245811495
8429.2245811495
8429.224581148163
8429.224581148163
8429.224581148163
8429.224581148163
8429.224581148163
8429.224581148163
8429.1646509283
8429.1646509283
8429.1646509283
8429.1646509283
8429.1646509283
8429.1646509283
8429.1646509283
8429.1646509283
8429.1646509283
8429.1646509283
8429.164650928065
8429.164650928065
8429.164650928065
8429.16464917474
8429.16464917474
8429.16464917474
8429.16464917474
8429.164623716066
8429.164623716066
8429.164623716066
8429.164623716066
8429.164623716066
8429.164623716066
8429.164623644017
8429.164623644017
8429.164623644017
8429.16455737042
8416.947577244722
8416.947577244722
8416.947577244722
8416.947577244722
8416.947577244722
8416.947573922213
8404.948288374328
8404.948288374282
8404.948288206586
8404.278398602393
8404.278398602393
8404.278398602393
8404.278398602393
8404.278398602393
8404.278398602393
8404.278398602393
8404.278398602393
8404.278398602393
8404.278398602393
8404.034129301734
8404.034129301734
8404.034129301734
8404.034129301734
8404.006407538602
8404.002327028276
8404.002327028276
8404.002327028276
8404.002299337892
8402.342874999824
8402.342874999824
8402.342874992413
8402.342874992413
8402.342874992413
8401.082179842722
8401.082179842722
8401.082179842722
8401.082179841462
8401.082179841462
8401.082179841462
8401.082179841462
8401.082179841325
8401.082179841325
8401.073668598903
8401.073668598903
8401.073668598903
8400.613823723135
5854.765774536868
5854.765774536759
5854.765774536759
5854.765774536759
5854.764318218973
5854.764318218973
5854.764318218973
5854.764318218973
5854.764318218973
5854.764318218973
5854.761326586553
5854.761326586553
5854.761326586553
4028.8385915818453
4028.838013472466
4028.838013472466
4028.838013472466
4028.838013472437
4028.838013472437
4028.838013472437
4028.8005225257048
4028.800050744268
4028.800050744268
4028.8000282621956
4028.800028260626
4028.800028260626
4028.800028260626
4028.800028260626
4028.800028260626
4028.800028260626
4028.800028260626
4028.800028260626
4028.798742601011
4028.798742601011
4028.798489851337
4028.798489851337
4028.7984590602564
3941.7524462166552
3941.7524449023754
3941.7524449023754
3941.7524449023754
3941.7524445832523
3940.9632310455336
3940.9632310455336
3940.9632310455336
3940.862487074969
3940.862487074969
3940.862487074969
3940.862487074969
3940.8038878494444
3940.8038878494444
3940.75517040802
3940.75517040802
3940.75517040802
3113.4896196174172
3113.4896196174172
3113.4896196174172
3113.4896196174172
3113.4896195675906
3113.4896195675906
3113.4896195675906
3113.4896195675847
3032.6414490375964
3032.6414490375964
3031.4613886300795
3031.4613886300795
3031.380448722457
3031.3804386602096
3031.3804386602096
3031.3804386602096
3031.3804386602096
3031.3804386602096
3031.3804386602096
3031.3804386559914
3031.3804386559914
3031.3804386559914
3031.3804062962795
3028.9093030351946
3028.9093030351946
3028.9093030351946
3028.9092907371537
3028.9092907371537
3000.728657466025
3000.728657466025
3000.728657466025
3000.728657466025
3000.7286574548866
3000.7286574548866
3000.4456063470857
3000.44560634416
3000.44560634416
2999.1266563636723
2999.1266563636723
2995.365086742259
2995.365086742259
2995.365086742259
2995.3650867416272
2995.3650867416272
2995.3612169427925
2995.355476882701
2995.355476882701
2995.355476882701
2995.355476882701
2995.355476882701
2995.355476882701
2995.355476882701
2995.355476882701
2995.355476882701
2995.355476882701
2995.355476882701
2995.355476882701
2995.355476882701
2934.675447302378
2934.675447302378
2934.675447302378
2931.33197042915
2931.3314218515766
2931.3314218515766
2931.32942747311
2931.32942747311
2931.32942747311
2873.485563839407
2873.485563839407
2873.485563717938
2873.485563717938
2873.4826251552804
2873.4826251552804
2873.4826251552804
2873.48257955204
2873.4825795520387
2873.4825795520387
2873.4818681852817
2873.4818681852817
2873.4818681852817
2873.4818681852817
2873.4818681852817
2873.4818681852817
2873.4818681852817
2873.4818681852817
2873.4818681852817
2873.481868185067
2873.4818677460717
2873.4818677460717
2873.481867510553
2873.481867510553
2873.481867510553
2873.481867510553
2873.481867510553
2873.481867292311
2873.4083565808637
2796.8213673876357
2796.8213673876357
2796.8213673876357
2796.821367387635
2796.821367387635
2796.821367387635
2796.584906463707
2796.584906463707
2796.584906463707
2796.584905572522
2796.584905572522
2796.584905572522
2796.584905572522
2796.584905572522
2796.584905572522
2796.584905572522
2796.584905572522
2796.584905572522
2796.584905572522
2796.584905558948
2796.584905558948
2796.584905558948
2796.584905558948
2796.584905558948
2796.584905558948
2716.3394750334023
2716.3394750332573
2716.3394750332573
2716.3394750332573
2716.3394750320263
2716.3394750320263
2716.3394750320263
2716.3394750320263
2716.3394750319508
2716.3372764522064
2716.3372764521755
2715.6072950086445
2715.6072950086445
2715.6072950086445
2715.6072950086445
2715.6072950086445
2715.6072950086445
2715.6072950086445
2713.6033116159397
2713.6033116159397
2713.603305629768
2713.266908915625
2713.266908915625
2713.266908915625
2713.266908915625
2629.7905044119602
2629.7905044119602
2629.7905044119602
2629.7905044119602
2629.7905044119602
2629.7905044119602
2629.7859897513968
2629.7859897513968
2629.7859897513968
2629.775348332577
2629.775348332577
2629.775348332577
2612.750936039598
2612.750936039598
2612.7489003354694
2612.7484799420413
2612.748462420465
2612.748462420465
2612.748462420465
2612.748462420465
2612.748462420464
2612.748462420464
2612.748462420464
2612.748462420464
2609.7753737816315
2609.7753737816315
2609.7753737816315
2594.7828284837274
2594.7828284837274
2594.782746527208
2594.782746527208
2594.782746527208
2594.782746527208
2594.7775884396665
2594.7775884396665
2594.7775884396665
2594.7775884396665
2594.7775884396665
2594.77653514571
2594.7765340463225
2594.7765340463225
2594.776534046322
2594.776534046322
2594.776534045913
2594.776534045913
2594.776534045913
2594.776534045913
2594.7765340233373
2594.765484577297
2594.765484577297
2594.765484577297
2594.765482621545
2594.765482621545
2594.765482621545
2594.765482621545
2594.765482621545
2594.69649404414
2594.696494020681
2594.696494020681
2594.6964939730915
2594.6964939730915
2594.6964939730915
2594.6964939730915
2594.6964939730915
2594.6964939730915
2594.6964939730915
2594.696493973088
2594.6964933714953
2594.6964933676463
2594.6964933676463
2594.6964933676463
2594.696481655156
2594.696481655156
2594.696481655156
2594.696476438967
2594.696476438967
2594.6938532839367
2594.6938532839367
2594.6938532839367
2594.6938532839367
2594.693853102124
2593.4075706224357
2593.4075706224357
2593.4075706224357
2593.4075706219764
2593.4075706219764
2593.4075706219764
2593.407349029227
2593.407349029227
2593.407324398894
2593.407324398894
2593.407324398894
2593.407324398894
2593.407324398894
2593.407324398894
2593.407324398894
2593.407324398894
2593.407324398894
2593.3955425974286
2593.3955425974277
2593.363786234738
2593.363786234737
2593.363786234112
2593.363786234112
2593.363786234112
2593.363786234112
2593.363786234112
2593.363786233328
2593.363786233328
2593.363786233328
2593.3637556622393
2593.1693628954986
2593.1693628954986
2593.1693628954986
2593.1693628954986
2593.1693628954986
2593.1693628954986
2593.1693628954986
2593.1693628954986
2593.1693628954986
2593.1693628312764
2593.1693628312764
2593.1693628312764
2593.1693628312764
2593.1693482814903
2593.1693482814903
2593.1602179710226
2284.037315244313
2284.037315244313
2284.037315244313
2284.036478298685
2284.036478298685
2284.036478298685
2284.036478298685
2284.036478298685
2284.0364782986144
2284.0364782986144
2282.6662225417967
2282.665454887142
2282.665454887142
2282.665454774906
2281.027177639691
2281.027177639691
2281.027177639691
2281.0264854436655
2281.026485443376
2281.026485443376
2281.026485443376
2281.026485443376
2281.026485443376
2281.026485443376
2281.026485443376
2281.026485443376
2247.8862498741546
2247.8862498741546
2247.8862498741546
2247.8858952389587
2247.8858952389587
2247.8858952389587
2247.885895126566
2247.885895126566
2247.8858951071006
2247.8858951071006
2247.8858951071006
2247.8858951071
2247.8858951071
2247.8858951071
2247.8799157559083
2247.8799157559083
2247.8795015196174
2247.8596928706493
2247.8596928706493
2247.8596928706493
2247.8583706114637
2247.8583706114637
2247.8583686477873
2247.846348960457
2247.846348960457
2247.846348960457
2247.846348960457
2247.846348960457
2247.8138743101476
2247.8138743101476
2247.8138743101476
2247.8138743101476
2247.8138743101476
2247.8138743101476
2247.8138585998013
2247.8138585998013
2247.65706798491
2247.65706798491
2247.65706798491
2247.65706798491
2247.65706798491
2247.65706798491
2247.65706798491
2247.65706798491
2247.65706798491
2247.6570679848824
2247.6570679848824
2247.6570679848824
2247.6570679205656
2247.6570679205633
2247.6570679205633
2247.6570679205633
2247.6570679205633
2247.657067869443
2247.657067869443
2247.657067869443
2247.657067869443
2247.6570564031913
2247.6570564031913
2203.7226822265607
2203.7226822265607
2203.7226822265607
2203.7226822265607
2203.7226822265607
2203.7226822265607
2203.7226822265607
2203.7226822265607
2203.7226822265607
2203.7226822265607
2196.7051395016797
2196.7051395016797
2196.7051395016765
2196.7051395016765
2196.7051395016765
2196.70480996092
2196.70480996092
2196.70480996092
2196.70480996092
2196.70480996092
2196.704809960918
2196.704806566656
2196.704806566656
2196.704806566656
2196.704806566656
2196.704806566656
2196.704806566656
2196.7020690421646
2196.7020690421646
2196.7020690421646
2196.7020690421646
2196.462417307915
2196.462417307915
2196.462417307915
2196.462417176979
2196.462417176979
2196.462417176979
2196.462417176979
2196.462417176979
2196.462416960239
2196.462416960239
2196.462416960239
2171.6691501075316
2171.6681419427828
2171.6681419427828
2171.66814171701
2171.66814171701
2171.66814171701
2171.66814171701
2171.66814171701
2171.6681417051946
2171.6681417051946
2171.6681417051946
2171.6681417051946
2167.6813483266865
2167.681348326098
2167.681348326098
2167.681348326098
2167.681348326098
2167.6758715803876
2167.675869707025
2167.675869707025
2167.6758697065984
2167.675869681906
2167.675869681906
2167.675869681906
2167.675869681906
2167.675869681906
2167.6749921186956
2167.6748069860764
2167.6748069860764
2167.674806823671
2153.5397634359992
2153.5397634359992
2153.5397634359992
2153.5397634359992
2153.5397634359992
2153.5397634155343
2129.818452837019
2129.818452837019
2129.818452837019
2129.818452837019
2129.818452816061
2129.818452816058
2129.6924930620403
2129.692493055459
2129.692493055459
2129.692493055459
2129.571165335011
2129.571165334995
2129.571165334995
2129.571165334995
2129.5711549943812
2129.5711549943812
2129.5711549943812
2129.5711549943812
2129.5711549943812
2129.5711549943812
2129.5711549114176
2129.5711510828573
2129.5711510828573
2129.5711510828573
2129.5711510828573
2129.5711510828573
2129.5711510828573
2129.571135822172
1181.9489559312713
1181.9489559312713
1181.9489559312713
1181.9489559312565
1181.9489559312565
1181.9489559312565
1181.9489549558104
1181.9489549558104
1181.9489549558104
1181.9489549558104
1181.0434695995102
1181.0434695995102
1181.0434695995102
1181.0434695995102
1181.0434695995102
1181.0434695473348
1181.0434695473348
1181.0434695473348
1181.0434695473348
1181.0434396641158
1181.0432928765151
1181.0432928765151
1181.0432928765151
1181.0432928765151
1181.0432928765151
1181.0432928765151
1181.0432925016125
1181.0432925016125
1181.0432925016125
1181.040157268984
1181.040157268984
1181.040154844238
1181.040154844238
1181.0401548441962
1181.0401548441962
1181.0401548441962
1181.0401548441962
1181.0401548441962
1181.0401548441962
1181.0401548441962
1181.0400476952457
1181.0400476952457
1181.0400476952457
1181.0400476327266
1181.0400476327266
1181.0400476327266
1181.0400476327266
1179.7782906839054
1179.7782906839054
1179.7782906839054
1179.7782906839054
1179.7782906839054
1179.7782906839054
1179.7782906822617
1179.7782901757241
1179.7757688008287
1179.7757688008287
1174.3437911161932
1174.3437184410534
1174.3316846278608
1174.3316846278608
1174.3158223611515
1174.3158223611508
1174.3158223611508
1174.2714716624719
1174.2714716624719
1174.2714716624446
1174.2714716624446
1174.2714713180028
1174.2714713180028
1174.271471317913
1074.313491007499
1074.313491007499
1074.2883773825515
1071.9005096473816
1071.9005048722754
1071.9003471146395
692.9299598283438
692.9299598283438
692.5681663380975
692.5681663380975
692.568136577368
692.568136577368
692.568136577368
692.568136577368
692.5671370175887
692.5665705669036
692.5665705669036
692.5665705669036
626.0229528246285
626.0229528246285
626.0229528246285
626.0229528246285
626.0229528246285
626.0229528246285
626.0229528246285
626.0229528246285
626.0229528246285
626.0229528246285
626.0229528246285
626.0229528246285
626.0229528245981
626.0229528243681
626.0229528243681
626.0229528243681
626.0229528243681
626.0229528243681
626.0229528243681
626.0229528241226
625.9188501783125
625.918834127995
625.918834127995
625.918834127995
625.918834127995
625.918834127995
625.918834127995
625.918834127995
625.918834127995
625.918834127995
625.918834127995
625.918834127995
625.918834127995
625.918834127995
625.918834127995
625.918834127995
625.918834127995
625.918560649643
625.918560649643
625.918560649643
606.5173474228957
606.5173474228957
606.5173474228957
606.5173474228957
606.5173474228957
606.5173474228957
606.5173474228957
606.5173338042832
606.5173338042832
606.5173338042832
606.5173306610131
606.5173306610131
606.5173306610131
606.5173306610131
606.5173306610131
606.5173306610131
606.5173306610131
606.5173306610131
606.5173306610131
606.5173306610131
606.5063806346976
606.5063806346976
606.5063806346976
606.5063806346976
606.5063806346976
606.5063806346976
605.0740352145182
605.0740352145181
603.4535298161044
603.4535298155506
603.4535298155506
603.4535298155506
603.4535298155506
603.453529716215
603.453529716215
603.4535296976337
603.4535296976337
603.453529695436
603.4535290513695
603.4521079721798
603.4521079721798
603.4521079720492
603.4521071282734
603.4521071282699
603.4521070738238
603.4521070738238
603.4521044734138
603.4521044734138
603.4521044734138
603.4521044734137
603.4521044734137
603.4521044734137
603.4445789162934
603.4445789162934
603.397048347152
603.397048347152
603.397048347152
603.397048347152
603.397048347152
603.397048347152
603.3970483471159
603.3970483471159
603.3970483471159
603.3970483471159
603.3970483471159
603.3970483471159
603.397039367025
603.397039367025
603.397039367025
603.397039367025
603.397039367025
603.397039367025
603.3969823091602
603.3969823005968
603.3969823005968
603.3969823005472
603.3867371478952
603.3867371478952
603.3867371478952
603.3867371478952
603.3798534889593
603.3798312669988
603.3798312669988
603.3798312669988
603.3798312669988
603.3798312654054
603.3798312654054
603.3798312654054
603.3798312654054
603.3798312654054
603.3798312654054
603.3798312654054
603.3798312654054
603.3798138911683
603.3798138911683
603.3798138911683
603.3798138911678
603.3798138911678
603.3796395066885
603.3796395066885
603.3796395066885
603.3796395066884
603.3261551527231
603.3261551527231
603.2987067335107
603.2987067335107
603.2987067335107
603.2987067320598
603.2987067282721
603.2987067282721
603.2987067282721
603.2987067282721
603.2987067282462
603.2987067282462
603.2987067282462
603.2987067282462
603.2986899274171
603.2986899274171
603.2986899274171
603.298589138594
603.298589138594
602.9611035092785
602.9611035092785
602.9611035092785
602.9611035092785
602.9595397555254
602.9595397555254
602.9595397555254
602.9595397555254
602.9591214148312
602.9591214148312
602.9591214148312
602.9591214148312
602.9591214142621
602.9591214134423
602.9591186807307
602.9591186807307
602.9496058227872
602.9496058227872
602.9496058227872
602.9496058227872
602.9496058227863
602.9496058227863
602.9310734606232
602.9310734606015
602.9310734606015
602.9310734606015
602.9310734606013
602.9310734606013
602.9310734606013
602.9310734606013
602.9310734606013
602.9310734606013
602.9310734595466
602.9310676022944
602.9310676022944
591.8048921596935
591.8048921584945
591.8048921584945
591.8048921584945
591.804891131251
591.804891131251
591.804891131251
591.8048906899494
591.8048906899494
591.804722980457
591.804722980457
591.804722980457
591.804722980457
591.804722980457
591.804722980457
591.804722980457
591.7852867859514
591.785286609173
591.785286609173
591.7852866090601
591.7852866087616
591.7852866087616
591.7852866087616
591.7852866087616
591.7852863203204
591.7852863203204
591.7852863203204
591.7852862504132
591.7852862504132
591.7852862504132
591.7852862504132
591.7851979869058
591.7851979869058
591.7851979735882
591.7851979735882
591.7851979735835
591.7851979733077
591.7851979733077
591.7851979733077
591.7851979733077
591.7851979733077
591.7851979733077
591.7851979733077
591.7851967209414
591.7851967209414
591.7851962079145
591.7851962079145
591.785196207446
591.7851933287958
591.7851933287958
591.7851933287958
591.7851933287958
591.7851933287958
591.7851566092415
591.7851566092415
591.7851566092415
591.7851566092415
591.7851459088557
591.78338123142
591.78338123142
591.78338123142
591.78338123142
591.78338123142
591.78338123142
591.78338123142
591.78338123142
591.78338123142
591.7833807648775
591.7833807648775
591.7833807648775
591.7833807648775
591.7833807648775
591.7833700480775
591.7818776895916
591.7818776895916
591.7804171484521
591.7804171484382
591.7804171484382
591.7804171484382
591.7804036710083
591.7786191982983
414.1664480692897
414.1664441466945
414.1664441466945
414.1664441466945
400.20203672193634
400.20203672193634
400.20203669450456
400.20203669450456
400.20203669450456
400.20203669450456
400.20203669450456
400.2020227305688
400.2020227305688
400.2020227305688
400.202021738348
400.202021738348
400.1991927110511
400.1991927110511
400.1991927110511
400.1991927110511
400.19919269911924
400.19919269911924
400.19919269911924
400.19919269911924
400.19919269911924
400.19919269911924
400.1991926990826
400.1991926990826
400.1991926990826
400.19919260998944
400.19919260998944
400.19919260998944
400.19919260998944
400.19919260998944
400.19919260998944
400.19919260998944
400.19919260993515
400.19919260993515
400.1991468468362
400.14229008385047
400.14229008385047
400.14229008385047
400.14229008385047
400.14228827068507
400.1421385172416
400.1421385172416
400.1421385172416
400.1421385172416
400.1421385172416
400.1421385172416
400.1421385172416
400.1421385172416
400.1421385172416
400.1421385172416
400.1421385172416
400.1421385172416
400.1421385172416
400.1421385172416
400.1421385172145
400.1421385172145
400.1421385172145
400.1421385172145
400.1421385172145
400.1421385172145
400.14213730051017
400.14213730051017
400.14213730051017
400.1421367268152
400.1421367268152
400.13998961184154
400.13998961184154
400.13998961184154
400.13998961184154
400.13998961184154
400.13998961184154
400.13998961184154
400.13998961184154
400.13998961184154
400.0894447104968
400.0894447104968
400.08944453336534
400.08944453335124
400.08944453335124
400.08944453335124
400.08944453333345
400.08944453333345
400.08944453333345
400.08944453333345
400.0850331914556
400.0850331914556
400.08502691649386
400.08502691649386
400.08502691649386
400.08502691649386
400.08502691649386
400.08502691649386
400.08502691649386
400.08502691649386
400.08502691649386
400.08502691649386
400.08502691649386
398.5740951139578
398.5740951139578
398.5740951139578
398.57409500890736
398.57409500890736
398.57409500890736
397.4858631495273
397.4858631495273
397.4858631394296
397.4858631394296
397.4858631394296
397.4858631394296
397.4858631394296
397.4858631394296
397.4858631394296
397.4858631394296
397.48586313262604
397.48586313262604
397.48586313262604
397.48586313262604
397.4858631290402
397.4858631290402
397.4858631290402
397.4858631290402
397.4858631290402
397.48586312887414
397.48586312887414
397.4858631287801
397.4858631287801
397.4858631287801
397.48586312876114
397.48586312876114
397.48586312876114
397.4857687631759
397.4857687631759
397.4857687631759
397.4857687631759
397.4822934677721
397.4822934677721
397.48229346733575
397.48229323173035
397.48229096596833
397.48229096596833
397.48229096596833
397.48229096596833
397.48229096596833
397.48229096596833
397.48229096596833
397.4822909659679
397.4822909659679
397.4822909659679
397.4822909659679
397.4822909659679
397.48229096547806
397.48022816203706
397.4802281617346
397.4802281617346
397.4802281617346
397.4802281617346
397.4802281617346
397.4802281617346
397.4802281617346
397.4802281617346
397.4802281617346
397.48022816173443
397.4802281617125
397.4802270648076
397.4802270648076
397.48022706357204
397.48022706357204
397.4802270618462
397.4802270618462
397.4802270618462
397.4802270618462
397.48022441641876
397.48022441641876
397.4798469654909
397.4798469637352
397.47984696347146
397.47984696347146
397.47984696347146
397.47984696347146
397.47984696347146
397.47984696347146
397.47984696347146
397.47984696347146
397.4798466686383
397.47984663811616
397.47984663811616
397.47984663811616
397.47984663811616
397.47984663811616
397.47984663811616
397.47984663811616
397.47984663811616
397.47984663811616
397.47984663811616
397.47984663811616
397.47984663811616
397.47984663811616
397.47984663811616
397.47984663811616
397.47984663811616
397.47984663811616
397.43873823145077
397.43873823145077
397.43873823145077
397.43873823145077
397.43873823145077
397.43873823145077
397.43810900600346
397.43810900600346
397.43810900600346
397.43810900600346
397.43810900600346
397.43810900600346
397.43810900600346
397.43810900600346
397.43810900600346
397.43810897632915
397.43810897632915
397.43810897632915
3.9066748838790457
3.906622164764012
3.883089625413402
3.883089625413402
3.883089625391044
3.8489448855191304
3.8489448855191304
3.8489421084100863
3.8489421084100863
3.7632259154447385
3.7632259154447385
3.7632259154447385
3.7632259154447385
3.763225915444735
3.763225915444735
3.763225915444735
3.763225915444735
3.763225915444735
3.7632250124061195
3.7632250124061195
3.7632250124061195
3.7632250124061195
3.7632250124061195
3.7632250124061115
3.7632250124061115
3.7632250124061115
3.7632250124061115
3.7632250124061115
3.763224894003795
3.7632248940037405
3.7632248940037405
3.7632248940037405
3.7632248940037405
3.7632248940037405
3.7632248940037405
3.7632248940037405
3.7632248940037405
3.7632248940037405
3.7632248940037405
3.763104139854871
3.763104139854871
3.763104139854871
3.763104139854858
3.763104135088577
3.763104135088577
3.763104135088577
3.763104135088577
3.763104135088577
3.763104135088577
3.763104135088577
3.763104135088577
3.763104135088577
3.763104135088577
3.763104135088577
3.763104135088577
3.763104135088577
3.7631041350877115
3.7631041350877115
3.7631041350877115
3.7631041350877115
3.7631041350877115
3.763104135087711
3.763104135087711
3.763104135087711
3.763104135087711
3.7631041345886
3.7631041345885956
3.7631041345885956
3.7631041345885956
3.7631041345885956
3.7631041345885956
3.7631041345885956
3.7631041345885956
3.7631041345885956
3.7631041345885956
3.7631041345885956
3.7631041345885956
3.7631041345885046
3.7631041345885046
3.7624302526940157
3.7624302526940157
3.7624302526940157
3.761846638365283
3.761846638303307
3.7618466381458426
3.7618466381458426
3.7618466381458426
3.7618466381458293
3.761806613205407
3.761806613205407
3.761806613205407
3.761806613205407
3.761806613205407
3.761806613205407
3.761806613205407
3.76180648222475
3.761806482110924
3.761806482110924
3.761806482110924
3.761806482110924
3.761806482110924
3.761806482110924
3.761806482110924
3.761806482110924
3.761806482110924
3.761806482110924
3.761806482110924
3.7618064820226675
3.7618064820226675
3.7618064820226667
3.761806482022641
3.761806482022641
3.761806482022641
3.732104850412916
3.732104850412916
3.732104847540843
3.732104846732198
3.732104846732198
3.732104846732198
3.732104846732198
3.7321048462754205
3.732104774057509
3.732104774057509
3.732104774007919
3.7321047740079187
3.7321047740079187
3.7321047740028974
3.7321047689345646
3.7321047689345646
3.7321026338763494
3.732102633874276
3.7263340179152626
3.7263340179152626
3.7263340179152626
3.7263340179152626
3.7263340179151974
3.7263340179151974
3.7263340179140023
3.7263340179140023
3.7263314763959285
3.7263314763959285
3.7263314763959285
3.726331476395848
3.726331472040388
3.7263314157184158
3.726317019294618
3.726317019294618
3.726317019294618
3.726317019294618
3.726317019294618
3.7263169976473876
3.7263169976473876
3.7263169976473876
3.7263169976473876
3.7263169976473876
3.7263169976473876
3.7263169976473876
3.7263169976473876
3.7263169976473876
3.72625844468731
3.726258444682397
3.726258444682397
3.7262580266643486
3.7262580266643486
3.7262580266643486
3.7262580266643486
3.7262580266643246
3.7262579287310054
3.7262579287310054
3.726257928701105
3.726257928701105
3.726257928701105
3.726257928701105
3.726257748808775
3.726257748808775
3.726257748808775
3.7262577488065776
3.7261116260817007
3.7261116260817007
3.7261116260817007
3.7261115221473724
3.7261115221473724
3.7261115221473724
3.7261115221473724
3.7261115221473724
3.72611152214696
3.72611152214696
3.72611152214696
3.724460613240547
3.724460613240547
3.724460613240547
3.72446061323889
3.72446061323889
3.72446061323889
3.72446061323889
3.7244606132374263
3.7244606132374263
3.7244604977620805
3.7244604977620805
3.7244604977620805
3.7244604977620805
3.7244604977620805
3.7244604977620805
3.7244604977620805
3.7244604977620805
3.7244604977620805
3.7244604977620805
3.724460497678675
3.7244604976778963
3.7244604976778963
3.724460497673798
3.724460497673798
3.724460497673798
3.724227137605869
3.724227137605869
3.724227137605869
3.724227137605869
3.724227137605869
3.724227137605869
3.724227137605869
3.724227137605869
3.724227137605869
3.724227137605869
3.7242271375966642
3.7242271375966642
3.7242271375966642
3.7242271375966642
3.7242271375966642
3.7242271375966642
3.7241583692319207
3.7241583692319207
3.724158369231907
3.724158369231907
3.724158369231907
3.724158369231907
3.724158277893015
3.724158277893015
3.7241580816663022
3.7241580816663022
3.7241580816663022
3.7241580816663022
3.7241580816663022
3.7241580816663022
3.724151678015751
3.724151677926915
3.724151677926915
3.724151677926915
3.7239906841311994
3.723972800963248
3.7239727766785897
3.7239727766785897
3.7239727766785897
3.7209835360493777
3.720983536049298
3.7209835360492973
3.7209835360492973
3.720831574608288
3.720831574608288
3.720831574608288
3.720831574608287
3.720831574608287
3.720831574608287
3.7208314729822005
3.7208314727311294
3.7208314727311294
3.7208314727311294
3.7208314727311294
3.7208314727311294
3.7208314727311294
3.7208314727311294
3.7208279392438004
3.7208279392438004
3.7208279392438004
3.72082793924284
3.72082793924284
3.72082793924284
3.72082793924284
2.6440144053871375
2.6440144053871375
2.0275042717758733
2.0275042717758733
2.027504271774494
2.027504271774494
2.0275042357037028
2.0275042357037028
2.0275042357037028
2.0275042357037028
2.0275042357037028
2.027504235647089
2.027504235647089
2.027504235647089
2.027504235647089
2.027504235647089
2.0275042356470885
2.0275042356470885
2.0275042356470885
2.0275042356470885
2.0275042356470885
2.0275040816203145
2.0275040816203145
2.0275040816203145
2.0275040816203145
2.0275040816203145
2.027504081565554
2.0274527312081485
2.0274527312081485
2.027417371421626
2.027417371421626
2.027417371421626
2.027417371421626
2.0274173714215507
2.027417272353835
2.027417272353835
2.027417272258306
2.027417272258306
1.9556969610856199
1.9556969610856199
1.9556969610856199
1.9556969610856199
1.9556847359137657
1.9556847359137657
1.9556847359137657
1.9556847359137657
1.9556847359137657
1.9556847359137657
1.9556847359137657
1.9556847219064168
1.9556847219064168
1.9556847219064168
1.9556847219064168
1.955684719499533
1.955684719499533
1.955684719499533
1.955684719499533
1.955684719499533
1.955684719499533
1.9556847194778004
1.9556847194778004
1.9556847194778004
1.9556847194778004
1.9556847194778004
1.9556847194778004
1.9556847194778004
1.9556847194777962
1.9556847194777962
1.9556847194777962
1.9556847194777962
1.9556847194777962
1.9556847194777962
1.9556847194777962
1.9556847076849304
1.9556729812216882
1.9554994078116943
1.9554994078116943
1.9554994078116943
1.9554994078116943
1.9554994078116943
1.955499407811694
1.955499407811694
1.9554994078116874
1.9554994078116874
1.9554994078116874
1.9554994078116874
1.9554994078116874
1.9554994078116874
1.955499380434721
1.955499380434721
1.955499380434721
1.9552133474122648
1.9552106002592247
1.9552106002592247
1.9552106002409062
1.955129133138803
1.955129133138803
1.9551291331057483
1.9551291331057483
1.9551291237100275
1.9551291227370289
1.9551291227370289
1.9551291227370289
1.9551291227370289
1.955123433363941
1.955123433363941
1.9551234333488368
1.9551234333488368
1.9551234333488368
1.9551234333488368
1.9551234333475662
1.9551234333475662
1.9551234333475662
1.955123359169976
1.9551233471633913
1.9551233471633913
1.9538672445589316
1.9538672445589316
1.9538672426035515
1.9538672426035515
1.9538672426035515
1.9538672426035515
1.9538672426035515
1.9538530099762859
1.9538530099762859
1.9538530099762859
1.9512912674546523
1.95128295795898
1.95128295795898
1.9512829579589748
1.9512829579589748
1.9512829579589748
1.9512829579589748
1.951256718274086
1.951256718274086
1.951256718274086
1.951256718274086
1.9512567169102708
1.9512567169102708
1.9512567169102708
1.9512567169102708
1.9512567169102708
1.9512567169102708
1.9512567169102708
1.9512567169102708
1.9512567169102708
1.590776296907417
1.589592806611205
1.589592806611205
1.589592806611205
1.5895928047732057
1.5895928047732057
1.5895928047732057
1.587203531557617
1.5872035315250905
1.5872035315250905
1.5872035315250905
1.5872035315250905
1.5871519656617368
1.5871519656617368
1.5871519656617368
1.5871519656617368
1.5871519656617368
1.5871519656617368
1.5871519656617368
1.5871518902978494
1.5871518902978494
1.5871518902978494
1.5871518902978494
1.5871518902978494
1.5871518902978494
1.5871518902698079
1.5871518902698079
1.5871518902698079
1.5871518902698079
1.5871518902698079
1.5871518902698079
1.5871453078541669
1.587145307854046
1.587145307854046
1.587145307854046
1.587145307854046
1.5871453066007073
1.5871453066007073
1.5871453066007073
1.587145306600707
1.587145306600707
1.587145306599691
1.587145306599657
1.587145306599657
1.5871453065924535
1.5871453065924535
1.5871453065924535
1.5871453065924535
1.5871453065924535
1.5871452277875848
1.5871452277875848
1.5871452277875848
1.5871452277875848
1.5871452277875278
1.5871452277875278
1.587145227787355
1.587145227787355
1.587145227787355
1.5871452234308028
1.58714511457856
1.5871451145785518
1.5871451145785518
1.5871451145785518
1.587145114578515
1.5871351434817829
1.5871351434817829
1.587135143478481
1.587135143478481
1.5871351421016535
1.5871350975329224
1.5871350975329224
1.5871350975329224
1.5871350975328962
1.5871350975328882
1.587135097468353
1.587135097468353
1.5871350967036244
1.5871350967033426
1.5871350967033426
1.5871350967033426
1.5871350967033426
1.5871350967033426
1.5871072581796175
1.5189663200325416
1.5188193070056843
1.5188193070056843
1.5188193069811433
1.5188193069811433
1.5188193069811433
1.5188193069811433
1.5188193066009927
1.5188193066009927
1.5188193054230958
1.5188193054230852
1.5188193054230852
1.5188193054229402
1.5188193054229402
1.5188193054229402
1.518819305378778
0.3932764064579879
0.22448498415037751
0.22448498415037751
0.22448498415037751
0.22448498415037751
0.2243940483669022
0.2243940483669022
0.2243940483669022
0.2243940483669022
0.2243940483669022
0.2243940483669022
0.2243940483668201
0.2243940483668201
0.2243940483668201
0.2243940483668201
0.2243940483668201
0.2243940483668201
0.2243940483668201
0.2243940483668201
0.2243939370115832
0.2243939370115832
0.2243939370115832
0.2243939370115832
0.2243939370115832
0.2243939370115832
0.2243939370115832
0.2243939370115832
0.22439393701158297
0.22439393701158297
0.22439393701158297
0.22439393701158297
0.22439393701158297
0.2243939173247321
0.22439391732472494
0.22439391732451358
0.22439391732451358
0.22439391732451358
0.22439391732451358
0.22439391732451358
0.2243939173245133
0.2243939173245133
0.2243939173245133
0.2243939173245133
0.22438822076622655
0.22438822076622655
0.22174031702421945
0.22174031690917162
0.22174031690917162
0.22167836545883735
0.22167836545883735
0.22167836538332497
0.22167836538332497
0.22167836538329297
0.22167836538329297
0.22167836538329297
0.22167836538329297
0.22167836538329297
0.22167836538329297
0.22167836538329297
0.22167836538329297
0.22167836464907356
0.22167836464907356
0.22167836464907356
0.22167836464907356
0.22167836464907356
0.22167836464907356
0.22167833991699668
0.22167833991699668
0.22167833991699668
0.22167789276135422
0.22167789276135422
0.22167789276135422
0.22167789276135405
0.22167789275042862
0.22167788926611823
0.2216778797665126
0.2216778797665126
0.2216778797665126
0.2216778797665114
0.2216778797665114
0.2216778797665114
0.2216778797665114
0.2216778797665114
0.22167678594483856
0.22167678594483856
0.22167678594483856
0.22167678594483856
0.22167678594483856
0.22167678594483856
0.2216756324795026
0.2216756324795026
0.22167560151545526
0.22167560151545526
0.22167560151545526
0.22167560151545526
0.22167560151545526
0.22167123329557917
0.22167123329557917
0.22167123329557917
0.22167123329557917
0.22167123329557917
0.22081911245748767
0.22081911245748767
0.2207969033495751
0.2207969033495751
0.2207969033495751
0.2207969033495751
0.22079690334957028
0.22079690334957028
0.22079690334026073
0.22079690148233452
0.22079690148233452
0.22079690148233452
0.22079690148233452
0.22079690135025312
0.22079690135025312
0.22079690135025312
0.22079690135025312
0.22079690135025312
0.2207969013502523
0.2207969013502523
0.2207969013502523
0.2207969013502323
0.2207969013502323
0.2207969013502323
0.22079690135018135
0.22079689878052075
0.22079689878052075
0.22079689878051592
0.22079689878051592
0.22079689878051592
0.22079689878051592
0.22079689878051592
0.22079689878051592
0.22079689878051592
0.22079689878051592
0.22079689878051592
0.2207968978607711
0.0699128450680496
0.0699128450680496
0.0699128450680496
0.0699128450680496
0.06991284506804876
0.06991284506804876
0.06991284506804876
0.06991284373001812
0.06991284373001812
0.06991284373001812
0.06991284373001812
0.06991284373001812
0.06991284373001812
0.06465968046210437
0.06465968046210437
0.06465967330564738
0.06465967330564738
0.06465967330564738
0.06465967330564738
0.06465967330564738
0.06465967330564736
0.06465967307974142
0.06465947290325505
0.06465947290325505
0.05703781253618863
0.05701731415835755
0.05701731415835755
0.057017306251678446
0.057017306251678446
0.057017290942356524
0.057017290942356524
0.05701729094130642
0.05701729089106447
0.057017290886249156
0.0570172772302206
0.05701727722211548
0.057017035569632335
0.057017035569632335
0.057017035569632335
0.057017035569632335
0.057017035569632335
0.057017035569632335
0.05701649811678347
0.05701649811388106
0.05701649811388106
0.05701649811388106
0.057016412359104006
0.057016412359104006
0.057016412359104006
0.057016412359104006
0.05701621310709234
0.05701621310709234
0.057016213107092324
0.057016155475414464
0.057016155475414464
0.05701615547541012
0.05701615547541012
0.05701615547541012
0.05701596746234019
0.05699584127238472
0.05699584127238472
0.05699584127238472
0.05699470130584129
0.05699470130584129
0.05699470130584129
0.05699470130584129
0.05699470130584129
0.05699421144707373
0.05699421144707373
0.05699421144707373
0.05699421144707373
0.05428847386757307
0.05428847386757307
0.05428847386757307
0.05428847386757307
0.05428446570049935
0.05428446570049935
0.05428446570049935
0.054284465700490406
0.054284465700490406
0.05426387802299048
0.05426387802299048
0.05426387802299048
0.049124162821797525
0.049124162821797525
0.049068327076266745
0.04906832707583386
0.04906832707583386
0.04906832293500616
0.04502270491243462
0.04502270490643958
0.04502270490643958
0.04502270490643958
0.04502270489923435
0.04502270489923435
0.044951623088633694
0.044951623088633694
0.044951623088633694
0.044951623088633694
0.044951623088633694
0.044951623088633694
0.04495162308853207
0.04495162308853207
0.04495162308853207
0.04153538254950016
0.04153538254950016
0.04153532554029789
0.04153532554029789
0.04153532554029789
0.04153532554029789
0.041535324268640886
0.041535324268640886
0.041535324268640886
0.041535324268640886
0.041535324268640886
0.041535324268640886
0.041535324268640886
0.041535324268640886
0.041535324268640886
0.0415352861937814
0.0415352861937814
0.04153528618800342
0.04153528618800342
0.033453412502053755
0.033453412502053755
0.033123082075045225
0.03258020247758227
0.03258019805026498
0.03258019805026498
0.03258019805026498
0.03258019805026498
0.03234263707729792
0.03234263707729792
0.03234263707729792
0.03234263707729792
0.03234263707729792
0.03234263707729792
0.03234263707729751
0.03234263707729751
0.03234263707729751
0.03234263707729751
0.03234263707729751
0.03234263707729751
0.03234263707729751
0.032324270457261245
0.03232427045725952
0.03232427045725952
0.03231934028782747
0.0323193402878273
0.0323193402878273
0.03209604671757542
0.03209604671757542
0.03209604671757542
0.03209604671757542
0.03209604671757542
0.03209604671757542
0.03209604671757542
0.03209604671757542
0.03209604671757542
0.03209604671757542
0.032096046668177974
0.032096046668177974
0.032096046668177974
0.032096046668177974
0.032096046668177974
0.032096046664951854
0.032096046664951826
0.03209604666368446
0.03209604666368446
0.03209604666368446
0.03209604666368446
0.032096046663684444
0.032096046663314275
0.032096046663250444
0.032096046663250444
0.032096046663250444
0.03209604666325041
0.03209604666325041
0.03209604666325041
0.03209604664465972
0.03209604664465972
0.03209604664310523
0.03209604664310523
0.03209604664310523
0.03209604664310523
0.03209604664310523
0.03209604664310523
0.03209604664310523
0.03209604664310523
0.03209604595471675
0.03209604595471675
0.03209604595471675
0.03209604595471675
0.03209604595471675
0.03209604595471675
0.03209604595471588
0.03209604595471588
0.03209604595471588
0.03209604522143318
0.03209604522143318
0.03209604522143318
0.03209604522143029
0.03209604522143029
0.03140043755048302
0.03139819579055801
0.03139819579055801
0.03139819579055801
0.03139819579055801
0.03139819579055801
0.03139819579055801
0.03139819579055801
0.03139819579055801
0.03139819579055801
0.03139817901574782
0.03139817901574782
0.03139817901574782
0.03139817901574779
0.03139817901574779
0.03139817901574779
0.031398178182212036
0.031398178182212036
0.031398178182212036
0.031379783050839674
0.031379783050839674
0.031379783050839674
0.031379783050839674
0.031379783050839674
0.03137978285189303
0.03137978285189303
0.03137978285189303
0.03137978285189303
0.03137978285189303
0.03137978285189303
0.03137978285189303
0.03137978285189303
0.03137978285189303
0.031379782686513556
0.031379782686513556
0.031379782686513556
0.031379782686513556
0.031379782686513556
0.031379782686513556
0.031379782686513556
0.031379782686513556
0.031379782686513556
0.031379782686513556
0.03137978268644786
0.03137978258985212
0.031379782589851024
0.031379782470708335
0.031379782470708335
0.031379782470708335
0.031379782470708335
0.0313797006332341
0.0313797006332341
0.0313797006332341
0.0313797006332341
0.0313797006332341
0.0313797006332341
0.03137970063322565
0.03137970063322565
0.03137970063322565
0.03137970063322565
0.031372234738172244
0.031372234738172244
0.031372234738172244
0.031372234738172244
0.031372234738172244
0.03137223472477562
0.03137223472477562
0.03137223472477562
0.03137223472477562
0.03137223472477562
0.03137222789185448
0.03137222787041523
0.03137222787040869
0.03137222787040869
0.03137222787040869
0.0313722278704086
0.031372223396444264
0.031372223396444264
0.03137222339644075
0.03137222339644075
0.03137222339642737
0.031372223396110795
0.03137221642206134
0.03137221642201971
0.03137221642201971
0.03137221642175133
0.03137209029561964
0.03137209029561964
0.03137209029561964
0.03137209029561964
0.03137209029561964
0.03137209029561964
0.03137209029561964
0.03137209029561964
0.03137209029561964
0.03137209029561964
0.03137209029561964
0.03137209029561553
0.03137209029561553
0.03137209029093196
0.03137209029093196
0.03137209029093195
0.03137209029093195
0.03137209029093195
0.03137209029093195
0.03137209029093195
0.03137209029093195
0.03137209029093195
0.03137209029093195
0.03137209029093195
0.03137209029093195
0.03137209029093195
0.03137209029093195
0.0313720902673928
0.0313720902673928
0.031372090267391205
0.031372090267391205
0.031372090267391205
0.03137209026726108
0.03137209025617387
0.03137209025617387
0.03137209025617387
0.03137209025617387
0.03137209025617387
0.03137209025617387
0.03137209025617387
0.03137209025617387
0.03137209025617385
0.031372083767995926
0.03137208376799592
0.031372083580780176
0.031372083580780176
0.031372083580780176
0.031372083580780176
0.03137208358077197
0.03137208358077197
0.02955356211764762
0.02955355881342919
0.02955355881342919
0.02955355881342919
0.02955355881342919
0.02955355881342919
0.029553558813429182
0.029553558813429182
0.029553558813429182
0.029553558813428346
0.029553558813420176
0.029553558813420176
0.029553548305457773
0.029553548305457773
0.029553548305457773
0.029553548305457773
0.029553548305457738
0.029553548305457738
0.029553548305457738
0.029553548305457738
0.029553548305457738
0.029553548305456836
0.02955354830269451
0.029553548302681136
0.029553548302681136
0.029553548302681136
0.029553548302681136
0.029553548302681136
0.02955354829761764
0.02955354829761764
0.02955354829761764
0.02955354829761764
0.02955354829761764
0.02955354829761764
0.02955278966978381
0.029552789669415935
0.029552789669396007
0.029552789669396007
0.029552789669396007
0.029552789669396007
0.029534400458354874
0.02953440045835479
0.029534400458354787
0.029534400458354787
0.029534400458354787
0.029534400458354787
0.029534400458354787
0.029534400458354787
0.029534400458354787
0.029534400458354787
0.029533109122669786
0.029533108992803824
0.029533108992803796
0.029533108992574466
0.029533108992574466
0.029533108992574466
0.02953310880780652
0.02953310880780652
0.029440780167638788
0.029440780167638788
0.02944078016763592
0.02944078016763592
0.02944078016763592
0.02944078016763592
0.02944078016763592
0.02944078016763592
0.029440780167635898
0.029440780167635898
0.029440780167635898
0.029440780167635898
0.029440780167635898
0.029440780167635898
0.029440780007619266
0.029440780007619207
0.029440780007619207
0.029440780007619207
0.029440770779935514
0.029440770779935514
0.029440770779935514
0.029440770779935514
0.029440770779935514
0.029440770779804164
0.029440770779804164
0.029440770779804164
0.029440770770414574
0.029440770770414574
0.029440730362432433
0.029440730362432433
0.02930145465675263
0.02930145465675263
0.02930145465675263
0.02930145465675263
0.02930145465675263
0.02930145465675263
0.02930145465675263
0.02930145465675263
0.029301453524124797
0.029301453524123566
0.028950260476135196
0.028950260476135196
0.028950260476135196
0.028950260471628204
0.02895026047146304
0.02895026047146304
0.02895026047146304
0.028950260471307578
0.028950260471307578
0.028942717892280735
0.028942717892280735
0.028942717892280735
0.028942717892280735
0.028942717892280735
0.028942717892280735
0.028942717892280735
0.02894271789227986
0.028942676315646138
0.028942676315646138
0.028942676315646138
0.028942676315646138
0.028942676315646138
0.028942676315646138
0.028942676315646138
0.028942676315646138
0.028942676315646138
0.028942676315638866
0.028942676315638866
0.028942676315638866
0.028942674801888592
0.028942674801791156
0.028942674799800228
0.028942674691201205
0.028942674691201205
0.028942674691201205
0.028942674510273728
0.028942674510273728
0.028942674510273728
0.028942674510273728
0.02894230261243453
0.02894230261243453
0.02894230261243453
0.02894230261243453
0.0289423026124332
0.0289423026124332
0.0289423026124332
0.0289423026124332
0.0289423026124332
0.0289423026124332
0.0289423026124332
0.0289423026124332
0.0289423026124332
0.028942302415549626
0.02894227453107836
0.02894227453107836
0.02894227453107836
0.02894227453107836
0.02894227453107836
0.02894227453107836
0.02894227453107836
0.02894227453107836
0.02894227453107836
0.02894227453107836
0.02894227453107836
0.02894227453107836
0.028942119223956415
0.028942119223956415
0.028942119223956158
0.028942119223956158
0.028942119223956158
0.028942119223956158
0.028942119223956158
0.028942119223956158
0.028942119223956158
0.028942119223956158
0.02889154480188381
0.028891544801882944
0.028891544801882944
0.028882603730134265
0.028882603730134265
0.028882602779460115
0.028882602779460115
0.028882602745956915
0.02888260271632454
0.02888260271632454
0.02888260271015856
0.02888260271015856
0.02888260271015856
0.02888260271015856
0.02888260271015856
0.028882564818008234
0.028882564818008234
0.028882564818008234
0.028882564818008234
0.028882564818008234
0.028882564818008234
0.02888256481800334
0.02888256481800334
0.02888256481800334
0.02888256449693784
0.028882564321717187
0.028882564321717187
0.028882564321717187
0.028882564321717187
0.028882564321717187
0.02888256431679799
0.02888256431679799
0.02888256431679799
0.02888256431679799
0.02888256431679799
0.02888256431679799
0.028882524505253124
0.028882524171844136
0.028882524171844136
0.028882524171844136
0.028882524028861493
0.028882524028861493
0.028882524028861493
0.0288825240283864
0.028882514692873992
0.028852216089997672
0.028852216089997672
0.028852216089997672
0.028852216089997672
0.028852216089997672
0.028852216089997655
0.028852216089997655
0.028852216089997655
0.028852216089997655
0.028852216089682175
0.028852216089673456
0.028852216089673456
0.028852216089673456
0.028852214996668245
0.028852214996668245
0.028852157249673722
0.028852157249296743
0.028852144953203932
0.028852144953203932
0.02885214494848939
0.02885214494848939
0.02885214494848939
0.028838675684565936
0.028838675684565936
0.02883842639545397
0.028838426395453958
0.028838426393686698
0.028838426393686698
0.028838426393591483
0.028838426393591483
0.028838426393591483
0.028838426393591073
0.028838426393591073
0.028838426379043578
0.028838426379043575
0.02883842637904353
0.02883842637904353
0.028838422339197742
0.02883842233919699
0.02883842233919699
0.02883842233919699
0.02883842233919699
0.02883842233919699
0.028838422339172488
0.028838422339172488
0.028838422339172488
0.028838422339172488
0.028837866992924586
0.028837866992924586
0.028837866992924586
0.028837866992924586
0.028837866992924586
0.028837866992924586
0.028837866992924586
0.028837866992488737
0.028837866992488737
0.028837866992488737
0.028837866992488737
0.028837866992454827
0.028837866992454827
0.028837866992454827
0.028837866992454827
0.028837866992454827
0.028837866992454827
0.028837866992454827
0.028837866992454827
0.028837866992454827
0.028837866992454827
0.028837866992454827
0.028837866992454827
0.028837866992454827
0.028837866992454827
0.028837866992454827
0.028837859865469464
0.028837859865469464
0.028837859865469464
0.028837859865469464
0.028837859865469464
0.028837859865469464
0.028761892496455818
0.028761892496455818
0.028761892496455818
0.028761892496454635
0.028761624233259436
0.028761624233259436
0.028761624233259436
0.028761624233259432
0.028761624233259432
0.028761624233259432
0.028761624233259432
0.028761624233259387
0.028761624233247008
0.028761624233247008
0.028761624233247008
0.02876162418813087
0.028760268766480718
0.028760268766480718
0.02876000450395462
0.02876000450395462
0.02876000450395462
0.02876000450395462
0.02876000450395462
0.02876000450395462
0.02876000450395462
0.02875999629762343
0.02875999629762343
0.02875999629762343
0.02875999629762343
0.02875999629762343
0.02875999629762343
0.028759996294620716
0.028759996294620716
0.028759996294471325
0.028759996294471325
0.0287424982001814
0.0287424982001814
0.0287424982001814
0.0287424982001814
0.02874248663528517
0.02874248663528517
0.028742486440537927
0.028742486440537927
0.028742486440537927
0.028742486440537927
0.028742486440537927
0.028742486440537927
0.028742486440537927
0.02874083828784786
0.02874083828784786
0.02874083828784786
0.028740838287847507
0.02874083828784729
0.02873219194396413
0.02873219194396413
0.02873219194396413
0.02873219194396413
0.02873219194396413
0.028730353720844797
0.006293425685017223
0.006293425685017223
0.006293425685016014
0.006293425685016014
0.006293425685016014
0.006293425682850029
0.006293425682850029
0.006293425682850029
0.006293425682850029
0.006293425682850029
0.00629119774923667
0.00629119774923667
0.006291197749082607
0.006291197749082607
0.006291197749082607
0.006291197749082607
0.006291197749077219
0.006291197749077219
0.006291197749077219
0.006291197749077219
0.006291197748409619
0.006291197748409619
0.006291197748409619
0.006291197748409619
0.006291197748407703
0.006291197748407703
0.006291197748407703
0.006291197748407703
0.005811554863834851
0.00581155486383485
0.00581155486383485
0.00581155486383485
0.005811554863834724
0.005811554862378859
0.005811554862378859
0.005811554862378859
0.005811554862378859
0.005811554862378859
0.00581100714460689
0.005810929989471276
0.005810929989471276
0.005810929980206103
0.005810929980206103
0.005810929980206103
0.005810929980206103
0.005810929980206103
0.005810929980206103
0.005810929980206103
0.005810929980206103
0.00581091250908087
0.00581091250908087
0.005810912483218605
0.005810912483218605
0.005810912483218605
0.005810912483218605
0.005810912420839971
0.00581085053398119
0.00581085053398119
0.00581085053398119
0.00581085053398119
0.00581085053398119
0.00581085053398119
0.005810482192656034
0.005810482192656034
0.005810482192656034
0.005810482149090505
0.00581048214909036
0.00581048214909036
0.00581048214909036
0.00581048214909036
0.00581048214909036
0.00581048214909036
0.005810321531221947
0.005810321531221718
0.005810321531221718
0.005810321531030843
0.005810321531030843
0.005810321531030843
0.005810321531030699
0.005810321531030699
0.005810321531030699
0.005810321531030241
0.005810321530955512
0.005810321530955512
0.005810321530955512
0.005810321530955512
0.005810321530955512
0.005810321530955512
0.005810321530955512
0.005810321530955512
0.005810321530955512
0.005810321530955512
0.005810321530954404
0.005808574866677962
0.005808574866677962
0.005808574866677962
0.005808574866046026
0.005808574866046026
0.005808574866046022
0.005808574866046022
0.005808574866046022
0.0058085748659081615
0.0058085748659081615
0.0058085748659081615
0.0058085748659081615
0.0058085748659081615
0.0058085748659081615
0.0058085748659081615
0.00580857486590814
0.005805962538619204
0.005671305269356432
0.005671305269356432
0.005671305269356432
0.0056713052662228985
0.005671305266215268
0.005670800719994813
0.005670800719994813
0.005670800719994813
0.005670800719994813
0.005670800719994813
0.0056708007199947775
0.0056708007199947775
0.0056708007199947775
0.005436068713357363
0.0054360687133573615
0.0054360687133573615
0.0054360687133573615
0.005436068713357348
0.00543606871335729
0.00543606871335729
0.00543606871335729
0.00543606871335729
0.0054360687132969775
0.0054360687132969775
0.0054360687132969775
0.0054360687132969775
0.0054360687132969775
0.0054360687132969775
0.005436068713295659
0.005436068713295659
0.005436068713295659
0.005436065488238999
0.0054360654882108185
0.005436065488210818
0.005436065488210818
0.005436065488210818
0.005436065488210818
0.005436065488210818
0.005436065488210818
0.005436065488210818
0.005436065488210818
0.005436065488210818
0.005436065488210818
0.0049738933891415975
0.0049738933891415975
0.004973886018548073
0.004973886018548073
0.004973886018548073
0.004973886018548073
0.004973886018548073
0.004973886018548073
0.004973886018548073
0.004973886018548073
0.004973886018548073
0.004973886018342108
0.004973886018342108
0.004973886018342108
0.004973886018342108
0.004973886018342108
0.0049738860183359485
0.0049738860183359485
0.0049738860183359485
0.004973886018175249
0.00497388591474659
0.00497388591474659
0.00497388591474659
0.00497388591474659
0.00497388591474659
0.004973676720354608
0.004973676720354608
0.004973676720354608
0.004973676720354608
0.004973676720354608
0.004973676720354608
0.004973676720354608
0.004973676720354608
0.004973676720354608
0.004973676720354608
0.004973676657113417
0.004973676657113417
0.004973676657111949
0.004973676540345796
0.004973676540345796
0.004973676540345796
0.004973676540345796
0.004973676540345796
0.004973676540345793
0.004973676540345793
0.004973676540345793
0.004957886052803074
0.004957886052784831
0.004957886052784831
0.004957886052784831
0.004957886052784831
0.004957886052784831
0.004957886052784831
0.004957886052784831
0.0049578857391007255
0.0049576945514720645
0.0049576945514720645
0.0049576945514720645
0.0049576945514720515
0.0049576945514720515
0.0049576945514720515
0.0049576945514720515
0.0049576945514720515
0.0049576945514720515
0.0049576945514720515
0.0049576945514720515
0.0049576945514720515
0.0049576945514720515
0.0049576945514720515
0.0049576945514720515
0.0049576945514720515
0.004957529070149184
0.004957529070149184
0.004957529070149184
0.004957529070149184
0.004957529070149184
0.004957529070149184
0.004957529070136416
0.004957517707261813
0.004957517705523411
0.004957517705523397
0.004957517251710894
0.004957517251710894
0.004957517251710894
0.004957515796018725
0.004957515796018725
0.004957515796018725
0.004957515796018725
0.004957515796018725
0.0049575157960170405
0.0049575157959992015
0.004957515795999134
0.004806967510206951
0.004806967510206951
0.004806967510206951
0.004806967434892506
0.004806967427940054
0.004806967427940054
0.004806967427940054
0.004796620290320236
0.004796620290293231
0.004796620290293231
0.004796620278815977
0.004796620278815977
0.004796620278815977
0.004796620278815977
0.004796620278815977
0.004796620278815977
0.004796620278815954
0.004796620278815954
0.004796620278815954
0.004796620278815596
0.004796620278815596
0.004796620278815596
0.004796620278815596
0.004796620278815596
0.004796620278815596
0.004796620278815596
0.004796620278815596
0.004796620278815596
0.004787116937611639
0.004787116937611639
0.004787116937611639
0.004787116937611639
0.004787116937611639
0.004787116937611639
0.004787116937611639
0.004787116937611639
0.004787116937611637
0.004787116937611615
0.004787116937611615
0.004787116937611615
0.004787116937611615
0.004787116937611615
0.004787116937611615
0.004787116937611615
0.0047868306945287745
0.0047868306945287745
0.00478683062917031
0.00478683062917031
0.00478683062917031
0.00478683062917031
0.00478683062917031
0.00478683062917031
0.00478683062917031
0.004786830629170238
0.004786830629170238
0.004786830436459589
0.004786830436459589
0.004786830436459589
0.004786830436459589
0.004786830436459589
0.004786830436459589
0.004786830436459589
0.004786830436459589
0.004786830436459589
0.004786830436459589
0.004786830436459589
0.0047868304364493105
0.0047868304364493105
0.0047868304364493105
0.0047868304364493105
0.0047868304364493105
0.0047868304364493105
0.0047868304364493105
0.0047868304364493105
0.0047868304364493105
0.0047868304364493105
0.0047868304364493105
0.004786830435527878
0.004786830435527878
0.004786830435527878
0.004786830435527878
0.004786830435527878
0.004786830435527878
0.004786830435527878
0.004786830435527878
0.004786830435527878
0.004786830435527878
0.004786830435527878
0.004786830435527878
0.004786830435527878
0.004786830435436653
0.004786830435436653
0.004786830435436653
0.004786830435436653
0.004786830435436653
0.004786830435436653
0.004786830435436653
0.004786830435436653
0.004786830435395116
0.004786830435395116
0.004786830435395116
0.004786830435395116
0.004786830435395116
0.004786830435395116
0.004786830435395116
0.004786830435395116
0.004786830435395116
0.004786830435395116
0.004786830435395116
0.004786830435395116
0.004786830435395106
0.00478683043534615
0.00478683043534615
0.00478683043534615
0.0047868304353392895
0.0047868304353392895
0.0047868304353392895
0.0047868304353392895
0.004786820865969125
0.004786820865969125
0.004786820865969125
0.004786820865969125
0.004786820865969125
0.004786820865969125
0.004786820865969125
0.004786820865969125
0.004786820865969125
0.004786820865969125
0.004786820865969125
0.004786820865969125
0.004786820813900093
0.004786820813900093
0.004786820813900081
0.004786820813900081
0.004786820813900081
0.004786820813900081
0.004786820765992265
0.004786820765992265
0.004786820760857969
0.004786820760857969
0.004786820760857969
0.004786820760849879
0.004786820760849879
0.004786820760849879
0.004786815724992985
0.004786815717419436
0.004786815717419436
0.004786815717419436
0.004786815717419436
0.004786815717419436
0.004786815717419436
0.00478681571741906
0.004786815526009728
0.004786815475679362
0.004786690685960934
0.004786690685960934
0.004786562178427939
0.0047865621784279
0.0047865621784279
0.0047865621784279
0.0047865621784279
0.004786562178427885
0.004786558386594888
0.004786558386594876
0.004786558386594876
0.004786558386594876
0.004786558386594876
0.004786558386355946
0.004786558386355946
0.004786557799465252
0.004786557799464284
0.004786557799447444
0.004786557799447444
0.004786557799307605
0.004786557799307605
0.004786557799307593
0.004786557799307593
0.004786557799307407
0.004786557799238541
0.004786557799238541
0.004786557799238541
0.004786557799238541
0.004786557799238541
0.004786557799238541
0.004786556819857199
0.004786491969136613
0.004786491969136613
0.004786491968360277
0.004786491968360277
0.004786491968360277
0.004786491968360277
0.004786491968360277
0.004786491968360277
0.004786491968360277
0.004786491968360277
0.004786491950640055
0.004786491950186122
0.004786491950186122
0.004786491950186122
0.0047864909491451705
0.0047864909491451705
0.0047864909491451705
0.004786490949145144
0.00478649094913039
0.004786490870874023
0.004786490870874023
0.004786490870874023
0.004786490870874015
0.004786490870874015
0.00478649087087401
0.00478649087087401
0.00478649087087401
0.00478649087087401
0.00478649087087401
0.00478649087087401
0.00478649087087401
0.00478649087087401
0.00478649087087401
0.00478649087087401
0.0047850001852472466
0.0047850001852472466
0.0047850001852472466
0.0047850001852472466
0.0047850001852472466
0.004785000185238047
0.004785000185238047
0.004785000185238047
0.004785000185238047
0.004785000185238047
0.0047850001828532
0.0047850001828532
0.0047850001828532
0.004785000182852694
0.004785000182852694
0.004785000182852694
0.004784381841268504
0.004784381841268504
0.004784381841268504
0.004784381841268504
0.004784381841268504
0.004784381841268504
0.004784381841268504
0.004784362925121825
0.004784362925121825
0.004784362925121825
0.004784362925121825
0.004784362034189438
0.004784362034189438
0.0047843620335457325
0.0047843620335457325
0.004784362033545591
0.004784362033469821
0.004784362033469815
0.004784361990529881
0.004784343474671012
0.004784343474671012
0.0046907862248254835
0.004690786224825467
0.004690758763899197
0.004690758763899134
0.004690758763899134
0.004690758763899134
0.004690758763899134
0.004686608225838135
0.004686608225838135
0.004686608225838134
0.004686608225838134
0.004686608225838134
0.004686608225838134
0.004682066387761617
0.004682066387761617
0.004682066387761617
0.004682066387761617
0.004682066387761617
0.004682066387761571
0.004682066387761571
0.004682066387761571
0.004682066387761571
0.004681964112031979
0.004681964112031979
0.004681964112018366
0.004681964112018366
0.004681964112018366
0.004681964112018366
0.004681964112018366
0.004681964112018366
0.004681964112018366
0.004681964112018366
0.004681964112018366
0.004681964112018366
0.004681964112018366
0.004681964112017222
0.004681964112017222
0.004681964112017222
0.004681964112017222
0.004681964112017222
0.004681964112017222
0.004681964112017222
0.004681964112017222
0.004681964112017222
0.004681964112017222
0.004681964112017222
0.004681964112017222
0.004681964112017222
0.004681964112017222
0.004681964112013594
0.004681964112013594
0.004681964112013594
0.004681964112013594
0.004681963807183252
0.004681963807180262
0.004681963807180262
0.004681963807180262
0.004681963807180262
0.004681963807180262
0.004681963807180262
0.004681963651668474
0.0046819636516684734
0.0046819636516684734
0.0046819636516684734
0.004681963651668473
0.004616363418647735
0.004616363418647735
0.004616363418647735
0.004616363418647735
0.004616363418647735
0.004616363418647735
0.004616363418645352
0.004616363418645352
0.004616363418645352
0.004616363418645352
0.004616363418645352
0.004616363418645352
0.0046163603342096364
0.0046163603342096364
0.0046163603342096364
0.0046163603342096364
0.0046163603342096364
0.0046163603342096364
0.0046163603342096364
0.0046163603342096364
0.0046163603342096364
0.004616360334079099
0.004616360334079099
0.004616360334079099
0.004616360334079099
0.004616360334079099
0.004616360334079099
0.004616360334079099
0.004616360334078894
0.004616360334078894
0.004616360334078826
0.004616360334078826
0.004616360334078826
0.004616360334078826
0.00461636033407868
0.0046163603340786796
0.0046163603340786796
0.0046163603340786796
0.0046163603336925995
0.0046163603336925995
0.004616360333692447
0.004616360333692447
0.004616360333692447
0.004616360333692447
0.004616360333692447
0.004616360333692447
0.004616360333692447
0.004616360333692447
0.004616360333692447
0.004616360333692447
0.004616360333692447
0.004616360333692447
0.004616360333689089
0.004616360333689089
0.004616360333689089
0.004616360333689089
0.004616360333689089
0.004616360333689089
0.004616360333689089
0.004616360333689089
0.004616360333689089
0.004616360333689089
0.004616360333689089
0.004616360060448771
0.004616360060448771
0.00461635798514961
0.00461635798514961
0.0046163579851491105
0.0046163579851491105
0.0046163579851491105
0.00460040333657265
0.00460040333657265
0.00460040333657265
0.00460040333657265
0.00460040333657265
0.004600403336232423
0.004600403336232423
0.004600403336228614
0.004600403336228614
0.004600403336228614
0.004600403336228614
0.004600401989870795
0.004600401988765909
0.004600401988765909
0.0046002665435578355
0.0046002665435578355
0.0046002665435578355
0.0046002665435578355
0.0046002665433761665
0.0046002665433761665
0.004600266543375711
0.004600266543375711
0.004600266543374005
0.004600266543374005
0.004600266543374005
0.004600266543276631
0.004600266543276631
0.00460026654200614
0.00460026654200614
0.00460026654200614
0.00460026654200614
0.00460026654200614
0.00460026654200614
0.004600266542003443
0.004600266542003443
0.004600266542003443
0.004600266542003443
0.004600266542003443
0.004600266542003443
0.004600266542003443
0.004600266542003443
0.004600266542003443
0.004600266542003443
0.004600266542003443
0.004600266542003443
0.004600266542003443
0.004600247151918864
0.004600247151918864
0.00460024715175887
0.00460024715175887
0.00460024715175887
0.00460024715175887
0.004600247151757693
0.004600247151757693
0.004600247151757693
0.004599936091937693
0.004599936091937593
0.004599936091937593
0.004599936091937593
0.004599936091937593
0.004599936091937593
0.004599936091937593
0.004599936091937593
0.004599936091937593
0.004599936091937593
0.004599936091937593
0.004599936091937593
0.004599936091937593
0.004599936091937593
0.004599936091937593
0.004599936091937593
0.004599936091937593
0.004598940696177007
0.004598940696177007
0.004598940695716353
0.004598940695716353
0.004598940695716353
0.004598940695716353
0.004598940695716353
0.004598940695716353
0.0045977832692597415
0.0045977832692597215
0.0045977832692597215
0.004597770730358151
0.004597770730358151
0.004597770730358151
0.004597770730358151
0.004597770730357614
0.004597770730357614
0.004597770730357359
0.004597770730357359
0.004597770730357359
0.004597770730357359
0.004597770730357359
0.004597770730357359
0.004597770566529974
0.004597770566529974
0.004597770566529974
0.004597770566529974
0.004597770566522571
0.004597770566522571
0.004597770566522571
0.004597770566522571
0.004597770566522571
0.004597770566522571
0.004597770566522571
0.004597770566522571
0.004597770566522571
0.004597770566522571
0.004597770566522571
0.004597770566522571
0.004597770566522571
0.00459777056652257
0.00459777056652257
0.00459777056652257
0.00459777056652257
0.00459777056652257
0.00459777056652257
0.00459777056652257
0.00459777056652257
0.00459777056652257
0.00459777056652257
0.00459777056652257
0.00459777056652257
0.00459777056652257
0.00459777056652257
0.00459777056652257
0.00459777056652257
0.00459777056652257
0.00459777056652257
0.00459777056652257
0.00459777056652257
0.004597770566522543
0.0045977692168813365
0.0045977692168813365
0.004597769216881333
0.004597769216881333
0.004597769216865071
0.004597769216865071
0.004597769216865071
0.004597767808244122
0.004597767808244122
0.004597767808244122
0.004597767808244122
0.004597767808244122
0.004597767808244122
0.004597767808244122
0.004597767808210167
0.004597767808210167
0.004597767808194243
0.004597767808194243
0.004597767808194243
0.004597767808194243
0.004597767808194243
0.004597767808194243
0.004597767808194243
0.004597767808194243
0.004597767808194243
0.004597767808194243
0.004597767808194243
0.004597767808194243
0.004597767808194243
0.004597767808194243
0.004597767808194243
0.004597767808194243
0.004597767808194234
0.004597460709359617
0.004597460709359617
0.004597460709359617
0.004597460709359617
0.004597460709359604
0.004597460709359604
0.004597460709359604
0.004597460709359604
0.004597460709359604
0.004597460709325579
0.004597460709325579
0.004597460709325579
0.004597460709325579
0.004597460709325579
0.004597460709325579
0.004597460709325579
0.004597460709325579
0.0045974607087434635
0.0045974607087434635
0.0045974607087434635
0.004597394059083031
0.004597394059083031
0.004597394057998144
0.004597394057998144
0.004597394057998144
0.004597394057998144
0.004597394057998144
0.004597394057998142
0.0045973940579886845
0.0045973940545801706
0.004597394054579808
0.004597394054579808
0.004597394054579808
0.004597394054579808
0.004597394054579808
0.004597394054579808
0.004597394054579808
0.004597394054579808
0.004597394054579808
0.004597394054579808
0.004597394054579808
0.004597394054579808
0.004597394054579808
0.004597394054579808
0.004597394054579808
0.004597394054579808
0.004597394054579808
0.004597394054579808
0.004597394054579808
0.004597394054579808
0.004597393761393534
0.0045973937613912
0.0045973937613912
0.004597393761386689
0.004597393761386689
0.004597393761386689
0.004597393761386689
0.004597247816875758
0.004597247816875303
0.004597247788033942
0.004597247786104591
0.004597247786104591
0.004597247786104591
0.004597247786104591
0.004597247786104591
0.004597247786104591
0.004597247786104591
0.004597247786104591
0.004597247786104591
0.004597247786104591
0.004597247786104591
0.004597247786104591
0.004597247786104591
0.004597247786104591
0.004597247786104591
0.004597247786104591
0.004597247786104591
0.004597247006048059
0.004597247006048059
0.004597247006048059
0.004597247006048059
0.004597247006048059
0.004597247006047964
0.004597247006047964
0.004597247006047964
0.004597247006047964
0.004597247006047964
0.004597247006047964
0.004597247006047964
0.004597247005625392
0.004597247005625392
0.004597247005625392
0.004597247005625375
0.004597247005625375
0.004597247005625372
0.004597247005625372
0.004597247005624882
0.004597247005624882
0.004597247005624882
0.004597247005624881
0.004597247005624881
0.004597247005624881
0.004597247005624881
0.004597247005624881
0.004597247005624881
0.004597247005624881
0.004597247005624881
0.004597246948404951
0.004597246948404951
0.004597246948404951
0.0045972469472988315
0.0045972469472988315
0.0045972469472988315
0.004586810086503525
0.004586810086503477
0.004586810086503477
0.004586810086503477
0.004586810086503477
0.004586810086503477
0.004586810086503462
0.004586810086503462
0.004586810086503462
0.004586810086503462
0.004586810086503462
0.004586810037110159
0.004586810037110159
0.004586810037110159
0.004586810037110159
0.004586810037110159
0.004586809952981674
0.004586809952981674
0.004586809952981674
0.004586683001250527
0.004586683001250527
0.004586683001250527
0.004586683001250527
0.004586683000429633
0.004586683000429633
0.004586683000429633
0.004586683000427643
0.004586683000427643
0.004586683000427643
0.004586683000427643
0.004586683000427639
0.004586683000427638
0.004444883230058957
0.004444883230058957
0.00444488319947326
0.0044448831994732575
0.0044448831994732575
0.0044448831994732575
0.0044448831994732575
0.0044448831994732575
0.0044448831994732575
0.0044448831994732575
0.004444883105142527
0.004444883105142527
0.004444883105142527
0.004444883105142527
0.004444883105142527
0.004444883105142527
0.004444883105142525
0.004444883105142525
0.004444883101215367
0.004444883101215367
0.004444883101215367
0.004444883101215367
0.004444883101215367
0.004444883101215367
0.004444883101215367
0.004444883101215367
0.004444883101215367
0.004444883101215367
0.004444883101215367
0.004444883071579813
0.004444883071579813
0.00444488307157981
0.004444882627683965
0.0044448826276387195
0.0044448826276387195
0.0044448826276387195
0.0044448826276387195
0.004444882626474617
0.004444882624964767
0.00444488262494703
0.00444488262494703
0.00444488262494703
0.00444488262494703
0.00444488262494703
0.00444488262494703
0.00444488262494703
0.00444488262494703
0.00444488262494703
0.00444488262494703
0.00444488262494703
0.00444488262494703
0.00444488262494703
0.00444488262494703
0.00444488262494703
0.00444488262494703
0.00444488262494703
0.00444488262494703
0.00444488262494703
0.00444488262494703
0.00444488262494703
0.00444488262494703
0.00444488262494703
0.00444488262494703
0.00444488262494703
0.00444488262494703
0.00444488262494703
0.00444488262494703
0.00444488262494703
0.00444488262494703
0.00444488262494703
0.00444488262494703
0.00444488262494703
0.00444488262494703
0.00444488262494703
0.00444488262494703
0.00444488262494703
0.00444488262494703
0.004444881252792728
0.004444881252792728
0.004444881252792728
0.004444881252792728
0.004444881252792728
0.004444881252792727
0.004444881252792726
0.004444881252792726
0.004444881252792726
0.004444881252792726
0.004444881252792721
0.00444488084614541
0.004444880846065481
0.004444880846065481
0.004444880846065481
0.004444880846065481
0.004444880846065481
0.004444880846065481
0.004444880846065481
0.004444880846065481
0.004444880846065481
0.004444880846065481
0.004444880846065481
0.004444880846065481
0.004444879096953189
0.004444879096953189
0.004444879096953189
0.004444879096953189
0.004444879096953189
0.004444879096953189
0.004444879096953189
0.004444879096953189
0.004444879096953189
0.004444879096953189
0.004444879096940948
0.004444879096940948
0.004444879096940948
0.004444879096940948
0.004444879096940948
0.004444833585779223
0.0044448335037582136
0.0044448335037582136
0.0044448335037582136
0.0044448335037582136
0.004444833503757477
0.004444833503757477
0.004444833503757477
0.004444833503757477
0.004444833503757477
0.004444828206918725
0.004444828206918725
0.004444828206918725
0.004444828206918724
0.004444828206918724
0.004444828206918724
0.004444828206918724
0.004444828206918724
0.004444828206918724
0.004444828206918724
0.004444828206918724
0.004444828206918724
0.004444828206918724
0.004444828206918724
0.0044448282069186815
0.0044448282069186815
0.0044448282069186815
0.0044448282069186815
0.0044448282069186815
0.0044448282069186815
0.004444827861819752
0.004444827861819752
0.004444827861819752
0.004444827861819752
0.004444827861819752
0.004444827861819752
0.004444827861819752
0.004444827861819752
0.004444827861819752
0.004444827861819752
0.004444827861819752
0.004444827861819752
0.004444827861819752
0.004444827767982757
0.004444827767982757
0.004444827767982757
0.004444827729262429
0.004444827729262429
0.004444827729262429
0.004444827729262429
0.004444827729262429
0.004444827729262429
0.004444827729262409
0.004444827729262409
0.004444827729242072
0.004444827729242072
0.004444827729242072
0.004444827729242072
0.004444827729179054
0.004444827729179054
0.004444827729179054
0.004444827729179054
0.004444827729179054
0.004444827729179054
0.004444827729179054
0.004444827729007147
0.004444827729007147
0.004444827729007147
0.004444827729007147
0.004444827729007147
0.0044448277290068715
0.0044448277290068715
0.0044448277287685665
0.0044448277287685665
0.0044448277287685665
0.0044448277287685665
0.0044448277287685665
0.0044448277287685665
0.0044448277287685665
0.0044448277287685665
0.0044448277287685665
0.0044448277287685665
0.0044448277287685665
0.0044448277287685665
0.0044448277287685665
0.0044448277287685665
0.0044448277287685665
0.0044448277287685665
0.0044448277287685665
0.0044448277287685665
0.0044448277287685665
0.0044448277287685665
0.0044448277287685665
0.0044448277287685665
0.00444481478313821
0.00444481478313821
0.004444814783138203
0.004444814783138203
0.004444814783138203
0.004444814783138203
0.00444481192870637
0.00444481192870637
0.004444811928684344
0.004444811928684344
0.004444811928684344
0.004444811928684344
0.004444811928684344
0.004444811928684344
0.004444811928684344
0.004444811928684344
0.004444811928684344
0.004444811928684344
0.004444811928684344
0.004444811928684344
0.004444811928684338
0.004444811928684338
0.004444811928684338
0.004444811928684338
0.0044448119285473925
0.0044448119285473925
0.0044448119285473925
0.0044448119285473925
0.0044448119285473925
0.0044448119285473925
0.0044448119285473925
0.0044448119285473925
0.0044448119285473925
0.0044448119285473925
0.0044448119285473925
0.0044448119285473925
0.0044448119285473925
0.0044448119285473925
0.0044448119285473925
0.0044448119285473925
0.0044448119285473925
0.0044448119285473925
0.0044448119285473925
0.0044448117027728225
0.0044448117027728225
0.004444793959538434
0.004444793959538413
0.004444793959538413
0.004444793959538413
0.004444793959538412
0.004444793959538412
0.004444793959538412
0.004444793959538412
0.004444793959538412
0.004444793959538412
0.004444793959538412
0.004444793959538412
0.004444793959538412
0.004444793959538412
0.004444793959538412
0.004444793959538412
0.004444793959538412
0.004444793959538412
0.004444793959533548
0.004444793959533548
0.004444793959533548
0.004444793959533548
0.004444793959533548
0.004444793959533548
0.004444793959533548
0.004444793959533548
0.004444793959507751
0.004444793959507751
0.004444793959507751
0.004444793358640444
0.0044447933586401625
0.004444793346292734
0.004444793346292734
0.004444793346164499
0.004444793346164499
0.004444793346164499
0.004444793346164499
0.004444793346164499
0.004444793346164499
0.004444793346164499
0.00444479334616447
0.004444793346164467
0.004444793346164467
0.004444793346164467
0.004444793346164467
0.004444793346164467
0.004444793346164467
0.004444793346164467
0.004444793346164467
0.004444793346164467
0.004444793346164467
0.004444793346164467
0.0044447933460656916
0.00444479334606569
0.00444479334606569
0.00444479334606569
0.00444479334606569
0.00444479334606569
0.00444479334606569
0.004444793345272921
0.00444479078125946
0.00444479078125946
0.00444479078125946
0.00444479078125946
0.00444479078125946
0.00444479078125946
0.00444479078125946
0.00444479078125946
0.00444479078125946
0.00444479078125946
0.00444479078125946
0.00444479078125946
0.00444479078125946
0.00444479078125946
0.004444790781259384
0.004444790781259384
0.004444790781259384
0.004444790781259384
0.004444790781259384
0.004444790781259384
0.004444790781259384
0.004444790781259384
0.004444790781259384
0.004444790781259384
0.004444790781259384
0.004444790781259384
0.004444790781259384
0.004444790781259384
0.004444790781259384
0.004444790781259384
0.004444790781259384
0.004444790781259384
0.004444790781259384
0.004444790781259384
0.004444790781112307
0.004444790781112307
0.004444790781112307
0.0044447894397349735
0.0044447894397349735
0.0044447894397349735
0.004444789439734867
0.004444789439734867
0.004444789439734867
0.004444789439734867
0.004444789439734867
0.00444478943973486
0.004444779752363373
0.004444779752363373
0.004444779752363373
0.004444779752363373
0.004444779752363373
0.004444779752363373
0.004444779752363373
0.004444779752363373
0.004444779752362623
0.004444779752362623
0.004444779752362623
0.004444779752362623
0.004444779752362623
0.004444779752362622
0.004444779752362622
0.004444779752357475
0.004444779752357475
0.004444779752357475
0.004444779752357475
0.004444779752357475
0.004444779752357475
0.004444779752357475
0.004444779752357475
0.004444779752326481
0.004444779752326481
0.004444779752326481
0.004444779752326481
0.004444779752326481
0.004444779752325281
0.004444779752325281
0.004444779752325281
0.004444779544168139
0.004444779544168139
0.004444779544168139
0.004444779544168139
0.004444779544168139
0.004444779544168139
0.004444779544168139
0.004444779531245737
0.004444779531245737
0.004444779531245737
0.004444779531245737
0.004444779531245737
0.004444779531245737
0.004444779531245737
0.004444779531245737
0.004444779531245737
0.004444779531245737
0.004444779531245737
0.004444779531192407
0.004444779531192407
0.004444779531192407
0.004444779531192407
0.004444779531192407
0.004444779531192407
0.004444779530892921
0.004444779530892921
0.004444779530892921
0.004444779530892921
0.004444779530892921
0.004444779530892921
0.004444779530892921
0.004444779530892921
0.004444779530892921
0.004444779530892921
0.004444779530892921
0.004444779530892921
0.004444779530890873
0.004444779530890873
0.004444779530890873
0.004444779530890873
0.004444779530890873
0.004444779530890873
0.004444779530890873
0.004444779530890873
0.004444779530890873
0.004444779530890873
0.004444779530890873
0.004444779530890873
0.004444779530890873
0.004444779530890873
0.004444779530890873
0.0044447795308908186
0.0044447795308908186
0.0044447795308908186
0.0044447795308908186
0.0044447795308908186
0.004444779530890366
0.004444779526433622
0.004444779526433622
0.004444779526433094
0.004444779526433094
0.004444779526433094
0.004444779526433094
0.004444779526433094
0.004444779526433094
0.004444779526433094
0.004444779526433094
0.004444779526433094
0.004444779526433094
0.004444779526433094
0.004444779526433094
0.004444750693859093
0.004444750693859093
0.004444750693859093
0.004444750693859093
0.004444750693859093
0.004444750693859093
0.004444750693859093
0.004444750693859093
0.004444750693859093
0.004444750693859093
0.004444750693859093
0.004444750693859093
0.004444750693859093
0.004444750693859093
0.004444750693859093
0.004444750693859093
0.004444750693859093
0.004444750693859093
0.004444750693859093
0.004444750693859093
0.004444750693859093
0.004444750693859082
0.004444750693859082
0.00444475069385908
0.00444475069385908
0.00444475069385908
0.00444475069385908
0.00444475069385908
0.00444475069385908
0.00444475069385908
0.00444475069385908
0.00444475069385908
0.00444475069385908
0.004444750675883609
0.004444750675883609
0.004444750675883609
0.004444750675883609
0.004444750675883587
0.004444744532088335
0.004444744532088335
0.004444744532088335
0.004444744532088335
0.004444744532088335
0.004444744532088335
0.004444744532088335
0.004444744532088335
0.004444744532088335
0.004444744532088335
0.004444744532088335
0.004444744532088335
0.004444744532088335
0.004444744532088335
0.004444744532088335
0.004444744532088335
0.004444744532088335
0.004444744532088335
0.004444744532088335
0.004444744532088335
0.004444744532075195
0.004444744532075195
0.004444744532075195
0.004444744532075195
0.004444744532075195
0.004444744532074598
0.004444744532074598
0.004444744532074598
0.004444744532074598
0.004444744532074598
0.004444744532074598
0.004444744532074598
0.004444744532074598
0.004444744532074598
0.004444744532074598
0.004444744532074598
0.004444744532074598
0.004444744532074598
0.004444744532074598
0.004444744532074598
0.004444744532074598
0.004444744532074598
0.004444744532074598
0.004444744532074598
0.004444744532074598
0.004444744532074598
0.004444744532074598
0.004444744532074598
0.004444744532074598
0.004444744532074598
0.004444744532074598
0.004444744532074598
0.004444744532074598
0.004444744532074598
0.004444744532074598
0.004444744532074598
0.004444744532074598
0.004444744532074598
0.004444744532074598
0.004444744532074598
0.004444744532074598
0.004444744532074598
0.004444744532074598
0.004444744532074598
0.004444744532074598
0.004444744532074598
0.004444744532074598
0.004444744532074598
0.004444744532074598
0.004444744532074598
0.004444744532074598
0.004444744532074598
0.004444744532074598
0.004444744532074598
0.004444744532074598
0.004444744532074598
0.004444744532074598
0.004444744532074598
0.004444744532074598
0.004444744532074598
0.004444744532074598
0.004444744532074598
0.004444744532074598
0.004444744532074598
0.004444744532074598
0.004444744532074598
0.004444744532074598
0.004444744532074598
0.004444744532074598
0.004444744532074598
0.004444744532074598
0.0044447445320438626
0.0044447445320438626
0.0044447445320438626
0.0044447445320438626
0.0044447445320438626
0.0044447445320438626
0.0044447445320438626
0.0044447445320438626
0.0044447445320438626
0.0044447445320438626
0.0044447445320438626
0.0044447445320438626
0.0044447445320438626
0.0044447445320438626
0.0044447445320438626
0.0044447445320438626
0.0044447445320438626
0.0044447445320438626
0.0044447445320438626
0.0044447445320438626
0.0044447445320438626
0.0044447445320438626
0.0044447445320438626
0.0044447445320438626
0.0044447445320438626
0.0044447445320438626
0.0044447445320438626
0.0044447445320438626
0.0044447445320438626
0.004444744532043855
0.004444744532043855
0.004444744532043855
0.004444744532043855
0.004444744532043804
0.004444744532043804
0.004444744532043804
0.004444744532043804
0.004444744529668356
0.004444744529668356
0.004444744529668356
0.004444744529668356
0.004444744529668356
0.004444744529668356
0.004444744529668356
0.004444744529668356
0.004444744529668356
0.004444744529668356
0.004444744529668356
0.004444744529668356
0.004444744529668356
0.004444744529668356
0.004444744529668356
0.004444744529668356
0.004444744529668356
0.004444744529668356
0.004444744529668356
0.004444744529668356
0.004444744529668356
0.004444744529668356
0.004444744529668356
0.004444744529668356
0.004444744529668356
0.004444744529668356
0.004444744529668356
0.004444744529668356
0.004444744529668356
0.004444744529668356
0.004444744529668356
0.004444744529668356
0.004444744529668356
0.004444744529668356
0.004444744529668356
0.004444744529668356
0.004444744529668356
0.004444744529668356
0.004444744529668356
0.004444744529668356
0.004444744529668356
0.004444744529668356
0.004444744529668356
0.004444744529668356
0.004444744529668356
0.004444744529668356
0.004444744529668356
0.004444744529668356
0.004444744529668356
0.004444744529668356
0.004444744529668356
0.004444744529668356
0.004444744529668356
0.004444744529668356
0.004444744529668356
0.004444744529668356
0.004444744529668356
0.004444744529668356
0.004444744529668356
0.004444744529668356
0.004444744529668356
0.004444744529668356
0.004444744529668356
0.004444744529668356
0.004444744529668356
0.004444744529668356
0.004444744529668356
0.004444744529668356
0.004444744529668356
0.004444744529668356
0.004444744529668356
0.004444744529668356
0.004444744529668356
0.004444744529668356
0.004444744529668356
0.004444744529668356
0.004444744529668356
0.004444744529668356
0.004444744529668356
0.004444744529668356
0.004444744529668356
0.004444744529668356
0.004444744529668356
0.004444744529668356
0.004444744529668356
0.004444744529668356
0.004444744529668356
0.004444744529668356
0.004444744529668356
0.004444744529668356
0.004444744529668356
0.004444744529668356
0.004444744529668356
0.004444744529668356
0.004444744529668355
0.004444744529668355
0.004444744529668355
0.004444744529668355
0.004444744529668355
0.004444744529668355
0.004444744529668355
0.004444744529668355
0.004444744529668355
0.004444744529668355
0.004444744529668355
0.004444744529668355
0.004444744529668355
0.004444744529668355
0.004444744529668355
0.004444744529668355
0.004444744529668355
0.004444744529668355
0.004444744529668355
0.004444744529668355
0.004444744529668355
0.004444744529668355
0.004444744529668355
0.004444744529668355
0.004444744529668355
0.004444744529668355
0.004444744529668355
0.004444744529668355
0.004444744529668355
0.004444744529668355
0.004444744529668355
0.004444744529668355
0.004444744529668355
0.004444744529668355
0.004444744529668355
0.004444744529668355
0.004444744529668355
0.004444744529668355
0.004444744529668355
0.004444744529668355
0.004444744529668355
0.004444744529668355
0.004444744529668355
0.004444744529668355
0.004444744529668355
0.004444744529668355
0.004444744529668355
0.004444744529668355
0.004444744529668355
0.004444744529668355
0.004444744529668355
0.004444744529668355
0.004444744529668355
0.004444744529668355
0.004444744529668355
0.004444744529668355
0.004444744529668355
0.004444744529668355
0.004444744529668355
0.004444744529668355
0.004444744529668355
0.004444744529668355
0.004444744529668355
0.004444744529668355
0.004444744529668355
0.004444744529668355
0.004444744529668355
0.004444744529668355
0.004444744529668355
0.004444744529668355
0.004444744529668355
0.004444744529668355
0.004444744529668355
0.004444744529668355
0.004444744529668355
0.004444744529668355
0.004444744529668355
0.004444744529668355
0.004444744529668355
0.004444744529668355
0.004444744529668355
0.004444744529668355
0.004444744529668355
0.004444744529668355
0.004444744529668355
0.004444744529668355
0.004444744529668355
0.004444744529668355
0.004444744529668355
0.004444744529668355
0.004444744529668355
0.004444744529668355
0.004444744529668355
0.004444744529668355
0.004444744529668355
0.004444744529668355
0.004444744529668355
0.004444744529668355
0.004444744529668355
0.004444744529668355
0.004444744529668355
0.004444744529668355
0.004444744529668355
0.004444744529668355
0.004444744529668355
0.0044447445296683236
0.0044447445296683236
0.0044447445296683236
0.0044447445296683236
0.0044447445296683236
0.0044447445296683236
0.0044447445296683236
0.0044447445296683236
0.0044447445296683236
0.0044447445296683236
0.0044447445296683236
0.0044447445296683236
0.0044447445296683236
0.0044447445296683236
0.0044447445296683236
0.0044447445296683236
0.0044447445296683236
0.0044447445296683236
0.0044447445296683236
0.0044447445296683236
0.0044447445296683236
0.0044447445296683236
0.0044447445296683236
0.0044447445296683236
0.0044447445296683236
0.0044447445296683236
0.0044447445296683236
0.0044447445296683236
0.0044447445296683236
0.0044447445296683236
0.0044447445296683236
0.0044447445296683236
0.0044447445296683236
0.0044447445296683236
0.0044447445296683236
0.0044447445296683236
0.0044447445296683236
0.0044447445296683236
0.0044447445296683236
0.0044447445296683236
0.0044447445296683236
0.0044447445296683236
0.0044447445296683236
0.0044447445296683236
0.0044447445296683236
0.0044447445296683236
0.0044447445296683236
0.0044447445296683236
0.0044447445296683236
0.0044447445296683236
0.0044447445296683236
0.0044447445296683236
0.0044447445296683236
0.0044447445296683236
0.0044447445296683236
0.0044447445296683236
0.0044447445296683236
0.0044447445296683236
0.0044447445296683236
0.0044447445296683236
0.0044447445296683236
0.0044447445296683236
0.0044447445296683236
0.0044447445296683236
0.0044447445296683236
0.0044447445296683236
0.0044447445296683236
0.0044447445296683236
0.0044447445296683236
0.0044447445296683236
0.0044447445296683236
0.0044447445296683236
0.0044447445296683236
0.0044447445296683236
0.0044447445296683236
0.0044447445296683236
0.0044447445296683236
0.0044447445296683236
0.0044447445296683236
0.0044447445296683236
0.0044447445296683236
0.0044447445296683236
0.0044447445296683236
0.0044447445296683236
0.0044447445296683236
0.0044447445296683236
0.0044447445296683236
0.0044447445296683236
0.0044447445296683236
0.0044447445296683236
0.0044447445296683236
0.0044447445296683236
0.0044447445296683236
0.0044447445296683236
0.0044447445296683236
0.0044447445296683236
0.0044447445296683236
0.0044447445296683236
0.0044447445296683236
0.0044447445296683236
0.0044447445296683236
0.0044447445296683236
0.0044447445296683236
0.0044447445296683236
0.0044447445296683236
0.0044447445296683236
0.0044447445296683236
0.0044447445296683236
0.0044447445296683236
0.0044447445296683236
0.0044447445296683236
0.0044447445296683236
0.0044447445296683236
0.0044447445296683236
0.0044447445296683236
0.0044447445296683236
0.0044447445296683236
0.0044447445296683236
0.0044447445296683236
0.0044447445296683236
0.0044447445296683236
0.0044447445296683236
0.0044447445296683236
0.0044447445296683236
0.0044447445296683236
0.0044447445296683236
0.0044447445296683236
0.0044447445296683236
0.0044447445296683236
0.0044447445296683236
0.0044447445296683236
0.0044447445296683236
0.0044447445296683236
0.0044447445296683236
0.0044447445296683236
0.0044447445296683236
0.0044447445296683236
0.0044447445296683236
0.0044447445296683236
0.0044447445296683236
0.0044447445296683236
0.0044447445296683236
0.0044447445296683236
0.0044447445296683236
0.0044447445296683236
0.0044447445296683236
0.0044447445296683236
0.0044447445296683236
0.0044447445296683236
0.0044447445296683236
0.0044447445296683236
0.0044447445296683236
0.0044447445296683236
0.0044447445296683236
0.0044447445296683236
0.0044447445296683236
