23793.19807827459
23793.19807827459
23793.19807827459
23793.19807827459
23793.19807827459
23793.19807827459
23793.19807827459
23793.19807827459
23781.162708610176
23781.162708610176
23781.162708610176
23776.458092197874
23754.548367690575
23754.548367690575
23754.548367690575
23754.548367690575
23734.3621568167
23728.565083627764
23728.565083627764
23702.98278776112
23702.98278776112
23696.351801060093
23696.351801060093
23692.31096163762
23683.71875902732
23670.88955476737
23648.98260438575
23631.746238575997
23631.746238575997
23631.746238575997
23629.184488935236
23629.184488935236
23629.184488935236
23629.184488935236
23623.39962352398
23623.39962352398
23623.39962352398
23601.934361479896
23601.934361479896
23596.25489517568
23596.25489517568
23596.25489517568
23596.25489517568
23586.55289453024
23580.469413345865
23580.469413345865
23579.764956364834
23565.128416903433
23542.092773919703
23542.092773919703
23525.560833756615
23525.560833756615
23500.987023253576
23483.117016065225
23483.117016065225
23483.117016065225
23483.117016065225
23481.20992267879
23477.235726228973
23477.235726228973
23477.235726228973
23473.209748189714
23472.109504765656
23467.76014848451
23453.121518216132
23430.62687354317
23430.62687354317
23411.50697296653
23411.50697296653
23411.50697296653
23411.50697296653
23396.060820407987
23382.108237157565
23382.108237157565
23382.108237157565
23382.108237157565
23382.108237157565
23357.38997224263
23346.046952263874
23346.046952263874
23346.046952263874
23346.046952263874
23346.046952263874
23336.94667391436
23329.48739024479
23316.574330931864
23316.574330931864
23316.574330931864
23316.574330931864
23316.574330931864
23307.275331013458
23307.275331013458
23293.51663939528
23286.74411735959
23265.099962996115
23265.099962996115
23262.4436402801
23262.4436402801
23244.420799638872
23243.85972603677
23243.85972603677
23243.85972603677
23243.85972603677
23224.64983549407
23224.64983549407
23224.64983549407
23220.422831674783
23220.422831674783
23210.714848899963
23210.714848899963
23188.688626606683
23188.688626606683
23177.83512136
23177.83512136
23177.83512136
23177.83512136
23177.83512136
23169.63301664133
23169.63301664133
23152.140800944042
23152.140800944042
23144.417824156742
23135.728146338995
23114.906829546526
23114.906829546526
23114.906829546526
23103.51932416971
23100.696373068586
23079.689490435965
23068.981385537943
23057.164003345555
23057.164003345555
23039.765312063086
23027.85683293835
23023.92320227034
23015.738443216178
23015.738443216178
23015.738443216178
23004.977067419317
22992.57737569551
22992.57737569551
22992.57737569551
22992.57737569551
22992.57737569551
22992.515540917313
22992.515540917313
22992.515540917313
22992.515540917313
22992.515540917313
22990.105679887598
22978.36931068894
22959.233600403724
22959.233600403724
22959.233600403724
22957.022645515935
22953.54008787373
22934.94759382694
22934.310144504576
22916.27206587249
22916.27206587249
22895.708837082973
22888.80491130558
22888.80491130558
22868.558639544608
22868.558639544608
22864.468231687988
22864.468231687988
22852.890479914924
22852.890479914924
22852.890479914924
22852.890479914924
22852.890479914924
22826.44580249205
22826.44580249205
22821.83695167037
22821.83695167037
22807.875005667822
22781.8391330297
22781.8391330297
22781.8391330297
22781.8391330297
22770.596521900694
22770.596521900694
22768.537778943548
22750.27301180876
22739.601491877984
22726.12493087159
22726.12493087159
22726.12493087159
22726.12493087159
22726.12493087159
22726.12493087159
22720.409113787275
22720.409113787275
22720.409113787275
22720.409113787275
22687.61001834345
22661.448608857394
22659.242436315406
22651.96814162465
22651.96814162465
22651.612778232105
22651.612778232105
22646.84873407181
22639.754455393348
22639.754455393348
22639.754455393348
22637.86385436772
22637.86385436772
22616.871478458288
22616.871478458288
22616.871478458288
22609.278028733646
22609.278028733646
22609.278028733646
22573.489622659003
22554.398984466836
22533.83911849454
22533.83911849454
22525.37513487127
22519.78751009274
22518.27461893469
22502.147754441
22472.179030786636
22471.483484256438
22471.483484256438
22471.483484256438
22471.483484256438
22471.483484256438
22471.483484256438
22445.26870081322
22445.26870081322
22445.26870081322
22445.26870081322
22445.26870081322
22433.480165566318
22427.35756457059
22426.663932732976
22423.961992974753
22423.961992974753
22423.908089344062
22422.977421146003
22422.528594215815
22419.720901279106
22419.720901279106
22419.720901279106
22413.748289945772
22413.748289945772
22398.76028282726
22390.653543509878
22390.653543509878
22390.653543509878
22390.653543509878
22374.99606535139
22374.99606535139
22369.233076721783
22352.315607454842
22352.315607454842
22336.19193754388
22331.398457698382
22307.36820187237
22263.665176206792
22242.646973561834
22241.914140640296
22241.914140640296
22241.914140640296
22241.914140640296
22235.32697660212
22235.32697660212
22226.3635653092
22216.428126352832
22216.428126352832
22215.183383793363
22215.183383793363
22213.441778105676
22198.93932624126
22198.93932624126
22183.87802447474
22183.87802447474
22183.87802447474
22183.87802447474
22154.45525237571
22154.45525237571
22154.45525237571
22154.45525237571
22142.592072262094
22142.592072262094
22142.592072262094
22142.592072262094
22122.895332345433
22122.895332345433
22118.172137458052
22118.172137458052
22118.172137458052
22118.172137458052
22116.609902960612
22116.609902960612
22107.14886684911
22107.14886684911
22096.06157643858
22086.12805203848
22083.207674871013
22068.306178399172
22055.922375854017
22050.64421627469
22050.64421627469
22036.780051008926
22029.21477473733
22018.227468457073
22018.227468457073
22013.159438857958
22013.159438857958
22013.159438857958
22013.159438857958
22010.93192362881
22010.93192362881
22008.508459546283
22008.508459546283
21988.555733878027
21988.555733878027
21978.1305733249
21975.464089246736
21968.667710275346
21968.667710275346
21968.667710275346
21968.667710275346
21968.509910962697
21968.509910962697
21968.509910962697
21966.829644540187
21966.829644540187
21966.829644540187
21960.954545375687
21950.47236347309
21930.960210923673
21930.960210923673
21930.960210923673
21917.158652142596
21911.491813476954
21904.99855277095
21894.19840184694
21881.18281452263
21881.18281452263
21881.18281452263
21877.58986526115
21877.58986526115
21877.58986526115
21875.154252595905
21875.154252595905
21875.154252595905
21860.715622069005
21853.183806890673
21853.183806890673
21853.183806890673
21849.611502320236
21832.108280353554
21813.38527924514
21783.83984968407
21783.83984968407
21783.83984968407
21783.83984968407
21783.83984968407
21778.2549508591
21778.2549508591
21771.617689371826
21771.617689371826
21748.147188674215
21748.147188674215
21748.060941845102
21748.060941845102
21743.113838295645
21736.69507084278
21705.433527829708
21705.433527829708
21705.061424044074
21705.061424044074
21703.40380902123
21701.40755988955
21701.40755988955
21701.40755988955
21699.375896441405
21662.116401303134
21662.116401303134
21638.3849010843
21616.677476456567
21616.677476456567
21610.638606043845
21600.348978992046
21568.913890293858
21568.913890293858
21568.913890293858
21563.18283129352
21544.190125249686
21532.037061587544
21532.037061587544
21522.129026215895
21500.650584689924
21500.650584689924
21500.650584689924
21500.650584689924
21500.650584689924
21500.650584689924
21500.650584689924
21500.650584689924
21492.32955521664
21492.32955521664
21492.32955521664
21492.32955521664
21492.32955521664
21488.056321927736
21488.056321927736
21481.96587188661
21481.96587188661
21468.078218758066
21459.52059531019
21459.52059531019
21449.84786749447
21449.84786749447
21446.3794844162
21433.18242731435
21426.445631720082
21426.445631720082
21426.445631720082
21426.445631720082
21426.445631720082
21426.445631720082
21423.27396335254
21418.77808746868
21418.77808746868
21416.194475601475
21416.194475601475
21398.32080541255
21398.32080541255
21398.32080541255
21374.01671968575
21374.01671968575
21374.01671968575
21374.01671968575
21370.341916270852
21370.341916270852
21370.341916270852
21370.341916270852
21366.201006995172
21366.201006995172
21345.520306231676
21326.950092578623
21326.950092578623
21322.833921312234
21322.833921312234
21322.833921312234
21322.833921312234
21306.84566581234
21299.708646521976
21289.38279073451
21266.86854923527
21262.065815145455
21262.065815145455
21262.065815145455
21243.428792305873
21243.428792305873
21243.428792305873
21243.428792305873
21243.428792305873
21243.428792305873
21218.132206779093
21213.413166480175
21213.413166480175
21213.413166480175
21213.413166480175
21213.413166480175
21206.08634387452
21201.404526416012
21201.404526416012
21201.404526416012
21196.885381273078
21196.885381273078
21189.72017502528
21189.72017502528
21189.72017502528
21181.590293298454
21181.590293298454
21181.590293298454
21144.462529556262
21137.282149019957
21137.282149019957
21137.282149019957
21137.282149019957
21133.201884389535
21126.822033416538
21126.822033416538
21113.20678129437
21107.518502801107
21100.83462801159
21087.046215598006
21087.046215598006
21087.046215598006
21087.046215598006
21070.79421133856
21070.79421133856
21051.74846463422
21051.74846463422
21042.973744737243
21042.973744737243
21037.641312176434
21037.641312176434
21013.134961391544
21013.134961391544
21013.134961391544
21013.134961391544
21013.134961391544
21013.061651314645
21013.061651314645
21013.061651314645
21009.85382972418
21009.85382972418
20967.742566944136
20967.742566944136
20967.141077886456
20948.730691224755
20909.824869667507
20903.86557534331
20903.86557534331
20903.86557534331
20903.86557534331
20895.724325497817
20878.688529018847
20878.688529018847
20870.285847182317
20859.242726701847
20831.095817478683
20829.991991962317
20829.991991962317
20815.455446776006
20815.455446776006
20814.388200574198
20814.388200574198
20812.806007804025
20812.806007804025
20806.82129207762
20806.82129207762
20789.006924474274
20789.006924474274
20775.422979474282
20772.90737568744
20772.90737568744
20772.90737568744
20765.584478108594
20746.653201614386
20746.653201614386
20738.8928609454
20714.163756324164
20709.202912167162
20709.202912167162
20709.202912167162
20698.936288012883
20698.936288012883
20689.167245878798
20687.02622138564
20687.02622138564
20687.02622138564
20687.02622138564
20681.73580592173
20681.73580592173
20671.007070021387
20665.684549168505
20665.684549168505
20665.684549168505
20665.684549168505
20644.85633797001
20622.21124429385
20601.728048399986
20601.728048399986
20601.728048399986
20599.25808634937
20594.933478639054
20581.139412260913
20581.139412260913
20581.139412260913
20554.14646399839
20554.14646399839
20553.42758527979
20553.42758527979
20553.42758527979
20553.42758527979
20553.42758527979
20553.42758527979
20548.067230395664
20548.067230395664
20548.067230395664
20545.894736238995
20545.894736238995
20545.894736238995
20529.9953925331
20525.38107318015
20525.38107318015
20493.998324992917
20477.606882681666
20475.02996915059
20474.664205714667
20464.4670619971
20457.19845712222
20457.19845712222
20443.38212882079
20432.928006859718
20429.00662481878
20429.00662481878
20427.920087954415
20427.920087954415
20427.920087954415
20427.920087954415
20425.237849633217
20423.395846838463
20422.899397220168
20422.899397220168
20422.899397220168
20413.925253509147
20413.805103583014
20413.805103583014
20404.66308238524
20384.7974884778
20369.633896033847
20369.633896033847
20361.541908568248
20361.541908568248
20361.541908568248
20361.541908568248
20347.121100801156
20347.121100801156
20347.121100801156
20334.50671079438
20334.50671079438
20321.669262106407
20321.669262106407
20321.669262106407
20321.669262106407
20305.95567522848
20305.95567522848
20294.245203210543
20294.245203210543
20294.245203210543
20258.50309545592
20244.477059735793
20236.10236825911
20224.92278002804
20224.92278002804
20200.969838084296
20175.717869607626
20150.64449824524
20144.24580288176
20132.00951350279
20117.092360203515
20117.092360203515
20117.092360203515
20086.554867414594
20086.482087367694
20086.482087367694
20086.482087367694
20086.482087367694
20086.482087367694
20086.482087367694
20077.618762399034
20057.371675169183
20037.6266576861
20037.6266576861
20037.6266576861
20037.62404026496
20037.62404026496
20008.972211396
20008.972211396
19998.315665705293
19998.315665705293
19998.315665705293
19993.163802790208
19993.163802790208
19982.70518233849
19982.70518233849
19982.70518233849
19978.074124903884
19978.074124903884
19964.907991957058
19964.15296248633
19953.117494661285
19946.65393682515
19946.65393682515
19938.131341255255
19938.131341255255
19938.131341255255
19938.131341255255
19938.131341255255
19927.369708113045
19921.80602025867
19921.80602025867
19921.80602025867
19921.80602025867
19880.395068909686
19880.395068909686
19869.326286013875
19867.85709741673
19841.630122773367
19817.39932232276
19812.379862178816
19812.379862178816
19802.474491784575
19802.474491784575
19802.474491784575
19789.41862486553
19789.41862486553
19771.99689707758
19771.99689707758
19759.337143794204
19759.337143794204
19756.06904673173
19756.06904673173
19736.385725201697
19729.033514863502
19729.033514863502
19729.033514863502
19710.380162974674
19710.380162974674
19684.697939238726
19684.697939238726
19684.697939238726
19681.972467803465
19669.771801446084
19667.12714615055
19658.67457534122
19646.1669604117
19630.586896117722
19605.536053409873
19597.461914431362
19594.078147922977
19573.885385812897
19573.885385812897
19573.885385812897
19566.115960971114
19566.115960971114
19566.115960971114
19566.115960971114
19566.115960971114
19561.78494057846
19559.86979175971
19559.86979175971
19538.620217431908
19538.620217431908
19538.620217431908
19538.620217431908
19536.37322160287
19536.37322160287
19536.37322160287
19519.567382255173
19500.550777069693
19498.55370727447
19498.55370727447
19498.55370727447
19487.245164126387
19487.245164126387
19483.66867011702
19483.66867011702
19459.90158920574
19450.79815452866
19447.41599664658
19447.41599664658
19436.964739692794
19436.964739692794
19436.964739692794
19425.175449051214
19424.50273911084
19422.348308729812
19407.154582446736
19407.11243273311
19404.029311142036
19404.029311142036
19374.971794029203
19359.34583923639
19359.34583923639
19359.34583923639
19353.31105471098
19353.31105471098
19353.31105471098
19325.112897306903
19317.17825025202
19308.641024081542
19286.054863739235
19262.04096234155
19249.079529784616
19249.079529784616
19248.079034156224
19238.481054485263
19238.481054485263
19238.481054485263
19238.481054485263
19237.392927922785
19237.392927922785
19237.392927922785
19236.724550377658
19233.51323850501
19214.458951946195
19214.458951946195
19207.359446063627
19207.359446063627
19194.885104634828
19190.356868593557
19186.696269295742
19186.253449722815
19186.253449722815
19177.45650459129
19177.45650459129
19177.45650459129
19177.45650459129
19177.45650459129
19177.421411097595
19169.342842397207
19169.342842397207
19169.342842397207
19155.854206906264
19145.925680745044
19137.554865359853
19137.554865359853
19137.554865359853
19137.554865359853
19137.554865359853
19128.605120615728
19128.605120615728
19126.043856421915
19105.726121732565
19105.726121732565
19097.27376564274
19087.28163489502
19081.318163243617
19081.318163243617
19081.318163243617
19077.06452827224
19068.251098627614
19068.251098627614
19068.251098627614
19068.251098627614
19068.251098627614
19050.829753118873
19048.087153585955
19048.087153585955
19048.087153585955
19048.087153585955
19027.17619413477
19027.17619413477
19027.17619413477
19027.17619413477
19007.42839395794
19007.42839395794
19007.42839395794
19007.42839395794
19007.42839395794
19007.42839395794
19007.42839395794
19007.42839395794
18997.171917908458
18995.41756441917
18995.41756441917
18985.04372633811
18976.199925385215
18976.199925385215
18976.199925385215
18976.199925385215
18971.834520379292
18971.834520379292
18960.818680681023
18960.818680681023
18960.818680681023
18960.818680681023
18960.818680681023
18958.906132628537
18958.906132628537
18952.508153916602
18943.1801561199
18938.94548652611
18938.94548652611
18927.600309362766
18913.30748763335
18913.30748763335
18908.67866547959
18907.223088980838
18901.334431890384
18886.381103273034
18874.434247423374
18874.434247423374
18874.434247423374
18874.434247423374
18874.434247423374
18871.1282562176
18871.1282562176
18864.488783950674
18864.488783950674
18849.98594833574
18848.17846311632
18846.015330193874
18846.015330193874
18846.015330193874
18846.015330193874
18846.015330193874
18833.829064288133
18833.829064288133
18825.07032776972
18825.07032776972
18809.69176959076
18809.69176959076
18800.192197409953
18800.192197409953
18800.192197409953
18800.192197409953
18800.192197409953
18800.192197409953
18800.192197409953
18785.89703792656
18785.89703792656
18767.977380887925
18760.998429196225
18760.998429196225
18748.738660066807
18748.738660066807
18748.738660066807
18746.02345371803
18746.02345371803
18746.02345371803
18746.02345371803
18746.02345371803
18746.02345371803
18746.02345371803
18746.02345371803
18720.818924638792
18716.774550049562
18705.12921954415
18697.34963576371
18681.426430140673
18674.14315735364
18674.14315735364
18671.553478305606
18671.553478305606
18671.553478305606
18671.553478305606
18671.553478305606
18666.898565150295
18643.53569264527
18634.308228362173
18629.88732596833
18615.368488093398
18606.30101029079
18606.30101029079
18606.30101029079
18606.30101029079
18606.30101029079
18577.95353094282
18546.287343628275
18546.287343628275
18546.287343628275
18546.287343628275
18526.753758102674
18517.821802200284
18517.821802200284
18515.159054646945
18499.71814399194
18499.71814399194
18499.292913480018
18485.2279254033
18485.2279254033
18478.20792640137
18477.124521261023
18477.124521261023
18477.124521261023
18477.124521261023
18470.838575204805
18464.112725809027
18464.112725809027
18453.53638049737
18449.000512682585
18434.36384542688
18427.930612769374
18427.930612769374
18425.80628143719
18425.80628143719
18425.80628143719
18419.355254887392
18419.355254887392
18406.128106048574
18405.681748218394
18405.681748218394
18405.681748218394
18405.681748218394
18405.681748218394
18405.681748218394
18402.90412744088
18402.72171231214
18402.72171231214
18392.060863264487
18392.060863264487
18386.66917943335
18386.66917943335
18385.157819957334
18385.157819957334
18385.157819957334
18385.157819957334
18385.157819957334
18383.93575728767
18376.56907088426
18376.56907088426
18376.56907088426
18376.56907088426
18376.56907088426
18373.08116542168
18373.08116542168
18373.08116542168
18367.302339134752
18367.302339134752
18361.35113252041
18360.380334246227
18355.8820097137
18339.782585789824
18339.782585789824
18327.55773615079
18327.55773615079
18313.494695653884
18306.95527515066
18306.95527515066
18304.02511459232
18287.23492349193
18287.23492349193
18287.23492349193
18276.395188354323
18276.395188354323
18276.395188354323
18261.316119526156
18261.316119526156
18261.316119526156
18261.316119526156
18249.824587053918
18241.46223891372
18234.41590314622
18234.41590314622
18234.41590314622
18210.221366165177
18207.034131962988
18207.034131962988
18207.034131962988
18203.045828904123
18203.045828904123
18197.44830200382
18197.44830200382
18197.44830200382
18196.45929065014
18196.45929065014
18187.261894298616
18184.536786986828
18179.668476931543
18148.323559122025
18148.323559122025
18148.323559122025
18142.376540626658
18123.737601010318
18116.72332356873
18113.43966130644
18113.43966130644
18106.5258914398
18105.946033138523
18105.946033138523
18092.939706098823
18071.056055246878
18071.056055246878
18071.056055246878
18071.056055246878
18062.51516619478
18062.230485180826
18062.230485180826
18062.230485180826
18062.230485180826
18062.230485180826
18054.976877397825
18054.976877397825
18054.976877397825
18054.976877397825
18049.443063294515
18033.108014666643
18033.108014666643
18028.19546634926
18028.19546634926
18028.19546634926
18028.19546634926
18028.19546634926
17996.391749874216
17994.850010807648
17994.850010807648
17985.736718367203
17980.486242597333
17950.91016600167
17942.72403747332
17942.72403747332
17938.730344804295
17938.730344804295
17935.81232124669
17935.81232124669
17935.81232124669
17910.9838037749
17910.9838037749
17890.390135185407
17890.390135185407
17890.390135185407
17890.390135185407
17884.21292386309
17884.21292386309
17884.21292386309
17880.64057558688
17870.611661666295
17870.611661666295
17861.988631989854
17838.395427145606
17833.663728156498
17822.697644947457
17822.697644947457
17822.697644947457
17810.152261245843
17794.21669643235
17787.303184426186
17787.303184426186
17787.303184426186
17749.37668248671
17747.90305976705
17747.90305976705
17736.06700905206
17736.06700905206
17718.084211665362
17718.084211665362
17712.833153616633
17696.7241329686
17696.7241329686
17687.9256495354
17687.9256495354
17674.544878207715
17661.90160147532
17658.613949457937
17656.51835662151
17656.51835662151
17656.51835662151
17656.51835662151
17656.51835662151
17656.51835662151
17656.51835662151
17656.51835662151
17648.774360972406
17637.713604815777
17637.43023012627
17637.43023012627
17637.43023012627
17633.109510791306
17633.109510791306
17633.109510791306
17633.109510791306
17633.109510791306
17623.510627125543
17604.335562406897
17600.82580054356
17600.82580054356
17600.82580054356
17600.82580054356
17600.82580054356
17600.82580054356
17600.82580054356
17587.187499304986
17581.451779239334
17569.247077359683
17569.247077359683
17563.757473328726
17563.757473328726
17563.757473328726
17563.757473328726
17563.757473328726
17546.98396999557
17546.89577495625
17543.221907202555
17536.02195815096
17532.15670342281
17532.15670342281
17532.15670342281
17532.15670342281
17532.15670342281
17532.15670342281
17532.15670342281
17532.15670342281
17532.15670342281
17532.15670342281
17532.15670342281
17521.473786445356
17521.473786445356
17521.473786445356
17521.473786445356
17501.93946714063
17483.457209582
17474.207911510635
17474.207911510635
17473.819737537786
17469.77687415126
17459.59557413017
17459.59557413017
17459.59557413017
17450.17912344488
17450.17912344488
17436.62665191307
17436.62665191307
17432.378493949254
17417.767895368495
17417.767895368495
17417.767895368495
17407.992717166697
17407.992717166697
17384.138669265067
17367.52975685032
17367.52975685032
17367.52975685032
17337.20350373049
17335.884644687445
17335.884644687445
17335.884644687445
17335.884644687445
17331.66876431981
17331.66876431981
17331.66876431981
17331.66876431981
17314.674146664955
17300.929597443996
17282.32224529117
17282.32224529117
17282.32224529117
17282.32224529117
17280.8826206118
17280.8826206118
17280.8826206118
17280.8826206118
17276.067323929696
17263.608328661547
17263.608328661547
17263.179032346496
17263.179032346496
17263.179032346496
17263.179032346496
17263.179032346496
17263.179032346496
17263.179032346496
17250.145267031497
17238.786484549262
17229.243063302332
17229.243063302332
17217.299697155482
17217.299697155482
17210.778328862245
17210.778328862245
17204.632840107635
17204.632840107635
17195.737216737623
17193.960422436176
17180.42772399449
17180.42772399449
17156.683132251765
17156.683132251765
17156.683132251765
17140.9068056541
17129.064502640722
17129.064502640722
17129.064502640722
17125.32952550472
17116.10832471632
17108.406502914488
17103.61659892249
17103.61659892249
17103.61659892249
17103.61659892249
17103.61659892249
17103.61659892249
17103.61659892249
17103.61659892249
17097.783015063793
17087.767818161912
17087.767818161912
17079.295820300864
17079.189886484965
17079.189886484965
17079.189886484965
17063.218461755434
17046.433396957924
17046.433396957924
17046.433396957924
17028.272057192262
17028.272057192262
17028.272057192262
17028.272057192262
17022.445927220644
17019.792648454786
17019.792648454786
16987.774033752685
16965.518150296717
16965.518150296717
16944.179160026833
16944.179160026833
16941.83862450937
16924.476194583796
16924.476194583796
16914.215526554635
16901.38031730618
16889.392930399183
16889.392930399183
16889.392930399183
16889.392930399183
16886.539924479734
16872.039267166467
16859.903591643615
16859.903591643615
16858.08877385816
16858.08877385816
16858.08877385816
16858.08877385816
16858.08877385816
16850.168906865234
16850.168906865234
16850.168906865234
16850.168906865234
16850.168906865234
16850.168906865234
16846.705780936496
16840.28770749479
16837.87661123228
16835.191111244025
16833.66542586691
16833.66542586691
16833.66542586691
16833.66542586691
16833.66542586691
16833.66542586691
16833.66542586691
16826.504160704186
16826.504160704186
16811.313823771856
16811.313823771856
16793.505544020878
16779.877329178045
16779.877329178045
16779.877329178045
16760.57636618053
16757.67164530131
16737.03457371722
16729.07323120202
16717.90012847793
16717.90012847793
16717.90012847793
16717.90012847793
16717.90012847793
16717.90012847793
16717.90012847793
16717.90012847793
16704.442380310767
16704.442380310767
16704.442380310767
16704.442380310767
16704.43199153996
16698.322795843498
16693.35435851843
16691.5850770846
16668.14687011079
16654.34458792748
16645.351903451206
16641.18538063442
16641.18538063442
16634.129138712076
16606.6912579244
16606.6912579244
16606.6912579244
16606.6912579244
16602.61630861722
16602.61630861722
16602.61630861722
16597.09355742713
16597.09355742713
16597.09355742713
16591.25159276191
16588.414707298867
16588.414707298867
16586.35785554358
16585.489143319468
16567.16786380139
16566.011021007827
16562.290381664
16559.254362596806
16559.254362596806
16559.254362596806
16552.909503851224
16547.868721275987
16547.868721275987
16537.11626346068
16537.11626346068
16535.59714131145
16535.59714131145
16535.59714131145
16535.59714131145
16535.59714131145
16535.59714131145
16532.148151864643
16520.234653144904
16520.234653144904
16520.234653144904
16511.610818696037
16503.676060561986
16503.676060561986
16493.859271698235
16493.859271698235
16493.83625913603
16493.83625913603
16493.83625913603
16483.728012803553
16483.728012803553
16483.728012803553
16465.884077164577
16464.501585627066
16457.685111700885
16442.30182109628
16442.30182109628
16412.475725933764
16391.686601902962
16391.686601902962
16391.686601902962
16387.656661078046
16385.007065441656
16357.82098928846
16350.797558194348
16345.835777475633
16344.26976039447
16329.092215588611
16321.829434847155
16320.684984783637
16320.684984783637
16297.15047409707
16297.15047409707
16297.15047409707
16297.15047409707
16297.15047409707
16275.115644855532
16275.115644855532
16265.230544029298
16263.155025323404
16263.155025323404
16246.770360497301
16229.471000267034
16229.471000267034
16211.260001600971
16200.864844967142
16197.325515164948
16197.325515164948
16186.741925345901
16183.202681189821
16183.202681189821
16173.805470532872
16173.805470532872
16163.149494491134
16163.149494491134
16163.149494491134
16163.149494491134
16163.149494491134
16160.617932988062
16160.617932988062
16160.617932988062
16160.617932988062
16160.617932988062
16160.617932988062
16158.972745882042
16158.972745882042
16134.213445324018
16134.213445324018
16134.213445324018
16134.213445324018
16131.9169490444
16109.002190694278
16109.002190694278
16093.338006658663
16092.752073460395
16092.752073460395
16092.752073460395
16092.752073460395
16086.215052899395
16086.215052899395
16081.36244966343
16078.78050858689
16076.612843448584
16076.612843448584
16068.087752006402
16068.087752006402
16042.26433608177
16032.359194768858
16020.271794836623
16014.14051767743
16014.14051767743
15996.977241690609
15996.977241690609
15987.821982551202
15987.658287644746
15962.200792666845
15946.25353711297
15943.188742767892
15943.188742767892
15933.363777459832
15933.363777459832
15896.988817986321
15895.48163344817
15895.48163344817
15895.48163344817
15895.48163344817
15895.48163344817
15871.494998264028
15871.494998264028
15871.494998264028
15871.494998264028
15862.512330638327
15860.026110708817
15860.026110708817
15854.217616623504
15854.217616623504
15854.217616623504
15851.965588724928
15851.965588724928
15851.965588724928
15851.965588724928
15851.965588724928
15851.965588724928
15851.965588724928
15849.232258115595
15844.966273499109
15844.966273499109
15844.966273499109
15844.966273499109
15844.966273499109
15844.966273499109
15844.966273499109
15832.461881166551
15812.762260271356
15812.762260271356
15806.316336767679
15793.305757596609
15793.305757596609
15793.305757596609
15782.916456773872
15782.916456773872
15776.994138693368
15773.821089040275
15751.005566191627
15730.2092803711
15730.2092803711
15722.973295851401
15722.973295851401
15711.960716633153
15711.960716633153
15711.010624344499
15696.962614802262
15696.962614802262
15696.962614802262
15696.962614802262
15695.171866227602
15677.654206442428
15677.654206442428
15662.297280699913
15640.75224707579
15640.75224707579
15640.75224707579
15638.111694932782
15638.111694932782
15636.816912910077
15636.816912910077
15636.816912910077
15636.816912910077
15622.971554113821
15604.422794166916
15604.422794166916
15604.422794166916
15602.958130907871
15595.628256656322
15583.894882937137
15568.517598490975
15550.331539205912
15544.508446184678
15531.520652311377
15529.777411383602
15529.04584409496
15515.042993000694
15515.042993000694
15508.361311632552
15499.29262801797
15499.29262801797
15488.708988459837
15465.854006347468
15455.032480136602
15431.200525538728
15431.200525538728
15431.200525538728
15428.40872389597
15428.40872389597
15416.87644166227
15416.87644166227
15416.87644166227
15416.87644166227
15415.16182985444
15415.16182985444
15415.16182985444
15394.890057566388
15381.229951446798
15381.229951446798
15381.229951446798
15365.078194071091
15365.078194071091
15365.078194071091
15352.351012299512
15352.351012299512
15352.351012299512
15345.605390994024
15342.95903321027
15342.95903321027
15342.95903321027
15342.95903321027
15342.95903321027
15332.616166321712
15332.616166321712
15332.616166321712
15317.089111073645
15307.449421300042
15307.449421300042
15283.901532466089
15274.182590035454
15274.182590035454
15273.803819968507
15273.803819968507
15273.803819968507
15273.803819968507
15267.182335652025
15265.475375352278
15265.475375352278
15265.475375352278
15264.271601771336
15264.271601771336
15243.846997072367
15238.655319881083
15238.655319881083
15210.369913767201
15187.583471219166
15187.583471219166
15187.583471219166
15187.583471219166
15177.709288807257
15177.709288807257
15162.071760585497
15162.071760585497
15135.034504275762
15133.386645481578
15128.021763047182
15110.090653603549
15110.090653603549
15110.090653603549
15096.945798240562
15093.11182403799
15088.98924379492
15074.189106356866
15074.189106356866
15049.587043953416
15032.756101087543
15019.53177296495
14996.687727685568
14996.687727685568
14996.687727685568
14978.360766943693
14972.968559479912
14972.968559479912
14972.968559479912
14972.968559479912
14972.968559479912
14966.775867905119
14966.775867905119
14958.054762253047
14958.054762253047
14958.054762253047
14958.054762253047
14936.124514967505
14923.988223459884
14923.988223459884
14923.988223459884
14923.988223459884
14923.988223459884
14923.988223459884
14923.988223459884
14906.864201241267
14906.864201241267
14905.137968141546
14905.137968141546
14901.614548341195
14898.984918404922
14898.984918404922
14884.923344022214
14884.923344022214
14882.810238111984
14877.844107232046
14877.844107232046
14871.029747347526
14871.029747347526
14871.029747347526
14871.029747347526
14871.029747347526
14869.03127548775
14844.535799574065
14844.535799574065
14844.535799574065
14835.583755002346
14835.583755002346
14835.583755002346
14817.864305327836
14814.86361542498
14804.290664830916
14798.266330902235
14794.526671563304
14794.526671563304
14770.361958412293
14770.361958412293
14760.646276354022
14745.13022102167
14740.278325420197
14740.278325420197
14740.278325420197
14740.278325420197
14725.677387265408
14725.677387265408
14725.677387265408
14725.677387265408
14702.448561324156
14702.448561324156
14702.448561324156
14702.448561324156
14693.359890873888
14693.359890873888
14693.359890873888
14693.359890873888
14693.359890873888
14678.433167935
14678.433167935
14672.966202826781
14670.213238410131
14670.213238410131
14670.213238410131
14670.213238410131
14662.183350724545
14662.183350724545
14649.647600846258
14649.647600846258
14649.647600846258
14641.712912504208
14641.712912504208
14633.18329995839
14632.058084590835
14623.166930819187
14623.166930819187
14623.166930819187
14617.35669630807
14603.927058518797
14603.927058518797
14603.927058518797
14596.01999230423
14596.01999230423
14596.01999230423
14596.01999230423
14587.255120717244
14579.594742053816
14557.823943742047
14557.823943742047
14545.438225426975
14543.280174827267
14543.280174827267
14543.280174827267
14543.280174827267
14543.280174827267
14543.280174827267
14523.229158004255
14523.229158004255
14523.229158004255
14523.229158004255
14523.229158004255
14523.229158004255
14523.229158004255
14523.229158004255
14523.229158004255
14523.229158004255
14516.715619589266
14516.715619589266
14516.715619589266
14516.715619589266
14502.477835862492
14497.338409037604
14479.348576626031
14464.640348685734
14446.728530911923
14446.728530911923
14446.728530911923
14438.994944463391
14432.4474870654
14432.4474870654
14406.504021051858
14399.909383966824
14378.557202270169
14378.557202270169
14378.557202270169
14376.091888286996
14376.091888286996
14374.24285803816
14374.24285803816
14363.09278015885
14363.09278015885
14363.09278015885
14363.09278015885
14363.09278015885
14357.133677826398
14354.279717560443
14346.483138485326
14327.216679639903
14301.656428848606
14288.880913223704
14288.880913223704
14266.82729984102
14266.82729984102
14262.947217560184
14262.947217560184
14262.947217560184
14262.947217560184
14259.901965802343
14256.412003126909
14256.412003126909
14249.930786250545
14249.930786250545
14249.930786250545
14249.930786250545
14249.158166387318
14249.158166387318
14249.158166387318
14249.158166387318
14235.15974761995
14211.735216604591
14211.735216604591
14211.735216604591
14211.735216604591
14211.735216604591
14203.937132925837
14198.396330951038
14198.396330951038
14182.107417894524
14182.107417894524
14182.107417894524
14177.822748791901
14177.173789694596
14177.173789694596
14154.836084672079
14154.836084672079
14154.836084672079
14147.643125458182
14142.390575585707
14142.390575585707
14142.390575585707
14137.530802633968
14137.530802633968
14135.28222045438
14126.13885017262
14126.13885017262
14126.13885017262
14126.13885017262
14123.416320630933
14115.511649282353
14106.573496820436
14106.573496820436
14104.58533221262
14091.333076960616
14084.588526036
14083.662526095977
14083.662526095977
14080.15935206413
14080.15935206413
14080.15935206413
14080.15935206413
14068.98638272038
14060.469292858801
14060.469292858801
14054.804948853362
14039.530093466432
14031.529039208257
14024.774584395696
14012.315643477927
14012.315643477927
14005.73105672656
13981.97962116453
13977.446917874538
13977.446917874538
13977.446917874538
13975.431099579964
13975.431099579964
13975.431099579964
13975.431099579964
13975.431099579964
13975.431099579964
13969.107269552265
13969.107269552265
13944.615224241616
13944.615224241616
13944.615224241616
13944.615224241616
13944.615224241616
13937.141473483467
13936.791534868511
13916.903090469084
13916.903090469084
13905.149310513347
13905.149310513347
13905.149310513347
13903.388695658028
13890.092619146893
13881.00220356565
13866.874700798713
13866.874700798713
13866.874700798713
13856.970493673423
13856.970493673423
13846.115769528402
13846.115769528402
13845.098672324002
13845.098672324002
13845.098672324002
13845.098672324002
13845.098672324002
13838.079239897901
13829.191459779453
13825.00067403095
13825.00067403095
13825.00067403095
13816.103133671044
13816.103133671044
13812.906485161984
13812.906485161984
13812.906485161984
13798.796200129571
13796.689038733077
13782.584248406563
13782.584248406563
13776.371386707466
13774.700838200251
13754.25695757427
13752.077185921185
13749.84762869436
13746.760617832548
13744.974812946522
13744.974812946522
13744.974812946522
13733.371766827908
13733.371766827908
13726.577288168091
13720.930279090564
13709.876707640158
13709.876707640158
13709.876707640158
13704.5160322631
13703.315500799026
13703.315500799026
13703.315500799026
13696.748331287
13685.912570814644
13685.912570814644
13681.072948055522
13676.624758524476
13676.624758524476
13676.624758524476
13676.624758524476
13673.389715278234
13673.389715278234
13673.389715278234
13673.389715278234
13673.389715278234
13668.525024121353
13668.525024121353
13668.525024121353
13659.88201092779
13659.88201092779
13648.040796551339
13646.293810521269
13628.095097935811
13600.72529456652
13588.657851691583
13582.903768022328
13580.427604611075
13580.427604611075
13580.427604611075
13580.427604611075
13580.427604611075
13580.427604611075
13575.543018983524
13575.543018983524
13556.696682057875
13546.090877818386
13531.474560120809
13526.769608111998
13516.174419157114
13516.174419157114
13506.149051241619
13506.149051241619
13504.076323334226
13498.650520238887
13497.435184215976
13497.435184215976
13497.435184215976
13473.27760528975
13472.754631379945
13464.862789119614
13464.862789119614
13464.862789119614
13464.862789119614
13457.72124523487
13449.840036814765
13449.840036814765
13441.20667677763
13441.20667677763
13434.112908880687
13434.112908880687
13434.112908880687
13429.333318962754
13429.333318962754
13429.333318962754
13429.333318962754
13429.333318962754
13429.333318962754
13427.396942711253
13425.700250258094
13416.334482612234
13409.618594809863
13401.243606183054
13398.545070005384
13398.545070005384
13395.37984836266
13395.37984836266
13395.37984836266
13395.37984836266
13395.37984836266
13388.824056040587
13379.772670278713
13371.55822174184
13371.55822174184
13371.55822174184
13371.55822174184
13360.898419149698
13360.898419149698
13360.368771275733
13360.368771275733
13351.501408890568
13349.74500077488
13333.631359749877
13333.631359749877
13323.9592285571
13323.43995427359
13323.43995427359
13311.495193998613
13311.495193998613
13311.495193998613
13311.495193998613
13311.495193998613
13311.131736326703
13311.131736326703
13311.131736326703
13311.131736326703
13311.131736326703
13311.131736326703
13311.131736326703
13299.089503185878
13295.679658326522
13295.679658326522
13295.679658326522
13295.679658326522
13283.995976156952
13275.046394391136
13275.046394391136
13272.385922763526
13272.385922763526
13269.287667161765
13269.287667161765
13251.409505857384
13251.409505857384
13242.238890251958
13235.304983962998
13235.304983962998
13232.989653348866
13227.595582208092
13215.972756016681
13211.74862341047
13211.74862341047
13208.04457011878
13208.04457011878
13208.04457011878
13180.595292870574
13165.873323325332
13157.742439841397
13157.742439841397
13157.742439841397
13157.742439841397
13139.905712030995
13133.496633063452
13133.496633063452
13130.072286815872
13130.072286815872
13119.713554726728
13119.713554726728
13101.90906898947
13101.90906898947
13101.90906898947
13090.613841426437
13090.613841426437
13079.751778122458
13079.576042791494
13071.852718403883
13070.11904641943
13070.11904641943
13070.11904641943
13058.641789786774
13046.593126344116
13043.092664514923
13043.092664514923
13042.855064150193
13042.855064150193
13042.855064150193
13042.855064150193
13041.65995339008
13036.842292933334
13036.842292933334
13036.842292933334
13018.732242634458
13018.732242634458
13006.844720094557
12998.321152584069
12998.321152584069
12998.321152584069
12971.70176977766
12971.70176977766
12971.70176977766
12971.70176977766
12971.460264846351
12965.63391430457
12959.965097428822
12959.965097428822
12959.965097428822
12950.616130041304
12950.616130041304
12934.880450504845
12934.880450504845
12934.880450504845
12928.74094833008
12928.74094833008
12918.31091750848
12918.31091750848
12915.724549403023
12904.143366507968
12904.143366507968
12904.143366507968
12897.203429633904
12897.203429633904
12892.71908351992
12887.23862664336
12887.23862664336
12887.23862664336
12870.647511970878
12856.553498572819
12850.898605948432
12850.898605948432
12849.790652294156
12845.801385986842
12839.13999112741
12823.544141769622
12820.446931674986
12820.446931674986
12820.446931674986
12810.154109628773
12810.154109628773
12810.154109628773
12810.154109628773
12810.154109628773
12805.477014555972
12796.645621282249
12783.451156203659
12783.451156203659
12771.308501420508
12771.308501420508
12768.795067566578
12751.363199986827
12737.418977082798
12735.592646476856
12735.592646476856
12735.592646476856
12716.876287668363
12716.876287668363
12716.876287668363
12715.5032262357
12715.5032262357
12691.795033891181
12673.738388971447
12670.91353558333
12670.91353558333
12670.91353558333
12667.063869900709
12656.995471870041
12650.210564373463
12649.403145205899
12649.403145205899
12649.403145205899
12641.554089604571
12641.554089604571
12629.518818312397
12629.518818312397
12629.518818312397
12617.124920237422
12617.124920237422
12617.124920237422
12617.124920237422
12617.124920237422
12597.732668817858
12592.317007810401
12585.095196578974
12571.600331152087
12567.088955496667
12561.857718528237
12561.857718528237
12545.19067644461
12545.19067644461
12529.337220393274
12519.406742048135
12519.406742048135
12517.25509233155
12517.25509233155
12517.25509233155
12514.893368350577
12514.803118003245
12514.803118003245
12494.003366136463
12492.088877878628
12492.088877878628
12480.478866416399
12463.680749688725
12461.53384027103
12461.53384027103
12461.53384027103
12455.783180597125
12455.075881348803
12455.075881348803
12453.118627877993
12453.118627877993
12453.118627877993
12451.226631048583
12451.18239799519
12443.961071448695
12440.260495008366
12440.260495008366
12430.707619070636
12428.93793003435
12428.93793003435
12408.963311993757
12408.963311993757
12392.190920718362
12376.018177876827
12364.733764713443
12355.513366922502
12354.199302966434
12354.199302966434
12351.060257569809
12343.763028375612
12339.14233070539
12339.14233070539
12339.14233070539
12339.003131342506
12324.82721456851
12303.749224099136
12296.052347083823
12269.06505755321
12269.06505755321
12269.06505755321
12251.088294306363
12251.088294306363
12251.088294306363
12251.088294306363
12239.856631907189
12229.145313391813
12229.145313391813
12229.145313391813
12218.495281721202
12201.32341912652
12201.32341912652
12201.32341912652
12201.32341912652
12201.082399415998
12201.082399415998
12189.935843521278
12182.691817083754
12178.635257904065
12170.194223450917
12168.831259197192
12146.453686379406
12134.600624004624
12134.600624004624
12133.487816869492
12132.679889608587
12132.50705437613
12117.899968374166
12117.899968374166
12117.899968374166
12117.899968374166
12117.899968374166
12117.899968374166
12117.899968374166
12117.899968374166
12106.739177619207
12095.847342562512
12093.825362912448
12093.825362912448
12092.851389094667
12092.851389094667
12092.851389094667
12092.851389094667
12076.50657432633
12073.931674456624
12072.990008942697
12070.641502341177
12070.641502341177
12070.641502341177
12063.624507030494
12061.531977851604
12061.531977851604
12055.452648573973
12055.452648573973
12051.112357441509
12044.768704251055
12042.377764511348
12042.377764511348
12042.377764511348
12035.404511683544
12029.941112942535
12029.941112942535
12029.941112942535
12020.82831251909
12000.220715495127
11984.870590629072
11979.187886892678
11979.187886892678
11979.187886892678
11976.749757811012
11957.985972807428
11957.985972807428
11935.911120111774
11935.911120111774
11935.122614446735
11935.122614446735
11927.442309934664
11927.157236785955
11926.492892500017
11924.871520426797
11924.871520426797
11908.31578814785
11906.442508435899
11906.442508435899
11884.746928237832
11874.438094581075
11874.438094581075
11855.077939457562
11855.077939457562
11855.077939457562
11845.372007126321
11832.177911236053
11832.177911236053
11820.133857408618
11816.798504757699
11816.798504757699
11800.078332065958
11800.078332065958
11796.376866213159
11780.691496766844
11780.691496766844
11764.808430889929
11755.33835403755
11755.33835403755
11746.201621563421
11746.201621563421
11743.113545347836
11743.113545347836
11743.113545347836
11718.769093646571
11718.769093646571
11707.11741396946
11707.11741396946
11703.616314180199
11695.321972483625
11685.973043892227
11685.973043892227
11685.973043892227
11685.973043892227
11685.973043892227
11685.973043892227
11684.110234537045
11676.787858792484
11669.778333183876
11669.778333183876
11669.778333183876
11660.969938294269
11660.969938294269
11657.340047233844
11646.670460568035
11646.670460568035
11646.670460568035
11642.358986436418
11642.358986436418
11630.174210400639
11625.39731122045
11614.516980035301
11614.516980035301
11614.516980035301
11600.490526087551
11600.490526087551
11600.490526087551
11588.034187191704
11588.034187191704
11588.034187191704
11572.855772839675
11562.313102482049
11550.887188845087
11550.887188845087
11550.887188845087
11538.545113686278
11538.545113686278
11538.545113686278
11535.264818860394
11526.576246250921
11526.576246250921
11526.576246250921
11510.041700223408
11510.041700223408
11510.041700223408
11510.041700223408
11496.451361238574
11496.451361238574
11472.89727225406
11469.577686939863
11469.577686939863
11469.577686939863
11469.577686939863
11469.577686939863
11469.577686939863
11469.577686939863
11451.106527165764
11451.106527165764
11451.106527165764
11451.106527165764
11451.106527165764
11451.106527165764
11451.106527165764
11451.106527165764
11435.573079978227
11418.255933152088
11418.255933152088
11418.255933152088
11408.454838826092
11408.454838826092
11408.454838826092
11408.454838826092
11408.454838826092
11389.714242582359
11389.714242582359
11389.714242582359
11389.714242582359
11389.714242582359
11389.714242582359
11389.714242582359
11385.807259974012
11385.807259974012
11385.807259974012
11385.807259974012
11385.807259974012
11385.807259974012
11385.807259974012
11385.807259974012
11385.807259974012
11385.807259974012
11379.622011652333
11379.622011652333
11369.545858919064
11365.76505099101
11364.644872586512
11364.644872586512
11355.912634944962
11338.846095726958
11338.846095726958
11328.851865673663
11317.656643187804
11307.0771948964
11298.446387826662
11296.312415842613
11284.806809680938
11281.495993722587
11280.527598430315
11269.262605124808
11269.262605124808
11269.262605124808
11269.262605124808
11269.262605124808
11266.90369719242
11263.813590021633
11263.813590021633
11263.813590021633
11263.813590021633
11263.813590021633
11263.813590021633
11261.39542454276
11261.39542454276
11260.599301754792
11252.824667898301
11252.824667898301
11252.824667898301
11238.612258494126
11235.271986573647
11235.271986573647
11235.271986573647
11228.101400273223
11225.599457519858
11225.599457519858
11225.599457519858
11225.599457519858
11219.26446573781
11219.26446573781
11199.596022600781
11195.93309585057
11195.93309585057
11195.93309585057
11188.095229284289
11174.90243000852
11174.90243000852
11171.512297000763
11171.512297000763
11171.512297000763
11171.512297000763
11171.512297000763
11155.205452189488
11155.205452189488
11148.376094497842
11148.376094497842
11148.376094497842
11146.264298010365
11146.03204161088
11127.688514385913
11127.688514385913
11127.688514385913
11127.688514385913
11122.77192801814
11122.77192801814
11118.286436350681
11118.286436350681
11101.890208732684
11101.890208732684
11101.890208732684
11101.890208732684
11101.890208732684
11101.890208732684
11079.954060520953
11074.740639814176
11072.809365345003
11065.16476707493
11040.319713440049
11032.17162687739
11032.17162687739
11025.284934613177
11025.284934613177
11025.284934613177
11014.943597245163
11013.353522312207
11013.353522312207
11012.840938815025
11012.840938815025
11012.840938815025
11003.57458368272
11003.020155352368
10995.218369577748
10986.883916196224
10975.840471982588
10972.123104380717
10955.162094097817
10955.162094097817
10948.92078400081
10941.86965571604
10935.087344876665
10920.800685775366
10913.615186350413
10913.615186350413
10910.231522049195
10910.231522049195
10899.142952240632
10899.142952240632
10899.142952240632
10899.142952240632
10899.142952240632
10883.293002761782
10883.293002761782
10883.293002761782
10875.513937356205
10875.513937356205
10869.34079708567
10862.707690657655
10862.707690657655
10862.707690657655
10861.408521390746
10854.05461746822
10852.896561275307
10852.896561275307
10829.017337147709
10829.017337147709
10821.474074012234
10821.474074012234
10799.430815969718
10799.430815969718
10793.042195521386
10793.042195521386
10793.042195521386
10793.042195521386
10787.66312013433
10776.975317112709
10747.908145394098
10747.908145394098
10735.075296805295
10721.921851192332
10721.921851192332
10715.489970269879
10715.489970269879
10715.489970269879
10714.483574634447
10714.483574634447
10714.483574634447
10713.826961762308
10706.618079806416
10689.861272803219
10689.861272803219
10689.861272803219
10681.013129601379
10681.013129601379
10671.70261059718
10671.70261059718
10671.70261059718
10661.639208834107
10661.639208834107
10651.444777190309
10651.444777190309
10651.242795372846
10645.731077254679
10645.731077254679
10637.240171510986
10637.240171510986
10637.240171510986
10629.85969577382
10620.261350533801
10617.85207707535
10617.85207707535
10617.85207707535
10616.61297758215
10603.257283725448
10600.485170000216
10591.637820680462
10579.463857270535
10575.053923515505
10563.953201239767
10560.792675449831
10560.792675449831
10555.959000144308
10555.890563758148
10555.890563758148
10553.428736916248
10547.428214215659
10538.30612564377
10538.30612564377
10538.30612564377
10535.29324652352
10519.193606699155
10512.968077908483
10498.93767403758
10498.93767403758
10491.35593554206
10478.939192642863
10478.939192642863
10478.939192642863
10478.939192642863
10478.939192642863
10478.939192642863
10470.309665954846
10449.072625187879
10449.072625187879
10449.072625187879
10436.331293381725
10432.734182654473
10432.734182654473
10419.232629649012
10419.232629649012
10419.232629649012
10419.232629649012
10419.232629649012
10401.67425390624
10393.575953463223
10393.575953463223
10393.575953463223
10373.627776810079
10373.627776810079
10373.627776810079
10373.627776810079
10372.990019629604
10363.936715520516
10363.936715520516
10363.936715520516
10363.936715520516
10358.799559694615
10355.926599799006
10355.926599799006
10338.207048632104
10338.207048632104
10338.207048632104
10328.289172049173
10328.289172049173
10314.969181983995
10293.639540750268
10293.253434286515
10293.253434286515
10293.253434286515
10293.253434286515
10293.227141583933
10293.227141583933
10293.227141583933
10293.227141583933
10293.227141583933
10293.227141583933
10293.227141583933
10293.227141583933
10286.967524542935
10286.967524542935
10286.967524542935
10281.579610743674
10266.893666823997
10261.578877837192
10260.941063824637
10260.941063824637
10250.539930301864
10237.317070491934
10237.317070491934
10237.317070491934
10218.10664373176
10218.10664373176
10202.77766193952
10198.888027796094
10198.888027796094
10190.882233748804
10190.882233748804
10185.557029340953
10179.086202164966
10179.086202164966
10179.086202164966
10169.424728835944
10169.424728835944
10160.039500478435
10160.039500478435
10143.666014164211
10142.59771594431
10137.544249008139
10133.294415920083
10133.191232106334
10132.374282227034
10132.374282227034
10128.570358482133
10128.570358482133
10128.570358482133
10121.872052177434
10119.480343224157
10111.115802866638
10111.115802866638
10111.115802866638
10111.115802866638
10111.115802866638
10111.115802866638
10111.115802866638
10109.025586758642
10107.570504887815
10107.570504887815
10100.867998581552
10082.565071402492
10082.565071402492
10068.731433155352
10038.046456629309
10027.792457787684
10027.792457787684
10022.121658260092
10022.121658260092
10019.34203387006
10019.34203387006
10019.34203387006
10019.34203387006
10018.518074470816
10018.518074470816
10018.518074470816
10015.595787041511
10015.595787041511
10015.595787041511
10015.475364891658
10015.475364891658
9983.23929019574
9966.06813382479
9966.06813382479
9958.683278402168
9947.739518187322
9923.789111861386
9916.84843364819
9916.84843364819
9916.84843364819
9916.551925429578
9897.323793668655
9897.323793668655
9880.20953547331
9878.304588327515
9874.49081635505
9863.600603615814
9863.600603615814
9863.600603615814
9863.600603615814
9863.600603615814
9863.600603615814
9856.53194769806
9852.580927478431
9845.78366224332
9845.78366224332
9845.78366224332
9845.78366224332
9845.78366224332
9845.78366224332
9824.057035599666
9824.057035599666
9824.057035599666
9824.057035599666
9824.057035599666
9819.23770958766
9819.23770958766
9819.23770958766
9819.23770958766
9819.23770958766
9819.23770958766
9798.253810648477
9770.75564706524
9770.75564706524
9763.910890986805
9763.910890986805
9763.910890986805
9763.910890986805
9763.910890986805
9763.910890986805
9761.933807334452
9761.933807334452
9761.933807334452
9761.933807334452
9761.933807334452
9761.933807334452
9747.79505824371
9723.139913592751
9716.053477122188
9716.053477122188
9712.823109570014
9712.823109570014
9712.823109570014
9712.823109570014
9712.823109570014
9708.56448350523
9704.929334761733
9704.929334761733
9687.822815489619
9667.501579699781
9661.109598255287
9646.235581568448
9646.235581568448
9646.235581568448
9641.60810392399
9639.655099341946
9629.940968518235
9612.656771516793
9612.656771516793
9612.656771516793
9611.7800621258
9611.7800621258
9611.7800621258
9607.186541630064
9599.622191325501
9599.622191325501
9599.622191325501
9599.622191325501
9599.622191325501
9599.622191325501
9599.622191325501
9593.36519784176
9593.36519784176
9577.81079267407
9577.81079267407
9569.576332451703
9567.936595621974
9567.936595621974
9565.38402432151
9553.292913466808
9553.292913466808
9545.89280828668
9536.43471385088
9531.835822968822
9531.835822968822
9531.835822968822
9531.835822968822
9529.339914373331
9529.339914373331
9529.339914373331
9523.538629850413
9523.538629850413
9522.44064827993
9522.44064827993
9522.32059131565
9520.185394453754
9506.572522605975
9506.572522605975
9506.572522605975
9506.572522605975
9506.572522605975
9506.572522605975
9492.985919371835
9492.985919371835
9489.94190606924
9478.625176642705
9478.625176642705
9466.478049603307
9465.528265776033
9464.472071606177
9460.382120908838
9456.948920093157
9451.372723078468
9449.035447677717
9449.035447677717
9449.035447677717
9441.528112056416
9441.528112056416
9441.528112056416
9434.398589388165
9433.843258930943
9433.843258930943
9431.317672341118
9430.131867944
9430.131867944
9430.131867944
9430.131867944
9430.131867944
9416.44317779311
9416.44317779311
9409.558120438827
9407.521514003833
9407.521514003833
9407.521514003833
9405.453902911468
9405.453902911468
9405.453902911468
9398.047501573377
9393.503701804875
9386.35129916343
9386.047609424437
9386.047609424437
9386.047609424437
9386.047609424437
9386.047609424437
9386.047609424437
9383.036217250467
9383.036217250467
9378.079926831639
9376.887094502808
9376.887094502808
9375.897038843372
9375.897038843372
9359.363022262918
9359.363022262918
9355.127474007788
9354.243529203828
9354.243529203828
9338.395408609667
9335.65919737877
9335.65919737877
9333.299806651312
9333.299806651312
9323.992548544597
9321.115819671502
9319.724726665354
9319.724726665354
9316.176782063603
9307.769725211949
9304.043932353741
9303.202807958322
9288.01533529446
9288.01533529446
9279.886914508426
9279.886914508426
9268.763069117163
9264.99718243452
9264.99718243452
9264.99718243452
9264.66407989285
9262.80799802178
9249.113442652304
9229.969236659157
9229.969236659157
9227.707354159298
9227.707354159298
9217.74908436476
9217.74908436476
9212.141984514212
9208.62179829055
9204.388452263029
9198.048038908348
9197.028601728603
9197.028601728603
9197.028601728603
9197.028601728603
9195.045847851436
9195.045847851436
9195.045847851436
9192.933641824853
9192.933641824853
9191.880197155682
9191.880197155682
9191.880197155682
9190.059535435435
9190.059535435435
9183.777843867269
9179.842444856411
9171.022368789803
9162.407904094376
9147.273804365495
9139.082917488502
9139.082917488502
9126.750577596038
9106.78052384752
9106.78052384752
9096.931952173114
9096.931952173114
9096.931952173114
9096.931952173114
9096.931952173114
9096.931952173114
9096.931952173114
9096.931952173114
9080.835292085954
9080.835292085954
9080.835292085954
9080.835292085954
9078.735655315859
9078.735655315859
9063.245765410473
9046.263771568492
9046.147094393735
9036.5711905568
9036.5711905568
9036.5711905568
9019.03659394311
9011.906924432808
8999.032828495321
8999.032828495321
8999.032828495321
8999.032828495321
8999.032828495321
8999.032828495321
8999.032828495321
8999.032828495321
8999.032828495321
8997.287029104496
8997.287029104496
8993.552293339802
8993.552293339802
8984.97281714093
8984.97281714093
8979.791706053567
8979.791706053567
8979.791706053567
8979.791706053567
8979.791706053567
8969.021515287634
8969.021515287634
8969.021515287634
8969.021515287634
8969.021515287634
8968.152559592725
8957.386178551467
8956.214365292115
8956.214365292115
8956.214365292115
8956.214365292115
8950.083367759195
8950.083367759195
8950.083367759195
8944.55944339837
8940.13763265679
8940.13763265679
8932.359865707087
8932.359865707087
8932.359865707087
8922.955586432154
8916.659000007745
8916.659000007745
8916.659000007745
8916.659000007745
8892.132551401784
8892.132551401784
8884.073596557524
8882.080031253152
8882.051079792021
8882.051079792021
8875.67137793056
8875.67137793056
8875.67137793056
8870.9569408042
8869.192059829944
8859.871192525216
8859.871192525216
8859.871192525216
8857.30361489566
8857.30361489566
8855.750179632474
8855.750179632474
8855.750179632474
8849.967092118695
8843.155515518823
8843.155515518823
8843.155515518823
8838.933726750243
8838.933726750243
8829.167043386693
8812.636978377453
8804.905018210336
8778.62962676495
8778.62962676495
8768.183309627804
8754.707200801582
8747.781977791501
8742.623982726465
8736.763206431964
8734.988549110301
8734.988549110301
8732.396215319135
8726.718738101312
8726.718738101312
8710.85027079756
8709.69238445699
8708.934229906943
8708.934229906943
8708.934229906943
8708.934229906943
8692.906887940073
8692.906887940073
8692.906887940073
8692.077601125016
8692.077601125016
8688.509078781108
8682.662459772357
8682.662459772357
8677.73451697785
8671.435785477515
8671.435785477515
8655.81279986605
8655.81279986605
8655.81279986605
8650.978286557216
8650.978286557216
8650.03562869133
8650.03562869133
8649.038180879465
8649.038180879465
8644.13947280522
8644.13947280522
8624.398075312749
8624.398075312749
8622.583490918983
8615.980091023222
8615.980091023222
8615.980091023222
8615.980091023222
8615.980091023222
8603.071434791878
8598.185348128927
8598.185348128927
8593.962627515051
8593.962627515051
8593.962627515051
8593.962627515051
8593.962627515051
8588.97598864002
8588.97598864002
8588.97598864002
8584.660890563811
8580.39463141698
8580.39463141698
8566.574897887516
8566.574897887516
8566.574897887516
8555.364465705787
8555.364465705787
8552.574484580324
8551.662463834833
8551.662463834833
8551.662463834833
8546.329530121178
8538.913367517005
8538.913367517005
8531.318733661672
8531.318733661672
8521.655505669216
8520.437865024996
8504.343666785164
8504.343666785164
8493.57492691679
8493.57492691679
8474.058202875289
8468.533788212724
8458.441175506792
8454.541404173322
8454.541404173322
8454.541404173322
8454.541404173322
8446.472637875035
8443.235091001836
8443.235091001836
8442.875580994594
8428.46531880381
8428.46531880381
8412.968470043576
8412.147352612625
8412.147352612625
8407.49854873327
8395.335950351235
8390.840526842085
8388.869865741939
8383.01744880779
8383.01744880779
8383.01744880779
8383.01744880779
8383.01744880779
8379.190644034357
8365.776202207835
8365.776202207835
8365.776202207835
8365.776202207835
8363.99662992551
8358.234825297746
8358.234825297746
8353.250490426488
8353.250490426488
8349.503658082562
8322.217815588923
8322.217815588923
8320.957975145373
8312.745000303916
8306.87207037387
8306.87207037387
8305.471163766319
8305.471163766319
8305.471163766319
8305.471163766319
8298.910465028743
8298.379863465838
8286.327510727853
8286.327510727853
8278.632786535443
8278.205496126508
8267.38158345502
8267.38158345502
8266.188406806677
8266.188406806677
8266.188406806677
8240.710874150476
8240.710874150476
8231.402435753087
8221.142441653888
8212.001507372277
8212.001507372277
8211.523197110422
8211.523197110422
8211.523197110422
8211.523197110422
8211.523197110422
8207.386426884943
8207.386426884943
8193.008469811868
8192.484681488042
8192.484681488042
8192.484681488042
8192.484681488042
8192.484681488042
8188.627792350507
8171.805958890165
8171.565497703273
8152.199782314743
8145.773895773107
8137.758939954915
8137.758939954915
8137.758939954915
8137.558194697703
8130.250412373317
8126.421854799854
8126.421854799854
8126.421854799854
8123.185550197085
8123.185550197085
8123.185550197085
8113.745250878251
8103.682670556495
8103.682670556495
8103.682670556495
8103.682670556495
8103.682670556495
8103.682670556495
8103.682670556495
8103.682670556495
8103.682670556495
8103.682670556495
8095.56454890544
8095.082147344782
8095.082147344782
8095.082147344782
8090.938851865955
8089.627200105226
8080.273844905871
8080.273844905871
8080.273844905871
8079.112506340829
8070.494044947119
8070.494044947119
8069.831225656831
8056.269346280361
8056.269346280361
8056.269346280361
8056.269346280361
8056.269346280361
8055.020791409797
8055.020791409797
8055.020791409797
8049.367731971959
8049.367731971959
8041.418016455202
8034.97533899366
8034.97533899366
8024.272826541001
8024.272826541001
8009.2327984993335
8009.2327984993335
8006.551320305076
7994.543267215705
7988.655647247095
7979.58193435947
7979.58193435947
7976.836528071215
7976.836528071215
7976.361846927888
7967.6349484296925
7963.320044840589
7958.394874368238
7958.394874368238
7958.394874368238
7939.57514990606
7939.57514990606
7925.829211499518
7920.492057377464
7920.492057377464
7920.492057377464
7920.492057377464
7920.492057377464
7920.492057377464
7918.895800812634
7915.503793397298
7915.503793397298
7909.917728964668
7909.917728964668
7889.414580338751
7889.414580338751
7880.385981712487
7875.179470997769
7867.390553702758
7867.390553702758
7855.926445037762
7841.077838012155
7817.479631918232
7811.575115764572
7811.575115764572
7810.9140116922035
7810.9140116922035
7799.401730137785
7787.291409028991
7787.291409028991
7787.291409028991
7786.4618584406235
7786.4618584406235
7780.577911931553
7771.522288799447
7766.726961788863
7753.321313266062
7748.987224308013
7747.567859944067
7747.567859944067
7747.567859944067
7746.4617226829005
7746.4617226829005
7734.494305520474
7734.388343233845
7734.388343233845
7715.664733211486
7701.629941796724
7690.942972342873
7690.942972342873
7690.942972342873
7690.942972342873
7690.942972342873
7688.901760678774
7688.901760678774
7685.910206234707
7681.424347318738
7673.978392992021
7664.341139158709
7659.450510757424
7650.888497602359
7650.888497602359
7646.879632271515
7642.921427825379
7642.921427825379
7640.653342314595
7640.653342314595
7632.0859719364225
7632.0859719364225
7632.0859719364225
7613.855168549019
7610.9687310307045
7610.9687310307045
7606.382968383583
7606.382968383583
7596.829770360961
7595.193719218795
7585.259959482792
7585.259959482792
7585.259959482792
7577.469796454064
7564.21349082149
7563.203700239641
7562.299421438528
7562.299421438528
7562.299421438528
7562.299421438528
7559.456985205754
7551.7693630889435
7551.7693630889435
7551.7693630889435
7539.107227364165
7539.107227364165
7539.107227364165
7539.107227364165
7530.944487005434
7530.944487005434
7530.944487005434
7530.944487005434
7530.944487005434
7529.741052678504
7522.446678351385
7520.353156733683
7520.353156733683
7520.353156733683
7502.553468998586
7502.553468998586
7502.553468998586
7498.189086496612
7492.792230578627
7492.792230578627
7492.792230578627
7492.630215161171
7492.630215161171
7490.853471191558
7490.853471191558
7490.853471191558
7481.692233820111
7478.468783463408
7478.468783463408
7476.455030195767
7469.57571086046
7458.153623955639
7458.153623955639
7456.9228554923075
7444.038752584531
7444.038752584531
7444.038752584531
7444.038752584531
7443.318925094282
7437.675715440569
7437.675715440569
7437.675715440569
7437.675715440569
7425.67323593596
7425.67323593596
7423.531471294224
7417.832338826931
7417.832338826931
7411.795246504995
7411.795246504995
7406.8617726754255
7406.8617726754255
7400.660275263561
7400.660275263561
7400.660275263561
7400.660275263561
7398.137618394686
7396.953223997392
7391.083290126524
7391.083290126524
7390.793037008641
7387.007080320599
7372.0871528044645
7370.823596121112
7367.222754800676
7366.308144545714
7366.308144545714
7359.327274087204
7357.238751488992
7357.238751488992
7357.238751488992
7357.238751488992
7346.819894397323
7339.255617701613
7339.255617701613
7339.255617701613
7339.255617701613
7318.3609311993505
7318.185827142243
7318.185827142243
7318.185827142243
7318.185827142243
7318.185827142243
7310.302123933806
7305.540723426991
7305.540723426991
7305.540723426991
7305.540723426991
7305.540723426991
7300.259739188239
7299.976648605495
7299.976648605495
7295.544540449415
7292.577411933824
7292.577411933824
7290.555462379488
7290.555462379488
7288.984593040713
7283.6585595332435
7280.205550823996
7269.521793360434
7269.521793360434
7269.521793360434
7269.521793360434
7263.926195075736
7259.298838250566
7246.7347264526925
7246.7347264526925
7246.025156453685
7244.746227425165
7242.75628904146
7238.259963896948
7238.259963896948
7234.781061414651
7218.493947237206
7218.493947237206
7215.335304114238
7204.935567040881
7204.935567040881
7200.531108094431
7200.531108094431
7199.338599700135
7194.181817195858
7194.181817195858
7193.489624121596
7193.489624121596
7185.936509407183
7185.936509407183
7177.737532871741
7177.737532871741
7176.213916910421
7174.909922335934
7174.909922335934
7174.909922335934
7171.321194794376
7153.486123824246
7146.351360264375
7135.807076250319
7135.807076250319
7135.265067120925
7133.034440823918
7133.034440823918
7133.034440823918
7109.820066080555
7109.820066080555
7094.803263919068
7094.803263919068
7094.803263919068
7092.923646687737
7088.886489689317
7088.886489689317
7088.886489689317
7071.532370668696
7070.721954503319
7070.721954503319
7066.81938813144
7060.732359920372
7060.732359920372
7060.732359920372
7051.445729080133
7051.445729080133
7038.297978587995
7033.959664771116
7032.827049782083
7025.585322485471
7025.585322485471
7022.188923631488
7007.417301700339
7007.417301700339
7007.417301700339
7007.417301700339
7007.417301700339
7004.603062933133
7003.623928058656
7003.623928058656
7003.623928058656
6998.487504404488
6997.126699258764
6997.126699258764
6997.126699258764
6995.849943351008
6994.310996805176
6994.310996805176
6994.310996805176
6991.486764384755
6983.739320962393
6981.609482703786
6981.609482703786
6977.776987526676
6977.776987526676
6977.776987526676
6977.776987526676
6977.776987526676
6973.443850264815
6973.443850264815
6969.216791384328
6950.92953452709
6945.197505100821
6928.616036017432
6928.616036017432
6928.616036017432
6928.616036017432
6928.616036017432
6910.87596127384
6910.87596127384
6910.87596127384
6906.916250802882
6901.380738001946
6901.380738001946
6901.380738001946
6901.380738001946
6901.380738001946
6901.380738001946
6901.380738001946
6897.202557989874
6891.800675753646
6891.800675753646
6885.741563090648
6885.741563090648
6885.741563090648
6877.967564316353
6870.483378379641
6860.807728201083
6858.679911281179
6858.679911281179
6858.679911281179
6851.81786807525
6839.827387982597
6839.827387982597
6839.827387982597
6839.827387982597
6839.438970557177
6832.323002192621
6832.323002192621
6819.507866442812
6816.160871390194
6809.624637382184
6809.624637382184
6809.624637382184
6803.083784749623
6803.083784749623
6803.083784749623
6797.013151782901
6792.207030671015
6787.824746403057
6787.824746403057
6786.974303173194
6786.973365703167
6786.03602371142
6780.238460134635
6780.238460134635
6777.899750995741
6777.899750995741
6775.105437527148
6767.759586590629
6767.759586590629
6763.986467064007
6763.986467064007
6751.322363144622
6751.322363144622
6742.923503372171
6742.923503372171
6742.923503372171
6733.436264706804
6730.325186453353
6719.756134594938
6704.500546402986
6696.599365983078
6696.599365983078
6694.847799021537
6694.847799021537
6688.7143786831675
6676.310869832998
6676.310869832998
6675.424263746616
6665.5065778039
6665.5065778039
6665.5065778039
6665.5065778039
6649.527036265055
6649.527036265055
6649.527036265055
6649.527036265055
6649.527036265055
6649.527036265055
6649.527036265055
6638.299357382429
6635.173453409874
6631.232148812996
6627.39814477512
6627.39814477512
6627.39814477512
6624.308937345441
6624.308937345441
6624.308937345441
6624.308937345441
6614.439835804298
6600.456302040312
6600.456302040312
6600.456302040312
6597.322655831872
6594.058030735432
6589.740245028704
6589.740245028704
6578.499119029677
6565.998234477098
6563.572998965235
6563.572998965235
6550.081367641029
6535.860540579343
6535.860540579343
6535.860540579343
6527.730517188796
6527.730517188796
6527.730517188796
6527.730517188796
6527.730517188796
6527.730517188796
6519.2331779958
6501.61860032068
6491.529431247144
6491.529431247144
6486.240146122326
6486.240146122326
6486.240146122326
6486.092954860336
6478.529392256797
6478.529392256797
6475.569460885295
6472.620233208563
6472.620233208563
6472.620233208563
6472.620233208563
6459.807175475279
6459.807175475279
6459.807175475279
6453.853060272634
6453.853060272634
6445.206005567947
6445.206005567947
6445.206005567947
6443.633256956611
6443.633256956611
6443.633256956611
6440.422930719843
6440.422930719843
6440.422930719843
6440.422930719843
6440.422930719843
6435.107903012339
6435.107903012339
6435.107903012339
6435.107903012339
6435.107903012339
6435.107903012339
6435.107903012339
6428.196914665186
6411.998314436022
6411.998314436022
6405.366700266121
6404.489244470056
6403.447898078734
6403.447898078734
6403.447898078734
6403.447898078734
6403.447898078734
6397.797964226756
6392.497620387151
6392.497620387151
6392.497620387151
6380.621907974058
6380.621907974058
6380.621907974058
6380.621907974058
6380.621907974058
6375.671490757709
6375.671490757709
6375.671490757709
6369.304238675292
6369.304238675292
6355.725975805076
6343.559639549577
6329.800245667767
6322.308548818546
6322.308548818546
6320.898669429939
6320.898669429939
6313.7467563222135
6313.7467563222135
6308.8797537863165
6308.8797537863165
6299.075005249884
6299.075005249884
6298.228158392763
6297.795217414121
6297.795217414121
6289.326809654498
6289.326809654498
6289.326809654498
6286.409801274349
6283.683025002433
6283.683025002433
6283.683025002433
6283.601929886816
6271.566991619163
6266.492967200244
6266.492967200244
6266.492967200244
6266.492967200244
6266.492967200244
6252.494392659869
6239.9577492461
6237.99872130512
6237.257291066865
6237.257291066865
6237.257291066865
6237.257291066865
6230.8978564366025
6230.8978564366025
6230.8978564366025
6227.30394350602
6227.30394350602
6227.30394350602
6225.9820502995335
6221.743159870734
6221.743159870734
6221.743159870734
6215.3085306443345
6215.3085306443345
6211.7268285024475
6211.7268285024475
6206.0657596666215
6206.0657596666215
6203.945617525306
6196.8262556796735
6191.61778857932
6187.236235890382
6187.236235890382
6185.627171469787
6184.627286916414
6184.627286916414
6184.627286916414
6184.627286916414
6184.627286916414
6179.151406829152
6179.151406829152
6179.151406829152
6172.849964810838
6172.849964810838
6172.849964810838
6172.849964810838
6171.733626100563
6171.733626100563
6169.940201730695
6169.940201730695
6169.940201730695
6165.982950654693
6165.063147465157
6165.063147465157
6153.676027607027
6153.676027607027
6147.058386137398
6147.058386137398
6147.058386137398
6139.185641654227
6139.185641654227
6139.185641654227
6139.185641654227
6130.878210431713
6130.862105608114
6130.862105608114
6130.862105608114
6130.862105608114
6122.921031270571
6114.379815261775
6114.379815261775
6103.568266894099
6103.568266894099
6103.568266894099
6103.568266894099
6093.225763906779
6084.0013537559735
6084.0013537559735
6069.196341409566
6069.196341409566
6065.083173330128
6065.083173330128
6059.0846144973375
6039.032035213619
6039.032035213619
6039.032035213619
6034.326670962584
6027.731935053004
6027.731935053004
6026.001828981051
6026.001828981051
6026.001828981051
6026.001828981051
6026.001828981051
6022.6037844569955
6013.726917281015
6006.733218048996
6006.733218048996
5984.209501234421
5984.209501234421
5983.53405406677
5983.53405406677
5983.53405406677
5975.579562832112
5971.296173490264
5965.012710517884
5965.012710517884
5951.499842881636
5951.499842881636
5951.499842881636
5951.499842881636
5951.499842881636
5951.499842881636
5951.499842881636
5951.499842881636
5948.640948216242
5945.733023603887
5945.733023603887
5937.126792922894
5937.126792922894
5934.146801367655
5934.146801367655
5934.146801367655
5931.0011085791675
5931.0011085791675
5931.0011085791675
5931.0011085791675
5931.0011085791675
5924.198971466159
5924.198971466159
5924.198971466159
5924.198971466159
5924.198971466159
5923.661217445182
5907.256754464013
5898.56409098986
5890.01291594755
5888.726906154567
5888.726906154567
5880.152775343312
5880.152775343312
5878.154921323536
5877.964591296942
5857.851902954195
5850.6182038709185
5842.618768618912
5842.618768618912
5839.679717334893
5832.0838880207
5826.528918048222
5826.528918048222
5824.166239804781
5824.166239804781
5823.2129652721405
5823.2129652721405
5823.2129652721405
5816.6011507579005
5816.6011507579005
5798.989767202948
5796.482635360854
5796.482635360854
5792.772219926923
5779.382155142939
5779.382155142939
5779.083251544801
5777.401894975155
5770.923870541718
5768.5654325309515
5767.319161889948
5767.319161889948
5750.950182386138
5750.950182386138
5750.950182386138
5750.950182386138
5744.780872807454
5744.780872807454
5727.389441877272
5726.95526345641
5726.95526345641
5720.201461955665
5717.177008389148
5717.177008389148
5717.177008389148
5717.177008389148
5700.919602585598
5700.919602585598
5698.942203564997
5686.873229036136
5686.873229036136
5686.180897333951
5685.530377265162
5685.530377265162
5682.370309842303
5675.20825239959
5674.817304506327
5666.421888907195
5655.528562943728
5653.625708667572
5653.356164523185
5638.897312347777
5633.465535244477
5633.465535244477
5633.465535244477
5633.465535244477
5620.435400755061
5620.435400755061
5620.435400755061
5613.557426531064
5609.6018479248
5599.708686245919
5598.373922842146
5595.437726136508
5594.175625383177
5594.175625383177
5594.175625383177
5591.117744447992
5591.117744447992
5591.117744447992
5591.117744447992
5591.117744447992
5579.323675545308
5575.163436663978
5575.163436663978
5562.607963537082
5562.607963537082
5558.357472337167
5553.838987417727
5543.950665701479
5543.950665701479
5530.78646460442
5509.71375631821
5503.461656816302
5503.461656816302
5503.461656816302
5503.461656816302
5500.506241471719
5500.506241471719
5500.506241471719
5494.319771424685
5488.449106663419
5483.702352770957
5482.571293615808
5482.571293615808
5482.571293615808
5482.571293615808
5475.685770160979
5472.6273477729765
5472.6273477729765
5471.428487699024
5468.895243368572
5468.895243368572
5468.895243368572
5458.12752904868
5458.12752904868
5458.12752904868
5458.12752904868
5458.12752904868
5453.250900138559
5453.250900138559
5449.414743827584
5449.414743827584
5449.414743827584
5448.940961234162
5445.436831303249
5445.436831303249
5445.436831303249
5445.436831303249
5441.582229435865
5438.910503146734
5425.23829158902
5425.23829158902
5419.342583971776
5419.342583971776
5419.342583971776
5409.734474689405
5404.24475430946
5404.24475430946
5396.24553673314
5396.24553673314
5396.24553673314
5396.24553673314
5393.637130649936
5391.748673080162
5391.748673080162
5391.748673080162
5391.748673080162
5389.1470922998615
5389.1470922998615
5389.1470922998615
5384.664484074719
5377.940042462701
5377.940042462701
5371.312275598665
5367.521929913593
5367.521929913593
5367.457501864249
5363.334620959065
5363.302645628256
5363.302645628256
5361.53697449346
5361.53697449346
5361.53697449346
5361.53697449346
5359.136447811015
5349.117666727018
5349.117666727018
5349.117666727018
5349.117666727018
5346.905125850022
5346.905125850022
5346.693745996083
5343.8971155860645
5343.8971155860645
5343.8971155860645
5343.8971155860645
5341.841372289883
5341.841372289883
5341.841372289883
5333.651700238764
5333.651700238764
5328.149387098336
5328.149387098336
5328.149387098336
5328.149387098336
5328.149387098336
5323.587240488092
5323.587240488092
5311.609120048367
5311.609120048367
5311.609120048367
5311.609120048367
5311.609120048367
5311.609120048367
5311.609120048367
5311.609120048367
5311.609120048367
5311.609120048367
5300.53488860438
5300.53488860438
5294.455771884787
5269.563149291641
5269.470994825015
5269.470994825015
5268.4444862867385
5266.805244687164
5266.805244687164
5266.805244687164
5266.805244687164
5266.805244687164
5266.805244687164
5264.256252717056
5256.59105320535
5256.59105320535
5255.90652548348
5255.90652548348
5255.90652548348
5255.90652548348
5253.53652299973
5253.53652299973
5247.740889072126
5247.740889072126
5244.980970908244
5244.980970908244
5242.185449835152
5236.957883844319
5232.450010485731
5232.450010485731
5232.450010485731
5232.450010485731
5231.1730600530545
5228.52113073386
5228.52113073386
5227.302403325553
5227.302403325553
5227.302403325553
5223.420842077886
5222.991638233714
5214.891264944555
5214.891264944555
5214.891264944555
5214.891264944555
5214.891264944555
5207.006958281013
5207.006958281013
5204.471767053628
5200.180290473476
5191.0538538580195
5191.0538538580195
5191.0538538580195
5191.0538538580195
5181.709130007748
5181.709130007748
5171.312085599957
5171.312085599957
5157.482256988014
5157.317715941958
5157.317715941958
5157.317715941958
5156.295562307995
5144.551608943062
5144.551608943062
5143.545886490185
5131.994623521994
5123.762965484892
5123.1714896575995
5123.1714896575995
5121.2360371876675
5121.207857846143
5110.26321615051
5109.6995460138805
5101.072033278765
5097.636834016556
5094.616873232125
5083.612393422756
5083.612393422756
5082.970917299052
5082.970917299052
5078.237405215942
5068.709918357162
5068.132038181953
5068.132038181953
5068.132038181953
5063.84241440127
5062.159678129543
5062.159678129543
5050.149338489988
5050.149338489988
5050.149338489988
5047.707581877485
5045.529331180945
5039.933321459353
5027.86833154574
5020.5980862711385
5016.153410701837
5016.153410701837
5013.263901430143
5012.401126878138
5012.401126878138
5011.172314564262
5002.119500464903
5002.119500464903
4995.784674318584
4974.9397643990815
4972.928749811305
4972.928749811305
4972.928749811305
4972.928749811305
4972.928749811305
4961.250703088905
4961.250703088905
4961.250703088905
4961.250703088905
4961.250703088905
4961.250703088905
4961.250703088905
4961.250703088905
4960.529076616212
4952.978782336987
4952.978782336987
4946.961193449471
4946.961193449471
4946.912890611182
4940.713433748354
4940.713433748354
4940.713433748354
4940.713433748354
4940.713433748354
4936.342650718201
4936.342650718201
4928.464752725086
4928.464752725086
4926.472307939231
4926.472307939231
4923.893394150806
4921.644759298363
4918.5016464442115
4915.673777315797
4915.673777315797
4915.673777315797
4915.673777315797
4915.673777315797
4915.673777315797
4907.186871090412
4907.186871090412
4907.186871090412
4901.6069199325975
4900.543892350842
4900.543892350842
4900.543892350842
4900.543892350842
4900.543892350842
4897.986455377917
4894.611227466211
4887.555014502393
4887.555014502393
4880.0607699071825
4876.248952282775
4876.248952282775
4871.273365812129
4871.273365812129
4871.273365812129
4864.035213724857
4864.035213724857
4864.035213724857
4864.035213724857
4861.881310596392
4861.881310596392
4859.786684407162
4855.134591700371
4850.064132646615
4847.606603867948
4839.172374102949
4835.305527554138
4834.283190923778
4833.694855035186
4825.549398186962
4822.44818285536
4818.837659367054
4815.995202228088
4815.995202228088
4810.690542640719
4810.690542640719
4809.585456444042
4808.502654972276
4798.814362963677
4785.97715735928
4782.5970200962565
4782.5970200962565
4771.648207756014
4771.5845880252255
4768.358139098123
4763.622958368189
4755.015490345518
4755.015490345518
4752.504627753405
4751.010891737838
4743.015502903668
4743.015502903668
4743.015502903668
4743.015502903668
4735.3204417150555
4728.3418628022655
4728.3418628022655
4721.202915230888
4721.202915230888
4713.34280221949
4709.50280199498
4690.278532667038
4672.02218750076
4670.087754876808
4667.775308107949
4664.643850937766
4664.643850937766
4664.643850937766
4662.233960585606
4654.203809201686
4654.203809201686
4653.314061859801
4639.405475624491
4639.405475624491
4639.405475624491
4627.517419575842
4625.423734081558
4624.205242710702
4621.915655425138
4611.3232925124685
4602.4911427579245
4596.619322715147
4596.619322715147
4596.619322715147
4592.00540888481
4592.00540888481
4592.00540888481
4582.0571274452805
4582.0571274452805
4582.0571274452805
4582.0571274452805
4577.026497984501
4567.580210383534
4567.580210383534
4557.1305297627105
4554.912307152487
4554.386921716543
4554.386921716543
4554.386921716543
4554.386921716543
4551.878658341297
4550.007564005719
4547.486076539658
4544.168785979259
4544.168785979259
4544.168785979259
4544.168785979259
4534.053442195975
4534.053442195975
4526.228589777873
4526.228589777873
4522.332308496484
4519.837718595143
4519.837718595143
4509.602093474683
4507.806105931242
4507.806105931242
4507.806105931242
4502.14223276426
4499.801198034374
4492.9651829301165
4485.138318515996
4481.502754003974
4481.502754003974
4481.502754003974
4481.502754003974
4472.022968163003
4472.022968163003
4471.770479697504
4466.898597397291
4466.898597397291
4466.898597397291
4466.898597397291
4466.287593247234
4460.969754146121
4458.046305009313
4458.046305009313
4449.346600517643
4449.346600517643
4446.640069353274
4439.471516438639
4434.811821015213
4434.811821015213
4434.811821015213
4434.811821015213
4428.125483132669
4418.3947660438835
4418.3947660438835
4414.982372052358
4410.62093206218
4407.466360902676
4403.817208710267
4400.433540893998
4400.433540893998
4400.433540893998
4400.433540893998
4400.433540893998
4400.433540893998
4396.630703989515
4396.630703989515
4393.8600741080345
4393.042168050998
4387.351993181363
4386.70951354892
4386.70951354892
4382.319545680902
4376.172123761116
4376.172123761116
4376.172123761116
4370.761544696598
4364.330630845108
4364.330630845108
4364.330630845108
4364.330630845108
4364.330630845108
4364.330630845108
4364.330630845108
4364.330630845108
4364.330630845108
4364.330630845108
4356.058290991238
4347.67664569706
4347.67664569706
4335.525526739271
4331.086248590085
4331.086248590085
4323.811109205447
4323.811109205447
4314.683029096565
4314.683029096565
4308.540489537772
4306.029920444463
4301.292873393104
4301.292873393104
4289.626904070086
4286.153291236269
4284.911845871285
4284.911845871285
4279.389365362523
4279.389365362523
4278.545636291921
4278.169384678795
4275.284103030173
4266.59330727093
4262.609515581961
4262.609515581961
4262.609515581961
4262.609515581961
4259.890796886481
4259.890796886481
4259.890796886481
4259.890796886481
4259.17401729238
4259.17401729238
4259.17401729238
4248.029372506436
4248.029372506436
4248.029372506436
4244.338225761144
4244.338225761144
4239.397522330222
4239.397522330222
4239.397522330222
4239.397522330222
4234.264538709997
4225.448258487466
4225.448258487466
4225.448258487466
4225.448258487466
4225.448258487466
4225.448258487466
4225.448258487466
4225.448258487466
4215.827827455793
4212.039480386528
4212.039480386528
4208.351190311604
4208.351190311604
4203.0100213614305
4202.683661696355
4200.955696136723
4200.955696136723
4200.955696136723
4200.955696136723
4200.955696136723
4200.955696136723
4200.955696136723
4200.955696136723
4197.130639752742
4197.130639752742
4197.130639752742
4179.675341034073
4179.675341034073
4169.474885359244
4166.441279896662
4166.441279896662
4158.5443570598145
4158.5443570598145
4154.420824778944
4153.023007207029
4150.094024823437
4145.066348032241
4145.066348032241
4144.043621624788
4144.043621624788
4141.467108522145
4141.467108522145
4138.960001440996
4138.960001440996
4138.960001440996
4136.318911674993
4131.002163350393
4125.077574895328
4125.077574895328
4123.77924860262
4123.77924860262
4123.77924860262
4123.77924860262
4122.6296520978285
4113.738053797893
4106.580626482885
4106.580626482885
4106.580626482885
4104.203885212664
4104.203885212664
4104.203885212664
4101.93242785871
4098.011105502605
4098.011105502605
4096.104483158426
4093.58906632826
4088.7696807459147
4088.5800311417556
4083.8352525281216
4083.8352525281216
4077.2763220578886
4077.2763220578886
4076.0967332747964
4076.0967332747964
4076.0967332747964
4076.0967332747964
4067.630550460425
4067.3052810021277
4067.3052810021277
4067.3052810021277
4067.3052810021277
4067.3052810021277
4062.8437022443427
4051.3800561943913
4050.2825685779103
4050.2825685779103
4050.2825685779103
4050.2825685779103
4048.1078552472336
4048.1078552472336
4046.0183507547426
4040.4878176761267
4040.4878176761267
4030.885019876908
4026.085225740363
4026.085225740363
4019.2737626264434
4019.2737626264434
4019.2737626264434
4009.880518462626
4005.334713986371
4001.0460213039396
4001.0460213039396
4001.0460213039396
3995.9480544789503
3995.9480544789503
3989.6086814268983
3984.7952356902
3983.0428321847057
3981.746380501295
3981.746380501295
3969.787450555326
3962.0140692084847
3962.0140692084847
3962.0140692084847
3960.1059060404696
3959.6794491031364
3959.6794491031364
3949.433793399172
3944.868416346564
3940.4544763919557
3940.4544763919557
3940.1302953372556
3937.1793780701046
3937.1793780701046
3932.4458180543966
3932.4458180543966
3928.7274094038085
3926.3545800840598
3926.3545800840598
3926.3545800840598
3920.583764521576
3913.9324605336656
3906.433875904938
3897.6639195227312
3897.6639195227312
3894.0203168435405
3892.9424274969874
3888.5835536282148
3888.5835536282148
3888.5835536282148
3886.347763827772
3886.347763827772
3885.7312478392464
3885.7312478392464
3885.7312478392464
3876.044750144831
3876.044750144831
3874.974637751209
3873.3657909373537
3873.3657909373537
3868.609554966077
3868.609554966077
3868.609554966077
3863.4456156853075
3855.5242551762476
3855.5242551762476
3850.644004586855
3847.1710125287445
3840.474408984897
3840.474408984897
3834.582544921127
3834.582544921127
3831.6869568060565
3830.3809711883337
3830.3809711883337
3830.3809711883337
3826.0979557104174
3826.0979557104174
3825.7800973102994
3817.0835189813906
3808.3028739352762
3802.370256290963
3802.370256290963
3798.056523441741
3797.6989926593797
3796.581407829468
3788.6964995444823
3788.6964995444823
3788.6964995444823
3779.663959501283
3772.8286303464984
3772.8286303464984
3770.317090637222
3770.317090637222
3768.048330240501
3763.6123453159043
3763.6123453159043
3760.4906138721194
3760.4906138721194
3758.1574029103167
3758.1574029103167
3758.1574029103167
3757.3665233462402
3757.3665233462402
3756.072235302667
3756.072235302667
3756.072235302667
3752.868149266389
3749.523567774642
3749.523567774642
3742.5123914961487
3742.5123914961487
3742.5123914961487
3742.5123914961487
3742.5123914961487
3742.5123914961487
3742.5123914961487
3742.5123914961487
3742.5123914961487
3742.5123914961487
3741.5380811926902
3736.3624913929084
3736.3624913929084
3736.3624913929084
3731.7704199299887
3730.03102603106
3720.8442631304683
3711.58800501721
3711.58800501721
3711.58800501721
3709.541640504057
3706.6227083591893
3703.80622313905
3697.630557010102
3687.822223379736
3687.822223379736
3684.9523411099094
3681.142729429726
3681.142729429726
3678.65221394835
3678.65221394835
3676.97826064766
3676.97826064766
3675.6643371500704
3672.165823922563
3672.165823922563
3659.607458522791
3659.607458522791
3659.607458522791
3659.607458522791
3659.2805016277157
3652.9468058723924
3648.0317581931276
3647.0885235418705
3641.649091184432
3636.0505154323664
3629.4856939586725
3629.4856939586725
3627.5710873219423
3627.5710873219423
3626.313582384256
3626.313582384256
3623.355463164626
3623.355463164626
3622.1339658384863
3622.1339658384863
3622.1339658384863
3618.8412889641004
3618.8412889641004
3617.1158964933943
3609.593176990696
3609.593176990696
3602.868793684612
3602.868793684612
3602.868793684612
3593.6520086357627
3587.3798134626722
3587.3798134626722
3587.3798134626722
3587.3798134626722
3584.2340720833845
3584.2340720833845
3580.5608344910142
3580.5608344910142
3580.5608344910142
3579.696305054119
3578.579784107247
3577.2931248429086
3574.795542939416
3574.795542939416
3570.493689085257
3559.2854452698293
3559.2854452698293
3558.190702102867
3558.190702102867
3558.190702102867
3558.190702102867
3558.122177753246
3558.122177753246
3558.122177753246
3558.122177753246
3558.122177753246
3558.122177753246
3558.122177753246
3557.1610702598573
3557.1610702598573
3557.1610702598573
3557.1610702598573
3557.1610702598573
3556.2144014556297
3556.2144014556297
3556.2144014556297
3548.5515222759577
3538.0992427637916
3538.0992427637916
3535.3585301184476
3535.137973091122
3530.727855507456
3530.727855507456
3530.727855507456
3530.727855507456
3527.7129489612566
3522.739515470869
3518.1815974014403
3518.1815974014403
3518.1815974014403
3516.5525361432333
3514.154031823052
3511.45287761354
3511.45287761354
3507.1917413404867
3501.99083532564
3499.9028541957678
3499.9028541957678
3490.206060716939
3486.2871994421544
3482.439140133961
3472.81150245351
3472.236245486756
3472.0833013085316
3472.0833013085316
3472.0833013085316
3458.3277012160893
3457.5817423920203
3451.761001071755
3443.2796363693756
3443.2796363693756
3441.2633510105657
3441.2633510105657
3441.2633510105657
3441.2633510105657
3441.0041742958865
3438.9015983165414
3438.9015983165414
3436.7224219077534
3436.7224219077534
3436.7224219077534
3432.8283205226157
3432.8283205226157
3432.8283205226157
3432.8283205226157
3430.4434459786935
3430.4434459786935
3430.4434459786935
3426.8310097553262
3425.390004963288
3422.4994291303647
3422.4994291303647
3420.981438455808
3420.981438455808
3417.527242878512
3403.602166735943
3395.3054921584367
3395.3054921584367
3395.3054921584367
3394.627633891602
3394.627633891602
3385.5344724941915
3384.636264396918
3384.636264396918
3381.747937555045
3378.49818628045
3371.4462433424105
3357.6897303957935
3357.6897303957935
3357.6897303957935
3357.6897303957935
3357.6897303957935
3355.0902523962086
3351.099212641888
3345.8104629762956
3343.8134792181854
3343.8134792181854
3330.978470228506
3330.978470228506
3327.305995583926
3323.988050680392
3323.988050680392
3319.26848237545
3319.26848237545
3317.4007248057915
3314.4903604467295
3314.4903604467295
3314.4903604467295
3314.4903604467295
3314.4903604467295
3314.4903604467295
3313.622288381149
3313.622288381149
3308.4773439900378
3308.4773439900378
3308.4773439900378
3302.4981239490608
3298.768929885624
3296.3836495003543
3287.506019496753
3284.609892554381
3283.684693800211
3274.373910779273
3271.6707480337436
3271.6707480337436
3271.6707480337436
3271.6707480337436
3265.8402443642567
3263.2862622939247
3253.946798318026
3249.5857072614876
3249.1854726280367
3249.1854726280367
3249.1854726280367
3249.1854726280367
3242.0093892587824
3242.0093892587824
3242.0093892587824
3242.0093892587824
3238.862920757844
3238.862920757844
3235.489783632885
3235.489783632885
