33114.103554697824
33097.97321701581
33068.8763908836
33068.8763908836
33067.09124229929
33067.09124229929
33067.09124229929
33067.09124229929
33067.09124229929
33051.190809924185
33051.190809924185
33034.05794621302
33031.5728453472
33031.5728453472
33025.16415625064
33022.31504623762
33016.18422712282
33016.18422712282
33014.86224755393
33014.86224755393
33012.64117946567
32983.0607045618
32964.53915481983
32964.53915481983
32946.158186860455
32941.96129837704
32931.85489440996
32931.85489440996
32927.91210709912
32904.641828178224
32903.91995842266
32903.91995842266
32877.652125481596
32877.652125481596
32877.652125481596
32873.25586013896
32873.25586013896
32873.25586013896
32873.25586013896
32859.6916778646
32859.6916778646
32859.6916778646
32859.6916778646
32859.6916778646
32859.6916778646
32833.67679983633
32833.67679983633
32811.95349907763
32811.95349907763
32811.95349907763
32811.95349907763
32798.9309218992
32798.9309218992
32765.684593831862
32765.684593831862
32765.684593831862
32751.381809626335
32731.90176332817
32731.90176332817
32731.90176332817
32726.042125668082
32723.810862329967
32723.041724510327
32723.041724510327
32714.292774763922
32711.198226223554
32673.009730435926
32673.009730435926
32655.329300095113
32655.329300095113
32655.329300095113
32655.329300095113
32638.77900946388
32638.028916622454
32638.028916622454
32632.31338471072
32630.83966359793
32630.83966359793
32604.077014741662
32587.036990586534
32587.036990586534
32564.583631255646
32564.583631255646
32564.583631255646
32535.142611692238
32519.535968521224
32519.535968521224
32519.535968521224
32519.535968521224
32519.535968521224
32519.535968521224
32519.535968521224
32519.535968521224
32519.535968521224
32519.535968521224
32507.376374302956
32501.705775664337
32491.628995299106
32486.690780240704
32486.690780240704
32466.141423231325
32448.794379780164
32444.535737453065
32429.07468257218
32419.67847754311
32419.67847754311
32419.67847754311
32419.67847754311
32419.67847754311
32413.42623866189
32393.1178499184
32354.799762004546
32341.16092357949
32293.3676058363
32293.3676058363
32291.17731478478
32291.17731478478
32291.17731478478
32257.385023691528
32251.69848740161
32247.930741547458
32247.930741547458
32243.266508750683
32243.266508750683
32243.266508750683
32243.266508750683
32232.352834573598
32214.756882588317
32214.27016721433
32207.141509674788
32193.333961784618
32193.333961784618
32162.077869480116
32145.179560492372
32145.179560492372
32145.179560492372
32121.283638318888
32121.283638318888
32093.541032403537
32066.741931532903
32049.445071521684
32044.476038849127
32017.475551311483
32017.475551311483
32012.4620823212
32012.4620823212
31997.84296503751
31995.63195857488
31995.63195857488
31995.63195857488
31995.63195857488
31995.63195857488
31995.63195857488
31995.63195857488
31995.63195857488
31984.351962712666
31984.351962712666
31983.490646143717
31983.490646143717
31983.490646143717
31983.490646143717
31977.591470705764
31977.591470705764
31977.591470705764
31977.591470705764
31977.591470705764
31977.591470705764
31966.715961075366
31966.715961075366
31966.715961075366
31955.35688356521
31941.251014132125
31941.251014132125
31939.51927893864
31939.51927893864
31939.51927893864
31926.819685709997
31926.819685709997
31926.819685709997
31922.628764319947
31922.628764319947
31916.879304733204
31916.879304733204
31916.879304733204
31916.879304733204
31916.879304733204
31916.879304733204
31897.12070611892
31887.34872435559
31883.035618547252
31883.035618547252
31870.717644710672
31870.717644710672
31864.214514594616
31858.798800385193
31854.181857552503
31835.626216941975
31835.626216941975
31832.815107603743
31832.815107603743
31832.815107603743
31832.815107603743
31832.815107603743
31832.815107603743
31832.815107603743
31832.815107603743
31817.750638504564
31789.285018807608
31789.285018807608
31783.209036591004
31783.209036591004
31783.209036591004
31781.13247238517
31781.13247238517
31775.453860999172
31738.87229396921
31729.197983208065
31703.158402399633
31678.026778802283
31667.66433250152
31644.81310856247
31644.81310856247
31639.635142464555
31639.635142464555
31621.291341015567
31618.598674079807
31618.598674079807
31618.598674079807
31595.68987547173
31595.68987547173
31595.68987547173
31595.68987547173
31595.68987547173
31586.639080132176
31586.639080132176
31562.59702285504
31553.024961946754
31553.024961946754
31553.024961946754
31553.024961946754
31549.24927577977
31549.24927577977
31531.294635272665
31528.35249660818
31521.41304362113
31521.41304362113
31517.621660299945
31517.621660299945
31501.401132571144
31494.743257801027
31471.906686399776
31462.599504774098
31461.97512535962
31461.97512535962
31461.97512535962
31461.97512535962
31461.97512535962
31461.97512535962
31454.74010405914
31435.489230631374
31417.83503157706
31417.83503157706
31417.83503157706
31417.01191189461
31417.01191189461
31410.579020458554
31410.579020458554
31410.579020458554
31410.579020458554
31410.579020458554
31375.070689606084
31375.070689606084
31350.632760175686
31330.214362923954
31330.214362923954
31330.214362923954
31330.214362923954
31330.10111746547
31330.10111746547
31325.078187818737
31325.078187818737
31305.06468569351
31301.139942915503
31301.139942915503
31284.716621689855
31284.716621689855
31284.023230913645
31268.0005736012
31268.0005736012
31261.26559846866
31261.26559846866
31228.21319284898
31228.21319284898
31224.905613529867
31224.905613529867
31224.905613529867
31209.18951317557
31184.610374173368
31169.114627158426
31150.63017250027
31109.42350254837
31109.42350254837
31108.407498963108
31083.75624230479
31083.416884032482
31075.23075419442
31075.23075419442
31073.32399819774
31066.620079884407
31064.76674527117
31051.919006075143
31051.919006075143
31025.541028371375
31017.991356122096
31017.991356122096
31017.991356122096
31017.991356122096
31017.991356122096
31011.374046410994
31011.23277414981
31001.992813412195
31001.992813412195
30992.296174494964
30980.185116451947
30980.185116451947
30980.185116451947
30980.185116451947
30980.185116451947
30980.185116451947
30971.20034329983
30971.20034329983
30958.391639145844
30958.391639145844
30958.391639145844
30953.185390582144
30942.117087591232
30942.117087591232
30939.95309448415
30939.400757199775
30925.349734874082
30913.090776059107
30913.090776059107
30912.56306259076
30912.56306259076
30912.56306259076
30898.592864332222
30873.61016598246
30851.08315209504
30825.396608796775
30802.751892406326
30802.751892406326
30777.6487084116
30777.6487084116
30777.6487084116
30777.6487084116
30765.160848367395
30765.160848367395
30761.67643580909
30752.93851724588
30752.93851724588
30752.93851724588
30752.93851724588
30743.74486453135
30743.74486453135
30735.71041069095
30701.767770754177
30701.767770754177
30701.767770754177
30701.261737018456
30690.43634811741
30684.46460983649
30684.46460983649
30663.838756670273
30663.838756670273
30663.838756670273
30660.01857732448
30660.01857732448
30652.963854225047
30641.911425912076
30641.911425912076
30640.311208367857
30631.308145964384
30631.308145964384
30628.43804051896
30609.16875696466
30605.387496886055
30581.869237734867
30581.406262892684
30581.406262892684
30572.205885829924
30549.80035736415
30549.80035736415
30527.898860792797
30518.168523771128
30488.576886234292
30488.576886234292
30473.31048338016
30464.345378554026
30464.345378554026
30441.72302147553
30441.72302147553
30424.854349627905
30421.41588543022
30405.838545832263
30405.838545832263
30405.838545832263
30403.510187288484
30362.67141956884
30362.67141956884
30362.67141956884
30349.61640282609
30346.074496341305
30333.983711550023
30333.983711550023
30324.56222707256
30310.277105381203
30299.136849056362
30299.136849056362
30299.136849056362
30299.136849056362
30269.106231165493
30269.106231165493
30267.962108662145
30259.111066407902
30249.008581146598
30249.008581146598
30249.008581146598
30231.252214921566
30209.7415991043
30209.7415991043
30209.7415991043
30200.33296065431
30196.102136555375
30196.102136555375
30196.102136555375
30158.313933007066
30158.313933007066
30158.313933007066
30158.313933007066
30158.313933007066
30158.313933007066
30158.313933007066
30158.313933007066
30155.883716192493
30155.883716192493
30129.73608192702
30122.987875157472
30122.987875157472
30122.630593539154
30122.630593539154
30122.630593539154
30116.150392139014
30087.09091070259
30087.09091070259
30061.37802925211
30045.93148129679
30025.99383540278
30019.051570574265
30007.652384977762
30007.652384977762
30007.652384977762
29986.226719802573
29976.65605767663
29976.65605767663
29940.974719072296
29911.689629008244
29896.01071491797
29896.01071491797
29884.783205479616
29884.783205479616
29868.936033035923
29860.010466733027
29848.72103036051
29848.72103036051
29848.72103036051
29828.78264789172
29828.78264789172
29820.418200717457
29817.138615450312
29817.138615450312
29817.138615450312
29817.138615450312
29808.98869178472
29800.53620148546
29781.02029570634
29753.902845318145
29738.84473479763
29730.04990087774
29702.924939138215
29701.304180102707
29701.304180102707
29701.304180102707
29678.728989094176
29661.237163455666
29647.203201095595
29646.811453591516
29639.862700237933
29639.862700237933
29639.862700237933
29616.222189711487
29615.377649951555
29614.417257099893
29595.430943674954
29580.2912391338
29580.2912391338
29580.2912391338
29580.2912391338
29573.808252272815
29565.606793323936
29562.230976824503
29562.222386955622
29549.644003856276
29530.552071868882
29530.552071868882
29512.75254532761
29512.75254532761
29490.162682306618
29473.821350894374
29465.005705764834
29465.005705764834
29447.24838906649
29425.955266877812
29425.955266877812
29425.955266877812
29425.955266877812
29415.343877349693
29415.343877349693
29405.052591022093
29405.052591022093
29401.016722163953
29383.19399419766
29382.3485196477
29382.3485196477
29382.3485196477
29377.667285654814
29377.667285654814
29342.7930949842
29331.93363919382
29331.93363919382
29313.349627979067
29313.349627979067
29296.700918469454
29296.700918469454
29296.700918469454
29287.29377507768
29287.29377507768
29287.29377507768
29287.29377507768
29282.34958242669
29282.34958242669
29280.556774021497
29280.556774021497
29280.556774021497
29280.556774021497
29280.556774021497
29280.556774021497
29280.556774021497
29268.24462358552
29262.169970729243
29262.169970729243
29246.460322476974
29246.460322476974
29239.086576737813
29232.969003627695
29215.272926340986
29215.272926340986
29210.316009423117
29207.640053250285
29207.640053250285
29207.640053250285
29207.640053250285
29168.25934399858
29168.25934399858
29168.25934399858
29168.25934399858
29168.25934399858
29146.82641866475
29122.21872737752
29122.21872737752
29122.21872737752
29122.21872737752
29122.21872737752
29122.21872737752
29098.655494010025
29098.655494010025
29064.876615277295
29037.204630783228
29037.204630783228
29003.37372052439
29003.37372052439
29003.37372052439
28989.729554269223
28989.729554269223
28982.495396874412
28923.709806748608
28923.709806748608
28918.744867515554
28918.125668479184
28918.125668479184
28913.682886176863
28904.55119307627
28904.55119307627
28885.063282294384
28884.218113828538
28862.29183122567
28862.29183122567
28862.29183122567
28837.614651809647
28834.7326390251
28830.865649423944
28809.457978285827
28809.457978285827
28808.814583820524
28808.814583820524
28808.814583820524
28808.814583820524
28784.51866423618
28763.01416485223
28743.348731802438
28732.561225612928
28732.561225612928
28732.561225612928
28727.1238463816
28714.56181781579
28714.56181781579
28714.56181781579
28714.56181781579
28714.56181781579
28704.851971585096
28698.69995013801
28698.69995013801
28698.69995013801
28698.69995013801
28698.69995013801
28698.69995013801
28692.827548426907
28692.827548426907
28670.985821852944
28670.985821852944
28670.985821852944
28648.62731517036
28630.828374064447
28611.307801449024
28611.307801449024
28611.307801449024
28599.868127133028
28599.868127133028
28599.868127133028
28599.868127133028
28599.868127133028
28599.868127133028
28599.868127133028
28599.868127133028
28593.5821481554
28587.844211139534
28587.844211139534
28562.35054540006
28562.35054540006
28553.34977568561
28553.34977568561
28545.329971819145
28545.329971819145
28533.57922629144
28533.57922629144
28533.57922629144
28528.355414612044
28528.355414612044
28528.355414612044
28528.355414612044
28513.099621996847
28493.161991141606
28493.161991141606
28486.01242629668
28486.01242629668
28479.934850604383
28479.934850604383
28479.934850604383
28479.934850604383
28479.934850604383
28479.934850604383
28466.600589130612
28460.11150584197
28443.94872268636
28443.94872268636
28443.94872268636
28419.111868930886
28419.111868930886
28419.111868930886
28419.111868930886
28419.111868930886
28389.269624021457
28368.389006678033
28368.389006678033
28368.389006678033
28351.367144199663
28340.371992528682
28325.232705159982
28325.232705159982
28325.232705159982
28314.55549396421
28314.55549396421
28305.75955322051
28284.867317661574
28284.867317661574
28284.867317661574
28284.867317661574
28269.53287752725
28261.489992212006
28242.481064575495
28241.999576755865
28241.999576755865
28241.999576755865
28227.634140436287
28207.76351981483
28207.76351981483
28203.232858396048
28203.232858396048
28191.67819672126
28191.640202112503
28191.640202112503
28187.9693188286
28187.9693188286
28179.678622121275
28179.678622121275
28162.515189060214
28162.515189060214
28162.515189060214
28159.935871545124
28135.994026177235
28115.079183311023
28115.079183311023
28115.079183311023
28115.079183311023
28115.079183311023
28115.079183311023
28115.079183311023
28112.084350081554
28111.166183043122
28110.91340403634
28110.91340403634
28103.155693966844
28093.35520260942
28078.73326563554
28078.73326563554
28078.73326563554
28068.841967392724
28063.360922372045
28050.962503005325
28050.962503005325
28031.99930275151
28019.045950402156
28005.923175771924
27992.089864850215
27992.089864850215
27982.100005710425
27964.567485018244
27964.567485018244
27964.567485018244
27964.567485018244
27964.567485018244
27956.677342771494
27938.463740621406
27934.796196316038
27934.796196316038
27934.796196316038
27934.796196316038
27934.796196316038
27919.20108879908
27919.20108879908
27891.028518253042
27891.028518253042
27891.028518253042
27891.028518253042
27891.028518253042
27891.028518253042
27875.644342408654
27852.05255604755
27852.05255604755
27852.05255604755
27852.05255604755
27852.05255604755
27844.35671185348
27840.035136334456
27839.852410934884
27839.852410934884
27832.307023477395
27812.474327908734
27812.474327908734
27812.474327908734
27808.112793862
27808.112793862
27802.87912173733
27802.87912173733
27802.87912173733
27802.87912173733
27802.87912173733
27796.652439585814
27793.306961733928
27778.90390416413
27778.90390416413
27774.39424970131
27774.39424970131
27764.142635227035
27764.142635227035
27764.0512977391
27764.0512977391
27764.0512977391
27764.0512977391
27764.0512977391
27752.94368593069
27750.254735843137
27750.254735843137
27750.254735843137
27744.658370574976
27744.658370574976
27744.658370574976
27740.86642948548
27739.76463945894
27715.14884248502
27715.14884248502
27687.279841605083
27650.229875310535
27650.229875310535
27650.229875310535
27638.956686574966
27617.248190313647
27617.248190313647
27617.248190313647
27617.248190313647
27614.67314199946
27614.67314199946
27614.67314199946
27607.27587395205
27585.574317751012
27585.574317751012
27585.574317751012
27565.62423506025
27558.536996687308
27541.908015438818
27530.957158860023
27530.957158860023
27530.957158860023
27525.478366106992
27525.478366106992
27487.91286045909
27484.665222026422
27484.665222026422
27481.56146940922
27481.56146940922
27447.749051584215
27429.087159156723
27429.087159156723
27412.043550278817
27381.52955918119
27381.52955918119
27365.517893717664
27365.517893717664
27363.874569842566
27339.937036503627
27339.937036503627
27339.937036503627
27339.937036503627
27332.199071704043
27332.199071704043
27332.199071704043
27328.25717352889
27307.22705861542
27300.856461773226
27272.096120823
27266.176877663333
27266.176877663333
27266.176877663333
27266.176877663333
27266.176877663333
27266.176877663333
27266.176877663333
27266.176877663333
27261.39058720028
27261.39058720028
27261.39058720028
27246.591345162724
27240.49119014133
27239.743847331974
27239.743847331974
27239.743847331974
27224.328748034066
27220.065895709235
27220.065895709235
27220.065895709235
27200.13252832022
27174.135780982455
27157.116526959424
27153.510778564214
27153.510778564214
27150.595801349842
27140.201192990375
27140.201192990375
27140.201192990375
27128.357929526286
27112.225847924245
27107.945992796274
27085.549704017834
27085.549704017834
27085.549704017834
27064.238308936307
27064.238308936307
27038.964840290824
27030.36772528458
27015.821927900135
27001.534948636585
27000.87421157811
27000.87421157811
26996.906930964735
26988.739859911464
26964.250748931863
26964.250748931863
26964.250748931863
26960.944155759462
26943.32570370992
26943.32570370992
26930.346520259365
26930.346520259365
26930.346520259365
26930.346520259365
26930.346520259365
26930.346520259365
26930.346520259365
26930.346520259365
26923.734131407542
26917.919318390686
26916.40081213645
26903.221347263025
26903.221347263025
26903.221347263025
26894.74139121508
26894.74139121508
26894.74139121508
26894.74139121508
26893.04218604095
26882.559254656346
26871.81444735935
26859.266207414377
26859.266207414377
26857.112470470824
26843.861342285916
26843.861342285916
26843.861342285916
26843.861342285916
26843.861342285916
26843.861342285916
26819.843181866047
26818.618397829323
26818.618397829323
26799.423868314567
26790.023622394707
26789.986774731013
26756.988905734106
26719.36657018521
26719.36657018521
26719.36657018521
26702.40586974487
26702.40586974487
26647.4639599645
26625.82021924252
26625.82021924252
26625.82021924252
26625.82021924252
26625.82021924252
26625.82021924252
26625.82021924252
26625.82021924252
26621.20429679901
26621.20429679901
26609.46427158781
26608.084754611802
26586.997007987822
26569.10658711387
26560.172921226516
26530.607200292496
26525.68276698662
26517.484014195627
26514.554894078028
26514.554894078028
26514.554894078028
26514.554894078028
26498.13153472005
26497.28097573219
26496.31027691109
26484.63524389385
26475.7988949761
26475.7988949761
26475.293181984907
26467.901784782654
26467.901784782654
26445.773668648377
26445.773668648377
26445.773668648377
26437.217861121626
26437.217861121626
26437.217861121626
26430.161832928876
26430.161832928876
26418.901158644065
26418.901158644065
26418.901158644065
26401.85183622709
26384.736259618436
26384.736259618436
26364.42768211748
26364.42768211748
26364.42768211748
26347.05723952758
26346.18935350805
26346.18935350805
26346.18935350805
26346.18935350805
26340.00737424801
26324.407286834932
26324.407286834932
26324.407286834932
26324.407286834932
26310.527163612842
26310.527163612842
26310.527163612842
26310.527163612842
26310.527163612842
26310.527163612842
26310.527163612842
26307.690622686976
26307.690622686976
26307.690622686976
26287.874299927676
26287.874299927676
26287.874299927676
26287.874299927676
26258.675040044644
26258.675040044644
26258.675040044644
26242.525909490432
26242.525909490432
26242.525909490432
26227.339692404734
26227.339692404734
26227.339692404734
26217.349321072037
26217.349321072037
26213.682338427752
26206.803993639256
26206.803993639256
26206.803993639256
26206.803993639256
26188.4391208039
26188.4391208039
26185.259619180382
26174.786471460953
26174.786471460953
26166.762165600172
26145.225997002948
26143.63200144568
26132.227365301675
26132.227365301675
26117.833667008053
26114.628118998382
26099.72276900221
26099.72276900221
26099.72276900221
26074.25220325289
26074.25220325289
26065.86936490732
26065.86936490732
26058.743296899895
26058.743296899895
26058.743296899895
26053.298772526436
26038.2139567997
26030.660300584997
26029.57936792746
26029.57936792746
26012.620081539466
26012.620081539466
26004.049279799263
26004.049279799263
26004.049279799263
26004.049279799263
26004.049279799263
26004.049279799263
26003.70269771947
26003.70269771947
25977.560096155063
25957.71820980121
25940.668456514562
25934.593205067024
25934.593205067024
25918.41232756973
25918.41232756973
25908.44685558968
25908.44685558968
25888.152332358146
25888.152332358146
25874.953570307727
25848.370094815837
25848.088581248034
25848.088581248034
25848.088581248034
25832.175339212845
25832.175339212845
25832.175339212845
25819.565246515816
25812.464251574565
25804.086448733287
25804.086448733287
25804.086448733287
25797.55313270578
25790.22740573954
25790.22740573954
25790.22740573954
25775.114618784195
25767.523635184883
25767.523635184883
25762.13413576353
25750.292837236775
25750.292837236775
25750.292837236775
25743.608776024357
25742.611455116446
25736.164324319503
25735.480747101057
25726.247610090795
25726.247610090795
25699.71806723432
25693.94683326184
25693.94683326184
25693.94683326184
25693.94683326184
25672.401210159027
25643.537819894373
25643.537819894373
25643.537819894373
25631.94194280292
25628.12932048136
25628.12932048136
25628.12932048136
25608.833725530072
25595.06820717833
25587.75400264112
25585.795098043076
25585.795098043076
25585.795098043076
25559.979444268476
25546.466924154418
25546.466924154418
25533.626883843328
25533.626883843328
25525.50408344925
25524.446312424756
25524.446312424756
25524.446312424756
25507.082002934316
25507.082002934316
25507.082002934316
25503.967262528105
25484.995172740328
25484.995172740328
25460.172346187603
25460.172346187603
25460.172346187603
25460.172346187603
25460.172346187603
25457.392995042646
25457.392995042646
25447.14925762672
25447.14925762672
25447.14925762672
25440.725678343428
25436.05712341538
25436.05712341538
25427.8035314825
25427.8035314825
25423.251864267982
25407.49826989607
25392.5113361782
25392.5113361782
25392.5113361782
25387.756886867013
25387.756886867013
25387.756886867013
25369.34362124444
25369.34362124444
25369.34362124444
25369.34362124444
25367.986988781966
25367.986988781966
25367.986988781966
25365.698168660987
25365.698168660987
25365.698168660987
25365.698168660987
25365.698168660987
25356.17617526916
25356.17617526916
25336.07439587416
25326.52818176888
25295.29766953612
25281.6874628795
25270.652151771927
25258.908695656195
25258.908695656195
25258.908695656195
25243.12422129886
25240.6784475632
25235.718116103188
25226.933082583688
25226.933082583688
25210.22539798016
25210.22539798016
25210.22539798016
25188.372474117477
25163.495891486935
25163.495891486935
25142.931104831154
25142.931104831154
25142.931104831154
25142.931104831154
25142.931104831154
25142.931104831154
25142.931104831154
25142.931104831154
25142.931104831154
25142.931104831154
25142.931104831154
25142.931104831154
25137.481547495296
25112.444616960773
25097.766970596273
25074.13062600667
25059.643891105945
25059.643891105945
25051.263058305092
25049.97690260231
25049.97690260231
25049.97690260231
25049.97690260231
25049.97690260231
25049.97690260231
25049.97690260231
25049.97690260231
25049.97690260231
25049.97690260231
25033.849152547733
25033.849152547733
25029.74196133351
25029.74196133351
25014.623540763674
25001.420656619794
25001.420656619794
24987.522941789503
24987.522941789503
24987.522941789503
24979.777708865524
24977.6146919568
24977.6146919568
24977.6146919568
24977.6146919568
24956.47343532364
24953.653959687384
24940.14585492686
24937.059875190713
24937.059875190713
24932.81110332117
24932.81110332117
24924.24253514419
24924.24253514419
24923.173760706057
24923.173760706057
24899.184109301485
24899.184109301485
24877.151339338358
24868.28734963539
24855.473370113737
24855.473370113737
24855.473370113737
24855.473370113737
24855.473370113737
24846.2154541136
24834.78070384981
24821.509160715468
24807.62857698757
24807.62857698757
24807.62857698757
24806.91298306163
24806.91298306163
24806.91298306163
24796.739672291224
24795.76950542818
24795.76950542818
24795.76950542818
24795.76950542818
24795.76950542818
24788.44875520341
24788.44875520341
24776.548939063705
24776.548939063705
24776.548939063705
24776.548939063705
24776.548939063705
24773.370548054296
24773.370548054296
24773.370548054296
24752.23836533269
24752.23836533269
24732.664479110488
24732.664479110488
24714.375971628066
24714.375971628066
24714.375971628066
24714.375971628066
24693.572231458813
24656.73463206184
24656.73463206184
24648.734162172936
24635.465656447177
24627.55355187735
24627.55355187735
24627.55355187735
24627.55355187735
24625.394697021286
24594.134991691895
24587.14418413308
24587.14418413308
24582.836231264122
24570.8237565386
24549.96697227825
24549.96697227825
24548.699789108065
24535.01400676023
24535.01400676023
24535.01400676023
24531.443810410954
24531.443810410954
24515.958334408984
24509.355281952703
24509.355281952703
24509.355281952703
24502.561974593253
24482.296477658896
24472.88468592875
24452.51839177349
24452.51839177349
24449.258104013392
24445.0700500116
24441.280171867827
24433.240474382488
24423.126192037722
24404.26286029044
24404.26286029044
24379.149973565916
24375.79481927239
24374.86095970415
24350.087534751056
24350.087534751056
24347.344594924674
24347.344594924674
24332.24254597238
24330.918946764068
24302.41591189648
24275.045784850623
24275.045784850623
24253.20877096128
24244.991886382923
24240.64666986781
24240.1626146268
24230.96177062546
24225.706656925202
24225.706656925202
24225.706656925202
24218.058544244548
24209.087054855798
24200.752476604062
24200.752476604062
24186.69324368569
24186.69324368569
24186.69324368569
24162.5573848281
24162.5573848281
24153.250820214536
24153.250820214536
24153.250820214536
24146.736424874824
24146.736424874824
24141.057411413083
24141.057411413083
24141.057411413083
24141.057411413083
24126.78664844072
24126.78664844072
24126.78664844072
24123.59543807915
24123.59543807915
24105.083093913556
24089.339905319448
24071.20104383977
24071.20104383977
24047.860314293248
24047.860314293248
24031.28296224644
24031.28296224644
24031.28296224644
24031.28296224644
24031.28296224644
24031.28296224644
24031.28296224644
24028.847239264145
24028.847239264145
24027.550136139733
24027.550136139733
24001.11960729369
24001.11960729369
24001.11960729369
23989.698460601023
23989.698460601023
23982.975013669857
23982.975013669857
23970.116148127727
23970.116148127727
23970.116148127727
23970.116148127727
23970.116148127727
23970.116148127727
23955.637486965796
23955.637486965796
23942.31835400105
23942.31835400105
23937.835034623775
23937.835034623775
23937.835034623775
23937.835034623775
23937.835034623775
23937.835034623775
23929.242220421624
23929.242220421624
23928.544475138162
23928.544475138162
23921.99503976415
23921.99503976415
23921.99503976415
23921.99503976415
23921.99503976415
23921.67679118141
23893.99029234999
23893.99029234999
23893.99029234999
23893.99029234999
23880.55937934079
23878.127828551504
23875.40904903832
23857.382631302164
23857.382631302164
23839.206410770093
23839.206410770093
23839.206410770093
23839.206410770093
23839.206410770093
23826.120532453853
23812.45164183419
23797.10427803599
23780.31040333431
23780.31040333431
23769.65002843626
23769.65002843626
23761.873798803997
23761.873798803997
23761.873798803997
23752.608911300013
23750.25078273382
23750.25078273382
23727.19150567505
23727.19150567505
23727.19150567505
23727.19150567505
23704.850958239174
23697.11891640709
23692.046310981692
23679.451259118683
23656.685529493214
23648.46199471557
23615.048362967264
23615.048362967264
23614.02067500924
23614.02067500924
23614.02067500924
23600.120568399077
23600.120568399077
23580.130894498787
23580.130894498787
23567.187436023738
23539.910562806843
23539.910562806843
23527.40823140771
23495.825341605992
23495.825341605992
23495.825341605992
23495.825341605992
23495.825341605992
23495.825341605992
23489.312048308177
23470.40863938254
23461.919081600267
23461.919081600267
23461.919081600267
23447.834553473316
23447.834553473316
23436.876469246243
23424.059301799556
23424.059301799556
23424.059301799556
23405.98031020266
23405.98031020266
23401.87721859099
23401.87721859099
23395.402610916266
23395.402610916266
23395.402610916266
23395.402610916266
23378.839871619723
23363.63228952349
23363.63228952349
23326.541160762517
23312.107663201463
23312.107663201463
23312.107663201463
23312.107663201463
23312.107663201463
23312.107663201463
23312.107663201463
23294.321063878833
23294.321063878833
23291.792158109874
23266.821003361452
23266.821003361452
23258.793634162445
23236.60298799155
23225.92859098466
23197.44394772424
23195.712001089916
23195.712001089916
23186.66978750669
23176.96782921115
23174.758624250368
23165.117170171783
23165.117170171783
23164.665895617134
23164.665895617134
23164.031678513194
23164.031678513194
23143.331726660574
23143.331726660574
23140.94737926638
23140.94737926638
23140.94737926638
23128.44077084699
23128.44077084699
23128.44077084699
23128.44077084699
23128.44077084699
23128.44077084699
23128.44077084699
23128.44077084699
23128.44077084699
23104.483143319758
23104.483143319758
23104.483143319758
23103.63288054364
23103.63288054364
23085.694970650784
23085.694970650784
23080.250632311578
23080.250632311578
23080.250632311578
23065.453578616263
23065.453578616263
23065.453578616263
23065.453578616263
23046.97817901072
23046.97817901072
23032.241148032714
23032.241148032714
23009.767361155245
23009.767361155245
22993.249392852187
22993.249392852187
22993.249392852187
22985.609943648593
22975.52083690575
22969.817626963406
22966.147554941726
22966.147554941726
22966.147554941726
22966.147554941726
22963.019229623427
22963.019229623427
22947.947341585656
22947.947341585656
22947.947341585656
22947.947341585656
22947.947341585656
22946.981043350697
22946.981043350697
22946.981043350697
22946.981043350697
22946.981043350697
22944.315343749702
22944.315343749702
22944.15578668391
22914.18363926265
22914.18363926265
22914.18363926265
22914.18363926265
22913.752048625443
22907.34830732107
22907.34830732107
22907.34830732107
22907.34830732107
22891.933756399143
22885.67941992322
22885.67941992322
22884.57400778406
22884.57400778406
22884.57400778406
22860.947719351836
22847.562629882435
22845.86666895949
22845.86666895949
22831.28398458383
22831.28398458383
22817.40804980141
22803.73174125989
22781.094467682982
22772.235598116746
22772.235598116746
22772.235598116746
22762.74576724152
22762.74576724152
22757.960105539813
22757.960105539813
22755.09216419489
22755.09216419489
22755.09216419489
22748.869333757324
22722.32026648252
22717.669731552083
22717.669731552083
22717.669731552083
22707.151314713305
22707.151314713305
22695.01709193707
22695.01709193707
22680.152650162385
22654.050310577197
22645.7623017322
22625.649590964746
22625.649590964746
22625.649590964746
22601.111500898616
22601.111500898616
22601.111500898616
22601.111500898616
22591.859477999256
22580.31986027006
22580.31986027006
22580.27098968854
22562.99388047557
22562.99388047557
22551.77796739375
22542.140872187785
22534.557603658996
22526.012043277595
22526.012043277595
22507.96199643298
22493.13311233001
22469.261995108678
22469.261995108678
22469.261995108678
22469.261995108678
22469.261995108678
22451.100364566453
22434.302735093577
22434.302735093577
22434.302735093577
22413.304804244573
22406.579707387817
22396.755268473833
22387.252007092706
22387.252007092706
22387.252007092706
22387.252007092706
22372.189818376104
22372.189818376104
22370.74892705069
22366.14034724956
22358.104219002013
22358.104219002013
22356.345418388577
22348.005102923828
22347.359282353704
22347.359282353704
22345.725739310044
22345.725739310044
22341.170241565906
22312.022661243267
22307.54140443751
22307.54140443751
22292.467330212316
22292.467330212316
22292.467330212316
22292.467330212316
22292.467330212316
22287.771785736055
22287.771785736055
22271.247113008667
22271.247113008667
22267.969430802965
22257.156809883527
22233.013912712457
22231.799629177356
22231.799629177356
22227.149208433988
22211.83805382515
22211.83805382515
22211.83805382515
22190.453717815457
22190.453717815457
22190.453717815457
22190.453717815457
22181.909204187814
22173.414026462382
22164.24908716581
22164.24908716581
22164.24908716581
22164.24908716581
22139.81559808229
22139.81559808229
22118.26376278961
22114.34814463269
22114.307496013687
22114.307496013687
22114.307496013687
22114.307496013687
22103.098745514733
22101.218794120487
22100.19513386761
22100.19513386761
22100.19513386761
22082.46881611696
22053.51969959818
22039.342951500872
22039.342951500872
22039.342951500872
22035.078988285823
22014.999216555778
22011.291520034098
22011.291520034098
22002.149251768013
22002.149251768013
22002.149251768013
21992.61775257083
21973.816443633343
21970.811874209947
21967.467187725648
21959.551539475247
21947.81462802755
21947.81462802755
21947.81462802755
21934.496069210072
21934.496069210072
21930.44877974858
21911.668636894494
21883.776005506865
21872.692965171234
21872.692965171234
21872.692965171234
21872.692965171234
21856.026512889573
21856.026512889573
21856.026512889573
21856.026512889573
21856.026512889573
21822.533162137737
21822.533162137737
21822.533162137737
21822.533162137737
21808.116833153676
21786.55433298338
21786.55433298338
21766.621906379387
21766.621906379387
21766.621906379387
21766.621906379387
21762.750364557585
21745.878672871622
21745.878672871622
21745.878672871622
21742.72497263967
21742.72497263967
21742.72497263967
21736.915523227468
21736.915523227468
21716.436346281895
21689.296160930164
21679.22213417457
21662.913439847798
21658.53644414434
21658.53644414434
21658.53644414434
21658.53644414434
21658.53644414434
21658.53644414434
21648.420010940736
21648.420010940736
21648.420010940736
21648.420010940736
21648.420010940736
21634.40786249808
21634.40786249808
21609.692718164853
21609.692718164853
21609.692718164853
21609.692718164853
21609.692718164853
21609.692718164853
21609.692718164853
21609.692718164853
21595.089139604388
21595.089139604388
21582.018969741384
21582.018969741384
21575.76922041688
21575.76922041688
21575.76922041688
21575.76922041688
21569.47743681331
21555.47224272678
21555.47224272678
21536.81508397802
21536.81508397802
21536.10122123556
21536.10122123556
21523.927540291
21512.193499072004
21509.261882533832
21509.261882533832
21508.667218684393
21507.986110060738
21490.861656400255
21490.861656400255
21490.861656400255
21490.861656400255
21489.272728910008
21475.640559184387
21475.640559184387
21475.640559184387
21450.410534445924
21450.410534445924
21444.857273521924
21444.857273521924
21444.857273521924
21444.857273521924
21436.06896432624
21419.380183143086
21408.976917271804
21403.63953264204
21403.63953264204
21403.63953264204
21403.63953264204
21403.63953264204
21403.63953264204
21403.63953264204
21378.349297930523
21360.485329260922
21351.407906765606
21319.163328727143
21309.99102373791
21296.812031227622
21296.573014264002
21296.573014264002
21279.938438841473
21279.938438841473
21279.938438841473
21279.938438841473
21259.638070837627
21239.749016905927
21239.749016905927
21239.749016905927
21216.866946792823
21209.425760001835
21208.863645433717
21205.733786507604
21199.44200965401
21194.648152747694
21185.913353667354
21171.967710807596
21171.967710807596
21171.967710807596
21171.967710807596
21169.086546499926
21157.545942203014
21153.492903605624
21153.492903605624
21153.492903605624
21153.492903605624
21144.981797416076
21141.104828022573
21136.375502385014
21123.047918159915
21101.70590153544
21101.70590153544
21099.51348911902
21084.43673538591
21084.43673538591
21084.43673538591
21084.43673538591
21084.43673538591
21084.43673538591
21084.43673538591
21083.053493953146
21069.374425515758
21060.50344515715
21060.50344515715
21058.687403492484
21057.217315985596
21057.217315985596
21033.737139510053
21033.737139510053
21017.639011351923
21013.57340312415
20992.841183355427
20969.881809144084
20969.881809144084
20969.881809144084
20950.47491906077
20948.162091657046
20948.162091657046
20932.469832826053
20932.469832826053
20932.469832826053
20899.80304752724
20899.80304752724
20892.021520624894
20892.021520624894
20892.021520624894
20862.136931419253
20851.28773429315
20851.28773429315
20851.28773429315
20851.28773429315
20851.28773429315
20838.204924272708
20838.204924272708
20829.019787252255
20827.832642093137
20815.450105210883
20807.12960078723
20784.653468485612
20765.710261869557
20763.302818472876
20761.122280139498
20761.122280139498
20737.921404912966
20737.921404912966
20737.921404912966
20737.921404912966
20737.921404912966
20728.363711336042
20725.76758408141
20725.76758408141
20725.76758408141
20725.76758408141
20725.76758408141
20725.76758408141
20725.725522824032
20725.355851333756
20725.355851333756
20725.355851333756
20725.355851333756
20719.463824232433
20719.463824232433
20689.07586260896
20680.385528079976
20680.385528079976
20673.28308924186
20673.28308924186
20656.701257051467
20649.66929569552
20620.38865836194
20608.528019343914
20607.923166346198
20607.923166346198
20592.89813986323
20592.89813986323
20592.89813986323
20592.89813986323
20586.099715963293
20586.099715963293
20586.099715963293
20585.72862846803
20571.028636326573
20571.028636326573
20549.21447630168
20523.83417323315
20523.83417323315
20523.83417323315
20506.727314866355
20506.727314866355
20506.727314866355
20498.053400005825
20498.053400005825
20482.367210040953
20478.342103270727
20478.342103270727
20478.342103270727
20478.342103270727
20478.342103270727
20477.88947471753
20475.609122604365
20475.609122604365
20475.609122604365
20475.609122604365
20474.88892413335
20474.88892413335
20474.88892413335
20465.16268440512
20465.13481614502
20465.13481614502
20465.13481614502
20465.13481614502
20465.02257290953
20461.55000306232
20461.55000306232
20461.55000306232
20453.99543784456
20450.95629279517
20450.396070759525
20437.284126432995
20430.66141274836
20419.110087764486
20419.110087764486
20416.520672025978
20408.48271554055
20392.44256243024
20371.00868548776
20371.00868548776
20347.637448382677
20333.57602324961
20333.57602324961
20333.57602324961
20312.017523129012
20302.954118240184
20302.954118240184
20300.13001020512
20286.049053409457
20261.142009660412
20253.080557968904
20253.080557968904
20253.080557968904
20253.080557968904
20230.84585195719
20211.14886285356
20188.62837203377
20179.06793422871
20179.06793422871
20178.422259088944
20178.37990832392
20178.37990832392
20178.37990832392
20178.37990832392
20178.37990832392
20172.542748654905
20169.17783810936
20169.17783810936
20169.17783810936
20169.17783810936
20158.324467150254
20158.324467150254
20141.380875134473
20141.380875134473
20141.380875134473
20136.654053996263
20130.732400430472
20130.732400430472
20130.732400430472
20130.732400430472
20130.732400430472
20130.732400430472
20130.732400430472
20130.732400430472
20130.732400430472
20130.732400430472
20130.732400430472
20106.62109043638
20106.62109043638
20106.62109043638
20101.717688562207
20101.717688562207
20101.717688562207
20101.717688562207
20101.717688562207
20101.717688562207
20097.73119456353
20091.4155105316
20088.83865986654
20066.580216830014
20061.264487325177
20061.264487325177
20061.264487325177
20061.264487325177
20047.60939012266
20047.60939012266
20047.60939012266
20038.48655500591
20038.48655500591
20038.48655500591
20027.987935969595
20027.987935969595
20027.987935969595
20027.987935969595
20027.987935969595
20027.987935969595
20013.139090564342
20013.139090564342
20013.139090564342
20012.947791119223
19981.916788948096
19981.916788948096
19981.916788948096
19981.916788948096
19981.28181290633
19965.944712769146
19965.944712769146
19956.06420443675
19952.494150587794
19939.296830027135
19939.296830027135
19939.296830027135
19939.296830027135
19923.23693140075
19923.23693140075
19923.23693140075
19923.23693140075
19923.23693140075
19923.23693140075
19923.23693140075
19907.443693510835
19900.777018215857
19897.830255765002
19897.830255765002
19897.830255765002
19888.89337509424
19860.37800185941
19842.131619624794
19837.797649529508
19806.879387889687
19806.879387889687
19774.191144600714
19749.93267802697
19733.90839916465
19733.90839916465
19725.89483924784
19725.89483924784
19706.179350506492
19699.916289893124
19677.010665074522
19668.07447436113
19654.347732946422
19654.347732946422
19654.347732946422
19650.458334045263
19650.458334045263
19650.458334045263
19650.458334045263
19642.77145628266
19642.77145628266
19642.77145628266
19638.794299583118
19625.448038219936
19625.448038219936
19610.172701118878
19591.120240409706
19578.602008956957
19578.602008956957
19578.602008956957
19578.602008956957
19578.602008956957
19578.602008956957
19578.602008956957
19578.602008956957
19574.81228568335
19551.303571983677
19548.547762674756
19548.547762674756
19534.836191688508
19534.836191688508
19525.858459199946
19513.91269910338
19513.91269910338
19513.91269910338
19513.91269910338
19513.91269910338
19508.319036275385
19500.06469367942
19496.954601921774
19496.954601921774
19475.947783935782
19475.947783935782
19475.947783935782
19475.947783935782
19475.40732415337
19475.40732415337
19475.40732415337
19468.931639495306
19462.34449686009
19462.34449686009
19462.34449686009
19460.074161407956
19460.074161407956
19453.510620987592
19435.51761498695
19404.94243903053
19404.216197205544
19388.36565347273
19388.36565347273
19388.36565347273
19357.789242939525
19357.789242939525
19357.789242939525
19334.086442353753
19334.086442353753
19332.949829697118
19318.97603582989
19309.70039683487
19282.79887791815
19278.527606612344
19268.768845223527
19268.768845223527
19262.837645818872
19262.837645818872
19260.691354696883
19260.691354696883
19260.651912489306
19249.06348659304
19224.592990951292
19224.592990951292
19224.592990951292
19207.585973157333
19207.585973157333
19207.585973157333
19183.146245521577
19155.746845966343
19152.63883981158
19141.987702505394
19141.987702505394
19141.987702505394
19117.82742542784
19117.82742542784
19116.35694144144
19102.56095391584
19102.56095391584
19102.56095391584
19084.66568746216
19084.66568746216
19084.66568746216
19079.284282441506
19064.7678569942
19055.4405667233
19055.4405667233
19055.4405667233
19047.83427623594
19035.306329757106
19035.306329757106
19035.306329757106
19035.306329757106
19012.399719027515
19012.399719027515
19012.399719027515
19012.399719027515
19005.180633799857
19005.180633799857
19005.180633799857
19005.180633799857
18993.18071154325
18989.484636026686
18984.171430098897
18984.171430098897
18976.204157399014
18971.655215901083
18971.655215901083
18970.747374608072
18949.938425087043
18947.890358210017
18943.204249500854
18935.90551184292
18935.90551184292
18916.23976281149
18916.23976281149
18916.23976281149
18916.23976281149
18915.991014224575
18915.991014224575
18906.546021989518
18901.24417515164
18901.24417515164
18901.24417515164
18901.24417515164
18873.472669672014
18873.472669672014
18873.472669672014
18855.89150102458
18855.89150102458
18855.89150102458
18855.89150102458
18846.446371112903
18836.729516797917
18836.729516797917
18835.37332939817
18835.37332939817
18835.37332939817
18835.37332939817
18813.629626678627
18803.491307290184
18803.491307290184
18803.491307290184
18803.491307290184
18791.56859483098
18763.697814029856
18753.80281144862
18753.80281144862
18753.80281144862
18751.153264309058
18747.998388413
18737.6721741561
18737.6721741561
18737.6721741561
18718.53629071914
18709.487582170303
18709.487582170303
18700.440140584695
18681.427813684095
18664.19039110802
18635.236102651772
18635.236102651772
18605.804908801125
18596.379407288106
18596.379407288106
18581.021712988455
18565.62005423218
18557.27972840668
18557.27972840668
18557.27972840668
18557.27972840668
18549.04705110796
18540.748893025655
18530.928402073347
18519.051942434322
18516.735313324934
18516.735313324934
18516.735313324934
18491.587465378347
18491.587465378347
18491.587465378347
18491.587465378347
18491.476253124027
18489.39252381697
18480.67650451064
18454.789077145968
18454.789077145968
18450.97206069431
18434.70021741998
18434.70021741998
18434.70021741998
18431.99285753171
18425.840985208277
18425.840985208277
18418.365263335865
18408.566453602307
18408.566453602307
18408.566453602307
18400.621513061407
18400.621513061407
18400.621513061407
18383.76421843341
18383.76421843341
18383.76421843341
18381.222420588372
18377.507454696904
18359.004335086152
18333.52947154564
18333.52947154564
18333.27029327965
18333.27029327965
18301.05379000459
18301.05379000459
18301.05379000459
18301.05379000459
18284.847582961833
18284.847582961833
18277.31437838178
18277.31437838178
18273.816029983198
18265.79686919383
18246.12831373545
18246.12831373545
18246.12831373545
18245.977996501653
18245.977996501653
18245.977996501653
18245.977996501653
18232.55373568406
18227.756227852507
18205.777334833412
18205.777334833412
18193.971500873497
18187.483688701257
18186.601101383574
18186.601101383574
18186.601101383574
18186.601101383574
18186.601101383574
18186.601101383574
18184.511563163767
18184.33803625682
18184.33803625682
18182.638320145386
18171.55859563405
18157.22442270093
18157.22442270093
18157.22442270093
18157.22442270093
18146.158773861545
18146.158773861545
18144.51852721435
18128.284834156882
18112.471332253623
18112.471332253623
18112.471332253623
18105.119891970277
18105.119891970277
18105.119891970277
18105.119891970277
18105.119891970277
18105.119891970277
18092.149853820087
18092.149853820087
18092.149853820087
18086.675643732488
18086.675643732488
18064.202169866967
18045.700841498707
18026.60221815841
18026.60221815841
18026.60221815841
18023.784707533192
18014.64468224749
18014.64468224749
18014.64468224749
18014.64468224749
17985.565207703083
17985.565207703083
17985.53611332441
17985.53611332441
17985.53611332441
17978.27982297015
17978.27982297015
17978.27982297015
17978.27982297015
17978.27982297015
17978.27982297015
17978.27982297015
17978.227779458015
17958.695949590317
17958.695949590317
17952.46584680501
17934.273128017514
17933.980956495016
17933.980956495016
17925.840091439655
17896.357383859304
17876.0770785131
17876.0770785131
17876.0770785131
17876.0770785131
17876.0770785131
17869.23408060869
17869.23408060869
17857.585984360456
17846.104297147427
17846.104297147427
17846.104297147427
17845.544637860614
17845.544637860614
17845.544637860614
17832.940181420643
17829.334220793666
17829.334220793666
17815.76818895884
17797.859362179723
17797.859362179723
17797.859362179723
17795.93882661568
17795.93882661568
17780.467499313083
17780.467499313083
17769.424007484453
17769.424007484453
17766.79313213252
17753.225963592624
17748.455012985272
17748.455012985272
17748.455012985272
17743.103468471025
17743.103468471025
17743.103468471025
17743.103468471025
17707.524509581188
17707.524509581188
17707.524509581188
17679.933204715235
17679.933204715235
17658.12454021109
17658.12454021109
17657.55806683248
17657.55806683248
17657.55806683248
17647.19803978373
17647.19803978373
17637.086223548773
17623.482071437855
17594.814277768208
17594.814277768208
17594.814277768208
17570.67329147654
17570.67329147654
17566.680981431306
17566.680981431306
17553.913062816442
17553.913062816442
17553.913062816442
17553.913062816442
17543.774781285574
17538.355302508717
17512.18072669266
17504.401678374477
17504.401678374477
17504.401678374477
17504.401678374477
17492.619667128798
17492.619667128798
17490.88510628421
17490.88510628421
17481.239865742726
17481.239865742726
17467.88973474052
17464.074771604926
17464.074771604926
17454.299244882794
17426.477538219566
17403.451589176733
17403.451589176733
17388.112261965136
17388.112261965136
17370.397215017205
17361.639532849178
17353.7189470725
17339.634660615255
17339.634660615255
17339.634660615255
17316.2871613565
17309.02571014079
17299.59552740849
17274.151015798052
17274.151015798052
17255.983910597977
17247.99934907076
17232.8297114175
17232.8297114175
17232.8297114175
17230.91989838254
17230.91989838254
17227.82303422907
17227.82303422907
17212.870961467957
17212.870961467957
17193.47050447925
17188.964407923264
17185.809429918085
17185.809429918085
17183.983417165233
17167.406322842493
17157.16584114761
17144.545997384597
17144.545997384597
17144.545997384597
17144.545997384597
17144.545997384597
17144.545997384597
17144.545997384597
17123.75840000075
17123.75840000075
17123.75840000075
17123.75840000075
17110.582679603158
17087.734780925468
17062.13549225444
17062.13549225444
17062.13549225444
17062.13549225444
17062.13549225444
17051.493742269704
17051.493742269704
17046.518901368894
17046.518901368894
17033.4269776499
17032.761902600214
17028.334002744377
17020.823434396145
17020.823434396145
17020.823434396145
17020.823434396145
17020.823434396145
17020.823434396145
17010.88087516906
17010.88087516906
17008.482212471965
17008.482212471965
17008.482212471965
17008.482212471965
17008.482212471965
16988.363772360262
16988.363772360262
16966.335931058115
16960.376468730246
16956.700809496277
16949.56566533954
16948.37936978123
16948.37936978123
16948.37936978123
16940.835766023676
16918.39823686593
16918.39823686593
16918.39823686593
16914.485344894692
16914.485344894692
16902.30890445317
16902.30890445317
16899.93041543019
16899.93041543019
16890.810208782044
16890.810208782044
16875.504974734074
16865.85652985583
16865.85652985583
16860.576968493468
16857.77398832982
16857.77398832982
16846.75195400879
16846.75195400879
16846.75195400879
16835.981927358498
16819.024845074877
16819.024845074877
16819.024845074877
16819.024845074877
16819.024845074877
16819.024845074877
16789.66403505349
16787.052086419637
16787.052086419637
16786.967986683863
16786.967986683863
16786.967986683863
16786.967986683863
16786.967986683863
16786.30880030607
16786.30880030607
16786.30880030607
16763.975205745905
16763.975205745905
16753.96859694453
16731.16951741213
16726.794163668674
16726.794163668674
16713.151876079715
16713.151876079715
16713.151876079715
16704.189353206868
16704.189353206868
16704.189353206868
16702.918382544383
16702.918382544383
16689.185990659098
16689.185990659098
16689.185990659098
16689.185990659098
16689.185990659098
16665.734619793104
16665.734619793104
16665.734619793104
16665.734619793104
16644.778336313135
16644.778336313135
16623.900197402716
16607.227613947845
16594.4185588781
16594.4185588781
16594.4185588781
16594.4185588781
16594.4185588781
16594.4185588781
16594.4185588781
16590.376706464715
16583.212515698262
16561.052173681855
16557.07242849307
16557.07242849307
16547.01196322814
16547.01196322814
16547.01196322814
16547.01196322814
16540.35095731782
16524.371648149994
16511.236767637816
16506.201298209176
16506.201298209176
16488.191078068805
16488.191078068805
16487.062301004673
16476.44365881901
16476.44365881901
16476.44365881901
16476.44365881901
16476.44365881901
16476.44365881901
16476.44365881901
16476.44365881901
16476.44365881901
16476.44365881901
16476.44365881901
16457.288903880424
16457.288903880424
16451.49140999396
16426.90164036232
16426.90164036232
16426.90164036232
16425.60559033193
16425.60559033193
16425.60559033193
16422.400712501294
16413.954376112048
16408.792880601453
16401.28186828401
16401.28186828401
16371.315173050885
16362.60854865744
16362.60854865744
16346.518320979334
16346.518320979334
16321.733504275404
16315.902393717835
16312.381311288946
16309.393323278993
16309.393323278993
16309.393323278993
16309.393323278993
16299.709583351054
16299.709583351054
16299.709583351054
16289.854517374091
16289.854517374091
16289.509132491014
16289.509132491014
16287.496552055245
16287.496552055245
16287.496552055245
16287.496552055245
16271.27549126114
16271.27549126114
16271.27549126114
16266.074413650582
16266.074413650582
16266.074413650582
16266.074413650582
16246.367897075083
16246.367897075083
16246.367897075083
16236.854973870655
16231.681627450362
16227.992224530906
16227.992224530906
16213.101082475716
16213.101082475716
16203.739635445832
16199.409202668267
16196.268018937051
16184.819808522285
16184.819808522285
16184.819808522285
16171.557853754168
16152.929699224147
16152.929699224147
16145.655183044644
16115.438297268685
16115.438297268685
16112.687185426881
16112.687185426881
16112.687185426881
16099.88395893519
16099.88395893519
16088.257549874006
16072.545626368752
16037.40532439697
16022.670932816458
16016.1442056096
16016.1442056096
16006.609901405742
15992.396501681871
15992.396501681871
15992.396501681871
15980.472069146714
15974.39989943189
15970.326462971938
15970.112117736619
15970.112117736619
15970.112117736619
15968.846759523762
15968.83140017325
15968.83140017325
15968.83140017325
15968.83140017325
15951.925753698362
15951.925753698362
15951.925753698362
15951.925753698362
15951.925753698362
15951.925753698362
15942.194233299444
15942.194233299444
15939.085156515404
15939.085156515404
15910.751447256134
15910.751447256134
15909.81570789433
15909.81570789433
15909.81570789433
15909.81570789433
15889.799005758801
15888.17124792089
15887.259739994912
15887.259739994912
15887.259739994912
15887.259739994912
15887.259739994912
15887.259739994912
15887.259739994912
15871.74464390618
15871.74464390618
15868.452442261865
15855.513210929248
15840.049515464307
15818.145038252787
15812.174916320846
15806.14354987514
15806.14354987514
15795.871873063328
15771.034892312655
15762.578388084145
15760.472105175459
15738.167473866264
15731.843300617933
15731.843300617933
15731.843300617933
15708.931785851231
15708.931785851231
15705.834043850937
15703.970308551074
15677.492419443815
15677.492419443815
15677.492419443815
15654.365630115335
15644.18928551745
15644.18928551745
15644.18928551745
15634.670446740118
15626.071806881988
15626.071806881988
15624.528805426102
15611.702496511234
15611.702496511234
15603.69901929606
15603.69901929606
15603.69901929606
15590.827830124017
15590.827830124017
15590.827830124017
15590.827830124017
15577.501744822408
15577.501744822408
15577.501744822408
15576.213762876541
15572.648027363723
15572.648027363723
15566.891559063439
15547.16448629592
15547.16448629592
15541.334960764885
15528.611503010468
15528.611503010468
15528.611503010468
15528.3348805592
15523.910625829718
15523.910625829718
15519.553357336128
15505.57002802912
15499.23102285585
15494.206199051043
15494.206199051043
15494.206199051043
15479.011055811568
15479.011055811568
15473.241836765743
15472.816446066132
15472.816446066132
15472.816446066132
15466.45658966213
15466.45658966213
15466.45658966213
15465.395786247871
15434.214091267235
15434.214091267235
15427.575746592722
15412.59648926823
15412.59648926823
15412.59648926823
15412.59648926823
15412.59648926823
15412.59648926823
15412.59648926823
15404.706630107848
15397.194059619665
15396.970118206631
15396.970118206631
15396.970118206631
15393.558025244782
15381.670099992953
15381.670099992953
15381.670099992953
15381.670099992953
15355.065901287968
15355.065901287968
15328.312041651483
15328.312041651483
15320.565015772025
15314.115327720621
15313.106616771798
15311.13667719035
15292.314549447838
15292.314549447838
15271.85100684275
15271.85100684275
15271.85100684275
15271.85100684275
15263.297440653489
15255.100167528575
15236.22697066918
15236.22697066918
15220.48320950258
15193.705880076426
15193.705880076426
15193.705880076426
15169.240723499985
15169.240723499985
15169.240723499985
15164.78366900055
15150.872179062848
15150.872179062848
15146.33579418894
15136.764279972702
15135.179623917336
15127.981590404928
15127.981590404928
15114.016913719373
15114.016913719373
15114.016913719373
15113.287722380468
15113.287722380468
15104.536209171754
15096.781007725016
15085.834625254587
15085.834625254587
15082.8600058522
15078.58890292344
15070.13057660391
15070.13057660391
15062.385104782985
15056.360682573692
15047.682496793479
15030.313504978993
15023.655717923855
15023.655717923855
15020.793186199382
15013.213577432089
15008.143781644656
15008.143781644656
15008.143781644656
15003.375321405998
14999.321646469161
14993.803545129822
14993.803545129822
14993.803545129822
14969.30020932852
14947.941776279542
14947.941776279542
14947.941776279542
14934.945799979343
14934.945799979343
14930.732602722534
14930.732602722534
14928.429496337627
14928.429496337627
14928.429496337627
14907.617855853552
14907.617855853552
14907.617855853552
14907.617855853552
14889.889791455338
14889.889791455338
14883.457074122825
14865.900854415933
14865.900854415933
14856.41831621504
14856.41831621504
14844.335765957218
14844.335765957218
14839.063690753455
14822.230565603832
14822.230565603832
14822.230565603832
14822.230565603832
14822.230565603832
14807.527730595128
14802.960345690279
14802.960345690279
14802.960345690279
14770.023057669681
14753.168020233616
14748.963102454343
14735.219856785396
14735.219856785396
14735.219856785396
14729.152274808495
14721.704407383655
14721.704407383655
14721.704407383655
14721.704407383655
14698.05709911334
14685.94765623218
14683.520958019735
14683.520958019735
14683.520958019735
14683.520958019735
14683.520958019735
14683.520958019735
14673.181229551827
14673.181229551827
14673.181229551827
14673.181229551827
14673.181229551827
14673.181229551827
14673.181229551827
14667.976824372508
14667.976824372508
14666.87601937675
14647.491040485083
14646.059816438627
14646.059816438627
14646.059816438627
14646.059816438627
14646.059816438627
14646.059816438627
14630.408050854483
14630.408050854483
14630.408050854483
14630.408050854483
14608.771376806411
14608.771376806411
14597.197902015256
14597.197902015256
14597.197902015256
14589.281487555856
14578.056367545962
14567.13538216597
14567.13538216597
14551.416573366934
14551.416573366934
14551.416573366934
14551.416573366934
14551.058843784573
14551.058843784573
14545.804393048254
14528.586621581217
14525.079545776809
14525.079545776809
14515.166404027308
14514.745689245996
14498.78410062207
14498.129641122856
14487.987195074884
14487.987195074884
14479.484250730573
14463.066989235946
14463.066989235946
14453.595811356186
14453.595811356186
14441.543876683229
14441.543876683229
14433.391121099254
14425.823212003434
14425.823212003434
14419.559035842301
14417.002048388254
14410.106363600833
14410.106363600833
14398.458011983546
14391.322373997718
14391.322373997718
14378.30475936345
14378.30475936345
14378.30475936345
14378.30475936345
14369.667349465437
14369.574920442716
14369.574920442716
14369.574920442716
14366.392991326733
14357.97345679768
14357.97345679768
14357.97345679768
14349.873497370145
14337.442708082952
14337.442708082952
14337.442708082952
14332.584535733473
14332.584535733473
14327.024603333384
14327.024603333384
14295.41973577763
14293.322209623051
14269.934171558516
14269.934171558516
14267.287963407492
14266.455447204457
14266.455447204457
14266.455447204457
14266.455447204457
14259.110004700548
14234.748802330876
14234.748802330876
14234.748802330876
14216.69215097003
14211.218467055813
14210.510375353986
14199.175290853205
14192.366822311938
14192.366822311938
14192.366822311938
14180.240298532091
14176.022127242646
14163.745436792515
14163.745436792515
14160.956646682045
14160.956646682045
14160.956646682045
14160.956646682045
14152.435203382505
14146.057553831097
14137.962130218853
14115.131071836924
14115.131071836924
14115.131071836924
14115.131071836924
14115.131071836924
14115.131071836924
14114.630724442284
14107.701887395227
14105.36258020307
14105.36258020307
14101.14017540322
14101.14017540322
14101.14017540322
14101.14017540322
14101.14017540322
14083.740970091916
14083.740970091916
14083.740970091916
14083.740970091916
14074.90230849798
14074.90230849798
14074.90230849798
14071.995868444543
14050.638159896447
14050.638159896447
14050.638159896447
14050.638159896447
14045.029661966973
14043.194122153322
14043.194122153322
14043.194122153322
14043.194122153322
14043.194122153322
14037.140232900858
14012.162326518514
14006.235986243848
13986.125313056007
13986.125313056007
13986.125313056007
13986.125313056007
13978.214437082515
13969.240375755799
13963.544983362626
13956.224163163935
13927.159095495716
13927.159095495716
13927.159095495716
13922.059936894462
13917.641184570837
13917.641184570837
13917.641184570837
13917.641184570837
13917.641184570837
13914.504573521608
13888.099829335712
13888.099829335712
13882.20426763007
13882.20426763007
13882.20426763007
13859.827821753586
13852.876345352413
13852.876345352413
13841.752777969217
13841.752777969217
13841.752777969217
13819.427519813578
13796.455298436129
13792.172200448385
13779.089423832436
13761.538146276955
13761.538146276955
13761.538146276955
13761.538146276955
13761.538146276955
13753.832447567629
13749.769679007028
13749.769679007028
13749.769679007028
13736.341944391022
13736.341944391022
13728.828338722164
13728.828338722164
13725.349020583131
13720.106110655926
13715.468367740636
13715.468367740636
13703.847318646898
13703.847318646898
13703.847318646898
13703.847318646898
13697.637954619366
13690.564699775337
13684.451753921425
13669.812341282643
13669.812341282643
13669.812341282643
13654.000335873658
13641.409499484522
13627.666660266264
13627.666660266264
13627.161343085909
13625.719141670055
13625.719141670055
13625.719141670055
13614.405395173542
13607.110997446687
13607.110997446687
13603.478647057329
13599.612761098773
13599.612761098773
13598.41538061294
13586.70115335527
13586.70115335527
13586.70115335527
13586.70115335527
13585.705759089353
13556.694253148884
13556.694253148884
13556.694253148884
13542.538183329865
13537.29188698772
13537.29188698772
13534.67678724429
13534.231409244347
13534.231409244347
13534.231409244347
13532.39529391728
13532.39529391728
13532.39529391728
13524.255835520744
13505.19070647352
13505.19070647352
13494.224298739122
13494.224298739122
13494.224298739122
13494.224298739122
13491.237073640692
13470.186926753417
13447.366889501995
13447.366889501995
13445.428713562229
13435.905623337498
13435.905623337498
13430.862235699227
13429.996093742664
13429.091622039985
13429.091622039985
13393.38549296693
13393.38549296693
13378.775059860023
13365.453574221794
13352.558425223277
13344.84559693413
13344.84559693413
13344.84559693413
13333.181396988059
13320.555630720446
13320.555630720446
13320.555630720446
13316.20518316425
13316.20518316425
13314.020805558339
13299.640207786852
13291.445648841944
13289.64280457118
13279.960400509306
13269.883714538893
13268.979868593617
13260.199943333531
13260.199943333531
13260.199943333531
13260.199943333531
13260.199943333531
13260.199943333531
13260.199943333531
13260.003788516271
13255.323763427556
13248.421300870463
13245.057217252175
13245.057217252175
13233.753361912402
13225.829125335456
13225.829125335456
13225.829125335456
13208.73196398871
13208.73196398871
13207.056102238228
13207.056102238228
13207.056102238228
13207.056102238228
13199.981682544403
13193.446226069154
13193.446226069154
13174.921198582051
13170.03316804102
13170.03316804102
13162.465187576368
13162.465187576368
13157.984734546344
13157.984734546344
13157.984734546344
13157.984734546344
13145.796603016666
13145.746224757095
13125.692753117706
13116.014542852601
13108.037075612534
13097.34480382642
13097.34480382642
13088.54352622827
13074.949544124307
13074.949544124307
13058.969324289768
13058.969324289768
13046.064513451473
13046.064513451473
13046.064513451473
13046.064513451473
13030.033464153841
13030.033464153841
13010.13028647986
13010.13028647986
13004.273223218677
13004.273223218677
13004.273223218677
13004.273223218677
13003.11799887899
13003.11799887899
13003.11799887899
13003.11799887899
12994.883694385426
12989.778600392245
12989.778600392245
12989.778600392245
12984.121619337613
12984.121619337613
12984.121619337613
12965.561642996447
12948.763722912647
12948.763722912647
12936.927923731293
12936.927923731293
12936.927923731293
12928.96826634682
12918.371454366574
12918.371454366574
12916.223270946244
12916.223270946244
12916.223270946244
12904.273291949248
12899.980461414474
12899.980461414474
12884.118401852751
12866.770564668555
12864.179983470145
12864.179983470145
12858.977698113884
12858.977698113884
12841.988206276397
12841.988206276397
12837.030430646913
12816.347550119
12801.583385688311
12801.583385688311
12799.66763133808
12790.246119074973
12784.470943708713
12784.470943708713
12784.470943708713
12784.470943708713
12782.146825451033
12778.322908518501
12757.322601826996
12757.322601826996
12749.680409472801
12742.108990202863
12736.61531975584
12736.61531975584
12736.61531975584
12735.412658428195
12731.424420284653
12731.424420284653
12731.424420284653
12722.711705007714
12713.06001998216
12697.066767928
12697.066767928
12697.066767928
12683.088258998225
12683.088258998225
12683.088258998225
12683.088258998225
12670.786009215723
12670.786009215723
12670.786009215723
12662.797409257675
12661.46066225936
12661.46066225936
12661.46066225936
12651.010098644074
12651.010098644074
12651.010098644074
12651.010098644074
12647.423061063086
12647.423061063086
12644.299512899624
12644.299512899624
12639.312843212236
12639.312843212236
12638.656552043203
12629.398055684382
12628.350739782045
12628.350739782045
12621.20410900322
12621.20410900322
12613.846826965582
12600.987150725881
12590.972915316312
12590.972915316312
12582.261659621716
12582.261659621716
12582.261659621716
12582.261659621716
12571.943058344392
12571.943058344392
12558.639096995945
12558.639096995945
12542.01545852883
12542.01545852883
12542.01545852883
12542.01545852883
12542.01545852883
12533.151506165192
12533.151506165192
12527.059183745827
12527.059183745827
12519.339341702234
12514.32504037318
12504.126723023908
12504.126723023908
12495.778487835081
12495.778487835081
12495.778487835081
12491.842856627449
12491.842856627449
12476.147427274378
12476.147427274378
12476.147427274378
12467.862995090481
12467.862995090481
12461.649882043119
12461.649882043119
12455.2218479682
12449.02549759856
12447.963348432188
12447.963348432188
12447.314902373337
12433.181333091516
12432.959111843476
12419.405410673486
12419.405410673486
12417.436101725272
12417.436101725272
12401.934377961228
12401.886413483231
12394.923442802758
12394.923442802758
12391.870818343847
12381.300222802283
12376.708713695385
12376.708713695385
12376.708713695385
12367.539523984573
12357.053493845126
12355.936158995964
12355.936158995964
12355.936158995964
12349.672569749346
12337.94853907923
12337.94853907923
12337.94853907923
12335.616490798226
12328.752019276611
12324.645207254123
12310.038039454274
12301.459154849172
12295.091885163909
12295.091885163909
12295.091885163909
12280.140577441472
12275.505484671901
12275.505484671901
12275.505484671901
12275.505484671901
12272.50081578477
12272.50081578477
12254.215998187328
12254.215998187328
12252.906737270381
12252.906737270381
12252.906737270381
12252.906737270381
12252.906737270381
12242.816010936225
12240.30270967429
12240.30270967429
12240.30270967429
12240.30270967429
12240.30270967429
12238.613696899705
12232.19594896602
12232.19594896602
12217.332008239462
12217.332008239462
12205.798293903732
12193.371434624776
12193.371434624776
12193.371434624776
12193.371434624776
12193.371434624776
12187.721094655762
12187.721094655762
12187.721094655762
12186.853069073268
12164.20390063814
12152.525928215584
12152.525928215584
12152.525928215584
12136.506604754839
12129.693051187007
12126.447924243419
12108.07888664427
12108.07888664427
12108.07888664427
12108.07888664427
12092.296176978009
12092.296176978009
12092.296176978009
12092.296176978009
12089.024790601925
12078.659294757737
12067.42407102687
12065.637363656993
12065.637363656993
12065.637363656993
12054.853679866188
12051.948050988609
12046.684029078679
12025.825947619589
12025.825947619589
12025.825947619589
12025.825947619589
12025.825947619589
12025.825947619589
12024.147180488879
12002.711974253867
12002.711974253867
12002.711974253867
12002.711974253867
11997.747945149693
11997.747945149693
11997.747945149693
11997.747945149693
11983.888955951888
11983.888955951888
11981.006582869364
11981.006582869364
11975.400926207445
11975.400926207445
11962.256812910891
11959.347232488959
11959.347232488959
11959.347232488959
11953.63726676578
11953.63726676578
11953.63726676578
11953.63726676578
11932.545257098362
11932.545257098362
11924.894427766138
11924.894427766138
11924.894427766138
11907.93007135023
11902.916383079475
11886.021879137974
11886.021879137974
11881.94808993186
11881.94808993186
11881.94808993186
11878.894427705427
11871.711172019342
11871.711172019342
11859.969511573629
11859.969511573629
11859.969511573629
11849.104304142957
11849.104304142957
11836.560053332618
11829.116804145102
11811.172587356528
11811.172587356528
11811.172587356528
11802.408690660828
11802.408690660828
11795.911571002298
11795.911571002298
11795.911571002298
11771.144881520453
11768.061067123706
11758.39406635719
11758.39406635719
11758.39406635719
11756.870184187508
11753.593029294152
11752.774571191041
11734.881896792751
11734.881896792751
11732.626952712068
11732.626952712068
11732.626952712068
11727.072486361187
11706.326755117429
11706.326755117429
11706.326755117429
11695.4653218473
11695.4653218473
11695.4653218473
11695.4653218473
11695.334462350573
11672.405895550184
11663.996909867248
11662.316638877426
11662.140957136304
11662.140957136304
11662.140957136304
11662.140957136304
11655.475356814895
11649.270151682173
11640.132812276164
11640.132812276164
11640.132812276164
11626.640988002495
11626.640988002495
11625.573282334482
11623.114242383948
11623.020335217314
11623.020335217314
11623.020335217314
11620.962443369708
11620.962443369708
11620.962443369708
11620.962443369708
11620.962443369708
11604.873119078125
11593.51479361287
11593.51479361287
11593.51479361287
11593.51479361287
11593.51479361287
11584.574156364473
11583.139970346874
11583.139970346874
11583.139970346874
11583.139970346874
11583.139970346874
11583.139970346874
11568.581328011353
11561.86162339794
11558.032496153271
11549.528152359066
11549.528152359066
11549.528152359066
11525.734632618807
11525.734632618807
11525.734632618807
11518.398560004101
11500.11300082676
11488.361399375466
11473.625379519568
11473.625379519568
11473.625379519568
11469.093522379424
11469.093522379424
11469.093522379424
11469.093522379424
11469.093522379424
11462.275484429316
11429.779779734912
11427.90747309303
11427.90747309303
11422.559797917647
11422.559797917647
11397.714828792887
11397.714828792887
11372.092611342858
11372.092611342858
11372.092611342858
11372.092611342858
11365.448663283523
11365.448663283523
11358.1162732441
11353.616106406647
11339.30097725457
11336.66199950668
11336.66199950668
11336.66199950668
11332.820679873987
11329.188871599736
11321.527613008198
11321.527613008198
11321.527613008198
11299.83480541341
11283.34948085492
11283.34948085492
11283.34948085492
11283.34948085492
11276.430457273025
11276.430457273025
11260.443431644773
11260.443431644773
11260.443431644773
11260.443431644773
11260.443431644773
11260.443431644773
11260.443431644773
11247.310072429022
11247.310072429022
11247.310072429022
11238.725896571814
11238.725896571814
11236.372931588612
11236.372931588612
11236.372931588612
11236.372931588612
11236.372931588612
11236.372931588612
11230.974928986427
11222.610617673106
11219.412947892522
11219.412947892522
11219.412947892522
11219.412947892522
11214.283916839686
11214.283916839686
11206.336041339202
11194.584504250937
11194.584504250937
11194.584504250937
11194.584504250937
11185.465226018465
11174.899011012889
11167.781433106877
11167.781433106877
11159.348207436193
11159.348207436193
11146.548089873068
11138.42468813692
11123.907920449954
11113.520265035935
11095.437775790802
11095.437775790802
11095.437775790802
11093.557917991024
11092.038664522122
11084.326475094245
11079.602779521074
11076.953520975954
11073.894258141072
11063.681680992275
11063.681680992275
11054.703224644109
11054.703224644109
11054.703224644109
11054.703224644109
11054.703224644109
11041.788123782308
11037.548419654528
11037.548419654528
11037.548419654528
11037.548419654528
11030.108581140266
11030.108581140266
11012.875815482405
10996.472104405502
10996.472104405502
10994.595511834646
10994.595511834646
10994.595511834646
10994.595511834646
10993.107953266497
10993.107953266497
10978.213610094133
10978.213610094133
10972.346044570271
10972.346044570271
10966.64354711346
10966.64354711346
10966.64354711346
10953.74244531357
10953.74244531357
10953.74244531357
10938.558434933018
10938.558434933018
10922.892172653414
10922.892172653414
10921.399277742812
10921.399277742812
10921.399277742812
10905.935762191562
10904.672160914715
10886.295177645892
10886.295177645892
10880.751250299041
10877.173642679094
10864.400278159213
10861.014770560616
10848.352183993615
10845.794154413463
10841.443173409645
10834.350343309545
10834.350343309545
10834.350343309545
10834.350343309545
10834.350343309545
10834.350343309545
10834.350343309545
10834.350343309545
10823.327260432783
10817.775151986483
10812.627383159748
10804.744794864151
10803.586830837206
10800.728339210042
10800.728339210042
10800.728339210042
10797.630332466744
10790.361186001643
10787.37325013531
10787.37325013531
10787.37325013531
10787.37325013531
10784.25736478548
10778.190260054447
10769.772862682761
10769.772862682761
10769.772862682761
10768.468215413382
10759.61553582307
10756.733203166217
10754.55645699239
10740.323094112624
10740.323094112624
10740.323094112624
10733.007328394553
10733.007328394553
10730.645399223118
10730.645399223118
10730.645399223118
10730.645399223118
10718.180423438072
10718.180423438072
10718.180423438072
10718.180423438072
10718.180423438072
10715.305527796514
10715.305527796514
10715.305527796514
10712.695752206311
10702.826149423587
10699.168630560362
10699.168630560362
10697.711348613091
10697.711348613091
10679.486025062972
10679.486025062972
10679.486025062972
10679.486025062972
10679.486025062972
10679.486025062972
10679.486025062972
10666.574748752011
10666.574748752011
10666.574748752011
10666.574748752011
10666.322138704269
10661.687857082306
10661.687857082306
10649.452703214176
10645.593956802612
10644.49507380496
10623.294742652559
10622.879773397177
10622.879773397177
10622.879773397177
10619.198584586578
10605.86306527217
10604.38529411589
10604.38529411589
10582.098337379972
10569.84042834244
10569.84042834244
10564.0750784642
10564.0750784642
10558.360082030593
10529.198073942947
10517.225487636122
10517.225487636122
10517.225487636122
10503.464593276689
10503.464593276689
10503.464593276689
10503.464593276689
10479.484461098855
10479.484461098855
10479.484461098855
10475.721877109127
10453.96325112321
10453.96325112321
10443.690656374121
10443.690656374121
10443.690656374121
10435.084469179123
10435.084469179123
10435.084469179123
10430.19998820327
10425.994537636432
10425.994537636432
10425.994537636432
10425.994537636432
10425.695322041882
10425.695322041882
10418.871243216041
10403.987203790653
10395.72972344013
10392.913875843633
10392.913875843633
10384.51352356177
10384.51352356177
10381.379385690752
10381.379385690752
10370.399529130895
10351.649474784055
10351.649474784055
10351.649474784055
10351.649474784055
10342.51502983216
10342.51502983216
10342.327401531396
10342.327401531396
10338.927670842522
10338.927670842522
10329.527300133668
10321.250827220692
10311.995573226986
10311.995573226986
10311.995573226986
10306.611425651145
10306.611425651145
10306.611425651145
10306.611425651145
10306.611425651145
10306.611425651145
10306.611425651145
10306.611425651145
10291.275164128514
10291.275164128514
10291.275164128514
10291.275164128514
10291.275164128514
10291.275164128514
10285.573464577848
10285.573464577848
10285.573464577848
10285.573464577848
10285.573464577848
10275.164352504267
10264.320077875225
10264.320077875225
10262.46677961854
10255.286568841777
10248.035544138045
10248.035544138045
10248.035544138045
10242.945575240436
10242.945575240436
10242.945575240436
10242.80537583116
10242.80537583116
10242.80537583116
10242.378474001292
10231.463849130361
10231.463849130361
10230.809755704724
10230.809755704724
10224.055331393534
10223.42928643636
10223.42928643636
10212.428160312664
10204.326150292785
10204.326150292785
10194.49666521065
10194.49666521065
10194.49666521065
10190.08973070033
10190.08973070033
10181.264542405648
10181.041603922
10172.495967779852
10163.563303435843
10163.563303435843
10161.950619257155
10161.382260963323
10160.097619063452
10160.097619063452
10160.097619063452
10160.097619063452
10160.097619063452
10160.097619063452
10157.833277939377
10156.247265501179
10155.371933255698
10129.090724453155
10129.090724453155
10128.377958993931
10115.700612245568
10108.464867327646
10096.410092608006
10090.288325591295
10084.073540514248
10075.028549141645
10075.028549141645
10058.355982704208
10047.917275466501
10045.156874782575
10045.156874782575
10043.609344120583
10043.609344120583
10035.158616413117
10035.158616413117
10023.001526838265
10023.001526838265
10023.001526838265
10017.644650999075
10008.395644870729
10003.680735341119
10003.15115311898
9998.212864234338
9983.233372039693
9983.233372039693
9983.233372039693
9983.233372039693
9981.927236649135
9981.927236649135
9981.927236649135
9981.927236649135
9962.017455431862
9950.670713569209
9945.886100025467
9945.886100025467
9945.886100025467
9945.886100025467
9943.142203425954
9929.311946221778
9922.522432199203
9907.804656690785
9907.804656690785
9907.804656690785
9907.804656690785
9907.804656690785
9900.124464675187
9882.366510405007
9864.313391560303
9860.706059298627
9860.706059298627
9837.336577816332
9822.781903346924
9822.781903346924
9808.127558185699
9808.127558185699
9807.842659271075
9805.076056947559
9795.649239819602
9795.649239819602
9795.649239819602
9795.649239819602
9792.888003540143
9791.271205139186
9780.961868633589
9780.961868633589
9780.961868633589
9771.405027173365
9760.283717636845
9760.283717636845
9760.283717636845
9748.984380437554
9745.820390851813
9745.801862886472
9745.801862886472
9745.801862886472
9745.801862886472
9745.801862886472
9745.801862886472
9738.785038839529
9732.066045290254
9732.066045290254
9711.513042047263
9711.513042047263
9711.513042047263
9699.028535869467
9699.028535869467
9697.87360049388
9692.259000096932
9692.259000096932
9688.89963411111
9688.89963411111
9688.89963411111
9687.16730602444
9687.16730602444
9687.16730602444
9687.16730602444
9687.16730602444
9687.16730602444
9687.16730602444
9686.604012960985
9686.604012960985
9686.604012960985
9686.604012960985
9686.604012960985
9675.69345909999
9669.77331314337
9669.77331314337
9654.685047836027
9654.685047836027
9653.577631929598
9653.577631929598
9653.577631929598
9653.577631929598
9653.577631929598
9653.577631929598
9653.577631929598
9652.473745812114
9646.028385888396
9625.370668888127
9625.370668888127
9622.228179383956
9613.712079219746
9591.136111527492
9591.136111527492
9580.048354102244
9580.048354102244
9571.4053639407
9571.4053639407
9571.4053639407
9571.4053639407
9571.4053639407
9561.3377048221
9548.909390143444
9548.909390143444
9545.580976391457
9545.580976391457
9538.554795608099
9538.554795608099
9538.554795608099
9538.554795608099
9538.554795608099
9520.831573558567
9516.996219010824
9516.996219010824
9513.68415605145
9513.68415605145
9513.68415605145
9509.036729054933
9505.693548175654
9505.693548175654
9505.693548175654
9505.693548175654
9497.99172189212
9495.66907419774
9495.66907419774
9495.66907419774
9495.66907419774
9486.898776460983
9483.400121469416
9468.031621076983
9468.031621076983
9460.438636848445
9460.438636848445
9460.438636848445
9446.791097657939
9444.71100616834
9444.71100616834
9430.930710215933
9429.275991536568
9420.22682171058
9407.940293781327
9398.61930687155
9397.118760563126
9397.118760563126
9385.02689847255
9385.02689847255
9385.02689847255
9376.137275052179
9376.137275052179
9374.025808942684
9374.025808942684
9367.852563597156
9367.852563597156
9360.903484369135
9360.903484369135
9360.471917040633
9354.343233389352
9354.343233389352
9354.343233389352
9347.995600660588
9343.104092261856
9336.089840763452
9336.089840763452
9336.089840763452
9336.089840763452
9336.089840763452
9332.015347972352
9332.015347972352
9332.015347972352
9322.979665609508
9308.857009084508
9308.857009084508
9308.857009084508
9308.857009084508
9308.857009084508
9300.854557353929
9300.854557353929
9300.854557353929
9300.854557353929
9300.854557353929
9291.208030623648
9291.208030623648
9291.137688970888
9291.137688970888
9286.36960811423
9286.36960811423
9285.89228967838
9285.89228967838
9285.89228967838
9283.754853406364
9278.260602976494
9278.260602976494
9277.46550441497
9272.047617852784
9272.047617852784
9262.3474979396
9254.150010560768
9254.150010560768
9245.994019319729
9245.994019319729
9233.970294751605
9227.068314628563
9227.068314628563
9227.068314628563
9227.068314628563
9222.980034341315
9218.42584463157
9212.153779301158
9199.491970985526
9197.565653628382
9197.565653628382
9197.565653628382
9197.565653628382
9193.344848263141
9190.341285953225
9190.341285953225
9181.516657440161
9178.429720181834
9178.429720181834
9171.631745806468
9171.550579284645
9170.952705624599
9152.483321760734
9152.30166125378
9152.30166125378
9138.030448968857
9138.030448968857
9129.37865569267
9129.37865569267
9115.959269993988
9115.959269993988
9115.959269993988
9102.559830791253
9102.559830791253
9099.86288999383
9082.758622894753
9082.758622894753
9082.758622894753
9075.66682261648
9062.192574372586
9062.192574372586
9062.192574372586
9048.08603576313
9048.08603576313
9047.8398406459
9045.531738685728
9036.768611884732
9036.768611884732
9035.28345666906
9023.437292889023
9018.612193280927
9018.612193280927
9003.048446711335
8996.50364717302
8996.50364717302
8988.857959012686
8988.857959012686
8981.34078124525
8981.34078124525
8981.34078124525
8973.639140566303
8963.303240881634
8963.303240881634
8963.303240881634
8963.303240881634
8956.320302096205
8956.320302096205
8956.320302096205
8956.320302096205
8954.027155481293
8954.027155481293
8954.027155481293
8937.584081712592
8928.779610156696
8918.259325813933
8918.259325813933
8901.365821530082
8901.365821530082
8901.365821530082
8871.745594594433
8871.745594594433
8871.745594594433
8871.745594594433
8854.893794781166
8854.893794781166
8854.893794781166
8854.893794781166
8854.893794781166
8853.013332893628
8848.0425357179
8834.528359824219
8834.528359824219
8834.528359824219
8834.528359824219
8834.528359824219
8834.528359824219
8831.672424786953
8831.672424786953
8819.524194848324
8816.477647244139
8815.687258021073
8815.687258021073
8815.687258021073
8815.687258021073
8809.360836550191
8809.360836550191
8809.360836550191
8794.016412498624
8792.997795225592
8792.997795225592
8792.997795225592
8774.048416815394
8769.079218005116
8769.079218005116
8769.079218005116
8754.840957162327
8754.840957162327
8749.47978495212
8749.47978495212
8749.47978495212
8745.851227091114
8745.851227091114
8745.851227091114
8741.3628902597
8741.3628902597
8736.60629523093
8736.60629523093
8736.60629523093
8723.27595063261
8723.27595063261
8720.000077888008
8714.171166309015
8711.777804055857
8706.972578829002
8689.132978036918
8674.757578247825
8667.491673418537
8654.408905652666
8652.390919619544
8647.110426213141
8647.110426213141
8647.110426213141
8643.441482211936
8643.441482211936
8639.784516696049
8639.784516696049
8639.784516696049
8626.135190993613
8626.135190993613
8625.044053426098
8625.044053426098
8609.415258752064
8609.415258752064
8597.195221335014
8596.97628686919
8585.433255524149
8573.033844909884
8573.033844909884
8570.198099852469
8570.198099852469
8570.198099852469
8566.002217060124
8566.002217060124
8566.002217060124
8546.181825757949
8546.181825757949
8545.627174889269
8538.128518495048
8538.128518495048
8525.124175348354
8525.124175348354
8525.124175348354
8521.263805627388
8521.263805627388
8519.68609142109
8519.68609142109
8512.641232459071
8507.039774916124
8489.30667366824
8489.30667366824
8472.27974586865
8472.27974586865
8472.27974586865
8457.89810069914
8457.89810069914
8450.56021472069
8450.56021472069
8444.358073031532
8436.647992401156
8436.647992401156
8425.403026609933
8423.576911613161
8422.132885270647
8420.502159497748
8410.839536548689
8410.839536548689
8410.839536548689
8410.839536548689
8410.839536548689
8410.839536548689
8410.839536548689
8410.839536548689
8400.111461761984
8398.010978341601
8395.147183280369
8395.147183280369
8393.282656973757
8383.81858110028
8383.81858110028
8383.81858110028
8377.176350368116
8371.397218505255
8371.397218505255
8371.397218505255
8361.29003271277
8348.80286576801
8346.10810960747
8346.10810960747
8339.625748590362
8332.140472407391
8332.140472407391
8332.140472407391
8327.128518467154
8327.128518467154
8327.128518467154
8327.128518467154
8327.128518467154
8322.320162239661
8322.320162239661
8315.812080504887
8315.812080504887
8305.050555503569
8302.74313584474
8298.9376066806
8298.9376066806
8290.360136736746
8287.300539768192
8276.995993651577
8276.995993651577
8265.463434945732
8256.67983748901
8250.194321713974
8245.682873295338
8243.24313049161
8228.164013302885
8224.704882879163
8224.361672964109
8209.755102154892
8209.755102154892
8209.755102154892
8204.540330177902
8204.540330177902
8198.820094536197
8195.521027049923
8194.408467653919
8180.10416247417
8180.10416247417
8180.10416247417
8176.014391000951
8166.982871439975
8166.8094493669505
8166.8094493669505
8158.92739248022
8155.920250887174
8154.6073422870695
8141.214382251071
8141.214382251071
8135.954100828916
8135.954100828916
8133.249201199215
8133.249201199215
8124.217029077289
8119.371491288365
8106.5929768975275
8106.5929768975275
8102.010198661127
8102.010198661127
8102.010198661127
8096.962211382251
8096.962211382251
8096.962211382251
8091.211336778426
8091.0135565814435
8079.314151223541
8079.314151223541
8079.314151223541
8068.090515286148
8061.721519521962
8061.721519521962
8061.721519521962
8051.420029494298
8051.420029494298
8039.726539333912
8039.726539333912
8034.36067035348
8027.383431111849
8021.297570525972
8015.108081950675
8015.108081950675
8003.382038585003
8003.382038585003
8003.382038585003
8003.382038585003
7995.3856314239365
7979.808245217227
7974.761880378736
7974.761880378736
7974.761880378736
7974.761880378736
7974.761880378736
7970.60601625157
7968.335746077044
7964.929560103709
7964.929560103709
7963.355040443157
7957.421977135722
7956.7023200162475
7956.7023200162475
7956.7023200162475
7956.7023200162475
7944.422628240643
7944.422628240643
7942.626374432934
7942.626374432934
7933.536997843446
7933.536997843446
7920.725333042424
7920.725333042424
7916.49671332358
7916.49671332358
7916.49671332358
7911.198157685503
7906.730947306747
7903.219024709739
7895.053774587502
7895.053774587502
7895.053774587502
7895.053774587502
7893.451146415883
7885.78014151126
7876.133993689372
7876.133993689372
7873.806161271774
7868.446078330741
7868.446078330741
7868.446078330741
7856.868084992505
7856.868084992505
7854.036754583367
7840.961407903112
7840.961407903112
7831.990265343884
7831.990265343884
7831.990265343884
7814.987334340682
7814.987334340682
7813.885868311828
7813.811125701254
7802.54382434341
7797.45894936845
7793.19617426186
7779.5931072212325
7779.5931072212325
7776.705916928646
7764.631447930385
7764.201507884357
7764.201507884357
7764.201507884357
7759.703259694512
7746.782457877795
7746.782457877795
7746.782457877795
7746.782457877795
7739.5969047900335
7739.5969047900335
7739.5969047900335
7738.318013998676
7738.318013998676
7726.825315097617
7726.825315097617
7726.825315097617
7726.825315097617
7724.34426373048
7718.24154610412
7718.24154610412
7718.24154610412
7718.24154610412
7718.24154610412
7718.24154610412
7713.2761168507905
7713.2761168507905
7713.2761168507905
7713.2761168507905
7713.2761168507905
7713.2761168507905
7696.259074486302
7690.474511157
7690.474511157
7689.71665040159
7683.910239320208
7683.910239320208
7683.910239320208
7680.7464411336905
7680.7464411336905
7680.7464411336905
7669.851008618063
7660.056405838295
7660.056405838295
7660.056405838295
7660.056405838295
7653.008108955512
7652.2693297817605
7641.149121856039
7641.149121856039
7638.529375750327
7638.529375750327
7638.529375750327
7620.252667397148
7616.020364403135
7611.160942498128
7611.160942498128
7603.836958106768
7601.20363783865
7597.29443392241
7597.29443392241
7597.29443392241
7592.710935164502
7591.545265859751
7587.060171428813
7587.060171428813
7587.001391277255
7587.001391277255
7569.942486272998
7569.942486272998
7564.656316477666
7564.656316477666
7564.656316477666
7564.656316477666
7564.656316477666
7553.669121383271
7553.669121383271
7553.669121383271
7553.669121383271
7544.012553464351
7539.863931441538
7529.520031799287
7529.520031799287
7529.520031799287
7525.058484855156
7511.102289319402
7511.102289319402
7509.416018563481
7509.416018563481
7500.942648918749
7494.56090524795
7494.56090524795
7483.788628977883
7483.788628977883
7480.835007365248
7480.835007365248
7480.835007365248
7479.495938278129
7479.495938278129
7479.495938278129
7479.495938278129
7473.823661801819
7469.898510054564
7463.642018059427
7453.429085579339
7453.429085579339
7448.382247472721
7438.058253148371
7438.058253148371
7432.714964002379
7432.714964002379
7432.714964002379
7432.714964002379
7432.714964002379
7432.714964002379
7432.714964002379
7423.242853350028
7423.242853350028
7423.242853350028
7420.632751476312
7420.632751476312
7420.632751476312
7408.47669660677
7405.904855190236
7405.904855190236
7401.402661020486
7395.795646996504
7389.390157018751
7389.390157018751
7389.390157018751
7389.390157018751
7389.390157018751
7389.390157018751
7385.13453272596
7385.13453272596
7385.13453272596
7385.13453272596
7385.13453272596
7385.13453272596
7382.350670327689
7374.996744789841
7374.996744789841
7371.214353890095
7371.214353890095
7360.983414547718
7360.983414547718
7356.841253390999
7356.841253390999
7356.841253390999
7354.3844636483755
7353.020872474518
7353.020872474518
7353.020872474518
7353.020872474518
7353.020872474518
7337.980787275417
7337.980787275417
7337.980787275417
7337.980787275417
7337.980787275417
7337.980787275417
7331.40962803384
7318.914306541638
7316.377804740446
7316.377804740446
7316.377804740446
7304.980869968761
7304.980869968761
7304.980869968761
7286.78248387925
7286.78248387925
7286.78248387925
7274.432849991543
7266.51026050687
7260.649927394485
7253.0775974742255
7252.305938543309
7252.305938543309
7244.945935781064
7244.945935781064
7244.945935781064
7239.267521630913
7221.499556917559
7221.499556917559
7221.499556917559
7221.499556917559
7221.499556917559
7221.499556917559
7221.499556917559
7221.499556917559
7221.499556917559
7216.211249289824
7197.934940281349
7193.345168682574
7193.345168682574
7180.449627897958
7179.626953804331
7169.3151352157565
7168.002715246912
7157.694653023783
7148.232968000121
7148.232968000121
7146.374756237805
7143.2787688709295
7143.2787688709295
7143.2787688709295
7143.2787688709295
7143.2787688709295
7139.161235542243
7136.125414349659
7136.125414349659
7136.125414349659
7131.175102915351
7131.175102915351
7131.175102915351
7131.175102915351
7131.175102915351
7122.530822389485
7122.530822389485
7122.298164038583
7122.298164038583
7115.400428337086
7115.400428337086
7110.627090017721
7102.301125190108
7101.531138328954
7101.531138328954
7101.531138328954
7101.531138328954
7101.531138328954
7101.531138328954
7098.963683929803
7098.963683929803
7098.963683929803
7098.963683929803
7098.963683929803
7098.963683929803
7098.963683929803
7090.841637236667
7088.4763539067835
7088.4763539067835
7088.4763539067835
7088.4763539067835
7088.4763539067835
7086.848744791617
7082.9472660509355
7082.9472660509355
7079.06633245586
7075.525927835966
7075.525927835966
7065.156866979247
7065.156866979247
7065.156866979247
7053.5101408373785
7044.674598169837
7044.674598169837
7044.674598169837
7037.613350279732
7037.613350279732
7037.613350279732
7037.613350279732
7037.613350279732
7033.711253338802
7033.711253338802
7028.230331291578
7027.691253487987
7020.252783821857
7002.4219348174265
6998.1776347284185
6998.1776347284185
6992.104417051928
6991.768961659151
6991.768961659151
6990.0306763003155
6990.0306763003155
6990.0306763003155
6990.0306763003155
6990.0306763003155
6990.0306763003155
6989.447265360632
6989.447265360632
6979.419120976668
6964.626725566468
6959.37193272595
6957.466208989933
6957.466208989933
6949.857711949007
6949.857711949007
6949.857711949007
6949.446746315542
6949.446746315542
6949.446746315542
6949.446746315542
6949.446746315542
6949.446746315542
6949.446746315542
6941.318444503526
6941.318444503526
6939.8207054513505
6939.8207054513505
