40116.94191576012
40106.05320876426
40066.288090071685
40066.288090071685
40023.360341573985
40013.72052564281
40010.37594851959
40010.37594851959
40007.54936156754
40007.54936156754
40007.54936156754
40007.54936156754
39983.841837749154
39983.841837749154
39983.841837749154
39983.841837749154
39975.6149877714
39975.6149877714
39949.97211250007
39927.73825954452
39910.35152842066
39884.84973656324
39874.61365303352
39874.61365303352
39857.08384639682
39797.59523769339
39797.59523769339
39797.59523769339
39770.82047546334
39754.068555650025
39749.15797008332
39715.496840383355
39715.496840383355
39715.496840383355
39695.32275533855
39695.32275533855
39695.32275533855
39695.32275533855
39650.4936545606
39629.139972259254
39629.139972259254
39629.139972259254
39613.2823249004
39608.414999153196
39608.414999153196
39606.19925885559
39602.9045462014
39602.9045462014
39593.95940807598
39593.95940807598
39585.45464132656
39585.45464132656
39585.45464132656
39585.45464132656
39585.45464132656
39585.45464132656
39585.45464132656
39585.45464132656
39584.88484866216
39573.816242550136
39573.816242550136
39552.118232469664
39537.979558683095
39537.979558683095
39529.5322188538
39483.93875180724
39431.59046630889
39431.59046630889
39427.09577605704
39412.777794717644
39412.777794717644
39412.777794717644
39412.777794717644
39409.7543484397
39409.7543484397
39409.7543484397
39396.87361259333
39396.87361259333
39390.00854455486
39390.00854455486
39378.202393809726
39358.73994990855
39347.16514103559
39347.16514103559
39347.16514103559
39347.16514103559
39337.50865367578
39337.50865367578
39337.50865367578
39320.88943145581
39320.88943145581
39276.32333023635
39276.32333023635
39244.44921845292
39240.27776180452
39237.5385383009
39237.5385383009
39237.5385383009
39211.48798948655
39205.26853651507
39205.26853651507
39205.26853651507
39189.981895102115
39174.634448444136
39167.793761610315
39142.34311827068
39142.34311827068
39132.32074395469
39125.569588356324
39105.97762345188
39092.330030366946
39087.86440152165
39067.47389869977
39067.47389869977
39045.46891319807
39045.46891319807
39026.266798618264
39020.39494599956
39008.00416991748
39003.54512801196
38993.64285473258
38955.620856506124
38955.620856506124
38952.08709153681
38937.9100838716
38929.301109926935
38929.301109926935
38913.777840130955
38906.046464455954
38906.046464455954
38906.046464455954
38896.50241562843
38889.20954152766
38886.518284337675
38886.518284337675
38846.43672870547
38826.77922590867
38792.27634409878
38788.705329271645
38788.705329271645
38778.051493667124
38778.051493667124
38744.37698485494
38733.144095700394
38733.144095700394
38722.39975309148
38706.12741048187
38706.12741048187
38706.12741048187
38706.12741048187
38706.12741048187
38706.12741048187
38706.12741048187
38684.35215006182
38667.25334291215
38667.25334291215
38619.65411691628
38600.59584261346
38591.00224639807
38591.00224639807
38591.00224639807
38587.75562003444
38587.75562003444
38564.9498649214
38564.9498649214
38564.9498649214
38564.9498649214
38545.754908724055
38517.637160809434
38517.637160809434
38517.637160809434
38515.43322404302
38515.43322404302
38513.437024310435
38513.437024310435
38513.437024310435
38513.437024310435
38500.1875999891
38476.71697988238
38476.71697988238
38450.786342823405
38450.786342823405
38430.352199015935
38430.352199015935
38416.43646888013
38416.43646888013
38416.43646888013
38416.43646888013
38395.404740395046
38388.53157177037
38376.475232003875
38363.628337373455
38341.93779133296
38341.93779133296
38328.32869816982
38317.643825765
38302.03613779031
38295.706115141664
38295.706115141664
38293.652395640514
38293.652395640514
38287.751132441146
38287.751132441146
38257.493805240054
38257.493805240054
38224.37074584024
38183.45744492279
38175.19662626661
38175.19662626661
38175.19662626661
38140.99032618363
38140.99032618363
38140.99032618363
38116.66391309722
38116.66391309722
38112.55949587191
38075.92474918611
38071.37541459232
38071.37541459232
38071.37541459232
38071.37541459232
38071.37541459232
38064.62337219803
38056.86597787792
38056.86597787792
38051.430235964035
38051.430235964035
38051.430235964035
38051.430235964035
38051.430235964035
38051.430235964035
38044.761619901044
38031.75847453615
38031.75847453615
38031.75847453615
38031.75847453615
38031.75847453615
38030.036151921944
38025.38793971583
38025.38793971583
38007.95468153753
37975.81756431046
37964.76537496658
37964.76537496658
37963.4083093121
37963.4083093121
37960.34012837547
37960.34012837547
37942.92237588352
37942.92237588352
37942.92237588352
37914.452479988795
37906.01480585182
37901.4371149061
37886.77819683499
37879.566459845286
37879.566459845286
37872.721695963555
37872.721695963555
37856.80064701074
37856.80064701074
37829.07607389028
37827.15399102308
37822.02057886684
37817.90453883323
37817.90453883323
37817.90453883323
37817.90453883323
37799.25058163217
37799.25058163217
37799.25058163217
37765.38516691256
37745.32790384865
37737.647681771894
37736.18250489182
37736.18250489182
37726.367086316815
37723.813038048494
37723.813038048494
37718.56572575835
37713.03490921047
37713.03490921047
37713.03490921047
37713.03490921047
37689.8736137394
37663.20240133432
37631.02819744727
37631.02819744727
37616.47436238195
37616.25974668542
37614.50953338869
37596.54664439268
37596.54664439268
37596.54664439268
37573.86003042406
37534.61271224209
37534.61271224209
37534.61271224209
37534.61271224209
37534.61271224209
37534.61271224209
37519.601577069305
37498.81339057061
37483.71936556304
37463.353216267904
37458.88116968508
37458.88116968508
37437.392045156026
37437.392045156026
37425.01882952051
37398.75617733125
37392.90461626896
37390.16362492297
37390.16362492297
37348.74291684559
37348.74291684559
37348.74291684559
37303.18560395178
37303.18560395178
37303.18560395178
37291.852357103606
37270.852556195765
37269.430880245854
37265.36328396673
37265.36328396673
37265.36328396673
37265.36328396673
37258.89277517016
37206.38211914875
37206.38211914875
37206.38211914875
37206.38211914875
37194.51726137762
37184.412885133686
37184.412885133686
37184.412885133686
37173.700908136336
37173.700908136336
37152.64671100675
37139.694568064224
37118.20001495333
37093.13113796253
37093.13113796253
37093.13113796253
37068.58186845906
37068.58186845906
37061.50558971396
37054.360082266096
37022.224309824654
37021.78117944338
37021.78117944338
37021.78117944338
37001.373128396874
36976.154326172546
36954.62272522983
36954.62272522983
36954.62272522983
36954.62272522983
36954.62272522983
36937.21494387947
36931.51445661201
36928.59372601051
36928.59372601051
36919.51631064173
36898.195757347574
36891.9826664583
36848.84974372183
36848.84974372183
36826.116775200484
36826.116775200484
36805.5240484713
36805.5240484713
36758.927791394315
36744.03978976726
36743.45128862625
36743.45128862625
36709.0683786249
36709.0683786249
36708.568554109355
36678.399501119224
36678.399501119224
36672.17667390408
36672.17667390408
36672.17667390408
36672.17667390408
36672.17667390408
36672.17667390408
36672.17667390408
36668.9226742942
36658.257587521235
36626.64379960292
36626.64379960292
36612.11662880418
36573.54589061452
36573.54589061452
36561.44326553004
36561.44326553004
36556.381469045686
36551.53393238096
36551.53393238096
36538.512147772344
36536.72333331048
36536.72333331048
36509.28273757337
36509.28273757337
36509.28273757337
36509.28273757337
36506.01580154523
36506.01580154523
36487.9611707719
36487.9611707719
36487.9611707719
36487.9611707719
36487.58525962644
36477.59212777155
36456.4815990488
36438.41625045296
36438.41625045296
36438.41625045296
36427.86864869416
36424.49011045669
36424.49011045669
36424.49011045669
36414.25138436318
36409.76329989891
36373.11792657248
36326.694777844605
36326.694777844605
36326.694777844605
36323.637243900426
36305.45390319171
36305.45390319171
36287.05159019392
36287.05159019392
36246.296139732454
36230.44054972371
36222.467813393014
36222.467813393014
36201.38154934917
36201.38154934917
36194.808735866245
36189.286636468416
36165.89954079515
36165.89954079515
36165.89954079515
36157.28396622609
36157.28396622609
36118.72419862635
36118.72419862635
36116.99880296408
36116.99880296408
36107.32471523813
36092.84771950821
36092.84771950821
36071.36111700645
36071.36111700645
36061.140971040775
36046.53659399981
36046.53659399981
36042.79329066001
36042.79329066001
36042.79329066001
36042.79329066001
36042.79329066001
36042.79329066001
36013.46744414623
36011.77458642972
36001.669121934305
35975.89268822432
35963.742528055
35963.742528055
35963.742528055
35963.742528055
35963.742528055
35931.16011340696
35918.93451762263
35888.13334502858
35888.13334502858
35888.13334502858
35888.13334502858
35887.74894719382
35887.74894719382
35887.74894719382
35871.94233514897
35871.94233514897
35871.94233514897
35861.85274599101
35861.85274599101
35861.85274599101
35861.85274599101
35850.86819776799
35850.72579268877
35832.83488992347
35832.83488992347
35832.83488992347
35814.9762307513
35804.733512723295
35804.733512723295
35747.738413781524
35745.01714690511
35744.16890234339
35737.591998319665
35737.591998319665
35737.591998319665
35722.3184035944
35704.8588451405
35704.8588451405
35704.8588451405
35667.75973683309
35667.75973683309
35646.19956250901
35646.19956250901
35646.19956250901
35646.19956250901
35646.19956250901
35646.19956250901
35646.19956250901
35646.19956250901
35646.19956250901
35617.71574788956
35615.842139430344
35615.842139430344
35615.842139430344
35608.51456913653
35608.51456913653
35552.07709200099
35552.07709200099
35547.20500971408
35525.172203652866
35525.172203652866
35506.909452714244
35466.25307241883
35466.25307241883
35466.25307241883
35466.25307241883
35466.25307241883
35466.25307241883
35466.25307241883
35440.29276929913
35436.291677920664
35412.29651509069
35412.29651509069
35412.29651509069
35412.29651509069
35412.29651509069
35408.03018062253
35382.134845798384
35372.345964401895
35372.345964401895
35372.345964401895
35372.345964401895
35362.00996342787
35347.08476444579
35324.27835901509
35324.27835901509
35324.27835901509
35324.27835901509
35324.27835901509
35303.63707372652
35303.63707372652
35303.63707372652
35303.63707372652
35289.307503866126
35289.307503866126
35289.307503866126
35289.307503866126
35277.4717803276
35263.30538820177
35258.46916130602
35227.98883157135
35224.21076895777
35201.6677176049
35201.6677176049
35196.728321665374
35190.537691617195
35157.29924470943
35157.29924470943
35137.69311541101
35137.69311541101
35137.69311541101
35110.02290092516
35110.02290092516
35109.093254018015
35109.093254018015
35107.650775913404
35107.650775913404
35107.650775913404
35107.650775913404
35063.43074385168
35063.43074385168
35059.031077240565
35041.19457299894
35041.19457299894
35040.01155150228
35002.039855681505
34999.13090251434
34989.379641365784
34989.379641365784
34989.379641365784
34989.379641365784
34989.379641365784
34989.379641365784
34989.31971688057
34987.61688867851
34965.972767184125
34965.972767184125
34953.07311884451
34953.07311884451
34953.07311884451
34942.11265439312
34934.58967602555
34933.53409141392
34905.29057023666
34891.94126061461
34891.94126061461
34861.59716411996
34858.55478125118
34831.39251746785
34829.907454529595
34810.42339297948
34810.42339297948
34810.42339297948
34785.35526868781
34770.11795781541
34770.11795781541
34770.11795781541
34762.62604307315
34745.52377694102
34725.61931007066
34725.61931007066
34699.43838291912
34692.92522437098
34692.68981075478
34676.760246824306
34648.561910102006
34648.561910102006
34648.561910102006
34635.15501641102
34630.6313762268
34624.91781744402
34610.36955245148
34600.13938904549
34593.3952658817
34593.3952658817
34593.3952658817
34551.26214449834
34551.26214449834
34551.26214449834
34544.7953166259
34514.97659453671
34474.26609359798
34447.25070129886
34445.98305904078
34445.98305904078
34445.98305904078
34441.7706816327
34420.19782396461
34414.92223566792
34413.36147159968
34413.36147159968
34413.36147159968
34374.07942895078
34374.07942895078
34364.37507752621
34364.37507752621
34357.451310870354
34334.80896982804
34334.80896982804
34327.84258027688
34320.14262214766
34320.14262214766
34295.928851958415
34295.928851958415
34295.928851958415
34294.39798403009
34285.05430751833
34285.05430751833
34285.05430751833
34272.470038621505
34272.470038621505
34248.602754481806
34248.602754481806
34237.68026722573
34237.68026722573
34237.68026722573
34237.68026722573
34236.71777575746
34215.902066067116
34215.902066067116
34215.902066067116
34201.67717619052
34201.67717619052
34201.67717619052
34201.67717619052
34201.67717619052
34201.67717619052
34200.926541803165
34188.6433659959
34188.6433659959
34184.26469937879
34184.26469937879
34177.34028641864
34177.34028641864
34175.55232913418
34175.55232913418
34175.55232913418
34175.55232913418
34175.55232913418
34166.51820325888
34166.51820325888
34166.51820325888
34166.51820325888
34166.51820325888
34160.97127438608
34160.97127438608
34141.48673572231
34141.48673572231
34093.529755578005
34093.529755578005
34073.824545948446
34073.46665346906
34068.91164196707
34068.91164196707
34068.91164196707
34068.91164196707
34042.47080437445
34041.90383042644
34023.920157853616
34023.920157853616
34022.54755480705
34021.96792753538
34021.96792753538
34004.71016338728
34003.76390419737
34003.76390419737
34003.76390419737
34003.76390419737
33986.60799922467
33973.12971802519
33963.49399256857
33961.21862908503
33954.8821919385
33954.8821919385
33940.91206899516
33940.61236018652
33940.61236018652
33909.623045656976
33909.623045656976
33897.7515277132
33887.362938676335
33874.11511695307
33860.39777239646
33838.238444569804
33838.238444569804
33838.238444569804
33838.238444569804
33838.238444569804
33818.50364455166
33818.50364455166
33812.51883401111
33812.51883401111
33812.51883401111
33795.965711945784
33794.76016402403
33775.305523658884
33775.305523658884
33775.305523658884
33775.305523658884
33775.305523658884
33755.508304515955
33747.795139338814
33747.795139338814
33747.795139338814
33747.795139338814
33747.795139338814
33735.14650504797
33735.14650504797
33732.0396735979
33732.0396735979
33723.5132658304
33721.691518083164
33717.47843290136
33717.47843290136
33717.47843290136
33717.47843290136
33717.15344463163
33717.15344463163
33717.15344463163
33701.56198955414
33701.56198955414
33701.56198955414
33694.67675940211
33690.273181571305
33690.273181571305
33690.211308419865
33689.446953253224
33642.04508340897
33617.488812022406
33617.488812022406
33617.488812022406
33610.61694823629
33610.61694823629
33610.61694823629
33606.45657177434
33606.45657177434
33606.45657177434
33606.45657177434
33586.80271761399
33569.272976795895
33559.8962547787
33549.4693225245
33549.4693225245
33549.4693225245
33512.82401431855
33506.12572239383
33506.12572239383
33506.12572239383
33506.12572239383
33477.982428459145
33453.535993218386
33426.56171812098
33410.25664851328
33381.7955569411
33381.7955569411
33381.7955569411
33381.7955569411
33381.7955569411
33381.7955569411
33365.8257653077
33365.8257653077
33365.8257653077
33365.8257653077
33365.8257653077
33365.8257653077
33346.506113409334
33325.10409900537
33309.36565673421
33309.36565673421
33309.36565673421
33295.25151499569
33282.53049473818
33281.808035548835
33281.808035548835
33251.09008586342
33251.09008586342
33251.09008586342
33227.6962518834
33227.6962518834
33227.6962518834
33222.68427654627
33221.14257169304
33221.14257169304
33212.79330621763
33199.54335051909
33199.54335051909
33199.54335051909
33187.0680527978
33148.90259094794
33131.52790825972
33118.11266593257
33118.11266593257
33118.11266593257
33106.69476557899
33106.69476557899
33106.69476557899
33106.69476557899
33106.69476557899
33089.38721477786
33059.97177970533
33059.97177970533
33037.65193942697
33037.65193942697
33020.71929620511
33020.71929620511
33020.71929620511
32997.59351173685
32982.10849731025
32958.931081825256
32958.931081825256
32958.931081825256
32958.931081825256
32958.931081825256
32951.7855248922
32951.7855248922
32951.7855248922
32941.97585520656
32925.55494460071
32904.44913992622
32903.40343803796
32899.756798894
32887.383020167705
32887.383020167705
32887.383020167705
32887.383020167705
32881.1281336501
32881.1281336501
32881.1281336501
32873.918995920496
32866.27782132574
32866.27782132574
32853.764818301555
32837.95707265723
32837.95707265723
32795.083946925406
32795.083946925406
32795.083946925406
32795.083946925406
32795.083946925406
32763.688675900652
32734.274841616883
32726.344683761152
32726.344683761152
32690.014322475086
32690.014322475086
32685.386259404346
32677.914161937675
32677.914161937675
32660.042148437125
32640.31606286193
32640.00039747678
32640.00039747678
32640.00039747678
32640.00039747678
32640.00039747678
32638.16064417662
32625.03022402301
32625.03022402301
32625.03022402301
32625.03022402301
32603.844211937172
32577.965350663326
32577.965350663326
32574.933395934982
32574.933395934982
32555.46345217181
32555.46345217181
32555.46345217181
32540.7052597315
32540.7052597315
32540.7052597315
32540.091193257456
32540.091193257456
32528.16901972035
32528.16901972035
32528.16901972035
32528.16901972035
32528.16901972035
32528.16901972035
32528.16901972035
32526.675589879487
32526.675589879487
32494.416226080702
32494.416226080702
32491.703993818854
32464.347890283556
32451.579132879386
32451.579132879386
32451.579132879386
32444.737385162523
32426.40004411961
32417.905231492005
32417.905231492005
32392.79942438267
32392.79942438267
32377.916378760776
32377.916378760776
32377.916378760776
32341.6771463168
32314.209498382166
32314.209498382166
32314.209498382166
32314.209498382166
32314.209498382166
32293.84010234214
32293.84010234214
32293.84010234214
32293.84010234214
32285.68524939687
32285.68524939687
32274.150630187134
32274.150630187134
32274.150630187134
32274.150630187134
32268.63822074239
32268.63822074239
32268.63822074239
32268.63822074239
32268.63822074239
32268.63822074239
32265.821003329347
32260.729867153826
32260.729867153826
32260.624143973553
32260.624143973553
32260.624143973553
32260.624143973553
32242.20649618887
32242.20649618887
32231.01639020181
32231.01639020181
32231.01639020181
32231.01639020181
32221.263195927273
32189.54331765182
32189.54331765182
32179.907348612574
32166.56301305818
32166.56301305818
32138.633341071014
32130.59819503926
32097.598727398923
32088.186365636757
32057.23985420129
32052.220726434036
32032.973903957663
32032.973903957663
32017.617052686008
32002.74364190396
32000.797451249815
31989.147221839477
31989.147221839477
31989.147221839477
31979.94452161068
31978.761368499527
31975.996487203305
31964.29329479985
31964.29329479985
31964.29329479985
31934.29127100451
31914.83283163621
31914.83283163621
31906.961273651163
31906.961273651163
31897.727139450526
31870.652684852077
31864.553797514578
31864.553797514578
31864.553797514578
31862.897010972476
31862.897010972476
31851.963938288427
31851.963938288427
31850.14033496078
31850.14033496078
31850.14033496078
31847.490285981417
31847.490285981417
31844.855866330807
31827.21256945739
31827.21256945739
31827.21256945739
31827.21256945739
31824.00181970882
31824.00181970882
31824.00181970882
31822.748413910533
31822.748413910533
31822.52504202769
31791.492625709318
31791.492625709318
31791.492625709318
31791.492625709318
31791.492625709318
31781.456547044112
31781.456547044112
31781.456547044112
31781.456547044112
31781.456547044112
31764.710008109818
31764.710008109818
31764.710008109818
31757.953147702254
31757.953147702254
31746.19302238214
31746.19302238214
31735.357250757846
31733.492648372347
31723.680371238872
31712.280112088134
31700.859913766923
31700.859913766923
31673.0788066264
31661.85247130263
31661.85247130263
31661.85247130263
31650.107366120486
31599.60666537489
31599.60666537489
31579.38253633707
31563.53094021177
31563.53094021177
31548.43800469866
31548.43800469866
31548.43800469866
31539.38933236941
31539.38933236941
31515.478630728296
31515.37189280361
31515.37189280361
31515.37189280361
31515.37189280361
31515.37189280361
31515.37189280361
31507.243505065802
31443.62710208276
31431.28866871013
31402.73511957169
31394.107226953267
31394.107226953267
31385.41526407658
31364.038412249643
31358.20006496636
31358.20006496636
31358.20006496636
31358.20006496636
31356.373542982757
31356.373542982757
31356.373542982757
31339.14963545381
31333.494834044628
31333.494834044628
31333.494834044628
31333.494834044628
31333.494834044628
31296.716262531125
31296.716262531125
31274.87537471195
31258.530481151643
31258.530481151643
31252.674886753553
31243.244836866666
31243.244836866666
31222.613364672066
31222.613364672066
31222.613364672066
31222.613364672066
31222.613364672066
31212.1272214935
31200.132493114867
31200.132493114867
31167.610519341502
31159.629411778566
31159.629411778566
31153.49921521733
31144.600509610078
31127.901970579383
31108.994296594843
31107.69616504084
31105.40987173452
31102.64135765635
31095.542825324603
31063.895282917078
31063.895282917078
31061.634721520226
31061.634721520226
31045.802524840794
31045.776277910205
31015.8909782537
31015.8909782537
30987.391701334942
30963.606281191864
30959.842918036516
30938.50676860162
30931.91889854726
30924.449205321653
30924.449205321653
30924.449205321653
30923.876124283488
30923.876124283488
30907.498175384317
30899.24969783064
30899.24969783064
30891.97806864284
30891.97806864284
30891.97806864284
30890.00353015005
30857.300404561433
30857.300404561433
30854.95103552876
30854.95103552876
30845.0902228822
30843.372493596893
30843.372493596893
30843.372493596893
30843.372493596893
30843.372493596893
30819.314897731252
30792.871643683422
30792.871643683422
30762.16923296701
30762.16923296701
30749.889272200053
30749.889272200053
30720.006333951475
30720.006333951475
30720.006333951475
30720.006333951475
30718.07978935336
30718.07978935336
30718.07978935336
30715.183016889416
30715.183016889416
30715.183016889416
30706.259117268113
30700.874956319298
30700.874956319298
30674.207625203162
30668.61423510504
30668.61423510504
30668.61423510504
30668.61423510504
30668.61423510504
30668.61423510504
30663.349359731947
30663.349359731947
30663.349359731947
30654.969395123815
30643.583167000274
30621.10554726179
30621.10554726179
30598.181958570432
30575.14879690114
30574.407115030837
30574.407115030837
30574.407115030837
30550.745421463973
30550.745421463973
30550.745421463973
30539.132015670228
30539.132015670228
30537.661924871576
30520.711576008962
30520.711576008962
30520.711576008962
30509.188647557894
30492.611717193253
30471.749681763817
30471.749681763817
30471.749681763817
30471.749681763817
30471.749681763817
30468.405893032665
30462.23331542487
30438.716413507904
30438.716413507904
30438.716413507904
30438.716413507904
30431.106833012036
30431.106833012036
30406.364299979883
30378.984713813472
30365.153843656797
30323.14838406123
30323.14838406123
30323.14838406123
30323.14838406123
30323.14838406123
30320.843987343058
30320.843987343058
30284.678891103085
30284.678891103085
30278.99903456716
30249.543170842673
30249.543170842673
30249.543170842673
30249.543170842673
30249.543170842673
30249.543170842673
30249.543170842673
30236.304613454504
30236.304613454504
30217.26243262976
30211.00806754673
30183.86017480994
30183.86017480994
30177.86620158995
30159.028902317492
30159.028902317492
30159.028902317492
30159.028902317492
30146.602827709223
30133.912631420248
30106.59373341147
30086.62280850199
30086.62280850199
30084.79616334987
30084.79616334987
30069.188169221292
30045.39558251915
30045.39558251915
30035.93837278756
30035.93837278756
30018.884928786276
30015.707381379485
30015.707381379485
30013.782086708583
30013.510875650176
30013.510875650176
30002.208236143688
30002.208236143688
30002.208236143688
30002.208236143688
29996.30426308134
29996.30426308134
29996.30426308134
29996.30426308134
29983.280649359484
29983.280649359484
29983.280649359484
29973.314159890047
29946.022229254966
29928.25526101376
29928.25526101376
29928.25526101376
29914.429582970002
29914.429582970002
29899.246130309275
29899.246130309275
29882.489892012472
29882.489892012472
29882.489892012472
29867.414583748592
29867.414583748592
29844.174980175918
29844.174980175918
29844.174980175918
29840.68227408756
29840.68227408756
29840.68227408756
29797.76295833023
29762.403672521108
29762.403672521108
29760.607231362974
29760.607231362974
29760.607231362974
29745.720478923038
29738.188846977948
29714.410600327927
29653.82201566969
29653.82201566969
29653.82201566969
29653.067073557962
29636.231664605202
29630.419486966395
29630.419486966395
29609.863184271235
29602.870772846763
29589.55497372744
29557.086876406076
29557.086876406076
29552.154501571375
29546.29057928614
29546.29057928614
29546.29057928614
29546.29057928614
29539.260097006852
29530.33411719005
29530.33411719005
29530.33411719005
29530.33411719005
29513.972354555954
29513.972354555954
29513.972354555954
29513.972354555954
29513.972354555954
29498.30282717778
29493.01114215547
29487.460320303944
29477.134200070886
29471.954274049443
29444.780671101566
29444.780671101566
29442.031533866728
29442.031533866728
29426.050805244235
29426.050805244235
29407.66118273493
29407.66118273493
29405.19075697862
29390.973906745923
29390.973906745923
29390.973906745923
29384.595264532887
29384.595264532887
29384.595264532887
29384.595264532887
29384.595264532887
29384.387994283883
29379.17372652974
29371.297067962005
29357.946266256513
29355.654283009615
29355.654283009615
29355.654283009615
29355.654283009615
29355.654283009615
29355.654283009615
29355.654283009615
29355.654283009615
29355.654283009615
29355.654283009615
29341.598867025714
29341.598867025714
29339.60758977772
29339.60758977772
29337.16038245395
29337.16038245395
29333.647676592656
29333.647676592656
29307.366249494724
29303.926966483203
29303.926966483203
29303.926966483203
29298.51097251796
29298.51097251796
29298.51097251796
29292.691656803436
29271.4866176274
29271.4866176274
29264.993861362505
29264.993861362505
29246.071844235918
29233.159268615855
29221.206920336
29221.206920336
29198.406256417362
29194.790338577855
29169.692034346845
29169.692034346845
29169.692034346845
29153.627634075066
29153.627634075066
29142.68760175414
29110.578155637344
29110.578155637344
29108.084487884295
29101.76656368236
29090.06041689446
29090.06041689446
29090.06041689446
29090.06041689446
29076.455704752534
29076.455704752534
29072.433113136634
29072.433113136634
29064.913255287545
29064.913255287545
29064.913255287545
29064.913255287545
29046.126193155014
29046.126193155014
29041.922417787366
29036.486149515425
29036.486149515425
29012.307600224187
29012.307600224187
28991.677741947195
28991.677741947195
28991.677741947195
28991.677741947195
28980.71229035349
28976.710528482843
28960.898387321173
28949.796995379304
28947.60316741217
28935.12291286987
28935.12291286987
28899.040876013176
28899.040876013176
28888.108219872163
28888.108219872163
28888.108219872163
28888.108219872163
28875.545229143234
28875.545229143234
28875.545229143234
28875.545229143234
28875.545229143234
28875.545229143234
28875.545229143234
28875.545229143234
28853.132390758772
28853.132390758772
28853.132390758772
28853.132390758772
28853.132390758772
28853.132390758772
28853.132390758772
28803.927025484223
28803.927025484223
28784.729740130853
28784.729740130853
28773.160325236393
28773.160325236393
28773.160325236393
28773.160325236393
28773.160325236393
28757.30950537129
28729.503907668408
28716.78688752614
28692.31777945705
28684.58405477682
28684.58405477682
28654.954595732106
28654.954595732106
28645.428339803948
28645.428339803948
28633.884287156776
28628.342261126145
28628.342261126145
28610.51317914667
28590.630100986004
28590.630100986004
28590.630100986004
28590.630100986004
28572.46063552356
28553.097202056182
28552.97504146359
28545.73522757122
28530.15058598925
28530.15058598925
28507.57453569283
28507.57453569283
28507.57453569283
28507.57453569283
28507.57453569283
28507.57453569283
28486.834281305644
28486.834281305644
28486.834281305644
28486.834281305644
28486.834281305644
28486.834281305644
28486.834281305644
28460.754233918615
28460.754233918615
28452.663895231177
28452.663895231177
28452.663895231177
28445.42893886345
28445.42893886345
28445.42893886345
28445.42893886345
28444.74980622293
28442.03179099381
28408.474073674064
28408.474073674064
28408.474073674064
28403.053057722944
28400.243531463242
28400.243531463242
28388.141387826952
28388.141387826952
28388.141387826952
28388.141387826952
28388.141387826952
28364.615196633727
28351.75188922772
28351.75188922772
28351.75188922772
28320.275659341634
28304.049211459846
28300.87319788698
28300.87319788698
28300.87319788698
28300.87319788698
28300.87319788698
28266.550421921973
28257.073776298617
28255.153802962377
28248.531728552036
28248.531728552036
28248.531728552036
28244.037158376963
28244.037158376963
28233.887820159987
28216.014693071447
28216.014693071447
28216.014693071447
28216.014693071447
28201.673925723535
28201.673925723535
28179.614076759008
28179.614076759008
28179.614076759008
28160.986337231498
28156.901269346454
28154.99142761985
28154.99142761985
28154.99142761985
28146.60587804128
28130.258320250563
28094.913407220713
28074.76814521783
28074.76814521783
28074.76814521783
28066.51579175147
28066.183355113837
28066.183355113837
28063.537429717697
28050.231980005687
28019.200864293867
28019.200864293867
27995.29137613785
27995.29137613785
27995.29137613785
27981.631314146547
27981.631314146547
27981.631314146547
27981.631314146547
27981.631314146547
27956.185756134677
27938.566410595296
27938.566410595296
27938.566410595296
27937.323779937215
27937.323779937215
27937.323779937215
27937.323779937215
27937.323779937215
27928.259906696243
27928.259906696243
27921.805286918214
27901.268354061016
27901.268354061016
27901.268354061016
27901.268354061016
27892.118771345205
27892.118771345205
27892.118771345205
27892.118771345205
27892.118771345205
27875.941335618983
27875.941335618983
27874.85733747855
27874.85733747855
27864.7463303535
27855.643001200835
27841.53258034278
27830.975015196
27830.975015196
27809.73114437317
27768.389490464924
27757.756750971188
27747.585990001146
27722.380262091625
27722.380262091625
27711.041523413467
27692.273215363748
27692.273215363748
27692.273215363748
27688.393546087183
27676.464266454932
27663.55000142919
27663.15856098522
27663.15856098522
27663.15856098522
27663.15856098522
27652.525750457484
27652.525750457484
27652.525750457484
27646.94730193126
27646.94730193126
27646.94730193126
27646.94730193126
27640.77029208203
27640.77029208203
27640.77029208203
27640.77029208203
27640.77029208203
27640.77029208203
27637.036656555934
27622.428594176297
27589.8037765165
27589.8037765165
27584.573611538013
27577.400738156855
27577.400738156855
27575.90341506793
27575.90341506793
27575.90341506793
27539.133360479605
27539.133360479605
27532.546684511577
27518.046683046556
27518.046683046556
27518.046683046556
27509.848507322782
27509.848507322782
27502.648197167127
27502.648197167127
27502.648197167127
27476.966042799944
27451.158775584496
27448.983679874807
27448.983679874807
27434.12624956534
27421.645758410832
27421.645758410832
27420.083655944727
27397.29897776143
27393.79658659016
27393.79658659016
27376.227484792318
27376.227484792318
27354.40955424698
27327.82112461759
27327.82112461759
27327.82112461759
27315.856303932334
27313.240117441273
27307.099965909678
27307.099965909678
27285.75124207425
27264.1700501694
27264.1700501694
27255.90062356377
27255.90062356377
27255.90062356377
27242.63101824301
27242.63101824301
27235.343573198214
27221.82589065873
27215.29185166539
27204.74516735925
27204.74516735925
27203.54197329741
27197.64023989517
27194.007250635674
27194.007250635674
27164.95333169846
27150.52391435883
27150.52391435883
27150.52391435883
27150.52391435883
27148.164663686744
27148.164663686744
27148.164663686744
27148.164663686744
27148.164663686744
27148.164663686744
27148.164663686744
27148.164663686744
27148.164663686744
27148.164663686744
27148.164663686744
27132.02790057679
27111.444506023603
27111.444506023603
27106.989353313533
27086.862770610554
27064.448515754444
27054.771634161443
27025.092449495725
27012.983749196414
27012.983749196414
26997.129971462058
26997.129971462058
26993.622503948303
26993.622503948303
26979.450807525278
26979.450807525278
26979.450807525278
26979.450807525278
26968.117953820834
26968.117953820834
26968.117953820834
26967.591122588507
26967.591122588507
26965.844903070632
26965.844903070632
26965.844903070632
26964.091246412776
26964.091246412776
26947.77008277087
26944.55123029208
26941.992860817976
26941.992860817976
26941.992860817976
26936.500874706486
26924.88562126316
26924.88562126316
26924.88562126316
26891.810001158734
26880.13529859179
26880.13529859179
26880.13529859179
26860.986763861143
26860.139856876383
26860.139856876383
26860.139856876383
26854.773359331353
26854.773359331353
26843.65469616725
26843.65469616725
26843.65469616725
26843.65469616725
26843.65469616725
26820.924188483554
26820.924188483554
26809.580431850238
26808.189249063245
26804.094165338516
26804.094165338516
26803.023396067743
26780.915761617824
26780.915761617824
26754.265009060433
26754.265009060433
26754.265009060433
26754.265009060433
26739.606386982327
26739.606386982327
26739.606386982327
26739.606386982327
26699.99387192673
26699.99387192673
26699.99387192673
26688.971676262405
26688.971676262405
26687.688174273124
26687.688174273124
26670.86318158032
26670.86318158032
26670.86318158032
26670.86318158032
26667.875500949347
26646.27179714892
26646.27179714892
26643.026528531318
26610.08229365282
26610.08229365282
26610.08229365282
26591.870720705585
26591.870720705585
26591.870720705585
26588.22488756391
26581.919311264202
26581.919311264202
26581.919311264202
26571.208868178197
26563.544121216786
26563.544121216786
26563.544121216786
26563.544121216786
26559.370909577163
26559.370909577163
26556.32561572174
26544.36108465125
26544.36108465125
26544.36108465125
26544.36108465125
26501.965435422673
26485.352411295517
26485.352411295517
26485.352411295517
26485.352411295517
26485.352411295517
26458.156033864667
26446.853145325815
26437.30109288111
26437.30109288111
26433.44848926923
26433.44848926923
26404.019935793367
26400.31489580374
26380.484317399227
26371.52197053858
26371.52197053858
26371.52197053858
26352.498726989706
26352.498726989706
26352.498726989706
26317.974107204318
26317.974107204318
26316.453738027736
26316.453738027736
26307.25851293926
26298.541777718165
26289.034313992088
26274.799369235297
26260.819738647155
26260.819738647155
26245.32108998343
26245.32108998343
26226.108838353244
26222.921668407776
26218.842419523888
26205.036524218693
26205.036524218693
26205.036524218693
26199.701467928113
26193.929645117638
26190.470021737987
26174.87314113848
26144.47943943197
26127.882792705408
26127.882792705408
26127.882792705408
26116.30309822046
26093.752300008273
26070.128293945723
26055.072010087053
26055.072010087053
26048.00906281166
26044.056822606006
26025.193776098884
26022.48244437176
26022.48244437176
26022.028228230352
26022.028228230352
26022.028228230352
26018.08575701726
25996.033396510113
25972.588811998005
25949.017973980437
25949.017973980437
25949.017973980437
25946.218434212955
25946.218434212955
25946.218434212955
25939.18978888328
25939.18978888328
25907.30696998583
25907.30696998583
25907.30696998583
25907.30696998583
25891.14785896176
25877.25051852964
25877.25051852964
25871.496165640514
25871.496165640514
25871.496165640514
25862.291720462308
25862.291720462308
25862.291720462308
25862.291720462308
25862.291720462308
25835.074497002053
25835.074497002053
25827.34740354977
25827.34740354977
25827.34740354977
25827.34740354977
25827.34740354977
25827.34740354977
25827.34740354977
25827.34740354977
25827.148395812783
25827.148395812783
25827.148395812783
25827.148395812783
25827.148395812783
25824.174737512563
25824.174737512563
25804.57055862859
25804.57055862859
25804.57055862859
25762.006915350474
25762.006915350474
25762.006915350474
25762.006915350474
25756.000445580485
25756.000445580485
25728.32489741632
25718.129711325357
25718.129711325357
25710.110895043075
25710.110895043075
25698.868323640578
25698.868323640578
25676.54442306186
25676.3045605841
25676.3045605841
25670.411162861576
25661.963309070794
25661.963309070794
25654.869323381525
25654.869323381525
25638.17311200153
25628.374759215425
25603.6367098222
25577.242961652435
25561.665839919417
25530.772320959823
25530.772320959823
25530.772320959823
25530.772320959823
25530.772320959823
25530.772320959823
25530.772320959823
25530.772320959823
25522.254292121434
25522.254292121434
25515.28973302013
25515.28973302013
25501.627185839658
25490.065916329622
25490.065916329622
25490.065916329622
25481.026970628584
25481.026970628584
25481.026970628584
25481.026970628584
25473.957046586314
25463.492291721348
25463.492291721348
25463.492291721348
25435.98048003178
25435.98048003178
25435.98048003178
25435.98048003178
25435.98048003178
25435.98048003178
25402.865487125964
25402.865487125964
25402.865487125964
25402.865487125964
25392.093860301327
25378.709736365006
25362.98056335438
25362.98056335438
25362.98056335438
25362.98056335438
25362.98056335438
25341.56374771644
25334.677174388904
25334.677174388904
25334.677174388904
25319.558792584954
25319.558792584954
25314.710097222778
25314.710097222778
25308.588439033185
25286.617758391018
25286.617758391018
25277.70330187586
25277.70330187586
25277.70330187586
25269.607153073986
25269.607153073986
25265.12382033312
25262.7095918626
25262.7095918626
25262.7095918626
25251.688084875343
25235.628554772913
25230.41369418591
25223.983031020147
25215.246464459786
25215.246464459786
25215.246464459786
25215.246464459786
25215.246464459786
25196.80376224086
25187.637927172393
25180.46848016566
25180.337262513676
25180.337262513676
25169.00857636569
25157.516150120326
25152.31439797126
25152.31439797126
25142.726188819295
25142.726188819295
25142.726188819295
25142.726188819295
25142.726188819295
25142.726188819295
25142.726188819295
25131.41555282382
25131.41555282382
25131.41555282382
25128.346336628467
25128.346336628467
25126.442710569572
25119.700369052443
25119.700369052443
25119.700369052443
25109.251200948158
25109.251200948158
25109.251200948158
25085.78816702865
25085.78816702865
25085.78816702865
25083.801227459386
25065.92493253028
25065.92493253028
25063.84377029119
25063.84377029119
25032.885203360056
25002.58982754073
24989.217081160547
24969.985533820258
24969.044057070245
24949.527236471135
24949.527236471135
24942.599654970098
24924.55557415253
24915.312034828166
24900.195343999665
24882.843992942737
24882.843992942737
24869.746872582604
24855.108998143634
24850.175303263866
24837.92570985022
24837.92570985022
24837.92570985022
24810.397504019526
24795.152984162276
24789.92899857871
24789.92899857871
24785.128902572098
24785.128902572098
24773.46757942663
24765.23596995905
24747.09198379003
24747.09198379003
24722.121183830415
24716.92104499
24693.567215340943
24693.567215340943
24687.41983520708
24678.063051515175
24678.063051515175
24670.190903164217
24646.98869776494
24646.98869776494
24646.98869776494
24627.167480531472
24604.77083530786
24594.30958508849
24589.718821751303
24589.718821751303
24589.718821751303
24566.696901202813
24566.696901202813
24558.056536677308
24558.056536677308
24545.438704084267
24523.839905211986
24505.058165394556
24503.94769017788
24486.915843359915
24475.462452311738
24469.677089620254
24456.11432209828
24454.17339255418
24410.9310240031
24410.9310240031
24410.9310240031
24410.9310240031
24410.9310240031
24410.9310240031
24404.961006024114
24389.754537210913
24385.84747201137
24385.84747201137
24385.84747201137
24385.84747201137
24371.7589782447
24371.7589782447
24366.95972995172
24366.95972995172
24364.95149605107
24354.67024921148
24332.700784694647
24326.60918980636
24294.222208228042
24294.222208228042
24294.222208228042
24294.222208228042
24294.222208228042
24294.222208228042
24294.222208228042
24273.01638595439
24258.743269198545
24258.743269198545
24241.320136706912
24227.74257881347
24227.74257881347
24227.74257881347
24213.709700738993
24210.137752025024
24206.476146943005
24159.885414267595
24159.885414267595
24145.468191449738
24145.468191449738
24145.468191449738
24104.278756885647
24087.922197845972
24083.55826436967
24083.55826436967
24054.56335289534
24054.56335289534
24050.797178169356
24032.846587425294
24032.846587425294
23989.67008235888
23983.83351177299
23983.83351177299
23957.843377274607
23947.616070870747
23947.616070870747
23947.616070870747
23947.616070870747
23947.616070870747
23923.526963633387
23923.526963633387
23923.526963633387
23920.42842217447
23901.008187511736
23893.454342444336
23881.37092665842
23867.254731018897
23858.148294503884
23858.148294503884
23858.148294503884
23858.148294503884
23858.148294503884
23858.148294503884
23847.851195798037
23841.14460965838
23826.85557133978
23822.934434060197
23804.090020151387
23804.090020151387
23797.687187519863
23797.687187519863
23748.7473134882
23748.7473134882
23745.729116253293
23745.729116253293
23742.912157857703
23742.912157857703
23742.476360958528
23742.476360958528
23742.476360958528
23742.476360958528
23716.76949996956
23716.76949996956
23716.452291825815
23716.452291825815
23716.452291825815
23712.23929602073
23712.23929602073
23712.23929602073
23712.23929602073
23681.298226063194
23671.783215700365
23671.783215700365
23657.35867262404
23644.878825273394
23635.7192933096
23635.7192933096
23635.7192933096
23635.48469518623
23635.48469518623
23619.707447568857
23619.707447568857
23619.707447568857
23597.077164494083
23576.490783094014
23576.490783094014
23569.725793751728
23569.725793751728
23569.725793751728
23542.553788039884
23542.553788039884
23537.74427735741
23537.74427735741
23537.74427735741
23526.960957516625
23517.059519233582
23511.712134168007
23508.226927560994
23485.809044442234
23485.809044442234
23476.18069153532
23476.18069153532
23464.8764471124
23464.8764471124
23445.25243232171
23445.25243232171
23445.25243232171
23443.534737565366
23437.00203758039
23431.35862931163
23421.784954982704
23412.74300924917
23391.497471397903
23382.701858881817
23382.639805617036
23382.639805617036
23364.10363493554
23339.785441367603
23336.85448051749
23336.85448051749
23336.85448051749
23307.065835721554
23307.065835721554
23307.065835721554
23307.065835721554
23297.726987446425
23271.454161755482
23271.454161755482
23271.454161755482
23271.454161755482
23254.01575169207
23248.49869618952
23223.288265936437
23212.650491608056
23212.650491608056
23212.650491608056
23212.650491608056
23212.650491608056
23212.650491608056
23212.650491608056
23201.23510590908
23201.23510590908
23201.23510590908
23178.683528670226
23178.683528670226
23175.100045386414
23171.45972128046
23171.45972128046
23151.404702985907
23151.404702985907
23150.34910409392
23119.84929025327
23119.84929025327
23105.960063389128
23080.48520700069
23080.48520700069
23080.48520700069
23080.48520700069
23080.48520700069
23078.85106223049
23059.980645587795
23059.980645587795
23059.980645587795
23059.980645587795
23046.09922916845
23003.282281831798
23000.645954306336
22994.468368127476
22994.468368127476
22980.114728940272
22970.730876100628
22970.730876100628
22970.730876100628
22958.282704893252
22952.48087900597
22947.016173286243
22947.016173286243
22947.016173286243
22947.016173286243
22939.772499787516
22936.342556987584
22929.45837721057
22929.45837721057
22929.45837721057
22929.45837721057
22916.88973372594
22912.289264758354
22901.773731361725
22901.773731361725
22901.773731361725
22892.575404687628
22892.575404687628
22884.751130989338
22877.22234631653
22877.22234631653
22877.22234631653
22869.134934463647
22852.488182574638
22849.568751542418
22832.301142324806
22832.301142324806
22832.301142324806
22832.301142324806
22818.21988629735
22813.173465822176
22813.173465822176
22813.173465822176
22813.173465822176
22792.389579769053
22792.389579769053
22792.389579769053
22790.78165567242
22790.78165567242
22790.78165567242
22790.78165567242
22772.829274797798
22772.829274797798
22772.829274797798
22767.076380896477
22748.116371027994
22748.116371027994
22741.035768368616
22733.251388075336
22733.251388075336
22723.292518524027
22723.292518524027
22723.292518524027
22723.292518524027
22723.292518524027
22723.292518524027
22723.292518524027
22723.292518524027
22723.292518524027
22697.960955457245
22697.960955457245
22697.516555190905
22689.95299675814
22687.44431815783
22666.374260094166
22666.374260094166
22652.106374851086
22652.106374851086
22652.106374851086
22635.268696875988
22635.268696875988
22628.62241991687
22621.3961446709
22620.6958288658
22617.51614132204
22617.51614132204
22617.51614132204
22617.51614132204
22617.014533636902
22615.302218849694
22615.302218849694
22609.088220161193
22597.130487103528
22597.130487103528
22584.23942047565
22584.23942047565
22584.23942047565
22579.41443624209
22579.41443624209
22579.41443624209
22579.41443624209
22574.648793315104
22574.648793315104
22536.44147940852
22531.9846562642
22528.435479732325
22514.517582670673
22495.431559083932
22480.6957132164
22480.6957132164
22458.576335495723
22458.576335495723
22458.576335495723
22458.576335495723
22452.022561097245
22452.022561097245
22423.48932593441
22423.352429369443
22423.08459820324
22410.88137150531
22410.88137150531
22410.88137150531
22398.512367205807
22385.62965065291
22381.563213731763
22381.563213731763
22381.563213731763
22365.668745616862
22350.918298075852
22350.918298075852
22331.970711408358
22331.970711408358
22310.459945862705
22297.516048949707
22297.516048949707
22297.516048949707
22297.516048949707
22278.37507706183
22273.711160113155
22273.711160113155
22273.711160113155
22271.08449231629
22271.08449231629
22271.08449231629
22271.08449231629
22261.10490655889
22261.10490655889
22235.53135250547
22233.17307368111
22233.17307368111
22233.17307368111
22232.92462006973
22203.77370036649
22203.77370036649
22203.77370036649
22203.237526679997
22203.237526679997
22203.237526679997
22203.237526679997
22176.831532962
22176.831532962
22172.36503001796
22172.36503001796
22170.372854981833
22170.372854981833
22170.372854981833
22165.77288746622
22149.33806517836
22149.0224612536
22128.886134262713
22128.886134262713
22128.204556260276
22128.204556260276
22118.83451259275
22108.872919671194
22100.142591155738
22100.142591155738
22100.142591155738
22088.819591890457
22088.819591890457
22088.819591890457
22071.560071668686
22071.560071668686
22064.54411037855
22047.189141194845
22034.379547235825
22008.34197931951
21988.824576975298
21988.824576975298
21988.824576975298
21988.824576975298
21988.824576975298
21988.824576975298
21988.824576975298
21975.5265601635
21974.926741573243
21974.926741573243
21974.926741573243
21959.002504033073
21944.850115632307
21921.59486621819
21921.59486621819
21907.127761467153
21901.230528726664
21897.793745578016
21897.793745578016
21893.98872851083
21878.983647352085
21876.974158515925
21872.43574588573
21872.43574588573
21872.43574588573
21871.678582727585
21871.649075008456
21871.649075008456
21870.433651755353
21851.22811985318
21851.22811985318
21851.22811985318
21851.22811985318
21847.449187607544
21847.449187607544
21842.796207020358
21835.41473265026
21825.18461158008
21824.53033413447
21824.53033413447
21824.53033413447
21824.53033413447
21824.53033413447
21808.47811344154
21757.89043347907
21757.89043347907
21757.89043347907
21756.604419974916
21756.604419974916
21754.214239658315
21754.214239658315
21752.820576012844
21752.820576012844
21734.76161759151
21734.76161759151
21732.294932656845
21728.19213299558
21728.19213299558
21728.19213299558
21715.505630193067
21715.505630193067
21715.505630193067
21715.505630193067
21715.505630193067
21711.658444182074
21700.2142525925
21700.2142525925
21700.2142525925
21685.17598162541
21655.605043243446
21655.605043243446
21655.605043243446
21641.805864174028
21629.070554305898
21629.070554305898
21629.070554305898
21629.070554305898
21629.070554305898
21615.866884244813
21614.971156104566
21602.761786697713
21602.761786697713
21602.761786697713
21602.761786697713
21602.761786697713
21586.554861967445
21586.554861967445
21586.554861967445
21586.554861967445
21570.8664221577
21570.8664221577
21570.8664221577
21570.8664221577
21559.496323168773
21556.348724945976
21556.348724945976
21556.348724945976
21556.348724945976
21554.155743388168
21554.155743388168
21554.155743388168
21554.155743388168
21554.155743388168
21554.155743388168
21544.63426305291
21523.373718709106
21503.38072380045
21503.38072380045
21491.019446843773
21485.116562811232
21485.116562811232
21479.664276459953
21470.932299024116
21470.932299024116
21470.932299024116
21470.932299024116
21460.42329383332
21456.033356354183
21456.033356354183
21449.28671350188
21449.28671350188
21449.28671350188
21449.28671350188
21430.352715570156
21430.352715570156
21415.597946500486
21406.496463172265
21406.496463172265
21393.93974800075
21388.756121528524
21369.15956429293
21369.15956429293
21353.012984202556
21353.012984202556
21353.012984202556
21339.337642737075
21339.337642737075
21339.337642737075
21313.35455747165
21284.11523814538
21266.073810209848
21266.073810209848
21266.073810209848
21247.708632634505
21204.72925855326
21194.60877483597
21186.592831987666
21165.53784774307
21156.38785561407
21145.227128645132
21145.227128645132
21145.227128645132
21128.09163011952
21110.25767980084
21105.26945491178
21100.98394572157
21100.235546941083
21094.603973494875
21094.603973494875
21077.237150777637
21076.16997993547
21076.16997993547
21076.16997993547
21076.16997993547
21068.038207405116
21068.038207405116
21059.34780693662
21059.34780693662
21059.34780693662
21059.34780693662
21058.23852550725
21054.96634614973
21054.772142728205
21049.177746379984
21041.55016333735
21032.9314610326
21032.9314610326
21026.616467777538
21026.616467777538
21026.616467777538
21026.616467777538
21026.616467777538
21020.80399448068
21020.80399448068
21020.80399448068
21020.80399448068
21020.45974764659
21020.45974764659
21013.46318299585
21013.46318299585
21013.46318299585
20992.560276411867
20992.560276411867
20992.560276411867
20992.560276411867
20983.208619478868
20976.232368147634
20965.083235444472
20965.083235444472
20959.38441760348
20959.38441760348
20959.38441760348
20959.38441760348
20936.793445554384
20936.476883304178
20936.476883304178
20931.282911901464
20928.209110747226
20924.87582482175
20924.87582482175
20924.87582482175
20921.25130991155
20921.25130991155
20921.25130991155
20916.24725475704
20916.24725475704
20916.24725475704
20906.801680837678
20906.801680837678
20903.56546348671
20903.56546348671
20900.674258251413
20900.674258251413
20900.674258251413
20900.674258251413
20900.674258251413
20879.878950299728
20873.65361520408
20860.79778171199
20860.79778171199
20860.19707132577
20856.51843116355
20856.51843116355
20856.51843116355
20856.51843116355
20848.726972416483
20834.62117060347
20821.449039841256
20821.449039841256
20804.52686903838
20804.52686903838
20782.401534253135
20782.401534253135
20782.401534253135
20777.805087325156
20777.805087325156
20774.283252650624
20774.283252650624
20774.283252650624
20774.283252650624
20774.283252650624
20753.128830985486
20752.085827225448
20752.085827225448
20751.825498766142
20749.55486922996
20733.518779755275
20725.87893543886
20725.87893543886
20720.99797304252
20719.00417727322
20719.00417727322
20695.555648681726
20682.240227963626
20682.021636045338
20677.690490069865
20673.05276391919
20670.503858850127
20670.503858850127
20664.825558457087
20664.825558457087
20664.34276476095
20645.740391242125
20638.257479067932
20638.257479067932
20636.152525761074
20636.152525761074
20622.273069996856
20622.273069996856
20622.273069996856
20603.173559228682
20603.173559228682
20603.173559228682
20602.273114897256
20597.306920779094
20572.409235015686
20556.27059215478
20556.27059215478
20547.010336361258
20547.010336361258
20547.010336361258
20547.010336361258
20547.010336361258
20547.010336361258
20547.010336361258
20547.010336361258
20522.66001077426
20522.66001077426
20513.14288885018
20511.80183475036
20501.54384490104
20497.843802200794
20497.843802200794
20495.762506968862
20495.762506968862
20487.591793005526
20472.751316617236
20469.157536204097
20469.157536204097
20466.84940236315
20466.84940236315
20455.781554171186
20455.781554171186
20454.761330873313
20454.761330873313
20445.015111712673
20441.21308104485
20441.21308104485
20441.21308104485
20412.05636615125
20411.285308235914
20411.285308235914
20391.602536396804
20391.602536396804
20391.602536396804
20379.853446474604
20366.262909031604
20353.111832015293
20335.312152489503
20309.907496738393
20309.907496738393
20307.285270432993
20300.873235054976
20300.873235054976
20300.873235054976
20298.209945542538
20298.209945542538
20265.518801820795
20259.295016931123
20259.295016931123
20259.295016931123
20259.295016931123
20259.295016931123
20254.26221950916
20254.26221950916
20254.26221950916
20252.72969929592
20252.72969929592
20252.72969929592
20251.10015047022
20235.34889259177
20235.34889259177
20233.962209488855
20233.962209488855
20233.962209488855
20233.962209488855
20233.962209488855
20211.405570531875
20211.405570531875
20199.581515316415
20199.581515316415
20199.581515316415
20186.437239712814
20165.424486247397
20165.424486247397
20164.932137388983
20164.932137388983
20156.221714898555
20149.90010215284
20149.90010215284
20149.90010215284
20149.90010215284
20145.37195883502
20145.37195883502
20144.165991651156
20142.29309752373
20111.337121531047
20111.337121531047
20083.532588962567
20083.532588962567
20083.532588962567
20083.532588962567
20076.325937564205
20076.325937564205
20070.483815421958
20063.26932149509
20044.41488035331
20044.41488035331
20044.41488035331
20044.41488035331
20044.41488035331
20044.41488035331
20044.41488035331
20025.18910104776
20013.90758966871
20013.90758966871
20013.90758966871
20013.90758966871
20013.90758966871
20013.90758966871
20013.90758966871
20013.90758966871
20010.975633310038
19993.909196254284
19993.909196254284
19987.08035894824
19987.08035894824
19983.15774238748
19982.738850805064
19973.141606447654
19973.141606447654
19966.059962489635
19952.127577733918
19940.846125338583
19940.846125338583
19933.861445286566
19933.861445286566
19933.861445286566
19929.350240462612
19929.350240462612
19904.435478134306
19904.435478134306
19898.823300369662
19898.823300369662
19898.823300369662
19898.823300369662
19898.823300369662
19898.823300369662
19898.823300369662
19891.851661433444
19891.851661433444
19891.851661433444
19890.66748109796
19884.563682964847
19872.522586439303
19872.522586439303
19872.522586439303
19872.522586439303
19872.522586439303
19869.472508496347
19869.472508496347
19869.472508496347
19869.472508496347
19869.472508496347
19869.472508496347
19869.472508496347
19848.331482156762
19822.000249786997
19793.216073712276
19780.731612175925
19765.86807382565
19765.86807382565
19765.86807382565
19765.86807382565
19765.86807382565
19765.86807382565
19757.605445548455
19757.605445548455
19748.010342735357
19715.405306247405
19715.405306247405
19708.456007751673
19708.456007751673
19703.012035848227
19703.012035848227
19674.869484137107
19652.057535597527
19652.057535597527
19646.777331417186
19643.65972717469
19643.65972717469
19627.474204754275
19627.474204754275
19622.67718218138
19622.67718218138
19606.059967253168
19606.059967253168
19602.122134334015
19602.122134334015
19602.122134334015
19570.977150843726
19570.977150843726
19556.311962423366
19555.865898650165
19554.994841776803
19532.271230554827
19515.43047270238
19515.43047270238
19515.43047270238
19485.097340461572
19485.097340461572
19481.70334037469
19469.60685257209
19469.60685257209
19452.908481289
19452.908481289
19452.908481289
19452.908481289
19443.19204376716
19415.725196816216
19400.200846828975
19398.93070851621
19396.428628211997
19396.428628211997
19396.428628211997
19378.65436896812
19378.65436896812
19368.478732658496
19368.478732658496
19368.478732658496
19366.732865971164
19358.430091262493
19358.430091262493
19358.430091262493
19338.400869225792
19317.648259651192
19313.62145595799
19292.226177330136
19271.026285957356
19267.748727863796
19245.270594503534
19236.794872244813
19236.794872244813
19236.794872244813
19236.794872244813
19236.794872244813
19236.794872244813
19209.356090252426
19209.356090252426
19192.028559939932
19192.028559939932
19187.518440627162
19174.562565699325
19168.643487644018
19168.643487644018
19166.57768232404
19166.57768232404
19153.285768889757
19149.96686833565
19149.96686833565
19149.96686833565
19149.96686833565
19137.852830801003
19137.852830801003
19128.03142823508
19126.462813117465
19126.462813117465
19112.02286908463
19109.827566311236
19108.861957954417
19075.824950412458
19075.824950412458
19075.824950412458
19075.824950412458
19075.824950412458
19060.875547141695
19027.10879340565
19027.10879340565
19027.10879340565
19027.10879340565
19027.10879340565
19027.10879340565
19021.689586212917
19004.70595877522
19004.70595877522
19002.215364807493
19002.215364807493
18993.670224062647
18993.670224062647
18991.584214693117
18987.75249865228
18987.75249865228
18987.75249865228
18975.580693997425
18975.580693997425
18975.580693997425
18975.580693997425
18975.580693997425
18968.2392113898
18968.2392113898
18940.151869113473
18940.151869113473
18940.151869113473
18940.151869113473
18940.151869113473
18940.151869113473
18935.228517048225
18935.228517048225
18931.692264444482
18931.692264444482
18931.692264444482
18931.692264444482
18931.692264444482
18931.692264444482
18931.692264444482
18927.98278863249
18927.98278863249
18927.98278863249
18927.98278863249
18916.29176854754
18912.320224917145
18912.320224917145
18888.170661589418
18874.008813791996
18874.008813791996
18856.73915785061
18813.30339687256
18813.30339687256
18811.88718520486
18798.760048221295
18798.760048221295
18798.760048221295
18780.552595585094
18762.025490732864
18762.025490732864
18762.025490732864
18762.025490732864
18748.356618579204
18748.356618579204
18748.356618579204
18748.356618579204
18748.356618579204
18748.356618579204
18743.467964182182
18743.467964182182
18724.266905194734
18724.266905194734
18724.266905194734
18724.266905194734
18724.266905194734
18713.002141757133
18704.624615904773
18700.136957635965
18700.136957635965
18700.136957635965
18700.136957635965
18700.136957635965
18700.136957635965
18687.20641522351
18677.349476415664
18659.513879325226
18657.76327673222
18644.95587249339
18644.95587249339
18644.95587249339
18644.95587249339
18641.21854536398
18637.527783211917
18637.527783211917
18637.527783211917
18636.04986281462
18636.04986281462
18631.22047580813
18631.22047580813
18625.901985988003
18614.8340467203
18614.8340467203
18596.168212166012
18596.168212166012
18584.44929137622
18569.132375321202
18569.132375321202
18569.132375321202
18563.534999997
18557.002281724523
18551.74650153111
18551.74650153111
18543.256310879646
18543.256310879646
18543.256310879646
18543.256310879646
18529.912342506825
18529.912342506825
18528.714840245342
18528.714840245342
18528.714840245342
18528.714840245342
18508.039568522945
18497.817034789325
18479.852709411458
18479.852709411458
18461.41479250241
18450.1278970752
18448.36072362811
18445.7882494623
18442.55083086785
18442.55083086785
18442.55083086785
18437.045506506558
18437.045506506558
18429.730987078223
18425.820468074187
18418.486579759076
18418.486579759076
18402.44874395328
18401.92109738232
18401.92109738232
18386.286883255223
18386.286883255223
18383.940897337765
18383.940897337765
18383.287394018287
18376.187898444372
18375.845746699226
18365.560560388487
18365.560560388487
18365.560560388487
18365.14298357224
18344.413182934873
18335.91550645147
18335.55198830799
18335.55198830799
18335.55198830799
18327.600650047338
18327.600650047338
18319.099173645
18308.273134673545
18308.273134673545
18298.27848069713
18298.27848069713
18298.27848069713
18291.073772693257
18291.073772693257
18291.073772693257
18271.337855941572
18264.417727792388
18264.417727792388
18261.22047914352
18261.22047914352
18256.642209957972
18256.642209957972
18256.642209957972
18248.68751370333
18240.037588640564
18238.718994681913
18238.718994681913
18238.718994681913
18238.718994681913
18228.064229866108
18206.389241809135
18206.389241809135
18190.063020359426
18172.21796726297
18172.21796726297
18161.461369645047
18161.461369645047
18161.216601030348
18152.300585900855
18152.300585900855
18152.300585900855
18148.662913208096
18147.18290508673
18147.18290508673
18147.18290508673
18147.18290508673
18141.040121420567
18140.773470824148
18123.111355485336
18115.58348915282
18115.58348915282
18112.461529670392
18110.98266274323
18109.508738076856
18107.7371688541
18107.426089094435
18097.869059680273
18093.204489967527
18085.307748352905
18082.528019705238
18082.528019705238
18078.957622416012
18078.957622416012
18069.60727560876
18068.175569895575
18056.648862252398
18056.648862252398
18056.648862252398
18056.648862252398
18056.648862252398
18056.648862252398
18056.648862252398
18048.24505703124
18040.803282084707
18040.2767546937
18040.2767546937
18040.2767546937
18011.61917918886
18011.61917918886
18011.61917918886
18007.68847470792
18007.68847470792
18007.68847470792
17995.15692654611
17988.20854024641
17977.948714489805
17977.948714489805
17973.36216667666
17973.36216667666
17973.36216667666
17973.36216667666
17973.36216667666
17966.327929150582
17966.327929150582
17962.427974963328
17942.056548307137
17942.056548307137
17942.056548307137
17942.056548307137
17942.056548307137
17942.056548307137
17942.056548307137
17942.056548307137
17905.818310262526
17905.818310262526
17903.894570503544
17903.894570503544
17897.477843700504
17876.284139473766
17870.925727393245
17869.17912003456
17867.513744219075
17833.02365231116
17833.02365231116
17832.930523827974
17832.930523827974
17832.930523827974
17828.324319944437
17828.324319944437
17816.424274498833
17816.424274498833
17816.424274498833
17811.338860439108
17811.338860439108
17811.338860439108
17775.422078164866
17762.4922895609
17762.4922895609
17762.4922895609
17762.4922895609
17762.4922895609
17762.4922895609
17748.738387159003
17740.37068490761
17740.37068490761
17732.18681472537
17721.39983855909
17721.39983855909
17721.39983855909
17721.39983855909
17707.363191895452
17707.086118869945
17707.086118869945
17707.086118869945
17707.086118869945
17707.086118869945
17707.086118869945
17701.043996261033
17689.87073127667
17689.87073127667
17680.58189896094
17680.58189896094
17680.58189896094
17679.512236986837
17679.512236986837
17676.74458651476
17676.74458651476
17676.74458651476
17676.74458651476
17663.245404862384
17663.245404862384
17663.245404862384
17663.245404862384
17659.089828170625
17642.850050769393
17634.59018950973
17631.320015909198
17631.320015909198
17631.320015909198
17631.320015909198
17631.320015909198
17631.320015909198
17601.30243807613
17581.636581219973
17574.000398390788
17574.000398390788
17573.0261247455
17552.779008488305
17518.037992249217
17508.815287753103
17508.815287753103
17508.815287753103
17502.855340043694
17502.855340043694
17497.64285023019
17494.72708043198
17484.62786520015
17476.87286049242
17473.076268679157
17473.076268679157
17473.076268679157
17466.49341035664
17466.49341035664
17455.07329054964
17434.76803012196
17432.78979691152
17432.78979691152
17426.14368193611
17426.14368193611
17426.14368193611
17426.14368193611
17409.62919602297
17403.483778101756
17403.483778101756
17403.483778101756
17403.483778101756
17403.483778101756
17381.19093026563
17361.336815085557
17349.52323818625
17336.350162364455
17336.350162364455
17336.350162364455
17327.654265917772
17290.083415937526
17282.651204932466
17282.651204932466
17280.66143376683
17280.66143376683
17280.66143376683
17275.601588443937
17272.831058103817
17272.831058103817
17250.989534300912
17249.26950394557
17249.26950394557
17240.441855165245
17240.441855165245
17215.115367592796
17207.027771219255
17201.800907333447
17201.800907333447
17201.800907333447
17201.800907333447
17197.45193479365
17196.536109367145
17196.536109367145
17196.536109367145
17196.536109367145
17195.199554435898
17195.199554435898
17195.199554435898
17170.430570842876
17162.274280413145
17150.490965410707
17126.576177395516
17126.576177395516
17116.20241608763
17116.20241608763
17114.131485272243
17114.131485272243
17114.131485272243
17100.565209101038
17085.83611645961
17085.83611645961
17085.83611645961
17085.83611645961
17085.83611645961
17082.190126369176
17082.190126369176
17082.190126369176
17063.54845165717
17063.54845165717
17063.54845165717
17063.54845165717
17062.226587470195
17062.226587470195
17062.226587470195
17061.16753469442
17061.16753469442
17061.16753469442
17061.16753469442
17061.16753469442
17061.16753469442
17041.953915715792
17030.61064258721
17027.731211730785
17006.533992303255
17006.171655387836
17005.32735923005
16997.02130019405
16997.02130019405
16988.843083618103
16976.01532320396
16976.01532320396
16972.475950154403
16972.475950154403
16972.475950154403
16972.475950154403
16972.475950154403
16940.04477824933
16931.870455230746
16931.870455230746
16923.494988517647
16920.04507175396
16920.04507175396
16920.04507175396
16920.04507175396
16897.022510817114
16897.022510817114
16890.323604056422
16890.323604056422
16857.834580924726
16851.146911911732
16847.93902627661
16847.93902627661
16847.93902627661
16847.93902627661
16847.93902627661
16847.93902627661
16840.757805306577
16834.260104722187
16834.260104722187
16834.260104722187
16817.650569708905
16817.650569708905
16797.07658506877
16797.07658506877
16797.07658506877
16777.47852837046
16762.91830415885
16756.625003287627
16756.625003287627
16741.99638658917
16741.81351050842
16741.81351050842
16741.81351050842
16741.81351050842
16741.81351050842
16730.683848157303
16730.683848157303
16713.4950631134
16682.194636489043
16682.194636489043
16649.65951563301
16635.95645894511
16618.70983004366
16618.70983004366
16601.85662842731
16585.542024748083
16585.542024748083
16585.542024748083
16583.75618636653
16583.75618636653
16583.75618636653
16583.75618636653
16577.9872441446
16556.80010992283
16554.6170691131
16554.6170691131
16544.78563579586
16539.121970531975
16539.121970531975
16539.121970531975
16539.121970531975
16539.121970531975
16539.121970531975
16530.987968702797
16519.367344797745
16501.047322430488
16501.047322430488
16501.047322430488
16501.047322430488
16494.42926176537
16488.829651263037
16488.829651263037
16488.829651263037
16472.979440563344
16472.979440563344
16470.757365820467
16470.757365820467
16460.934475601258
16459.278206946958
16459.278206946958
16459.278206946958
16459.278206946958
16459.278206946958
16459.278206946958
16447.97417370031
16447.97417370031
16446.813961527794
16445.2746471492
16445.2746471492
16435.92068477884
16435.92068477884
16413.418702808638
16408.359293092824
16408.359293092824
16408.359293092824
16405.777690836618
16397.56713171328
16397.56713171328
16381.468736135039
16381.468736135039
16377.399201332832
16377.399201332832
16356.360888547735
16354.59498660583
16354.59498660583
16354.59498660583
16354.59498660583
16350.248903078542
16349.882320525896
16349.882320525896
16344.112508368185
16340.89681757857
16340.89681757857
16330.433676128
16311.357123936798
16311.357123936798
16311.357123936798
16307.604882155827
16298.115997675832
16298.115997675832
16298.115997675832
16298.115997675832
16298.115997675832
16294.893200718314
16284.719742844716
16284.719742844716
16282.729917177638
16282.729917177638
16282.729917177638
16263.989349792948
16257.166597696641
16256.802846981063
16248.394855420684
16248.394855420684
16247.508952868018
16247.508952868018
16247.508952868018
16240.703257965093
16230.16840796997
16230.16840796997
16230.16840796997
16230.16840796997
16230.16840796997
16230.16840796997
16222.00022192249
16198.78443205939
16187.2005976564
16176.63284947905
16176.63284947905
16165.58683392915
16165.58683392915
16165.58683392915
16165.58683392915
16160.80718439216
16154.136105677278
16142.209519370905
16131.280104387291
16125.693010931785
16124.601182294267
16124.601182294267
16105.853343773788
16105.853343773788
16105.853343773788
16103.670679647283
16078.007363740167
16078.007363740167
16053.444234447234
16053.444234447234
16053.444234447234
16047.960568080553
16037.320489088925
16034.034349876241
16028.730154452302
16028.730154452302
16028.730154452302
16028.730154452302
16028.730154452302
16020.258143584932
16016.638445128821
16016.638445128821
16004.31722189936
16004.31722189936
15989.655105991562
15989.655105991562
15966.210074985298
15966.210074985298
15966.210074985298
15966.210074985298
15953.818439948122
15944.363047806357
15944.363047806357
15944.363047806357
15944.363047806357
15944.363047806357
15941.866038204598
15927.29198512937
15919.191818701009
15905.266774303116
15882.415764584493
15882.415764584493
15882.415764584493
15871.311324965802
15859.307834199884
15841.644785285971
15841.42158069908
15828.109105139762
15828.109105139762
15828.109105139762
15828.109105139762
15820.34138044935
15820.34138044935
15811.803961006564
15803.182625064674
15803.182625064674
15803.182625064674
15802.697649409141
15802.697649409141
15802.697649409141
15802.697649409141
15802.697649409141
15799.792375004112
15799.792375004112
15799.792375004112
15799.792375004112
15782.170361401964
15782.170361401964
15780.402947514294
15772.910268595262
15772.910268595262
15772.910268595262
15763.077280694126
15763.077280694126
15763.077280694126
15763.077280694126
15763.077280694126
15763.077280694126
15750.59050463288
15743.958973166358
15742.765531098552
15742.014093287911
15742.014093287911
15732.820082346736
15719.929259216216
15712.668178528394
15704.215281272522
15704.215281272522
15704.215281272522
15669.887588439544
15661.857477158268
15661.857477158268
15649.437762743615
15645.374224979694
15633.823258845126
15628.253234881533
15628.253234881533
15626.714763396427
15626.714763396427
15614.88293146708
15614.88293146708
15613.866160703967
15613.866160703967
15579.610292120533
15579.610292120533
15579.610292120533
15576.314125710642
15575.234108096645
15553.607092313921
15543.465713025887
15543.465713025887
15543.465713025887
15543.465713025887
15542.414560096462
15539.67623759998
15517.733889958788
15497.527457083863
15497.527457083863
15485.590383897837
15475.513126806605
15471.964312779477
15471.964312779477
15468.035471760286
15468.035471760286
15456.417462732099
15456.417462732099
15456.417462732099
15444.556113294188
15444.556113294188
15429.121224718685
15429.121224718685
15429.121224718685
15429.121224718685
15429.121224718685
15422.498499227519
15399.25493641787
15399.25493641787
15389.51626031925
15371.56590452478
15355.732001983837
15344.143686861546
15342.475794700851
15330.456355264552
15330.456355264552
15327.31747003087
15324.93712120381
15310.862925192432
15308.355989117696
15308.355989117696
15308.355989117696
15285.16453106186
15283.359351373967
15280.641296599517
15280.641296599517
15280.641296599517
15280.641296599517
15273.695636569082
15270.294739813224
15259.026738746052
15259.026738746052
15259.026738746052
15259.026738746052
15259.026738746052
15248.426251069728
15248.426251069728
15248.426251069728
15248.426251069728
15238.188313069986
15236.927130984266
15236.927130984266
15232.732575608148
15218.638513221515
15218.638513221515
15218.638513221515
15218.638513221515
15218.638513221515
15218.638513221515
15218.638513221515
15218.638513221515
15218.638513221515
15218.638513221515
15218.638513221515
15217.769567413994
15204.460721528261
15204.460721528261
15175.686520689025
15156.59586503344
15156.59586503344
15155.603883747603
15153.668530905794
15153.668530905794
15142.60134933541
15136.860435588726
15120.514126457441
15095.679324820825
15095.679324820825
15090.45431858496
15090.45431858496
15090.45431858496
15090.45431858496
15085.461055618855
15085.461055618855
15085.461055618855
15084.504826162061
15060.872433790626
15058.506927988943
15058.506927988943
15051.902337189576
15035.147712433849
15035.147712433849
15030.218717723506
15030.218717723506
15014.308804331182
15014.308804331182
15014.308804331182
15006.454911367411
15005.801977970696
14978.118913976317
14978.118913976317
14978.118913976317
14978.118913976317
14945.80329748337
14940.192512711119
14940.192512711119
14929.37484881654
14921.708292503145
14921.708292503145
14916.386634139762
14906.37517914672
14903.266551165383
14903.266551165383
14900.891930514103
14900.891930514103
14893.454603661743
14892.538770014864
14892.538770014864
14881.550984057061
14881.550984057061
14881.550984057061
14881.550984057061
14881.550984057061
14880.0356201381
14870.5636040778
14870.5636040778
14870.5636040778
14851.277905573746
14829.028039311157
14829.028039311157
14824.741283112542
14824.741283112542
14824.741283112542
14822.303693988713
14813.064188247643
14804.894891830556
14794.634051336083
14794.634051336083
14794.634051336083
14794.634051336083
14794.634051336083
14794.634051336083
14782.38185808334
14782.38185808334
14765.987667883524
14757.770067592486
14757.770067592486
14757.770067592486
14747.045459160094
14737.460635008945
14728.667194474237
14728.667194474237
14728.667194474237
14710.034914683807
14710.034914683807
14710.034914683807
14710.034914683807
14710.034914683807
14687.737880477913
14687.737880477913
14687.05682751082
14675.20094107843
14658.388320275313
14647.943723535227
14628.020358531336
14628.020358531336
14621.691336552138
14616.565783869266
14616.565783869266
14605.943897163585
14593.102767422162
14593.102767422162
14593.102767422162
14593.102767422162
14593.102767422162
14578.321998865726
14566.64608011636
14566.64608011636
14553.58844783768
14553.58844783768
14544.254955689645
14543.98183912464
14543.98183912464
14543.98183912464
14543.98183912464
14543.98183912464
14535.758436610013
14535.758436610013
14523.957055584766
14518.085049134372
14518.085049134372
14501.460652999984
14491.248358112782
14491.248358112782
14480.735741463366
14480.735741463366
14470.248931629276
14460.107318897082
14457.632374196786
14442.622829718883
14442.622829718883
14431.338170168223
14428.087094277787
14419.591642045605
14410.532420580477
14410.532420580477
14410.532420580477
14410.532420580477
14408.321047852141
14399.505320978604
14383.521909890216
14365.171021546494
14355.87833327949
14347.441308720337
14325.393314051129
14325.393314051129
14325.393314051129
14315.749849965196
14311.309011492602
14311.309011492602
14299.296629712053
14291.284591925427
14291.284591925427
14285.43374763539
14274.821781748065
14274.821781748065
14274.466774191897
14274.466774191897
14262.456778220736
14259.394318423076
14259.394318423076
14259.394318423076
14259.394318423076
14255.105074814273
14225.08313459787
14225.08313459787
14218.356305382265
14218.304440964144
14215.214996010032
14215.214996010032
14201.395159908867
14201.395159908867
14201.395159908867
14201.395159908867
14201.395159908867
14201.395159908867
14191.675450460018
14179.657514987675
14179.657514987675
14165.953369296338
14155.128500437797
14153.467230379545
14143.282312934629
14143.282312934629
14143.282312934629
14143.282312934629
14143.282312934629
14132.708751257742
14132.708751257742
14132.708751257742
14132.708751257742
14132.708751257742
14129.185069791434
14112.685349256884
14082.780349875888
14082.780349875888
14082.780349875888
14082.780349875888
14075.750418291733
14075.750418291733
14075.664577574906
14075.664577574906
14075.664577574906
14075.664577574906
14075.664577574906
14075.664577574906
14075.664577574906
14054.621116565715
14052.035289929401
14030.246994093468
14027.805666395856
14021.24335910964
14008.61762322253
14008.276489046202
13980.949289707252
13980.802239539902
13980.802239539902
13963.648480147034
13963.648480147034
13957.91192461327
13957.91192461327
13957.91192461327
13939.305762048234
13920.258716804672
13917.442193509232
13917.442193509232
13917.442193509232
13914.651843821222
13914.651843821222
13914.651843821222
13914.651843821222
13914.651843821222
13914.651843821222
13890.194165017008
13888.504980928796
13888.504980928796
13862.064949799511
13861.760409594372
13861.760409594372
13861.33858236892
13861.33858236892
13835.49674760588
13826.51725345808
13817.46970919521
13817.46970919521
13809.279496134943
13794.21677745658
13794.21677745658
13794.21677745658
13780.55347929718
13780.55347929718
13780.55347929718
13771.429335776596
13771.429335776596
13771.429335776596
13761.591430949979
13760.14888476822
13744.347730927217
13736.233595811087
13729.984079740501
13725.142846974966
13717.480082676388
13693.87533535205
13693.87533535205
13693.87533535205
13687.84535121387
13687.84535121387
13687.84535121387
13684.89035105311
13684.89035105311
13680.307763096624
13658.601522481928
13651.657841864115
13651.354425780182
13634.451454517464
13634.451454517464
13634.451454517464
13634.451454517464
13634.451454517464
13631.479091664794
13631.479091664794
13615.723455850222
13605.556497523285
13593.779347770163
13592.116935544052
13588.064034927336
13584.3334694403
13584.3334694403
13573.043632982797
13569.775714201296
13564.65525848569
13564.65525848569
13561.251989025322
13539.049845163454
13535.6016363009
13535.6016363009
13526.507731090362
13526.507731090362
13519.606514972664
13515.676874792585
13515.676874792585
13515.676874792585
13515.676874792585
13507.497137813394
13504.513409994881
13478.519497550711
13478.519497550711
13478.519497550711
13461.51505451273
13461.51505451273
13461.51505451273
13461.51505451273
13452.503999977373
13435.396234288348
13432.034253292597
13425.938508457264
13400.425174831124
13386.8817785678
13384.664280583276
13382.321694735314
13382.321694735314
13382.321694735314
13365.378868421996
13362.891250644117
13350.841014109577
13347.372732957936
13347.372732957936
13339.871602861976
13339.871602861976
13339.871602861976
13339.871602861976
13339.871602861976
13339.000090958922
13339.000090958922
13339.000090958922
13319.407311136
13319.407311136
13319.407311136
13319.407311136
13319.407311136
13319.407311136
13317.697461677242
13317.697461677242
13310.435568590849
13296.849563207585
13296.849563207585
13280.822967248732
13271.963688574222
13250.32579077312
13250.32579077312
13250.32579077312
13250.32579077312
13250.32579077312
13250.32579077312
13250.32579077312
13250.32579077312
13250.32579077312
13247.8119709954
13247.8119709954
13243.7406849791
13242.350631427464
13242.350631427464
13242.350631427464
13242.350631427464
13240.73613525268
13240.73613525268
13231.800938829803
13225.700436329644
13220.43763616361
13206.156001232712
13206.156001232712
13202.774296206117
13202.774296206117
13196.712720939899
13196.712720939899
13196.712720939899
13196.712720939899
13177.175458634167
13168.908069680887
13138.820271985725
13138.820271985725
13120.052077873874
13120.052077873874
13116.429757245369
13116.429757245369
13116.429757245369
13106.760742378874
13095.155073120066
13095.155073120066
13095.155073120066
13082.9475045645
13082.9475045645
13082.9475045645
13067.891364939884
13055.311351448654
13055.311351448654
13052.938107942491
13022.845849665136
13022.845849665136
13007.642246158926
12987.415800927924
12987.415800927924
12983.106585670608
12980.31114462951
12971.466559995992
12953.096216313734
12922.778382316485
12910.533036553727
12908.487789616363
12907.279747069402
12907.279747069402
12888.93213668888
12888.93213668888
12888.93213668888
12872.582327548975
12872.582327548975
12872.582327548975
12872.582327548975
12864.616827356873
12864.616827356873
12846.707482872209
12815.287042291335
12815.287042291335
12815.287042291335
12814.286701065808
12814.286701065808
12809.432427389087
12804.171233796591
12799.841887811284
12799.841887811284
12797.088741123012
12797.088741123012
12787.640276452299
12787.373492961779
12785.732742421058
12785.732742421058
12785.732742421058
12785.732742421058
12781.637774222925
12775.990569304562
12775.990569304562
12756.37330216722
12746.657472051857
12741.640279221276
12741.640279221276
12740.807973498451
12740.807973498451
12711.751250151781
12711.751250151781
12707.683586602872
12705.390512766433
12705.390512766433
12701.577049277386
12690.690022202845
12689.608606888189
12687.600876796412
12686.607005211099
12686.607005211099
12686.607005211099
12686.607005211099
12686.607005211099
12680.815391711189
12672.338730213869
12672.338730213869
12672.338730213869
12658.475769947996
12653.152523785564
12653.152523785564
12643.656239271624
12628.23284625934
12628.23284625934
12624.914539960384
12610.822827088126
12600.361763413755
12600.361763413755
12595.36038324797
12595.36038324797
12588.213283662652
12573.697523018483
12557.994239399053
12556.217405537933
12549.805914878267
12549.805914878267
12545.669518424755
12545.669518424755
12545.669518424755
12545.669518424755
12540.260711576484
12530.112634495381
12530.112634495381
12530.112634495381
12525.477564952573
12522.393511564882
12522.393511564882
12522.393511564882
12517.520361129014
12499.878601781385
12499.878601781385
12489.490337042294
12489.490337042294
12487.16769040082
12486.831858856453
12486.831858856453
12482.007759659415
12478.695921036631
12478.695921036631
12471.315242480669
12471.315242480669
12465.59704543008
12451.384116909605
12451.384116909605
12441.108284863192
12441.108284863192
12429.646259798064
12429.646259798064
12429.551985922288
12423.973698136051
12423.117768246162
12423.117768246162
12415.715243213348
12404.340670085165
12404.340670085165
12404.340670085165
12390.73472069813
12390.73472069813
12384.51351512634
12367.43697749357
12355.101887074206
12348.517912583859
12347.042056625514
12347.042056625514
12347.042056625514
12347.042056625514
12347.042056625514
12347.042056625514
12344.480355039685
12344.480355039685
12344.480355039685
12340.375137386345
12340.375137386345
12340.375137386345
12340.375137386345
12340.375137386345
12336.308915596488
12326.020883427027
12326.020883427027
12326.020883427027
12326.020883427027
12311.628989228662
12311.628989228662
12311.628989228662
12304.668929668569
12304.668929668569
12304.668929668569
12296.443289039158
12296.443289039158
12296.443289039158
12296.443289039158
12271.389708458308
12261.788891366403
12256.56478866342
12256.56478866342
12248.305888318453
12248.305888318453
12240.933647179949
12232.972655042817
12222.63092577591
12222.63092577591
12222.63092577591
12222.63092577591
12214.963770944616
12214.963770944616
12214.963770944616
12214.963770944616
12214.963770944616
12211.651438413128
12211.651438413128
12211.651438413128
12211.651438413128
12209.442183506339
12209.442183506339
12205.78241630593
12203.575148261723
12188.183615778522
12173.650516822523
12173.650516822523
12153.562901953865
12140.6838696886
12140.6838696886
12130.832884998028
12130.832884998028
12130.832884998028
12130.832884998028
12130.832884998028
12128.05032171997
12128.05032171997
12128.05032171997
12092.932676976628
12092.932676976628
12092.932676976628
12085.560204324733
12077.64036795381
12077.64036795381
12074.644881510229
12074.644881510229
12074.644881510229
12074.574139940596
12060.438324527253
12060.438324527253
12060.438324527253
12060.438324527253
12060.438324527253
12055.543759006183
12055.543759006183
12049.14345570816
12049.14345570816
12049.14345570816
12043.720355003183
12043.720355003183
12041.791235899795
12037.719814940123
12037.719814940123
12037.719814940123
12017.29615714718
12003.16259711245
11999.019534425466
11984.63354829291
11971.782783486251
11971.782783486251
11971.782783486251
11966.188342143998
11951.363130819947
11951.363130819947
11943.145622571821
11935.909702777375
11935.909702777375
11935.909702777375
11935.751734588512
11935.751734588512
11935.751734588512
11920.181231003127
11920.181231003127
11920.181231003127
11920.181231003127
11914.078112141393
11912.122825083663
11906.897896011576
11904.70528138758
11889.861850885007
11885.870155429964
11885.870155429964
11885.870155429964
11883.940612268383
11872.892681358308
11862.310232121587
11862.310232121587
11856.01622106298
11855.55565369197
11855.55565369197
11855.55565369197
11836.533034723729
11829.972193450689
11820.626855957384
11820.626855957384
11819.260947959287
11819.260947959287
11819.260947959287
11817.56192026884
11814.67445984232
11814.67445984232
11814.67445984232
11814.67445984232
11814.67445984232
11810.74286399515
11801.94515796653
11801.94515796653
11784.41048133619
11780.684170281591
11780.684170281591
11775.520516167631
11775.520516167631
11775.520516167631
11775.520516167631
11770.980209510446
11770.980209510446
11766.326849220786
11742.723785768445
11740.787614646655
11740.787614646655
11740.787614646655
11740.787614646655
11740.787614646655
11738.189659335269
11738.189659335269
11738.189659335269
11707.979273769251
11701.170836816102
11701.170836816102
11700.55677275804
11688.844353273103
11679.433429374089
11679.433429374089
11673.539502710935
11673.539502710935
11663.637448640851
11663.637448640851
11663.637448640851
11663.637448640851
11655.171736887634
11655.171736887634
11655.171736887634
11655.171736887634
11643.821244957442
11630.993370329435
11630.993370329435
11627.877855178018
11627.877855178018
11627.877855178018
11627.877855178018
11617.797639798142
11608.461603577764
11607.39274322108
11607.39274322108
11607.39274322108
11604.121782384736
11601.82097319734
11601.82097319734
11594.385921645437
11583.73294579619
11583.73294579619
11581.470094601284
11581.470094601284
11580.765131520027
11580.765131520027
11580.765131520027
11580.765131520027
11578.039194520496
11578.039194520496
11578.039194520496
11578.039194520496
11576.005978459554
11576.005978459554
11576.005978459554
11575.256090478193
11569.574146735968
11569.574146735968
11569.574146735968
11565.791655260411
11565.791655260411
11564.479527173926
11552.883722513207
11552.883722513207
11552.883722513207
11544.288787271089
11544.288787271089
11544.288787271089
11544.288787271089
11544.288787271089
11544.288787271089
11544.288787271089
11521.024114116728
11521.024114116728
11515.186772799683
11495.601699816152
11493.86008325732
11491.80521904848
11491.80521904848
11477.847447398108
11476.913692658878
11475.588624688531
11475.588624688531
11475.588624688531
11475.588624688531
11475.588624688531
11472.412050550975
11466.197980116944
11462.394238239363
11462.394238239363
11457.768103654798
11456.559925253223
11452.316486620264
11446.256184518163
11442.99528001616
11442.99528001616
11441.460217573367
11441.460217573367
11441.460217573367
11432.200557930431
11417.699763431756
11398.27776393088
11398.27776393088
11377.806789241939
11377.806789241939
11360.591457683775
11352.213270143082
11352.213270143082
11341.27932146795
11341.27932146795
11335.178706337218
11335.178706337218
11326.82001339146
11325.903360583958
11325.219103146996
11314.981505594094
11314.981505594094
11314.981505594094
11310.309775028363
11306.933613813955
11306.933613813955
11306.933613813955
11300.205686660413
11288.615283277968
11288.615283277968
11287.760287640876
11287.760287640876
11270.970173068636
11259.943897365509
11259.943897365509
11259.943897365509
11259.943897365509
11259.943897365509
11259.943897365509
11255.430810195434
11255.430810195434
11239.665132179865
11239.665132179865
11221.434394846572
11221.434394846572
11210.305561633872
11191.181253350433
11165.621599704915
11159.520480244237
11159.520480244237
11146.848875264663
11146.848875264663
11139.683975779866
11132.759784143394
11132.759784143394
11130.660083709412
11130.660083709412
11130.117384520981
11130.117384520981
11130.117384520981
11130.117384520981
11123.119839941288
11108.835329856867
11108.835329856867
11108.304947931405
11108.304947931405
11108.304947931405
11108.304947931405
11093.481316243364
11093.481316243364
11093.481316243364
11093.481316243364
11089.661585894311
11081.244541558799
11075.28372720052
11064.671497295833
11052.201405817948
11052.201405817948
11041.896486770587
11041.896486770587
11038.066732579717
11038.066732579717
11038.066732579717
11029.92033542461
11029.92033542461
11012.42583632686
11005.196994444908
11005.196994444908
11005.196994444908
11005.196994444908
11005.196994444908
11005.196994444908
11004.960464670212
11004.960464670212
10987.518703340813
10984.13894634179
10980.67723653619
10975.823154751713
10975.823154751713
10975.823154751713
10975.823154751713
10969.985130079458
10963.355280772721
10960.970693598874
10960.970693598874
10951.115450531037
10951.115450531037
10950.750416850664
10950.750416850664
10949.473113739361
10940.112943218706
10930.76719741656
10927.8152894631
10905.988982570974
10905.988982570974
10905.988982570974
10905.988982570974
10888.254931916306
10888.254931916306
10888.254931916306
10881.586361642692
10879.855366689402
10867.660647616613
10861.939939426618
10861.939939426618
10849.447182499665
10849.447182499665
10849.134633010643
10849.134633010643
10849.134633010643
10849.134633010643
10836.81430164308
10836.81430164308
10828.627032183667
10828.627032183667
10828.627032183667
10828.627032183667
10828.627032183667
10828.627032183667
10811.721920289057
10796.976509268283
10796.976509268283
10775.959584484435
10775.959584484435
10775.959584484435
10775.959584484435
10775.959584484435
10775.959584484435
10775.959584484435
10767.446118597876
10766.281011764706
10756.269560485121
10751.662789539274
10732.77038334095
10732.77038334095
10732.77038334095
10732.77038334095
10726.228144729448
10726.228144729448
10726.228144729448
10708.476735328826
10694.60051861856
10673.051562195331
10673.051562195331
10673.051562195331
10672.48775786847
10672.48775786847
10672.48775786847
10672.48775786847
10672.48775786847
10669.60000196588
10669.60000196588
10661.79350420516
10661.79350420516
10652.58768185627
10652.58768185627
10652.58768185627
10652.58768185627
10647.77757754478
10634.724226352739
10622.91542959819
10621.182633043614
10621.182633043614
10618.127860847395
10609.607356532415
10604.802685866462
10590.489283776313
10590.489283776313
10590.489283776313
10590.489283776313
10578.477742418307
10578.477742418307
10543.441799630275
10531.019882347206
10524.697330341633
10516.015672887082
10501.865575391532
10500.269102799086
10492.394784138723
10492.394784138723
10475.59203771981
10475.59203771981
10475.59203771981
10474.628539101463
10465.637613046589
10465.637613046589
10460.65165784008
10460.65165784008
10443.529458183968
10431.182980799182
10423.292112701847
10423.292112701847
10423.292112701847
10423.292112701847
10423.292112701847
10414.32358367664
10414.32358367664
10412.604099582402
10405.01706844011
10393.859568572236
10383.61974615178
10374.323637546815
10374.323637546815
10352.353750475802
10352.353750475802
10346.944626697896
10346.944626697896
10346.944626697896
10346.944626697896
10346.944626697896
10334.423052278857
10319.525296412527
10317.235093851603
10317.235093851603
10315.786686692092
10305.960885583281
10301.587977696041
10287.572875979988
10287.572875979988
10287.572875979988
10284.535889092436
10278.934908882286
10278.934908882286
10278.934908882286
10278.934908882286
10278.934908882286
10278.934908882286
10272.319307987415
10272.319307987415
10263.461241062803
10258.167174171194
10247.896960096516
10247.896960096516
10247.896960096516
10245.984230283699
10235.07848365901
10235.07848365901
10230.062993434736
10217.002646514793
10208.12016333758
10208.12016333758
10200.383536936848
10200.383536936848
10200.383536936848
10200.219618623003
10200.219618623003
10196.397184717534
10196.397184717534
10196.397184717534
10196.397184717534
10192.171938704174
10189.754869156022
10189.754869156022
10172.893544211558
10172.893544211558
10170.084944509395
10157.8472539104
10157.8472539104
10138.644092559562
10138.644092559562
10134.361158831349
10134.361158831349
10134.361158831349
10134.361158831349
10118.79754610299
10118.79754610299
10100.904228286501
10100.904228286501
10095.858820425114
10088.0516136793
10088.0516136793
10088.0516136793
10084.278672472508
10078.36131342836
10078.36131342836
10078.36131342836
10076.129077995933
10067.212023399086
10064.066868172924
10054.65095000451
10054.65095000451
10047.290329173447
10047.290329173447
10045.152015700078
10036.446145324071
10036.446145324071
10036.446145324071
10033.816893427724
10022.271734899088
10022.271734899088
10021.771558204386
10021.771558204386
10021.771558204386
10021.771558204386
10021.771558204386
10021.771558204386
10012.58187282602
10012.58187282602
10012.58187282602
10012.58187282602
10000.202464934819
10000.202464934819
9997.870848175397
9994.427499461577
9994.427499461577
9979.109337298496
9972.378485575548
9956.659501526523
9956.659501526523
9956.659501526523
9956.659501526523
9955.975171179192
9955.975171179192
9955.975171179192
9955.975171179192
9955.975171179192
9955.975171179192
