31877.051353522413
31877.051353522413
31877.051353522413
31877.051353522413
31843.334301844152
31843.334301844152
31841.95434796549
31841.95434796549
31841.95434796549
31830.54760381624
31830.54760381624
31807.91848760846
31784.552757936646
31784.552757936646
31784.552757936646
31784.552757936646
31784.192049849906
31782.301052663308
31782.301052663308
31782.301052663308
31757.016789696027
31757.016789696027
31752.074874812333
31752.074874812333
31719.945837518917
31668.107396022133
31668.107396022133
31668.107396022133
31668.107396022133
31668.107396022133
31668.107396022133
31662.10987358412
31649.69578670418
31649.69578670418
31636.528272391057
31628.640171307954
31611.457039122015
31611.457039122015
31602.50744957852
31602.50744957852
31582.058009814158
31582.058009814158
31582.058009814158
31560.824385785767
31560.824385785767
31560.824385785767
31542.561465116407
31532.96728554997
31532.96728554997
31532.96728554997
31516.32040803355
31516.32040803355
31516.32040803355
31516.32040803355
31508.021536702414
31495.20863504428
31495.20863504428
31495.20863504428
31495.20863504428
31494.8252933857
31494.8252933857
31494.8252933857
31485.373614436336
31447.49685579685
31447.49685579685
31430.339825711915
31430.339825711915
31396.817493682578
31391.06061823857
31391.06061823857
31391.06061823857
31391.06061823857
31391.06061823857
31350.227750031067
31313.670453622828
31288.05124796769
31288.05124796769
31243.096283588373
31235.938394641948
31235.938394641948
31235.938394641948
31235.938394641948
31235.938394641948
31229.241519932406
31229.241519932406
31225.68152597225
31218.174183512532
31218.174183512532
31214.10477982389
31211.99974726068
31211.99974726068
31211.99974726068
31211.99974726068
31211.99974726068
31211.99974726068
31211.99974726068
31203.117134538734
31203.117134538734
31203.117134538734
31194.1678157801
31189.00748622077
31189.00748622077
31171.45684055757
31165.674727864167
31121.695974698596
31113.20860257296
31105.938949280797
31100.2343072609
31100.2343072609
31079.205300904003
31078.083347623302
31028.176770202706
31023.821398871638
31023.821398871638
31016.162779169517
31016.162779169517
31012.92647204981
31012.92647204981
30986.387847575552
30974.127226602643
30974.127226602643
30966.392106695064
30966.392106695064
30955.34391042829
30942.382899879638
30900.230857058483
30900.230857058483
30884.185505490488
30884.185505490488
30877.56635820966
30877.56635820966
30877.56635820966
30877.56635820966
30844.78984218036
30844.78984218036
30844.78984218036
30817.308800817966
30817.308800817966
30817.308800817966
30810.574085877677
30810.574085877677
30802.118761925616
30802.118761925616
30792.87114474992
30792.87114474992
30786.33061088009
30773.8595435582
30773.8595435582
30773.8595435582
30761.49139881026
30761.49139881026
30761.49139881026
30744.994785016137
30709.90105401101
30709.90105401101
30703.08923719793
30696.672526621594
30693.904041773665
30666.73787769738
30650.442507057505
30649.820200813137
30649.820200813137
30649.820200813137
30649.820200813137
30649.820200813137
30635.49809085156
30633.743653592803
30633.0108122652
30606.688275343255
30606.688275343255
30578.244368234624
30578.244368234624
30538.90314208962
30538.90314208962
30519.960154614215
30508.64973956832
30508.09416838962
30508.09416838962
30506.083564790253
30502.357678424218
30502.357678424218
30502.357678424218
30484.592189972685
30484.592189972685
30480.09366564038
30480.09366564038
30480.09366564038
30473.89352912242
30473.51804566398
30472.802349318245
30471.833492102272
30471.833492102272
30471.833492102272
30471.833492102272
30471.833492102272
30471.833492102272
30464.798633158167
30464.798633158167
30464.798633158167
30464.798633158167
30464.798633158167
30455.439978120503
30455.439978120503
30455.439978120503
30454.658942364254
30445.61214564388
30445.61214564388
30432.055196354595
30432.055196354595
30428.9482978063
30413.170237744762
30413.170237744762
30413.170237744762
30403.544396214602
30392.571528213386
30392.571528213386
30392.571528213386
30392.571528213386
30392.571528213386
30385.558256843968
30385.558256843968
30385.558256843968
30385.558256843968
30385.558256843968
30383.248552487665
30383.248552487665
30360.053465656427
30360.053465656427
30360.053465656427
30353.470945967798
30353.1989035161
30353.1989035161
30353.1989035161
30345.92763802075
30343.956501732988
30341.044181753474
30333.11939153702
30333.11939153702
30333.11939153702
30333.11939153702
30307.003950818224
30307.003950818224
30296.779276987472
30273.24016567425
30217.004974223342
30217.004974223342
30217.004974223342
30217.004974223342
30190.083007878617
30190.083007878617
30190.083007878617
30190.083007878617
30190.083007878617
30190.083007878617
30190.083007878617
30190.083007878617
30157.264621509963
30157.264621509963
30157.264621509963
30157.264621509963
30152.541927152135
30152.541927152135
30152.541927152135
30146.890882125703
30143.681377353892
30136.021614322162
30136.021614322162
30132.319376565843
30111.844226108806
30109.53684019845
30109.53684019845
30109.53684019845
30109.53684019845
30098.952622331966
30098.952622331966
30086.524176744133
30086.524176744133
30070.13826872658
30059.866625880873
30055.536558518816
30055.536558518816
30033.482881231874
30033.482881231874
30033.482881231874
30033.482881231874
30033.482881231874
30033.482881231874
30025.374062346113
30025.374062346113
30025.374062346113
30006.712183268453
30006.712183268453
29992.623122510176
29953.55984561665
29939.209755165797
29939.209755165797
29939.209755165797
29897.318659969915
29886.74139793285
29886.74139793285
29880.747894174947
29872.324196452344
29872.324196452344
29872.324196452344
29862.90485684072
29848.14318706174
29822.023272552193
29797.206815803682
29779.78415527005
29754.710542862213
29728.89581776109
29728.89581776109
29728.89581776109
29728.89581776109
29728.89581776109
29698.779539576284
29698.779539576284
29691.13053807007
29691.13053807007
29685.84993117074
29685.84993117074
29685.84993117074
29685.84993117074
29685.301712925368
29679.909167279682
29670.902117978345
29654.33926381134
29654.33926381134
29653.469026100414
29632.682997040378
29632.682997040378
29612.777659700227
29612.777659700227
29612.777659700227
29612.777659700227
29612.777659700227
29612.777659700227
29612.777659700227
29595.22471243879
29595.22471243879
29572.0544621789
29544.306744362697
29501.315082966536
29493.350037603494
29483.418886926913
29483.418886926913
29454.02907626274
29432.918387943253
29432.918387943253
29432.918387943253
29393.126390171008
29393.126390171008
29392.788549615325
29372.2307908889
29350.23875654609
29350.23875654609
29320.131882364505
29320.131882364505
29320.131882364505
29318.859024337977
29318.859024337977
29318.859024337977
29314.679282007084
29300.364431757724
29300.364431757724
29295.208551144944
29284.114266559252
29273.010646895968
29273.010646895968
29273.010646895968
29264.592193370143
29264.592193370143
29241.6938545328
29231.65358862684
29229.14912463751
29203.640304658587
29185.385968341085
29183.5728250063
29183.5728250063
29183.5728250063
29183.5728250063
29172.536930063743
29159.814294939548
29156.194160623476
29156.194160623476
29155.727498841654
29155.727498841654
29155.727498841654
29150.91856463884
29147.55176589051
29133.266106273088
29133.266106273088
29116.7655471195
29116.7655471195
29116.7655471195
29116.7655471195
29113.609423646903
29113.609423646903
29113.609423646903
29113.609423646903
29113.609423646903
29085.727453247324
29085.727453247324
29072.454503503835
29050.138582048094
29050.138582048094
29050.138582048094
29036.83576602549
29030.430252097274
29026.876918572783
29026.876918572783
29026.876918572783
29026.876918572783
29026.876918572783
28974.997658504566
28974.997658504566
28974.997658504566
28969.589481157524
28949.463970589248
28949.463970589248
28949.463970589248
28949.463970589248
28935.438769303742
28935.438769303742
28935.438769303742
28935.438769303742
28931.675324199292
28931.675324199292
28931.675324199292
28912.628318046758
28911.260069705433
28911.260069705433
28911.260069705433
28907.99098215822
28907.99098215822
28896.403362879682
28892.572117671894
28892.572117671894
28885.45187476182
28885.45187476182
28885.45187476182
28856.926134533747
28856.926134533747
28856.926134533747
28856.926134533747
28846.68414704987
28839.202566956552
28812.141977705855
28789.874076686538
28760.412984008097
28753.41397518898
28753.41397518898
28745.73860376879
28745.73860376879
28745.73860376879
28745.73860376879
28745.73860376879
28720.50418343202
28720.50418343202
28720.50418343202
28716.844638089962
28700.942032999817
28677.51098145619
28677.51098145619
28676.604538322215
28676.604538322215
28676.604538322215
28667.639229863682
28667.639229863682
28646.040764464673
28646.040764464673
28646.040764464673
28611.878343366225
28611.878343366225
28611.878343366225
28611.878343366225
28596.608223287876
28596.608223287876
28592.973337170988
28572.86830778868
28572.86830778868
28560.104655443734
28560.104655443734
28540.72371700739
28533.575557386222
28531.382479019478
28531.382479019478
28516.868308967834
28503.26834672848
28503.26834672848
28503.26834672848
28503.26834672848
28499.008977140056
28499.008977140056
28495.018342806845
28479.60223862104
28479.60223862104
28479.60223862104
28479.60223862104
28470.932724447295
28470.932724447295
28466.751008272375
28466.751008272375
28466.751008272375
28466.751008272375
28455.71324527859
28442.374260681892
28403.008655600785
28389.395604502493
28389.395604502493
28377.797352017715
28359.79643263534
28359.79643263534
28359.79643263534
28359.79643263534
28359.79643263534
28359.79643263534
28359.79643263534
28359.79643263534
28359.79643263534
28335.079588168715
28335.079588168715
28324.182544657142
28308.888038527948
28292.916834502787
28284.341676577886
28275.44104827949
28275.44104827949
28275.44104827949
28248.079734791383
28248.079734791383
28248.079734791383
28247.171209729757
28247.171209729757
28247.171209729757
28232.786012826204
28215.623255300947
28215.623255300947
28215.623255300947
28215.623255300947
28210.233817680222
28191.470779491014
28179.951333641515
28179.951333641515
28179.951333641515
28179.951333641515
28179.951333641515
28174.805426721097
28166.94143788404
28166.94143788404
28133.774206834092
28117.64901532274
28108.224434514443
28101.102469661324
28101.102469661324
28101.102469661324
28092.84599097011
28092.84599097011
28092.84599097011
28090.668930235952
28090.668930235952
28090.668930235952
28090.668930235952
28072.90598577587
28059.762839046663
28059.762839046663
28059.762839046663
28056.75613996593
28056.75613996593
28055.525780092037
28047.033076356623
28047.033076356623
28047.033076356623
28029.24599511619
28025.04578175533
28025.04578175533
28019.757145270683
27996.92614067612
27985.79545260725
27956.14198428417
27956.14198428417
27938.712880668725
27920.090674456333
27920.090674456333
27903.792576685548
27901.125558153304
27873.125131314235
27864.425569545492
27851.298036937882
27834.19917950005
27834.19917950005
27805.720818936425
27793.199535897806
27793.199535897806
27793.199535897806
27793.199535897806
27793.199535897806
27793.199535897806
27790.215707911677
27790.215707911677
27790.215707911677
27773.61112519953
27773.61112519953
27766.274404410775
27766.274404410775
27766.274404410775
27763.583541250657
27759.005145291885
27719.953861492577
27719.953861492577
27719.953861492577
27719.953861492577
27704.013272367312
27698.73206748603
27698.73206748603
27698.73206748603
27698.73206748603
27690.991282835243
27690.324800372902
27635.61308119343
27628.196138538948
27622.635306464188
27622.635306464188
27620.57642357796
27606.334868806673
27601.49403683325
27596.48452944638
27583.96630927324
27583.96630927324
27583.96630927324
27583.96630927324
27583.96630927324
27583.96630927324
27583.96630927324
27583.96630927324
27580.44825136209
27573.26980093433
27572.822784517044
27569.31610678797
27563.856906897436
27563.856906897436
27548.01580074932
27548.01580074932
27548.01580074932
27548.01580074932
27532.352195501007
27498.470254243
27471.022368336686
27470.71092465621
27470.71092465621
27470.71092465621
27470.71092465621
27470.71092465621
27470.71092465621
27455.49039977059
27453.781658233645
27433.57922803667
27413.94735885544
27413.94735885544
27406.190004251665
27406.190004251665
27406.190004251665
27381.114637014445
27356.139590635798
27354.57783333855
27353.384480711065
27347.311641278084
27347.311641278084
27347.311641278084
27347.311641278084
27347.311641278084
27347.311641278084
27292.8794914789
27277.163128275577
27277.163128275577
27267.311839165326
27267.311839165326
27253.65051084228
27214.87463517544
27214.87463517544
27214.87463517544
27189.50805689019
27189.50805689019
27182.159374653063
27182.159374653063
27179.66304176249
27146.49179539797
27146.49179539797
27129.68433050258
27129.68433050258
27128.297161298637
27128.297161298637
27126.368668728937
27119.08318652816
27111.587153691322
27108.1538271328
27099.959668482188
27086.756653618882
27086.756653618882
27086.756653618882
27086.756653618882
27075.41565583075
27065.645091453604
27051.81690170859
27051.81690170859
27042.50291714809
27038.678234018193
27038.678234018193
27038.678234018193
27038.678234018193
27027.867115315414
27027.867115315414
27027.867115315414
27024.878799391776
27024.878799391776
27024.878799391776
27024.878799391776
27004.261689034087
26967.451584108832
26967.451584108832
26967.451584108832
26967.451584108832
26933.341943092673
26933.341943092673
26910.063833024116
26876.77254924231
26861.155637880915
26856.60615363535
26854.290978714667
26854.290978714667
26835.167657086524
26835.167657086524
26833.415571282363
26833.415571282363
26830.25920002422
26830.25920002422
26829.187671683703
26829.187671683703
26827.33233865694
26809.376575146714
26809.376575146714
26796.40317155357
26768.55093250248
26768.55093250248
26768.55093250248
26766.095378788188
26748.776923029673
26746.84046267363
26741.388389680982
26737.96096995721
26737.96096995721
26716.81315156069
26716.81315156069
26695.495080295153
26695.495080295153
26695.495080295153
26679.681652179665
26679.681652179665
26673.467206837224
26655.010064382976
26655.010064382976
26655.010064382976
26655.010064382976
26655.010064382976
26655.010064382976
26655.010064382976
26640.070969688575
26640.070969688575
26624.26089825132
26624.26089825132
26624.26089825132
26594.431647075595
26583.46647103355
26583.46647103355
26583.46647103355
26583.46647103355
26560.13884736202
26544.057607666997
26518.896985293326
26506.571278751762
26477.55002028335
26477.55002028335
26477.55002028335
26477.55002028335
26477.55002028335
26477.55002028335
26477.55002028335
26477.55002028335
26477.55002028335
26443.35662516976
26408.690196652446
26408.690196652446
26399.953919550866
26399.953919550866
26395.29176123385
26393.24867585882
26393.24867585882
26393.24867585882
26393.24867585882
26387.66537319473
26387.66537319473
26387.66537319473
26387.66537319473
26387.66537319473
26387.66537319473
26387.66537319473
26387.66537319473
26385.42211491894
26372.33834160922
26372.33834160922
26372.33834160922
26372.33834160922
26348.834264153735
26335.070548446427
26290.430984034116
26290.430984034116
26290.430984034116
26290.430984034116
26290.430984034116
26287.845823155665
26282.905092399713
26282.905092399713
26282.905092399713
26275.3716642619
26241.484638796723
26241.484638796723
26235.189765252406
26235.189765252406
26235.189765252406
26232.092588323605
26230.181320857344
26226.697566887964
26206.637153739513
26206.637153739513
26206.637153739513
26206.637153739513
26190.794681466865
26190.794681466865
26190.794681466865
26168.93327397585
26144.001178283957
26130.268595048376
26105.04142330779
26071.838923244937
26071.838923244937
26071.838923244937
26071.838923244937
26057.009476546686
26057.009476546686
26032.09076208771
25980.469830333474
25968.171018976398
25961.268654813714
25961.268654813714
25954.723150901264
25939.247529803804
25939.247529803804
25917.105077491382
25917.105077491382
25917.105077491382
25917.105077491382
25917.105077491382
25898.318050849197
25883.066998606377
25883.066998606377
25883.066998606377
25883.066998606377
25874.373760806833
25874.373760806833
25874.237053535053
25872.38908503461
25860.0265636571
25848.91785206974
25843.942815210754
25834.475465557247
25834.475465557247
25834.475465557247
25834.475465557247
25834.475465557247
25828.301155232573
25828.301155232573
25822.70372502057
25822.70372502057
25798.743158587655
25776.47968074876
25776.47968074876
25776.47968074876
25768.408560356947
25768.408560356947
25751.04382789638
25751.04382789638
25737.788143307575
25737.788143307575
25732.12852647704
25729.276867012464
25729.276867012464
25716.877762276734
25709.812086514718
25709.812086514718
25698.418671247862
25688.486413678216
25680.02795755166
25680.02795755166
25669.590988106167
25669.590988106167
25669.590988106167
25669.590988106167
25669.590988106167
25650.906074435887
25650.906074435887
25650.906074435887
25640.862433602077
25640.862433602077
25637.351609860103
25627.647657058915
25602.79398306148
25602.79398306148
25602.79398306148
25602.79398306148
25597.503293333037
25579.800281371037
25565.056325905076
25555.25843358175
25531.148889235883
25531.148889235883
25525.394631454772
25525.394631454772
25518.17932413826
25518.17932413826
25518.17932413826
25518.17932413826
25488.421526913873
25486.918518308143
25474.322881242595
25468.13564739343
25468.13564739343
25448.52699941377
25448.52699941377
25445.53510839727
25445.53510839727
25441.706478213524
25441.706478213524
25390.018569259326
25375.56763482126
25369.655843082728
25364.354270592972
25364.354270592972
25364.354270592972
25364.354270592972
25362.147909717376
25362.147909717376
25352.042831961317
25352.042831961317
25352.042831961317
25341.965737668732
25341.965737668732
25331.78014283645
25331.78014283645
25322.72061417675
25322.72061417675
25322.72061417675
25299.656507149146
25299.656507149146
25299.656507149146
25299.656507149146
25289.043874609968
25289.043874609968
25280.56149612766
25264.932569198783
25260.95429264599
25260.95429264599
25260.95429264599
25260.95429264599
25254.858296263224
25254.858296263224
25233.360189555282
25227.39789713305
25227.39789713305
25217.893472110816
25217.893472110816
25202.61819063003
25202.61819063003
25189.603838533374
25189.217061984364
25187.74196557304
25187.74196557304
25187.739501977336
25187.739501977336
25187.739501977336
25187.739501977336
25169.971643862988
25153.601858856586
25153.601858856586
25137.367949847456
25137.367949847456
25130.060764358816
25118.61641303724
25112.003829527068
25112.003829527068
25108.002163490437
25106.471276119526
25106.471276119526
25097.926719592586
25097.837286035912
25097.837286035912
25076.07686573769
25076.07686573769
25045.317987793205
25009.825209155846
25009.825209155846
25009.384476524952
25009.384476524952
25009.384476524952
25009.384476524952
25009.384476524952
24996.29114287621
24996.29114287621
24996.112828455618
24996.112828455618
24965.251395709576
24952.279831584776
24932.36944391333
24907.58308562236
24907.58308562236
24906.12162714698
24906.12162714698
24906.12162714698
24906.12162714698
24906.12162714698
24906.12162714698
24882.091930238872
24867.097492233275
24867.097492233275
24867.097492233275
24835.977673400674
24835.977673400674
24808.535084595038
24808.535084595038
24808.535084595038
24808.535084595038
24808.535084595038
24808.535084595038
24808.535084595038
24808.535084595038
24804.59393221963
24803.279371517594
24797.91540754835
24797.91540754835
24797.91540754835
24783.22308613348
24783.22308613348
24763.46643121779
24742.49783450029
24739.862359243754
24739.862359243754
24720.328685819324
24700.186993742736
24696.63857914613
24696.63857914613
24679.647400595866
24676.579470535806
24671.570971095898
24671.570971095898
24671.570971095898
24671.570971095898
24651.531760227852
24640.392153025816
24634.590055600347
24634.590055600347
24633.18693738018
24630.186532931206
24627.368882475992
24627.368882475992
24627.368882475992
24627.368882475992
24626.21503820982
24626.21503820982
24626.21503820982
24618.23011932179
24611.84258784901
24611.84258784901
24593.158575822068
24588.13733911547
24585.29648638233
24567.50389198698
24545.582665194554
24545.582665194554
24545.582665194554
24545.582665194554
24545.582665194554
24527.677226095766
24527.677226095766
24527.677226095766
24502.652325711948
24502.652325711948
24500.471528477454
24500.471528477454
24500.471528477454
24500.471528477454
24493.451256703207
24493.451256703207
24489.699501331983
24489.699501331983
24480.24117204362
24480.24117204362
24442.882379640927
24414.37227829056
24399.81931059841
24399.81931059841
24399.81931059841
24393.35162694086
24393.35162694086
24393.35162694086
24376.318272506964
24376.318272506964
24376.318272506964
24355.22014909179
24344.996855086967
24344.996855086967
24344.996855086967
24344.996855086967
24344.996855086967
24344.996855086967
24338.233064804896
24337.629515974826
24334.712902391206
24334.712902391206
24334.712902391206
24334.712902391206
24330.57266484413
24330.57266484413
24291.025013437826
24291.025013437826
24291.025013437826
24287.536006478036
24275.611113141666
24275.611113141666
24252.21337327228
24252.21337327228
24230.462580496358
24230.462580496358
24230.462580496358
24212.758975180135
24209.79924882899
24209.79924882899
24209.79924882899
24209.79924882899
24209.79924882899
24197.779260637715
24197.779260637715
24197.779260637715
24197.779260637715
24197.779260637715
24178.756693521547
24178.756693521547
24178.756693521547
24152.935703935098
24148.578949640265
24148.578949640265
24144.411244996547
24144.411244996547
24125.443881408217
24125.443881408217
24125.443881408217
24121.15973668264
24121.15973668264
24121.15973668264
24120.97477535222
24120.97477535222
24109.608115358395
24091.01901030472
24091.01901030472
24087.651104104134
24076.457959752795
24067.60823722129
24058.199516569184
24058.199516569184
24058.199516569184
24058.199516569184
24058.199516569184
24039.93641470238
24039.93641470238
24039.93641470238
24015.768190129245
24015.768190129245
24014.751350019695
24008.941362862035
24004.092788750222
24004.092788750222
23997.859660610055
23992.61005092445
23978.080202823654
23978.080202823654
23978.080202823654
23975.997900057755
23963.887597022785
23959.255655022054
23959.255655022054
23959.255655022054
23922.527819399584
23922.019253026203
23922.019253026203
23900.000119104872
23888.206677228878
23881.339186177363
23875.043226258324
23875.043226258324
23869.547303974865
23866.45851744024
23866.45851744024
23860.016082224076
23860.016082224076
23860.016082224076
23859.134588537647
23859.134588537647
23859.134588537647
23856.266114646023
23850.194385071016
23850.194385071016
23850.194385071016
23850.194385071016
23846.44183037762
23846.44183037762
23846.44183037762
23846.44183037762
23810.031761474474
23802.776281757262
23782.78446206616
23782.78446206616
23759.671956307382
23759.671956307382
23759.671956307382
23734.64444522856
23734.64444522856
23729.69571010923
23720.41226296414
23710.727723737207
23704.914378112917
23685.578130086877
23665.0904372861
23661.142880611897
23654.039338980583
23653.51286379456
23653.51286379456
23653.51286379456
23653.51286379456
23632.64420899471
23632.64420899471
23630.726222672172
23622.098621394798
23622.098621394798
23615.761810206473
23615.761810206473
23591.63295507928
23582.095486174872
23574.297757834458
23574.297757834458
23574.297757834458
23574.297757834458
23574.297757834458
23574.297757834458
23558.03190755502
23558.03190755502
23546.205193404177
23538.3901265212
23523.090209580336
23510.288060367802
23510.288060367802
23492.26831325401
23476.216538048742
23465.119309104593
23465.119309104593
23464.52516863902
23464.52516863902
23464.52516863902
23464.52516863902
23452.333465077085
23435.090889724317
23434.49339974435
23425.946192543455
23425.946192543455
23425.946192543455
23425.946192543455
23425.946192543455
23425.946192543455
23425.946192543455
23425.946192543455
23423.041746363066
23423.041746363066
23423.041746363066
23423.041746363066
23420.155547050126
23420.155547050126
23410.952784936704
23410.952784936704
23410.952784936704
23410.952784936704
23407.388192754002
23407.388192754002
23395.290578838973
23395.290578838973
23379.64765014525
23379.64765014525
23379.64765014525
23372.671708813414
23343.50794136131
23331.470516683177
23331.470516683177
23331.470516683177
23331.23833966734
23331.23833966734
23324.09942862697
23324.09942862697
23305.248387709198
23289.527622278576
23289.527622278576
23288.035785686887
23288.035785686887
23288.035785686887
23285.93550820814
23266.03179010045
23240.349871377686
23240.349871377686
23220.05605023794
23202.40337969568
23198.09204752818
23198.09204752818
23198.09204752818
23198.09204752818
23198.09204752818
23182.97351811442
23181.264074031842
23172.581241874876
23172.581241874876
23164.516216139913
23164.516216139913
23159.137659264998
23159.137659264998
23158.384990684728
23158.384990684728
23145.685805498793
23132.19184706845
23132.19184706845
23129.311092822605
23121.92520237017
23100.283399429944
23068.726940403438
23059.146947069443
23042.33374909331
23042.33374909331
23041.27368449721
23025.54322370956
23019.802818572618
23006.99510211029
23006.99510211029
22989.49019003444
22989.49019003444
22989.49019003444
22989.49019003444
22986.32048634064
22986.32048634064
22970.138271254895
22964.75585326175
22956.170356086743
22942.82689254195
22942.82689254195
22924.750047038553
22921.975115729125
22921.975115729125
22904.48040290521
22903.14891207984
22881.746926308988
22880.065847380574
22880.065847380574
22842.570250927438
22842.570250927438
22842.570250927438
22841.079348114854
22833.034645095322
22833.034645095322
22833.034645095322
22833.034645095322
22824.819677977954
22824.819677977954
22824.819677977954
22815.334926000705
22815.334926000705
22812.193916040804
22799.7439053885
22799.7439053885
22785.19589818619
22785.19589818619
22759.671814278878
22759.671814278878
22759.671814278878
22759.671814278878
22759.671814278878
22759.671814278878
22738.97446762004
22738.97446762004
22738.97446762004
22721.987550523027
22708.31055383743
22708.31055383743
22708.31055383743
22705.11058502434
22699.830094181936
22694.344721544567
22694.344721544567
22689.153367620234
22657.897388120342
22642.508400744944
22642.508400744944
22633.008774023503
22633.008774023503
22620.61399679292
22620.61399679292
22605.690280956558
22605.690280956558
22596.756500892723
22592.336113021505
22578.57466047476
22576.77877988284
22576.77877988284
22566.60408773915
22562.265736181613
22562.265736181613
22561.32205431465
22561.129559164452
22561.129559164452
22559.205191213026
22547.808977565845
22547.808977565845
22521.48853485478
22521.48853485478
22504.177750436385
22504.177750436385
22504.177750436385
22502.285126092487
22473.34561816833
22473.34561816833
22473.34561816833
22464.031174513148
22455.580534778033
22443.79127069993
22443.79127069993
22435.4747049149
22424.716693461643
22411.39777437494
22411.39777437494
22411.39777437494
22388.66860270563
22364.942092968075
22364.942092968075
22331.932300870725
22331.932300870725
22331.932300870725
22331.932300870725
22308.07598783653
22300.910078372995
22300.910078372995
22297.00166993931
22296.254835333624
22296.254835333624
22296.254835333624
22296.254835333624
22288.94211977492
22288.94211977492
22288.94211977492
22288.94211977492
22288.94211977492
22288.94211977492
22288.94211977492
22287.4489710115
22281.77512334164
22281.77512334164
22281.77512334164
22253.150146012606
22248.26790159682
22232.438622100683
22232.438622100683
22232.438622100683
22232.438622100683
22228.05588666186
22228.05588666186
22228.05588666186
22206.341878355644
22202.730963329483
22202.730963329483
22202.730963329483
22195.448477261118
22195.448477261118
22195.448477261118
22195.448477261118
22195.448477261118
22195.448477261118
22195.448477261118
22183.05644908787
22166.721365996542
22152.700034851838
22152.700034851838
22138.719509191113
22122.627957998528
22119.41938300812
22119.41938300812
22101.855936214644
22096.78174490878
22096.78174490878
22096.78174490878
22092.126204171665
22092.126204171665
22084.116269406768
22084.116269406768
22076.406430975356
22067.98056079444
22062.965018741834
22062.965018741834
22039.881737903146
22039.881737903146
22020.346402706524
22020.346402706524
22020.346402706524
22017.203003075898
22017.203003075898
22017.203003075898
22017.203003075898
22017.203003075898
22017.203003075898
22017.203003075898
22017.203003075898
22006.931901876418
21990.21348777094
21985.85533868681
21985.85533868681
21985.85533868681
21985.6998150943
21967.770188803122
21954.61799878997
21953.9907124633
21935.98298941212
21914.7892016285
21914.7892016285
21914.7892016285
21901.723603049428
21901.723603049428
21901.723603049428
21901.723603049428
21896.509775518636
21896.509775518636
21896.509775518636
21896.509775518636
21861.746651619294
21855.47305028005
21855.47305028005
21855.47305028005
21843.302725957674
21840.503540393518
21840.503540393518
21815.952443594
21783.95020583695
21783.456527285984
21778.855156464186
21778.855156464186
21773.290959956033
21773.290959956033
21773.290959956033
21773.290959956033
21773.290959956033
21773.290959956033
21753.305407404307
21744.966822986724
21744.966822986724
21744.966822986724
21739.539370642324
21736.913540080368
21732.39942095896
21732.39942095896
21732.39942095896
21729.090078658148
21729.090078658148
21710.797759008736
21710.797759008736
21710.797759008736
21708.709309881044
21708.709309881044
21708.709309881044
21694.09251861648
21694.09251861648
21693.7232634438
21693.7232634438
21690.456408011658
21681.60538466383
21681.60538466383
21664.122304603476
21648.71977309778
21637.986064313354
21637.986064313354
21637.986064313354
21621.470541719405
21611.99175807429
21593.161175436933
21593.161175436933
21586.039207937865
21586.039207937865
21586.039207937865
21586.039207937865
21586.039207937865
21586.039207937865
21565.891667661108
21565.891667661108
21555.4138438105
21555.4138438105
21555.4138438105
21555.4138438105
21545.907958012045
21537.620236586117
21518.392300547635
21518.392300547635
21502.170077339593
21494.597997683795
21494.597997683795
21494.597997683795
21494.597997683795
21482.759767091262
21482.759767091262
21481.26091603562
21481.26091603562
21481.26091603562
21477.909305373974
21464.279900439426
21464.279900439426
21445.26546155021
21439.76574110194
21439.76574110194
21431.150649152576
21431.150649152576
21431.150649152576
21431.150649152576
21422.88719535228
21422.88719535228
21422.88719535228
21415.72817293201
21415.72817293201
21415.72817293201
21415.72817293201
21398.48447159898
21379.71067482481
21379.71067482481
21370.323539376215
21357.00528806017
21357.00528806017
21344.216354487085
21340.5422767254
21319.5583601717
21319.5583601717
21287.344927584334
21285.518330005758
21271.396164626654
21267.355478940495
21251.734535322874
21251.734535322874
21251.734535322874
21231.707910154164
21208.329552739156
21208.329552739156
21200.615852110877
21190.18784072056
21181.265747866273
21165.961126110953
21160.824953400814
21160.824953400814
21160.824953400814
21153.349691409778
21131.904074930182
21112.74830946112
21112.74830946112
21112.74830946112
21105.26835668339
21105.26835668339
21082.451982034214
21082.451982034214
21082.451982034214
21082.451982034214
21072.308013042937
21072.308013042937
21072.308013042937
21072.308013042937
21072.308013042937
21053.454280377257
21052.446922304254
21052.130991087928
21035.64163347818
21033.423464519532
21025.79016407575
21025.79016407575
21013.834498576933
21011.923671532266
21001.318524482736
21001.318524482736
20988.623605785087
20988.623605785087
20988.623605785087
20988.623605785087
20988.623605785087
20988.623605785087
20988.623605785087
20988.623605785087
20988.623605785087
20988.623605785087
20988.623605785087
20988.623605785087
20988.623605785087
20965.032468692196
20937.835795452193
20937.835795452193
20930.182592158308
20911.70725753341
20911.70725753341
20911.70725753341
20911.70725753341
20911.70725753341
20906.255645008172
20906.255645008172
20896.654313175448
20894.05719789445
20881.564398864444
20871.16940455836
20871.16940455836
20871.16940455836
20871.16940455836
20860.6800718893
20851.446858847416
20851.446858847416
20848.066954154077
20843.150654442015
20843.150654442015
20843.150654442015
20843.150654442015
20840.48459377142
20840.48459377142
20822.43632905938
20822.43632905938
20811.656267709765
20811.656267709765
20792.07953120388
20792.07953120388
20780.13976246396
20780.13976246396
20780.13976246396
20757.745996151745
20754.88952237804
20746.62815282618
20746.62815282618
20737.769602684515
20737.769602684515
20725.340089064965
20723.551934588733
20692.34372463975
20692.34372463975
20692.34372463975
20684.591792719322
20681.68569142144
20681.68569142144
20681.55565869771
20665.48009383234
20641.438894698837
20641.438894698837
20627.723136586843
20604.500443430232
20604.500443430232
20604.500443430232
20604.500443430232
20571.21972386469
20571.21972386469
20555.470755631824
20552.448441626242
20528.146678281668
20528.146678281668
20525.20961462493
20514.664003466463
20494.2751800455
20484.977074442817
20442.283810998622
20434.19538665987
20434.19538665987
20414.56836072245
20414.56836072245
20414.409350020942
20414.33062946436
20408.327347239476
20408.327347239476
20408.327347239476
20401.21289612256
20401.21289612256
20392.014175638942
20387.492936344748
20387.492936344748
20383.35870503256
20368.15854908007
20368.15854908007
20368.15854908007
20368.15854908007
20368.15854908007
20361.229393604408
20361.229393604408
20349.473044681738
20349.473044681738
20349.473044681738
20349.473044681738
20349.473044681738
20347.64398870416
20312.812873700284
20312.812873700284
20292.057610492215
20292.057610492215
20292.057610492215
20292.057610492215
20245.965228514862
20245.965228514862
20245.965228514862
20245.965228514862
20245.965228514862
20245.965228514862
20235.94548037385
20235.94548037385
20222.44974823475
20202.137411433687
20200.240364984184
20200.240364984184
20200.240364984184
20191.004747297706
20191.004747297706
20191.004747297706
20191.004747297706
20190.569333723826
20190.569333723826
20188.32575358791
20188.32575358791
20188.32575358791
20188.32575358791
20175.979476494576
20174.89987087008
20174.89987087008
20174.89987087008
20174.89987087008
20171.613106783705
20156.17130300358
20145.534462208678
20113.16716501786
20113.16716501786
20113.16716501786
20113.16716501786
20113.16716501786
20113.16716501786
20105.817541239743
20101.85727888917
20091.596468394164
20090.181158266474
20090.181158266474
20090.181158266474
20090.181158266474
20075.922442901472
20070.9079737617
20063.875772598076
20063.875772598076
20052.077126192504
20036.381126986984
20036.381126986984
20036.31641018233
20036.31641018233
20036.31641018233
20025.08724183391
20025.08724183391
20024.035423363548
20021.00414863826
20021.00414863826
20012.638159832753
19988.695383501683
19988.695383501683
19988.695383501683
19988.695383501683
19970.35051557028
19969.6391764049
19964.609396729087
19959.462404020327
19945.899811025112
19938.523674509266
19911.235655004777
19890.27487166525
19890.27487166525
19871.8303531245
19871.8303531245
19871.8303531245
19867.034483681204
19865.808784369518
19865.808784369518
19838.66172580383
19823.631370239473
19823.631370239473
19823.631370239473
19823.631370239473
19823.631370239473
19823.631370239473
19823.631370239473
19813.63544800241
19812.15237480511
19812.15237480511
19796.683128828277
19796.683128828277
19790.049182549803
19782.66964406441
19782.66964406441
19782.66964406441
19782.66964406441
19741.083756544984
19741.083756544984
19718.082547370766
19718.082547370766
19710.238519887575
19710.238519887575
19697.148932365402
19696.831238598355
19687.55097603981
19670.148631428186
19654.0804798788
19637.989489568983
19607.444846421527
19607.444846421527
19607.444846421527
19607.444846421527
19605.61738192922
19605.61738192922
19605.61738192922
19589.168524189983
19589.168524189983
19589.168524189983
19569.997562275763
19555.684305547715
19555.684305547715
19552.77245919529
19547.644503713265
19547.644503713265
19547.644503713265
19547.644503713265
19532.300495362033
19532.300495362033
19532.300495362033
19532.300495362033
19528.884416360164
19528.884416360164
19520.84349571185
19520.84349571185
19517.23123953423
19497.431580583376
19496.07225861295
19478.913206328783
19461.28001638989
19461.28001638989
19461.28001638989
19461.28001638989
19434.929752166358
19434.929752166358
19434.929752166358
19434.929752166358
19420.778707940117
19416.148845804957
19416.148845804957
19416.148845804957
19416.148845804957
19416.148845804957
19404.6041556231
19392.431212280015
19384.993454418865
19379.69175861372
19371.63709925122
19371.63709925122
19371.63709925122
19365.379001283596
19349.076225011162
19349.076225011162
19349.076225011162
19345.539769773804
19317.826498657803
19317.072953728704
19317.072953728704
19317.072953728704
19292.1639483454
19289.569983780955
19289.569983780955
19289.569983780955
19289.569983780955
19289.569983780955
19289.569983780955
19287.867906804848
19284.76212897922
19275.997388523378
19275.997388523378
19269.521399219393
19269.521399219393
19269.521399219393
19269.521399219393
19258.146284059065
19258.146284059065
19257.493941441582
19252.961872420863
19226.55779984031
19219.273747155188
19219.273747155188
19218.66963550919
19218.66963550919
19215.3378605272
19215.3378605272
19215.3378605272
19210.67704264231
19210.67704264231
19198.93417626769
19198.93417626769
19197.479683521025
19197.479683521025
19197.479683521025
19197.479683521025
19197.479683521025
19197.479683521025
19191.181032082295
19191.181032082295
19191.181032082295
19191.181032082295
19181.800201967533
19181.800201967533
19181.800201967533
19181.800201967533
19181.800201967533
19177.92516230288
19158.57459514468
19158.57459514468
19158.57459514468
19138.91342634372
19138.91342634372
19131.279184996285
19128.346774006834
19125.164078673002
19107.200896859413
19102.40742213223
19102.40742213223
19094.895446734867
19091.80416694985
19083.239820031897
19083.03908886552
19075.22424497924
19063.237803611428
19063.237803611428
19063.237803611428
19063.237803611428
19063.237803611428
19063.237803611428
19063.237803611428
19049.305279029868
19049.305279029868
19035.47544805841
19033.354243297377
19033.354243297377
19031.575183863013
19031.575183863013
19031.575183863013
19000.11535787163
19000.11535787163
19000.11535787163
19000.11535787163
18997.439415157107
18973.29110841775
18973.29110841775
18957.29848351842
18957.29848351842
18957.29848351842
18957.29848351842
18949.200473650126
18949.200473650126
18938.47368963364
18938.47368963364
18938.47368963364
18938.47368963364
18938.47368963364
18938.47368963364
18936.090301127286
18928.110313440313
18905.2793684369
18905.2793684369
18905.2793684369
18905.2793684369
18905.2793684369
18900.484902865748
18897.90979068095
18897.90979068095
18897.90979068095
18897.90979068095
18874.838342747313
18872.22822484643
18840.242095892787
18840.242095892787
18832.91800611269
18800.356227579243
18800.356227579243
18792.938242061304
18784.319119318083
18778.461597473415
18775.58200930259
18764.89849124141
18764.89849124141
18759.948262972088
18759.69465138702
18759.69465138702
18759.69465138702
18757.19277054333
18748.363486732098
18748.363486732098
18711.687711427323
18669.182995132716
18669.182995132716
18657.011957286573
18645.262956385817
18641.698886892817
18640.853278437913
18630.46264147855
18630.46264147855
18619.461231342408
18612.44212388826
18612.44212388826
18600.432534287018
18589.105526289677
18589.105526289677
18579.193928337532
18558.738175651804
18551.823384172807
18551.823384172807
18545.787172482076
18525.95600599901
18525.95600599901
18511.297107359645
18511.297107359645
18511.297107359645
18507.99841409442
18496.502816344175
18496.502816344175
18496.502816344175
18496.502816344175
18494.378597213978
18490.69489439468
18490.69489439468
18490.69489439468
18490.69489439468
18490.69489439468
18482.348088601157
18467.81220499454
18467.81220499454
18467.81220499454
18467.81220499454
18462.247313026524
18462.247313026524
18462.247313026524
18456.275122387
18456.275122387
18456.275122387
18431.0689468866
18431.0689468866
18417.967925929686
18417.967925929686
18417.967925929686
18416.08724496919
18416.08724496919
18416.08724496919
18411.810907209147
18411.810907209147
18411.810907209147
18411.810907209147
18397.5906677605
18363.43869615198
18363.43869615198
18362.583730233036
18362.583730233036
18352.61638265331
18352.61638265331
18333.234477571106
18325.094158810694
18308.100658323965
18306.701328442145
18306.701328442145
18300.450604135985
18300.450604135985
18300.450604135985
18300.450604135985
18291.230918528734
18291.230918528734
18291.230918528734
18284.97065795754
18284.97065795754
18283.18829291598
18283.18829291598
18283.18829291598
18283.18829291598
18283.18829291598
18283.18829291598
18283.18829291598
18276.519523793635
18276.519523793635
18253.713322245316
18242.734902143027
18242.734902143027
18242.734902143027
18240.29724505817
18236.030129759238
18236.030129759238
18227.87833485682
18227.87833485682
18216.823681333957
18216.823681333957
18216.823681333957
18216.823681333957
18211.901824310746
18211.901824310746
18208.764424488225
18208.764424488225
18198.446415230334
18198.446415230334
18198.446415230334
18192.798979697236
18192.798979697236
18192.798979697236
18191.02637086014
18168.78333103163
18164.921319026755
18153.124575190945
18150.147533901967
18144.558677170222
18139.40563098073
18139.40563098073
18110.007102614647
18085.604818788
18085.604818788
18076.967929120114
18076.967929120114
18076.967929120114
18076.967929120114
18076.967929120114
18076.967929120114
18076.967929120114
18076.967929120114
18075.66633181003
18075.66633181003
18075.66633181003
18075.66633181003
18075.66633181003
18075.66633181003
18075.66633181003
18075.66633181003
18075.66633181003
18075.66633181003
18064.22583057506
18064.22583057506
18064.22583057506
18052.80778989313
18036.661618187412
18022.863547725123
18022.863547725123
18022.863547725123
18022.46396981019
18022.46396981019
18019.551770208778
17998.688732126764
17984.759613096645
17984.759613096645
17984.759613096645
17984.759613096645
17984.759613096645
17984.759613096645
17969.92689371109
17949.57936520132
17939.359006872197
17939.359006872197
17910.745034936535
17896.106741027972
17878.589245371084
17878.589245371084
17862.72259808345
17862.72259808345
17862.72259808345
17851.50048413768
17846.08926743203
17846.08926743203
17846.08926743203
17845.973790420703
17834.567273809538
17822.521532606224
17822.521532606224
17813.56745922953
17812.092046466183
17812.092046466183
17812.092046466183
17812.092046466183
17809.86591353091
17809.86591353091
17809.86591353091
17809.86591353091
17806.462420961678
17806.462420961678
17802.432744963917
17797.26554142748
17795.64684355612
17789.500825568775
17780.91624222937
17764.92712367408
17761.747048082896
17749.515273062905
17733.306644670203
17733.306644670203
17730.28306403492
17730.28306403492
17717.525726770564
17712.540520654515
17712.540520654515
17707.385546090096
17700.95273975621
17700.95273975621
17700.95273975621
17685.733233199084
17666.135530449366
17666.135530449366
17666.135530449366
17656.67088094667
17643.414734675032
17633.46996272262
17618.263836025406
17586.997291385316
17580.49153515114
17580.49153515114
17544.90535772133
17528.825944398825
17525.742006756354
17510.5858288103
17501.31275270986
17498.943712213306
17490.116784962753
17475.034930216123
17460.354779660483
17460.354779660483
17444.772257782814
17444.772257782814
17444.772257782814
17434.44726871227
17424.08851049903
17424.08851049903
17415.87491814744
17415.87491814744
17415.87491814744
17415.87491814744
17415.87491814744
17401.278486894913
17398.644194284083
17398.644194284083
17389.315991378116
17380.416610502434
17380.416610502434
17370.901941459193
17364.279593989202
17356.625302678927
17356.625302678927
17353.641000046326
17353.641000046326
17353.641000046326
17346.575856783096
17346.575856783096
17327.294102157124
17327.294102157124
17327.294102157124
17319.533651122994
17319.533651122994
17319.533651122994
17319.533651122994
17299.601330010937
17288.85532669568
17288.85532669568
17284.389248860803
17284.389248860803
17266.92283627467
17249.740143756357
17233.02877694533
17233.02877694533
17222.92673634764
17201.354490374368
17196.601700408988
17193.429476090045
17193.429476090045
17178.326810057413
17174.50002543315
17160.60148641439
17160.60148641439
17160.60148641439
17152.77880126889
17152.77880126889
17152.77880126889
17151.16312051573
17151.16312051573
17151.16312051573
17151.16312051573
17139.648957829795
17133.68119801488
17126.3940428324
17118.127554552102
17118.127554552102
17118.127554552102
17118.127554552102
17118.127554552102
17114.88068105832
17113.815554940753
17113.815554940753
17113.815554940753
17091.847260701445
17091.847260701445
17091.847260701445
17076.717856176278
17076.717856176278
17076.717856176278
17076.717856176278
17076.717856176278
17072.99457890902
17072.99457890902
17072.99457890902
17072.99457890902
17072.99457890902
17072.99457890902
17033.444681422843
17033.444681422843
17032.61844903603
17029.116160966147
17010.03621458614
17004.558012867452
17004.558012867452
16994.900121626008
16973.511758905963
16965.39371831397
16965.39371831397
16965.39371831397
16932.262562268323
16921.505092231662
16921.505092231662
16910.772404766343
16910.772404766343
16910.772404766343
16910.772404766343
16910.772404766343
16910.772404766343
16908.651968882794
16898.988175918996
16885.788994717095
16871.451895993672
16871.451895993672
16846.83172808508
16846.83172808508
16846.83172808508
16845.328701458177
16838.358903829547
16811.82768791736
16806.74158277755
16788.920508603424
16779.22672570239
16779.22672570239
16774.215249953322
16774.215249953322
16774.215249953322
16774.215249953322
16774.215249953322
16761.102093436504
16761.102093436504
16735.306182184948
16733.573362806907
16721.97977750195
16700.636038050976
16689.608675481948
16689.608675481948
16681.430397716027
16681.430397716027
16681.430397716027
16681.430397716027
16663.934680380346
16658.06617119891
16658.06617119891
16647.603248653082
16645.259049822645
16634.970754962964
16617.43140044307
16603.633165081126
16600.929875361406
16600.91833928332
16586.503287129188
16579.29600588041
16579.29600588041
16579.29600588041
16579.29600588041
16579.29600588041
16579.29600588041
16579.29600588041
16579.29600588041
16573.8068177828
16573.8068177828
16573.8068177828
16573.8068177828
16573.8068177828
16570.08515373435
16570.08515373435
16568.29212825491
16568.29212825491
16568.29212825491
16555.286558126918
16555.286558126918
16548.093854629264
16548.093854629264
16542.62041630051
16523.228625514974
16523.228625514974
16504.17790661308
16496.692513309776
16496.692513309776
16496.692513309776
16496.692513309776
16491.610729238877
16491.610729238877
16469.39134875126
16457.70369978677
16439.235177920207
16433.79691272243
16416.613272638875
16412.140422502765
16412.140422502765
16412.140422502765
16412.140422502765
16412.140422502765
16407.777106589492
16407.777106589492
16395.394169894724
16395.394169894724
16368.18619975856
16368.18619975856
16361.002738592493
16361.002738592493
16358.682700889363
16349.91192248856
16335.406554818837
16330.284010628817
16330.284010628817
16330.284010628817
16309.093063039738
16309.093063039738
16294.29944374579
16275.262353347956
16263.429653785595
16263.429653785595
16263.429653785595
16261.522437196954
16247.79468066413
16247.79468066413
16247.79468066413
16247.79468066413
16247.79468066413
16230.917557164628
16197.881922857367
16197.881922857367
16180.212443928258
16176.864947421687
16176.864947421687
16176.864947421687
16169.42352927718
16169.42352927718
16169.42352927718
16169.42352927718
16169.42352927718
16160.826955008719
16158.236270167703
16158.236270167703
16158.236270167703
16154.20413337754
16154.20413337754
16150.061960063651
16150.061960063651
16150.061960063651
16145.976759981268
16145.976759981268
16145.976759981268
16144.133583891726
16144.133583891726
16143.904524778438
16143.904524778438
16143.904524778438
16140.879055552126
16140.879055552126
16137.384368323776
16132.79470737026
16132.79470737026
16117.942955938477
16117.942955938477
16107.29846662375
16103.41061603007
16103.41061603007
16103.41061603007
16103.41061603007
16098.55505533683
16077.601243315632
16063.59380836482
16060.809620127138
16060.809620127138
16037.805967808883
16037.805967808883
16034.592467838782
16034.592467838782
16034.592467838782
16034.592467838782
16034.592467838782
16034.592467838782
16031.584994308454
16031.584994308454
16031.584994308454
16012.464410472467
16004.30850011167
15991.782727559546
15969.728040830138
15969.728040830138
15958.829931139822
15954.415911973634
15954.415911973634
15939.354288074497
15939.354288074497
15939.354288074497
15939.354288074497
15924.896393893421
15905.580025191597
15905.580025191597
15897.669795704907
15897.669795704907
15897.669795704907
15894.090658827556
15888.447833503556
15888.447833503556
15882.584445129665
15869.214313266046
15864.037094206331
15864.037094206331
15861.47268419776
15852.32594173599
15852.32594173599
15852.32594173599
15852.32594173599
15852.32594173599
15838.049917531638
15838.049917531638
15829.819094367867
15829.819094367867
15829.819094367867
15829.819094367867
15829.819094367867
15829.819094367867
15829.819094367867
15829.819094367867
15829.819094367867
15829.819094367867
15829.819094367867
15829.819094367867
15827.939409131543
15813.6601671635
15813.6601671635
15803.954957053209
15800.498482633397
15800.498482633397
15800.498482633397
15800.498482633397
15792.624698952826
15782.007009925046
15782.007009925046
15776.020451235683
15772.3679754154
15753.214849730537
15753.214849730537
15753.214849730537
15737.896828468813
15728.84109152618
15728.84109152618
15713.156673736285
15703.838803355404
15697.914943865171
15675.050236088515
15675.050236088515
15675.050236088515
15661.994956556213
15661.994956556213
15647.101876405415
15629.135803029252
15629.135803029252
15629.135803029252
15629.135803029252
15629.135803029252
15629.135803029252
15629.135803029252
15613.003585759747
15599.047233112578
15593.030850201143
15573.75171653727
15572.835133657574
15568.46470028596
15568.46470028596
15559.80476499666
15559.80476499666
15549.7418645549
15549.7418645549
15545.863512305765
15537.878686158601
15525.213737898841
15525.213737898841
15511.143791823459
15510.375867970732
15510.375867970732
15495.142331431754
15476.334359799936
15475.249483279931
15446.939311734635
15446.939311734635
15438.232452906483
15433.313391809597
15432.698938440739
15425.980804996636
15414.585768599598
15407.079042061041
15407.079042061041
15407.079042061041
15383.018636669138
15383.018636669138
15383.018636669138
15367.089599879477
15367.089599879477
15367.089599879477
15367.089599879477
15363.013227185576
15354.617384198438
15353.441055897483
15353.441055897483
15353.441055897483
15350.14132650883
15350.14132650883
15325.603769731682
15325.603769731682
15315.774690148726
15315.774690148726
15315.774690148726
15315.774690148726
15315.774690148726
15311.226815293106
15309.151770066836
15309.151770066836
15298.070382441208
15298.070382441208
15298.070382441208
15289.112722002765
15275.162555283045
15275.162555283045
15275.162555283045
15275.162555283045
15273.54321753689
15266.62488898315
15259.226814004342
15239.961398812575
15227.761841264602
15200.1153739223
15200.1153739223
15200.1153739223
15200.1153739223
15200.1153739223
15200.1153739223
15176.429079842674
15160.713100943125
15142.337164875302
15142.337164875302
15140.50856735444
15140.50856735444
15136.753054160758
15133.956548912916
15121.012938217147
15121.012938217147
15112.27190410262
15112.27190410262
15076.481358035844
15076.481358035844
15076.481358035844
15076.481358035844
15076.481358035844
15058.224144646021
15041.690449198404
15041.690449198404
15008.592785637818
14981.892084645959
14981.892084645959
14950.296689158904
14943.238216886724
14943.238216886724
14943.238216886724
14936.40966083801
14936.40966083801
14936.40966083801
14936.40966083801
14936.40966083801
14936.40966083801
14936.40966083801
14936.40966083801
14936.40966083801
14936.40966083801
14936.40966083801
14917.62193990354
14917.62193990354
14917.62193990354
14917.62193990354
14917.62193990354
14917.62193990354
14915.15424426835
14905.759086324711
14885.264875033728
14879.998318197831
14876.386928606571
14876.386928606571
14867.459923963876
14867.459923963876
14867.459923963876
14863.616185779787
14863.616185779787
14856.367180447558
14844.622480797943
14844.622480797943
14833.5914845412
14833.5914845412
14833.5914845412
14833.5914845412
14833.5914845412
14831.357949215198
14831.357949215198
14810.53532320834
14800.57211152712
14790.625579820715
14790.625579820715
14767.585063781577
14756.421792655115
14756.421792655115
14756.421792655115
14756.421792655115
14741.340256219486
14741.340256219486
14739.627637187152
14739.627637187152
14739.627637187152
14723.598392417902
14723.598392417902
14716.856910198218
14698.577699009453
14690.241109989074
14673.27389720964
14673.27389720964
14658.047343336239
14658.047343336239
14641.415967711553
14641.415967711553
14641.415967711553
14641.415967711553
14641.415967711553
14639.417333251999
14639.417333251999
14636.065011405155
14616.909907724888
14614.1145110696
14605.774477402787
14586.719741308494
14586.719741308494
14586.719741308494
14585.57095017689
14584.75453313515
14584.75453313515
14584.75453313515
14577.044582558072
14577.044582558072
14575.342105155436
14575.342105155436
14575.342105155436
14575.342105155436
14575.342105155436
14575.342105155436
14575.342105155436
14575.342105155436
14571.450760048741
14564.061629426827
14564.061629426827
14564.061629426827
14550.957413986216
14548.990579083234
14548.990579083234
14548.990579083234
14548.990579083234
14548.990579083234
14548.990579083234
14548.990579083234
14544.150733454515
14544.150733454515
14544.150733454515
14544.150733454515
14544.150733454515
14543.540726859988
14537.23867200992
14537.23867200992
14536.83110772239
14533.075800348062
14533.075800348062
14533.075800348062
14533.075800348062
14528.70058449273
14516.921832959084
14516.921832959084
14516.921832959084
14507.984255783937
14507.984255783937
14500.655939993629
14500.655939993629
14500.655939993629
14500.655939993629
14500.655939993629
14500.655939993629
14500.655939993629
14499.680047348336
14499.680047348336
14476.611319913254
14476.611319913254
14476.611319913254
14476.611319913254
14474.78999442783
14459.771863762238
14459.771863762238
14459.771863762238
14459.771863762238
14459.771863762238
14456.666259752026
14448.68409808063
14431.821814897987
14414.335325167718
14414.335325167718
14414.335325167718
14414.335325167718
14410.654824290603
14403.456541944679
14403.456541944679
14403.456541944679
14403.456541944679
14391.302491879716
14381.93651324431
14355.037237382166
14355.037237382166
14352.086285109457
14348.362728008073
14348.362728008073
14333.370374137829
14333.370374137829
14316.416316209703
14315.654471859942
14281.335055026646
14263.68987498176
14256.436440133848
14256.436440133848
14242.014814781262
14241.413195019348
14238.552367980927
14208.318845669724
14208.318845669724
14181.958045504769
14181.958045504769
14181.958045504769
14169.406346819218
14157.60229618289
14151.66849516853
14151.66849516853
14151.66849516853
14151.66849516853
14138.919885872716
14117.667689594376
14117.667689594376
14117.667689594376
14117.667689594376
14113.27512863637
14105.794854639513
14101.116347890988
14090.547428132142
14085.177397270885
14080.892432724555
14077.255845606793
14075.82922822031
14059.063300126289
14058.079544274513
14058.079544274513
14056.228617459956
14050.992632074604
14050.992632074604
14045.908441134543
14043.300278739402
14043.300278739402
14041.712197968975
14041.103664743672
14033.88239824961
14033.88239824961
14033.88239824961
14033.88239824961
14033.88239824961
14028.49107618679
14028.49107618679
14024.27260293696
14024.27260293696
14023.385891846441
14023.385891846441
14023.385891846441
14023.385891846441
14023.385891846441
14023.385891846441
14023.385891846441
14023.385891846441
14023.385891846441
14021.105891947223
14021.105891947223
14007.823065397853
14007.823065397853
14007.823065397853
14007.823065397853
14007.823065397853
14007.823065397853
14000.132683945343
13986.914121817048
13986.914121817048
13986.914121817048
13986.914121817048
13973.30022563001
13973.30022563001
13970.983651561197
13970.983651561197
13970.983651561197
13966.030321594397
13966.030321594397
13966.030321594397
13966.030321594397
13966.030321594397
13965.088776029592
13965.088776029592
13963.329222258699
13958.097649776533
13957.720168942846
13957.720168942846
13954.686423213518
13954.686423213518
13948.4737531882
13948.4737531882
13948.4737531882
13948.4737531882
13948.4737531882
13946.328265007187
13937.147455095188
13911.565193027758
13911.565193027758
13911.565193027758
13902.162412889807
13897.303197577847
13897.303197577847
13897.303197577847
13897.303197577847
13896.996138478844
13876.020468196051
13876.020468196051
13874.191484501891
13874.191484501891
13874.154772207017
13867.923311982011
13850.763934820603
13841.737507133543
13840.28285747131
13831.520415441288
13822.98948796994
13822.98948796994
13822.98948796994
13814.079904983613
13800.904657109273
13800.904657109273
13800.904657109273
13787.501225251275
13764.854264409663
13756.846060092348
13756.846060092348
13750.37096415514
13750.197870952266
13750.197870952266
13750.197870952266
13742.677538239106
13732.995075602397
13731.053059720834
13731.053059720834
13731.053059720834
13731.053059720834
13718.911886567867
13704.958621516314
13704.958621516314
13684.052176233166
13682.212293893528
13682.212293893528
13680.713662410204
13672.858006485936
13672.858006485936
13672.858006485936
13638.681019438956
13632.638454440945
13628.696985084807
13628.696985084807
13596.615361081833
13579.069050530083
13579.069050530083
13579.069050530083
13579.069050530083
13563.475562345991
13547.715878287872
13547.715878287872
13527.498040332188
13527.498040332188
13525.97249778594
13525.97249778594
13525.97249778594
13525.97249778594
13523.275840310424
13507.486833640356
13507.486833640356
13507.486833640356
13507.486833640356
13507.486833640356
13507.486833640356
13507.486833640356
13507.486833640356
13503.088694324479
13503.012633877024
13503.012633877024
13492.098151066153
13488.339401853855
13488.339401853855
13488.339401853855
13474.247010232559
13460.90787830812
13452.248002659055
13452.248002659055
13446.1084507976
13438.027063567528
13418.749360191037
13418.749360191037
13414.146898525536
13402.715471448539
13397.117529364496
13388.387010869288
13380.076889379092
13368.759252053565
13353.06136563126
13341.670170228686
13338.083503609938
13338.083503609938
13338.083503609938
13334.445576431663
13334.445576431663
13334.445576431663
13333.140512430722
13333.140512430722
13333.140512430722
13314.228565977686
13311.397410486697
13307.962766842797
13303.673927892061
13303.673927892061
13302.783575303127
13294.72175277519
13290.041038021229
13290.041038021229
13290.041038021229
13280.469303683038
13264.086344242367
13264.086344242367
13264.086344242367
13252.714958734696
13246.119190988176
13246.119190988176
13246.119190988176
13232.977699781859
13226.73205205949
13226.066651387797
13226.066651387797
13217.322962109109
13206.342487887781
13206.342487887781
13202.734313162367
13202.734313162367
13194.358897917975
13171.158905151682
13161.369201403699
13161.369201403699
13161.369201403699
13144.993851933079
13144.993851933079
13144.993851933079
13144.993851933079
13144.993851933079
13137.576937929225
13130.475916010282
13115.722816058145
13115.722816058145
13115.722816058145
13115.722816058145
13115.389536293973
13113.206836431875
13113.206836431875
13113.206836431875
13107.822342019575
13098.900237084774
13094.180962400731
13094.180962400731
13081.985413839171
13081.985413839171
13069.243246733262
13069.243246733262
13069.243246733262
13055.171389961808
13042.872845757554
13042.872845757554
13019.682387641627
13012.384642424895
12998.004651501948
12998.004651501948
12997.70553774168
12997.70553774168
12986.055371930897
12984.501806684591
12984.501806684591
12977.510291167318
12973.891710584938
12970.199086451754
12966.86511035979
12966.86511035979
12958.23612749186
12958.23612749186
12953.015656970076
12952.790791958545
12946.153304514588
12933.696390122566
12933.696390122566
12923.980863818242
12919.89058848434
12919.89058848434
12905.996132057586
12905.996132057586
12902.31767352922
12883.295002292472
12873.346625650987
12873.346625650987
12861.401535397566
12852.76761148039
12852.76761148039
12852.76761148039
12846.091024731206
12846.091024731206
12846.091024731206
12832.52745269816
12832.52745269816
12832.52745269816
12828.502039664418
12805.417768127258
12805.417768127258
12805.417768127258
12805.417768127258
12805.417768127258
12805.417768127258
12805.417768127258
12788.924965459795
12784.353985890915
12784.353985890915
12781.78647179468
12781.78647179468
12781.78647179468
12781.78647179468
12763.218899850062
12763.218899850062
12763.218899850062
12745.65273826326
12743.079448644552
12743.079448644552
12743.079448644552
12743.079448644552
12727.995430650222
12723.631733725797
12723.631733725797
12723.631733725797
12723.631733725797
12700.50970822663
12700.50970822663
12699.91243257017
12699.778649933995
12699.778649933995
12692.462605219325
12689.07981419668
12689.07981419668
12676.712477799563
12676.712477799563
12676.712477799563
12676.712477799563
12669.25417687345
12655.446908413405
12655.446908413405
12641.203767735173
12641.203767735173
12641.203767735173
12641.203767735173
12641.203767735173
12641.203767735173
12637.382906842255
12637.382906842255
12627.438890247837
12627.438890247837
12627.438890247837
12626.763409761745
12626.763409761745
12626.763409761745
12623.729752437897
12623.729752437897
12602.767814775052
12602.767814775052
12602.767814775052
12590.406217544136
12590.406217544136
12584.446606417874
12576.947019789677
12575.084320683687
12556.69093587045
12550.341507935502
12546.101025208452
12523.222646076356
12517.527479907516
12517.527479907516
12517.527479907516
12509.593481206346
12509.593481206346
12502.555084065574
12491.121492929664
12491.121492929664
12491.121492929664
12491.121492929664
12491.121492929664
12485.792612421017
12478.754317303914
12478.754317303914
12478.754317303914
12474.728219780507
12474.728219780507
12474.728219780507
12474.728219780507
12472.898690534044
12472.898690534044
12465.210346697057
12465.210346697057
12465.210346697057
12459.366060691245
12459.366060691245
12459.366060691245
12459.366060691245
12454.794665990146
12446.694552931422
12446.694552931422
12434.145160916663
12434.145160916663
12431.3307698671
12431.3307698671
12425.085701969916
12416.622972158339
12416.622972158339
12405.885685896057
12403.87435261841
12403.87435261841
12403.87435261841
12403.87435261841
12403.87435261841
12396.151171885022
12393.584866343253
12392.069057550092
12392.069057550092
12392.069057550092
12392.069057550092
12392.069057550092
12392.069057550092
12392.069057550092
12392.069057550092
12392.069057550092
12391.342400792471
12391.342400792471
12387.456534849058
12387.456534849058
12387.456534849058
12387.456534849058
12387.456534849058
12377.628064532488
12377.628064532488
12371.582821908878
12366.097889673021
12357.602399296347
12350.848568120808
12333.509670865498
12333.509670865498
12333.509670865498
12329.50375450635
12329.50375450635
12329.50375450635
12316.705051095058
12316.705051095058
12316.705051095058
12316.705051095058
12309.972139863055
12309.972139863055
12309.972139863055
12294.260370883687
12294.260370883687
12294.260370883687
12290.194396390525
12290.194396390525
12284.733115295738
12284.733115295738
12284.733115295738
12284.733115295738
12282.132366495469
12282.132366495469
12265.095159464918
12265.095159464918
12263.156577108573
12263.156577108573
12262.121941392808
12237.94670060769
12218.108536321026
12218.108536321026
12218.108536321026
12218.108536321026
12210.902356190041
12210.902356190041
12210.902356190041
12210.354586276402
12210.354586276402
12210.354586276402
12209.122372678254
12209.122372678254
12209.122372678254
12207.843235733506
12204.420341185765
12187.282735442019
12177.146748379702
12176.877686639868
12167.37241844327
12167.113441570102
12160.550697899105
12146.326602480709
12136.046754939596
12132.143755211113
12130.965325632218
12130.965325632218
12118.47015036307
12118.47015036307
12112.081676557225
12102.55908887631
12101.312758527507
12078.352660784687
12078.352660784687
12068.722331658004
12068.722331658004
12065.887671706645
12058.08143804794
12051.573880052354
12051.573880052354
12051.573880052354
12049.912118574475
12047.171263365348
12047.171263365348
12010.45041014587
11997.488012709415
11997.488012709415
11995.988011327678
11995.988011327678
11995.988011327678
11995.988011327678
11986.912074668628
11954.047513830807
11954.047513830807
11933.732797769573
11933.732797769573
11915.775919939346
11915.775919939346
11915.775919939346
11910.835218797149
11904.333471151918
11901.819228299177
11897.154442920286
11897.154442920286
11895.304156115493
11889.671273314223
11886.271100409285
11886.271100409285
11880.987361644611
11880.987361644611
11880.987361644611
11870.748205044305
11870.748205044305
11870.748205044305
11870.748205044305
11870.748205044305
11870.748205044305
11870.748205044305
11870.748205044305
11870.748205044305
11870.748205044305
11870.748205044305
11870.748205044305
11870.748205044305
11869.973405314367
11866.390040924472
11866.390040924472
11860.012398070849
11860.012398070849
11845.892900992
11838.435521385725
11836.602570775278
11836.602570775278
11836.602570775278
11811.893007945646
11803.234433613607
11803.234433613607
11790.69824999443
11787.144490369617
11772.064917581667
11771.830500599253
11771.830500599253
11752.420178416944
11750.789129415576
11750.789129415576
11750.789129415576
11749.967123720202
11742.391446457452
11742.391446457452
11742.391446457452
11738.031714291423
11719.184464353542
11716.865502775208
11716.865502775208
11712.41258108594
11708.041468021893
11708.041468021893
11708.041468021893
11702.512070086002
11702.512070086002
11702.512070086002
11702.512070086002
11700.635246372103
11700.635246372103
11692.442536747567
11692.442536747567
11692.442536747567
11692.442536747567
11692.442536747567
11691.35787587366
11686.605000604677
11685.99807997655
11685.99807997655
11685.99807997655
11685.99807997655
11685.369881155046
11684.10791509697
11674.007129260463
11669.349268851009
11656.779340881114
11656.779340881114
11656.779340881114
11656.779340881114
11653.38747529831
11638.438464151859
11638.438464151859
11637.066938396976
11637.066938396976
11635.283086590385
11620.830915750892
11620.830915750892
11618.255645979825
11618.255645979825
11617.579724327086
11617.579724327086
11617.579724327086
11617.579724327086
11617.579724327086
11603.674891863411
11603.674891863411
11601.173221857738
11598.82972544218
11591.25645716804
11579.703763260626
11579.703763260626
11571.720418284449
11571.720418284449
11571.720418284449
11571.720418284449
11567.147802299736
11567.147802299736
11567.147802299736
11565.8124037721
11553.721444080331
11553.721444080331
11553.721444080331
11553.721444080331
11553.721444080331
11545.763006964615
11545.763006964615
11545.763006964615
11542.399879026665
11541.318020162804
11523.347675302413
11523.347675302413
11523.347675302413
11523.347675302413
11499.162370170745
11499.162370170745
11494.462439514202
11487.32155418873
11476.862814619133
11468.371985944152
11466.868689257903
11459.278754798459
11459.278754798459
11455.935452135545
11448.12537567703
11436.89759517137
11436.89759517137
11436.89759517137
11436.89759517137
11424.487634840838
11424.487634840838
11422.982939500867
11422.982939500867
11422.982939500867
11420.81532456575
11418.364086304844
11417.516662676584
11417.516662676584
11417.516662676584
11417.516662676584
11417.516662676584
11413.794652412984
11413.794652412984
11413.225970181613
11412.587792174387
11412.587792174387
11405.600482762457
11405.600482762457
11405.600482762457
11398.09908346306
11397.36936879945
11389.67839306844
11389.67839306844
11389.67839306844
11389.67839306844
11389.67839306844
11381.875722173638
11381.875722173638
11381.875722173638
11381.875722173638
11381.875722173638
11381.875722173638
11381.875722173638
11381.875722173638
11381.875722173638
11381.875722173638
11381.875722173638
11364.762959981917
11342.977455384937
11342.977455384937
11338.334953438389
11324.958304570864
11324.958304570864
11324.958304570864
11305.768577277035
11305.768577277035
11294.598476307285
11289.381583815013
11287.672688297613
11287.672688297613
11286.539732292746
11286.539732292746
11275.11068773623
11275.11068773623
11275.11068773623
11275.11068773623
11257.257916656074
11257.257916656074
11257.257916656074
11257.257916656074
11257.257916656074
11257.257916656074
11242.506652337986
11229.72490018925
11205.475893848336
11183.597980640721
11156.01607997306
11156.01607997306
11148.128025465014
11148.128025465014
11148.128025465014
11146.393710049328
11146.393710049328
11146.393710049328
11144.072991029474
11144.072991029474
11143.589426137758
11143.589426137758
11141.08529446591
11138.123835593062
11138.123835593062
11136.976657771198
11136.976657771198
11136.976657771198
11136.976657771198
11136.976657771198
11136.976657771198
11136.976657771198
11136.976657771198
11133.290984550327
11133.290984550327
11133.290984550327
11133.290984550327
11133.290984550327
11133.290984550327
11133.290984550327
11119.553144365225
11109.185037562705
11103.811619451972
11103.811619451972
11097.461603015
11097.461603015
11097.461603015
11096.779861848114
11096.779861848114
11083.921911485997
11083.921911485997
11083.921911485997
11077.991347579838
11061.764620451397
11061.764620451397
11061.764620451397
11058.972826373541
11058.972826373541
11058.972826373541
11056.376508579182
11055.371045050093
11055.371045050093
11055.371045050093
11055.371045050093
11054.195830145341
11040.126001130531
11036.132394436696
11029.724010974685
11029.724010974685
11029.627492779644
11029.627492779644
11023.90192369039
11006.436762049667
11006.436762049667
10998.278358043772
10998.278358043772
10998.278358043772
10998.278358043772
10995.576339789179
10987.520679712536
10983.105025866602
10970.99322360316
10970.99322360316
10949.784292315557
10943.684975024089
10932.64537891185
10915.479248359625
10915.479248359625
10915.479248359625
10894.648609395666
10894.648609395666
10894.648609395666
10894.648609395666
10894.648609395666
10894.648609395666
10894.648609395666
10894.648609395666
10894.648609395666
10894.648609395666
10894.648609395666
10886.361772185153
10874.552588750177
10874.552588750177
10870.775892639576
10869.460467264777
10869.460467264777
10854.970484571882
10854.970484571882
10844.942366833602
10837.637591468292
10837.637591468292
10836.841556929076
10836.841556929076
10821.0081229669
10797.968414097384
10778.916684916554
10778.916684916554
10778.916684916554
10778.916684916554
10774.577313477108
10756.318442597169
10749.608794821585
10738.85747486754
10737.685841386767
10725.912986389516
10725.912986389516
10725.897032089804
10720.777442825727
10720.777442825727
10720.777442825727
10720.693270592787
10719.287240565413
10719.287240565413
10719.287240565413
10712.647931817743
10712.647931817743
10712.647931817743
10705.705745691683
10686.553913435791
10681.913897613998
10681.913897613998
10672.825632533271
10672.825632533271
10662.399081886419
10646.168859122652
10646.168859122652
10628.008531246358
10624.406590692932
10624.406590692932
10624.406590692932
10616.087777126742
10606.107950721022
10603.659118198142
10595.755428633593
10589.26842282399
10589.26842282399
10586.409319028324
10569.837349648828
10569.837349648828
10569.837349648828
10569.837349648828
10569.837349648828
10566.169801984539
10565.977984165545
10565.977984165545
10565.977984165545
10545.854353511078
10530.481308502676
10523.635760418007
10521.589532017015
10521.589532017015
10521.408076344283
10504.99231454818
10504.99231454818
10504.99231454818
10504.99231454818
10504.99231454818
10504.99231454818
10504.99231454818
10504.99231454818
10499.641496644852
10467.810772845474
10465.716882640794
10465.716882640794
10465.716882640794
10464.432858740125
10462.756611135665
10462.756611135665
10462.515601386589
10438.88373087962
10436.086799740078
10436.086799740078
10416.963497463817
10408.812250774808
10396.76022146143
10391.397467780422
10375.508007455954
10375.508007455954
10361.990849139313
10361.990849139313
10361.990849139313
10342.91898364528
10341.207351815685
10332.316818336552
10305.829516699367
10305.829516699367
10305.829516699367
10305.829516699367
10282.80366828173
10281.052146004058
10281.052146004058
10268.585555969752
10268.585555969752
10268.585555969752
10268.585555969752
10268.585555969752
10268.585555969752
10268.585555969752
10266.461309752702
10266.461309752702
10252.007562249528
10252.007562249528
10243.454805249557
10243.454805249557
10237.24412232676
10237.24412232676
10237.24412232676
10223.910581549046
10222.160408261116
10222.160408261116
10221.96574149873
10221.700873911568
10204.471710537102
10204.471710537102
10185.51271170685
10185.51271170685
10182.231072361172
10182.231072361172
10182.231072361172
10177.887714757884
10158.323800107104
10157.132251415165
10157.132251415165
10148.910777077115
10135.59477209339
10135.59477209339
10135.59477209339
10135.59477209339
10135.59477209339
10131.21749263114
10120.006879107446
10105.675324119215
10102.122137404742
10100.456491055718
10100.456491055718
10100.456491055718
10082.614123431551
10064.542789169456
10064.542789169456
10064.542789169456
10064.542789169456
10064.163134231461
10064.163134231461
10064.163134231461
10064.163134231461
10045.145149072981
10039.615463864422
10033.070433326224
10025.798104877349
10016.966523018373
10016.966523018373
10011.35668571996
9993.660995650604
9993.660995650604
9986.371562608298
9986.371562608298
9986.371562608298
9981.054301451291
9973.942688771986
9973.942688771986
9973.942688771986
9973.942688771986
9971.909403192858
9965.199381947641
9965.052723030087
9965.052723030087
9963.656145189438
9954.922154454205
9953.674289544704
9951.482370839223
9951.482370839223
9936.167226465404
9935.8976349792
9935.8976349792
9932.012805961735
9932.012805961735
9932.012805961735
9925.194995788443
9925.194995788443
9911.757840944494
9899.746868455068
9896.363269264715
9883.32814432061
9883.32814432061
9883.32814432061
9883.32814432061
9874.968127513406
9872.567458251022
9860.064908336935
9851.785166737693
9838.83647197716
9838.83647197716
9825.284969706665
9817.42414453249
9817.42414453249
9817.42414453249
9817.42414453249
9811.84279509905
9811.84279509905
9808.799190984782
9808.799190984782
9808.799190984782
9805.148224902101
9796.54705569858
9796.54705569858
9793.55129472255
9792.28687101937
9792.28687101937
9786.062330436802
9786.062330436802
9786.062330436802
9786.062330436802
9786.062330436802
9786.062330436802
9786.062330436802
9786.062330436802
9786.062330436802
9766.993763184126
9766.993763184126
9765.155201324304
9765.155201324304
9765.155201324304
9765.155201324304
9754.457353228287
9750.894562818117
9750.894562818117
9750.894562818117
9750.894562818117
9740.217890639278
9708.68030492458
9708.68030492458
9708.68030492458
9708.68030492458
9700.175481432914
9690.036896165493
9690.036896165493
9690.036896165493
9669.710163978949
9665.400005354031
9665.400005354031
9665.400005354031
9661.15551946234
9661.15551946234
9661.15551946234
9646.629656541447
9646.629656541447
9646.629656541447
9646.629656541447
9646.629656541447
9642.608761973303
9642.608761973303
9641.10786213408
9641.10786213408
9641.10786213408
9641.10786213408
9632.723836927325
9617.748535373805
9617.748535373805
9617.748535373805
9617.748535373805
9610.371327250166
9610.371327250166
9584.361945127928
9584.361945127928
9577.147647454674
9577.147647454674
9568.748932128356
9564.181056140389
9528.675997007138
9528.675997007138
9528.675997007138
9528.675997007138
9525.620191387061
9525.620191387061
9513.589770520823
9513.589770520823
9513.589770520823
9513.589770520823
9513.589770520823
9513.589770520823
9513.589770520823
9502.21097753196
9502.21097753196
9500.164594181933
9500.164594181933
9500.164594181933
9493.292751906321
9493.292751906321
9479.143341156787
9474.637772545913
9458.234637577549
9458.234637577549
9458.234637577549
9458.234637577549
9458.234637577549
9455.813304290112
9455.813304290112
9455.813304290112
9452.753246933173
9452.753246933173
9452.753246933173
9452.753246933173
9452.753246933173
9452.753246933173
9452.753246933173
9451.569035363622
9449.731419094996
9449.731419094996
9449.731419094996
9449.731419094996
9449.731419094996
9444.914404592728
9444.914404592728
9444.914404592728
9444.914404592728
9431.146163292531
9431.146163292531
9421.36456919134
9413.649833666623
9413.649833666623
9404.84495884358
9400.461702822646
9399.12564298686
9399.12564298686
9399.12564298686
9391.974473671715
9386.960273131801
9378.384673078266
9367.47874699789
9367.47874699789
9367.47874699789
9360.583551258655
9350.833493955734
9350.833493955734
9348.410759044722
9348.410759044722
9344.37331931228
9338.181029304493
9336.238215988285
9313.793908505955
9313.793908505955
9305.627408147282
9305.627408147282
9297.556989557168
9290.896120481379
9289.944149108658
9289.944149108658
9277.64586732462
9277.64586732462
9265.360765070234
9265.360765070234
9265.360765070234
9256.554244554614
9240.659593514198
9240.659593514198
9231.007784321786
9231.007784321786
9231.007784321786
9231.007784321786
9231.007784321786
9224.1403895599
9224.1403895599
9202.07069611296
9202.07069611296
9188.271889321542
9187.53544397242
9186.175121721133
9186.175121721133
9180.866954822839
9173.892981731611
9158.165124685409
9158.165124685409
9158.165124685409
9158.165124685409
9158.165124685409
9152.242970742283
9152.242970742283
9146.992703330392
9120.03001667775
9120.03001667775
9111.47333048843
9105.61685315732
9105.61685315732
9105.61685315732
9105.61685315732
9089.465978891998
9081.419302666549
9081.419302666549
9081.419302666549
9081.419302666549
9077.858869653883
9077.858869653883
9075.25260293697
9075.25260293697
9064.419366958564
9064.419366958564
9064.419366958564
9056.467802734474
9038.284122552594
9038.284122552594
9038.284122552594
9027.576613895257
9027.576613895257
9025.977337734765
9025.977337734765
9025.977337734765
9025.977337734765
9025.977337734765
9024.106050573859
9024.106050573859
9024.106050573859
9023.76343555812
9023.76343555812
9023.76343555812
9004.65189917651
9004.65189917651
8997.220765588103
8997.220765588103
8996.654365129905
8985.616030293033
8985.616030293033
8985.616030293033
8977.488892792104
8968.619957849898
8968.619957849898
8965.51329868022
8965.51329868022
8965.51329868022
8958.759432733059
8943.355496843296
8937.58597861981
8934.567397383793
8930.085424471825
8930.085424471825
8923.27129769574
8923.27129769574
8902.08005514583
8902.08005514583
8898.476294157386
8898.476294157386
8879.555433567764
8873.715888277877
8873.715888277877
8873.715888277877
8855.396278759279
8851.185258142494
8851.185258142494
8851.185258142494
8851.185258142494
8840.413480848432
8824.208402371594
8821.244994119004
8821.244994119004
8821.244994119004
8821.244994119004
8821.244994119004
8805.091202821144
8805.091202821144
8805.091202821144
8798.8329667303
8798.8329667303
8798.8329667303
8792.884428877214
8792.884428877214
8791.194274091009
8782.519713506726
8780.99249502414
8765.52167639322
8765.52167639322
8765.52167639322
8753.77524221218
8749.339795214037
8749.339795214037
8749.339795214037
8749.339795214037
8749.339795214037
8749.339795214037
8742.960515601559
8731.521518101288
8727.035978834232
8727.035978834232
8727.035978834232
8727.035978834232
8727.035978834232
8713.36184090313
8700.231232991271
8692.104999569185
8692.104999569185
8692.104999569185
8681.955652006138
8673.98197578728
8669.351412284916
8669.351412284916
8665.297032541843
8665.297032541843
8663.240435691449
8663.240435691449
8645.019599483574
8637.814192999746
8632.255719878474
8632.255719878474
8628.417973886822
8620.01442739159
8620.01442739159
8620.01442739159
8620.01442739159
8620.01442739159
8605.980517754833
8605.859941289193
8605.859941289193
8605.859941289193
8603.444719836925
8601.805772854015
8601.805772854015
8601.805772854015
8601.805772854015
8595.723170709425
8595.723170709425
8595.723170709425
8586.059715191386
8580.625240791245
8560.449527212766
8554.09789920549
8554.09789920549
8554.09789920549
8554.09789920549
8552.787525467184
8545.88379764585
8537.741216307912
8534.071112532947
8518.885039761502
8509.346917980585
8489.687942655299
8489.687942655299
8485.39196399088
8480.90215789337
8462.507026783016
8457.86036193542
8453.308275575937
8453.308275575937
8450.84563512839
8447.862033423917
8440.69677250326
8440.69677250326
8431.730992731767
8423.57937271384
8423.57937271384
8408.611187519198
8395.171498175107
8387.893983891523
8387.893983891523
8386.09666460111
8386.09666460111
8384.600187976203
8373.057710460384
8364.588872749382
8364.588872749382
8360.37570581981
8353.694364440335
8353.694364440335
8353.694364440335
8353.694364440335
8353.694364440335
8350.670037960701
8347.227962904793
8330.319937848923
8319.377360343307
8309.439042076963
8309.439042076963
8309.439042076963
8305.080440731259
8296.032572012866
8296.032572012866
8296.032572012866
8296.032572012866
8296.032572012866
8296.032572012866
8287.797135553747
8287.797135553747
8287.797135553747
8282.537271986677
8282.537271986677
8280.891087141772
8272.90231555272
8272.90231555272
8271.49088470103
8269.1881154865
8269.1881154865
8269.1881154865
8269.1881154865
8262.7758024237
8257.156207637829
8257.156207637829
8257.156207637829
8257.156207637829
8257.156207637829
8257.156207637829
8246.608006425791
8244.097897982721
8239.697185537489
8227.29785309274
8227.29785309274
8227.29785309274
8210.387701963116
8210.387701963116
8210.387701963116
8207.407193353441
8207.407193353441
8207.407193353441
8207.407193353441
8207.407193353441
8207.407193353441
8200.438132672249
8199.600026773824
8187.045778383123
8185.162625910478
8181.469292088857
8174.848959433695
8163.893577483945
8163.893577483945
8163.893577483945
8163.893577483945
8161.4212934421885
8154.570086605379
8154.570086605379
8151.067663937648
8149.548959858308
8140.774968778742
8140.774968778742
8118.751300121203
8118.751300121203
8118.751300121203
8118.751300121203
8102.311010316785
8098.697004388849
8092.862345319167
8080.844414062884
8080.844414062884
8057.468722302992
8057.468722302992
8052.92445771896
8051.422499349122
8051.422499349122
8049.343907485981
8049.343907485981
8049.343907485981
8048.91938295092
8042.096270087187
8042.096270087187
8042.096270087187
8042.096270087187
8039.014916133553
8039.014916133553
8032.653735274017
8030.714550134495
8011.091764721428
8011.091764721428
8011.091764721428
8011.091764721428
8011.091764721428
8011.091764721428
8011.091764721428
8006.334673525922
8001.041305546902
8001.041305546902
7987.483991921024
7987.483991921024
7987.483991921024
7987.483991921024
7980.78584602314
7980.78584602314
7980.056037676825
7974.086716294793
7974.086716294793
7974.086716294793
7964.172706159381
7946.360113953627
7946.360113953627
7946.360113953627
7944.525029115592
7944.525029115592
7944.525029115592
7944.525029115592
7937.947324489437
7929.878811725366
7920.7901742669255
7918.0360062912505
7918.0360062912505
7909.59613141671
7909.59613141671
7904.448341506268
7902.03847424112
7902.03847424112
7898.515576598446
7885.273868676512
7878.14958814829
7878.14958814829
7866.624270369301
7866.624270369301
7856.807767890401
7841.214505027556
7841.214505027556
7841.214505027556
7840.63588350568
7840.63588350568
7840.63588350568
7840.63588350568
7831.219481192679
7819.508502775243
7819.508502775243
7819.508502775243
7819.508502775243
7819.508502775243
7812.7958660722015
7812.7958660722015
7812.7958660722015
7812.7958660722015
7807.658346508329
7795.891015196991
7779.769316191283
7779.102508399971
7779.102508399971
7775.689529958264
7772.717089830975
7772.717089830975
7772.717089830975
7772.717089830975
7772.672674009527
7772.672674009527
7762.168637498786
7762.168637498786
7761.561690627124
7761.561690627124
7761.561690627124
7761.561690627124
7761.561690627124
7761.561690627124
7760.255034265432
7751.865098127222
7751.865098127222
7739.915033071178
7738.097786072899
7738.097786072899
7738.097786072899
7738.097786072899
7731.337681467329
7728.486568682711
7721.149741948174
7721.149741948174
7712.370182479119
7712.370182479119
7700.314102996866
7687.093488179937
7679.394989520884
7679.394989520884
7675.738068929871
7660.198353004995
7660.198353004995
7660.198353004995
7646.591615813902
7646.591615813902
7646.591615813902
7630.477142317519
7630.477142317519
7630.477142317519
7630.477142317519
7627.046268643351
7627.046268643351
7627.046268643351
7627.046268643351
7627.046268643351
7624.641642027715
7624.641642027715
7624.641642027715
7624.641642027715
7610.936642976747
7610.936642976747
7600.706195207012
7587.591004309563
7578.711872400957
7578.711872400957
7578.07401191712
7578.07401191712
7578.07401191712
7567.66876602135
7567.520588871154
7550.441299081676
7550.441299081676
7542.562696890018
7534.763907714243
7534.294360719702
7519.15539213378
7519.15539213378
7515.001098891062
7515.001098891062
7514.3590111068515
7514.3590111068515
7514.3590111068515
7504.582228076833
7495.567216803285
7483.601830003773
7477.024580533505
7477.024580533505
7477.024580533505
7473.302142815664
7473.302142815664
7473.302142815664
7471.014234471724
7471.014234471724
7470.992419490527
7470.992419490527
7470.992419490527
7454.684216199165
7454.684216199165
7454.684216199165
7449.233603740928
7446.016435152928
7435.206343151328
7427.64109865528
7427.64109865528
7407.811668375187
7407.409439393441
7401.67653096621
7401.67653096621
7401.67653096621
7399.877266712682
7384.675542489879
7384.675542489879
7372.437982629463
7372.437982629463
7372.437982629463
7372.437982629463
7371.062020335219
7367.970983427332
7365.443774096695
7365.443774096695
7358.860765821956
7358.860765821956
7358.860765821956
7353.423498457281
7353.423498457281
7345.190273323913
7337.895670582926
7337.895670582926
7328.140534640659
7323.619814358157
7310.182567253433
7310.182567253433
7310.182567253433
7310.182567253433
7310.182567253433
7310.182567253433
7306.614779121756
7306.614779121756
7304.410962283264
7298.478024246639
7298.478024246639
7298.478024246639
7298.478024246639
7298.478024246639
7298.478024246639
7298.478024246639
7298.478024246639
7298.478024246639
7292.555390244157
7288.721927967162
7288.721927967162
7286.940242780172
7286.497227975757
7286.497227975757
7286.497227975757
7286.497227975757
7286.497227975757
7286.497227975757
7279.698243403108
7279.698243403108
7279.565848713683
7279.565848713683
7277.677273161868
7272.552152306564
7269.552793458592
7269.552793458592
7269.552793458592
7268.11344188598
7268.11344188598
7248.980606292705
7248.980606292705
7248.980606292705
7248.980606292705
7248.980606292705
7248.980606292705
7247.303321455468
7235.512942764464
7232.696824282544
7232.696824282544
7207.920162197045
7203.5046428733785
7193.936765543516
7193.936765543516
7193.936765543516
7193.936765543516
7193.35834459249
7193.35834459249
7193.35834459249
7193.35834459249
7186.866751559236
7186.866751559236
7182.105055250259
7182.105055250259
7179.165718482172
7165.046134067504
7165.046134067504
7165.046134067504
7165.046134067504
7165.046134067504
7157.232225097431
7147.652381755208
7147.652381755208
7146.908163158869
7146.908163158869
7139.44619493151
7139.44619493151
7139.44619493151
7139.44619493151
7136.446630711576
7129.7494569177725
7128.425880117741
7128.425880117741
7128.425880117741
7116.971569401452
7116.971569401452
7116.971569401452
7114.61539837729
7114.61539837729
7112.982448757843
7110.129011255171
7102.626268742264
7102.626268742264
7096.365822210252
7091.218132807918
7083.839108157643
7078.99200841888
7078.99200841888
7076.999639284093
7076.999639284093
7067.1026733431445
7055.985439979361
7055.985439979361
7055.985439979361
7055.985439979361
7050.2280864489885
7050.2280864489885
7050.2280864489885
7050.2280864489885
7043.320165273969
7038.930086821628
7031.307173142723
7018.980228485629
7018.980228485629
7011.777546797302
7011.419788989114
7011.419788989114
7001.543341055691
7001.543341055691
6998.736804772472
6998.736804772472
6998.736804772472
6998.736804772472
6995.364532516347
6995.364532516347
6995.079141869019
6995.079141869019
6995.079141869019
6990.551470824874
6990.551470824874
6980.677473206678
6979.387187553437
6979.387187553437
6979.387187553437
6979.387187553437
6979.387187553437
6966.701599331936
6965.710985186828
6965.710985186828
6960.606674470994
6960.606674470994
6960.606674470994
6952.398698221927
6940.901566103093
6933.646180871792
6926.1657196591095
6902.186513585872
6902.186513585872
6893.575197741001
6893.575197741001
6893.575197741001
6891.32057172282
6889.948272599606
6881.87656369834
6881.87656369834
6881.87656369834
6877.19333793075
6877.19333793075
6877.19333793075
6877.19333793075
6877.19333793075
6877.19333793075
6877.19333793075
6877.19333793075
6877.19333793075
6865.800209234738
6863.318208850938
6858.300496523512
6854.787617493324
6851.047542499909
6844.89982636235
6844.89982636235
6830.718856917666
6830.718856917666
6830.718856917666
6830.718856917666
6823.993712318283
6823.993712318283
6823.993712318283
6823.993712318283
6821.3341699719085
6819.983351254391
6819.983351254391
6819.983351254391
6818.368714935664
6807.490123790365
6805.404567843913
6799.54315529574
6799.54315529574
6799.54315529574
6792.2799844942465
6787.389635063021
6787.389635063021
6775.99401946952
6772.433138307803
6772.433138307803
6772.433138307803
6772.433138307803
6772.433138307803
6767.820903978524
6767.820903978524
6767.820903978524
6767.820903978524
6767.820903978524
6767.820903978524
6767.820903978524
6767.820903978524
6762.907374308638
6759.894177153796
6759.894177153796
6759.894177153796
6755.35461447901
6749.797175546001
6741.985199524336
6735.437703980554
6734.384280718473
6734.384280718473
6734.384280718473
6734.384280718473
6734.384280718473
6734.384280718473
6734.384280718473
6726.0287894227795
6716.9055908079035
6714.833764508989
6702.63126589157
6696.5437256013865
6696.5437256013865
6696.5437256013865
6696.5437256013865
6684.620574592288
6682.220876486484
6678.651918119188
6678.651918119188
6664.543922566649
6656.983299842859
6638.928925684832
6630.306371536979
6630.306371536979
6630.062905023136
6630.062905023136
6621.679498811091
6616.036847529455
6615.9998270042015
6615.9998270042015
6615.9998270042015
6608.535321178151
6590.716407375635
6590.716407375635
6581.131496725549
6581.131496725549
6572.702685494815
6572.702685494815
6572.702685494815
6572.016102647465
6570.197461523027
6570.197461523027
6566.4230893495405
6564.576086949742
6560.477986584695
6560.477986584695
6560.477986584695
6556.405660860576
6556.405660860576
6556.405660860576
6556.405660860576
6556.391390055965
6556.391390055965
6556.391390055965
6556.391390055965
6548.541375895111
6548.541375895111
6548.541375895111
6548.541375895111
6548.541375895111
6548.541375895111
6548.541375895111
6543.079118761891
6543.079118761891
6538.698869016128
6521.625796715974
6516.676895803578
6503.026902070937
6498.691825736634
6498.691825736634
6496.0851795805
6496.0851795805
6496.0851795805
6496.0851795805
6494.330450474212
6494.330450474212
6493.978147724104
6480.19582065194
6480.19582065194
6480.19582065194
6480.19582065194
6469.753689399808
6462.901558080833
6462.901558080833
6462.901558080833
6462.901558080833
6462.349312599828
6453.0643467254085
6435.497610447401
6435.497610447401
6435.497610447401
6434.417507930712
6425.649627165661
6418.374885993462
6418.374885993462
6418.374885993462
6415.254370290137
6407.280666388354
6404.1696363687315
6398.602827311031
6398.602827311031
6392.043903010334
6392.043903010334
6392.043903010334
6388.869766364653
6388.869766364653
6388.869766364653
6373.0199385180085
6373.0199385180085
6373.0199385180085
6371.88772828181
6371.88772828181
6368.013224210165
6368.013224210165
6367.415168415607
6366.11192366182
6356.198139106724
6356.198139106724
6346.054533549237
6333.133838133918
6333.133838133918
6333.080955971152
6333.080955971152
6333.080955971152
6331.8424743731175
