34885.14244555924
34885.14244555924
34885.14244555924
34857.42138875511
34857.42138875511
34847.64045086188
34847.64045086188
34847.64045086188
34841.71760631954
34841.71760631954
34841.71760631954
34827.06619193655
34820.17810340385
34820.17810340385
34816.31036594646
34816.31036594646
34816.31036594646
34816.31036594646
34816.31036594646
34806.03171243408
34806.03171243408
34804.517375151554
34804.517375151554
34804.517375151554
34804.517375151554
34804.517375151554
34804.517375151554
34795.39316868297
34795.39316868297
34782.90214871339
34769.714958506476
34769.714958506476
34764.686839805916
34720.954508455
34720.954508455
34714.47690672191
34706.35914042417
34679.35568063355
34679.35568063355
34645.39276915597
34645.39276915597
34634.76173522216
34603.417286171214
34603.417286171214
34594.97528053827
34594.97528053827
34587.68346611789
34576.079541163344
34576.079541163344
34576.079541163344
34576.079541163344
34576.079541163344
34576.079541163344
34562.4983419351
34531.63583247775
34531.63583247775
34528.70384246068
34524.70083406067
34524.70083406067
34524.70083406067
34524.70083406067
34506.1640143721
34506.1640143721
34506.1640143721
34506.1640143721
34506.1640143721
34506.1640143721
34489.5748122731
34489.5748122731
34456.641024961435
34456.641024961435
34432.6638802626
34414.48373312394
34407.41444511862
34407.41444511862
34407.41444511862
34407.41444511862
34393.33721520772
34393.33721520772
34358.537679978166
34354.76573025034
34326.68045527943
34277.8745246112
34267.14998222535
34262.765790979334
34245.66403724494
34245.66403724494
34207.42129629453
34207.42129629453
34207.42129629453
34196.399726139345
34196.399726139345
34158.46632587098
34158.46632587098
34112.112526999044
34100.54301741042
34100.54301741042
34100.54301741042
34100.54301741042
34088.892478608825
34088.892478608825
34088.892478608825
34069.88440812401
34045.18430703302
34044.14782835075
34040.37662554603
34040.37662554603
34009.89194006535
34009.89194006535
33995.06882838199
33995.06882838199
33995.06882838199
33980.01028210724
33957.7452529471
33946.4790175054
33946.4790175054
33910.92061168635
33910.92061168635
33881.54517648366
33881.54517648366
33859.6293649782
33850.41247690685
33850.41247690685
33850.41247690685
33827.233537185544
33827.233537185544
33827.233537185544
33827.233537185544
33827.233537185544
33827.233537185544
33813.81175015994
33813.27464255808
33813.27464255808
33799.4475071286
33799.4475071286
33784.49743169426
33784.49743169426
33763.92197727717
33763.92197727717
33762.45711353804
33730.11261486974
33684.926826619216
33684.926826619216
33684.926826619216
33671.26170213978
33640.247212598966
33640.247212598966
33618.41060420582
33600.63323727858
33570.77945162851
33550.20676156071
33550.20676156071
33534.26300132703
33523.02734817235
33522.24114894297
33509.10079843846
33500.464438987285
33482.82377316914
33468.12803233236
33468.12803233236
33468.12803233236
33459.74614395955
33459.74614395955
33459.74614395955
33446.88495505553
33446.88495505553
33446.88495505553
33446.88495505553
33442.425484051884
33438.05305293509
33434.182221735566
33434.182221735566
33434.182221735566
33434.182221735566
33418.16526134459
33418.16526134459
33418.16526134459
33418.16526134459
33409.641011113825
33406.35244210807
33372.34326328076
33342.44620048045
33342.44620048045
33327.337284909656
33327.337284909656
33327.337284909656
33318.65395742243
33303.88640491413
33303.88640491413
33281.506153268245
33281.506153268245
33281.506153268245
33260.63144918948
33260.63144918948
33260.63144918948
33260.63144918948
33260.63144918948
33260.63144918948
33260.63144918948
33243.86801253728
33243.86801253728
33218.41451040365
33206.169288711004
33206.169288711004
33206.169288711004
33159.25832742088
33123.37021510553
33123.37021510553
33108.38441023574
33079.14782539102
33069.5944611898
33050.010515051035
33050.010515051035
33022.40933260325
33022.40933260325
33009.86999004115
33009.86999004115
33009.86999004115
32999.02736792974
32975.10802753055
32966.10244525376
32966.10244525376
32966.10244525376
32949.33378694214
32949.33378694214
32949.33378694214
32930.11679651131
32930.11679651131
32927.80937893069
32927.80937893069
32916.20066344902
32890.09135494907
32890.09135494907
32886.526071033826
32880.14660288275
32874.61750208771
32874.61750208771
32871.41580346101
32871.41580346101
32871.41580346101
32860.16139076348
32858.76787351085
32858.76787351085
32858.76787351085
32858.76787351085
32823.00511970896
32823.00511970896
32808.87189568218
32794.585856286576
32787.06006798806
32758.710689350417
32758.710689350417
32758.710689350417
32755.813650045682
32755.813650045682
32725.65917460973
32704.955719331905
32701.65634781562
32701.65634781562
32701.65634781562
32701.65634781562
32701.65634781562
32701.65634781562
32682.766248680615
32682.766248680615
32682.766248680615
32682.766248680615
32682.766248680615
32653.912176157202
32653.912176157202
32644.61818976584
32604.316168782618
32592.924854076387
32591.654824069887
32591.654824069887
32591.654824069887
32591.654824069887
32591.654824069887
32590.782282335407
32586.51435730744
32586.51435730744
32586.51435730744
32559.45774380694
32541.72292253999
32505.057897265076
32505.057897265076
32505.057897265076
32499.254664960346
32486.663782348805
32486.663782348805
32480.030715306108
32452.636609033518
32419.656578861817
32385.003926502497
32385.003926502497
32358.644536478667
32337.961436531274
32337.961436531274
32337.961436531274
32337.961436531274
32329.108658071647
32323.613772058015
32294.8967972712
32294.8967972712
32287.752652985775
32287.752652985775
32270.244018220554
32270.244018220554
32265.07227368844
32254.43422899674
32254.43422899674
32219.726701873802
32188.32890934995
32161.59178125252
32161.59178125252
32152.859986997664
32146.923093283473
32146.923093283473
32146.923093283473
32146.923093283473
32146.923093283473
32146.923093283473
32146.923093283473
32146.923093283473
32126.378833615934
32126.378833615934
32126.378833615934
32126.378833615934
32126.378833615934
32106.511051290712
32097.58458212023
32090.091304132115
32090.091304132115
32084.867934616133
32065.283746774676
32047.388631021084
32039.07041399559
32039.07041399559
32006.450317896386
32006.450317896386
32002.14847239784
32002.14847239784
32002.14847239784
31998.12504207726
31984.912267896332
31984.912267896332
31971.000489100097
31971.000489100097
31971.000489100097
31971.000489100097
31971.000489100097
31971.000489100097
31971.000489100097
31971.000489100097
31971.000489100097
31965.363411707665
31965.363411707665
31948.80643242336
31948.80643242336
31948.80643242336
31948.80643242336
31927.02952723458
31874.051894975004
31874.051894975004
31874.051894975004
31868.49109581856
31861.6257990697
31861.6257990697
31850.815136020665
31850.815136020665
31850.815136020665
31850.815136020665
31825.18266578373
31825.18266578373
31825.18266578373
31825.18266578373
31810.38036308726
31787.248734170797
31787.248734170797
31787.248734170797
31787.248734170797
31787.248734170797
31774.347079850235
31774.347079850235
31769.31262156445
31761.333866289133
31761.333866289133
31761.333866289133
31761.333866289133
31750.749755967703
31746.134904917
31746.134904917
31743.87572111637
31743.87572111637
31731.178293151228
31731.178293151228
31729.62035789284
31729.62035789284
31729.62035789284
31729.62035789284
31729.62035789284
31729.62035789284
31726.33062074943
31722.643548861863
31708.659037982063
31697.993660394874
31697.993660394874
31696.286017625942
31696.286017625942
31683.68354498387
31683.68354498387
31678.96386996429
31673.092190640193
31673.092190640193
31667.326456150728
31663.469326809634
31660.184310117962
31623.064086609975
31606.604157071462
31585.826913100114
31562.058473273304
31556.312753808827
31526.737960317885
31504.315073272424
31504.315073272424
31504.315073272424
31488.21727857275
31487.54977403521
31476.70285498587
31476.70285498587
31476.70285498587
31476.70285498587
31464.203547896912
31464.203547896912
31458.814007380864
31457.005332954814
31457.005332954814
31442.73120162182
31442.73120162182
31403.904313172807
31403.904313172807
31400.5741596161
31400.5741596161
31368.301509367917
31368.301509367917
31368.301509367917
31327.899212486598
31320.448920073235
31320.448920073235
31297.750731269534
31288.669533089556
31283.105124318932
31261.725927708252
31223.219227320147
31223.219227320147
31217.801840933334
31197.33691260824
31190.872228138818
31190.872228138818
31174.92550183108
31174.92550183108
31174.199065629953
31153.641439148832
31133.485739740114
31120.92488325714
31120.92488325714
31120.92488325714
31116.223470661498
31114.991760768782
31114.991760768782
31107.51745319386
31107.51745319386
31107.51745319386
31090.82120939964
31090.82120939964
31071.81500864147
31071.81500864147
31071.81500864147
31071.81500864147
31069.73345845935
31063.684018502452
31063.684018502452
31063.684018502452
31063.684018502452
31061.35710419104
31039.0266472414
31039.0266472414
31013.478127694372
31008.743668312723
31008.743668312723
31000.126890874526
31000.126890874526
31000.126890874526
31000.126890874526
31000.126890874526
30993.311382793363
30976.077914260026
30971.220737155392
30953.793864745156
30945.342707946013
30934.41293554338
30925.19577734132
30925.19577734132
30903.332136013665
30903.332136013665
30885.247515755364
30872.759295555796
30836.479367929776
30830.795588277186
30824.982442091277
30824.982442091277
30813.561279673697
30813.561279673697
30782.09327942177
30775.534007562877
30762.87926790096
30762.837357332977
30745.919420364888
30745.919420364888
30745.919420364888
30734.450743851365
30726.913409268924
30708.336925902775
30694.89150870747
30694.89150870747
30694.89150870747
30690.345659894676
30690.345659894676
30690.345659894676
30690.345659894676
30690.345659894676
30686.756354109497
30662.26448554517
30662.26448554517
30652.551130320822
30652.551130320822
30652.551130320822
30652.551130320822
30652.551130320822
30641.058562982606
30638.718436632516
30638.718436632516
30632.584587479738
30632.584587479738
30627.68559048232
30627.68559048232
30627.68559048232
30627.68559048232
30601.86494569876
30598.585019122816
30579.40421388939
30579.40421388939
30579.000768187536
30579.000768187536
30572.802175852263
30572.802175852263
30562.80207582217
30548.90835218462
30548.90835218462
30546.949900121985
30543.834134534853
30543.834134534853
30534.32198018923
30525.81043017145
30505.054298553696
30496.459711048752
30496.459711048752
30496.459711048752
30496.459711048752
30496.459711048752
30496.459711048752
30496.459711048752
30496.459711048752
30496.459711048752
30496.459711048752
30496.459711048752
30496.459711048752
30496.459711048752
30475.10328520436
30475.10328520436
30461.374707578496
30461.374707578496
30461.374707578496
30461.374707578496
30445.407486343935
30434.937995323577
30434.937995323577
30434.937995323577
30434.937995323577
30434.937995323577
30400.837009622614
30392.828993888514
30392.828993888514
30381.952950234085
30353.433425597188
30329.08813531472
30329.08813531472
30315.878579544264
30308.515243697184
30308.515243697184
30280.478238877517
30266.813944661462
30266.813944661462
30238.662058086335
30238.662058086335
30238.662058086335
30235.127458462284
30216.589417115083
30216.589417115083
30212.691191693502
30212.691191693502
30212.691191693502
30186.932029959517
30179.318944311985
30155.130010440782
30135.045439882302
30134.39350006598
30134.39350006598
30118.902951193613
30102.496264982008
30102.496264982008
30102.496264982008
30093.48327370578
30073.7063434258
30052.0029195216
30025.45810414351
30022.69557245981
30010.065008638052
30010.065008638052
30010.065008638052
30010.065008638052
29984.847994711752
29984.847994711752
29984.847994711752
29978.49226204439
29968.635727364257
29968.635727364257
29968.635727364257
29967.337640166006
29960.299550660133
29960.299550660133
29959.598998587295
29941.964995296334
29941.964995296334
29941.964995296334
29921.588666008167
29921.588666008167
29921.588666008167
29918.7460254376
29899.625131655153
29883.451445016908
29881.077283355466
29868.83441359344
29858.68645788056
29837.668292583916
29837.668292583916
29817.684042379668
29817.684042379668
29801.101850379997
29801.101850379997
29796.170848167636
29796.170848167636
29796.170848167636
29796.170848167636
29784.712224302682
29784.712224302682
29784.712224302682
29775.259072548222
29775.259072548222
29752.90101845217
29749.95923850212
29745.08137069129
29745.08137069129
29745.08137069129
29717.068226767857
29717.068226767857
29687.033481992137
29687.033481992137
29687.033481992137
29680.79169579477
29671.557158206822
29663.713871289376
29663.713871289376
29663.713871289376
29663.713871289376
29663.713871289376
29642.97112673193
29642.97112673193
29625.5772368478
29586.115422834453
29586.115422834453
29561.580942920784
29560.89602062975
29551.03789128326
29551.03789128326
29551.03789128326
29537.152456769178
29529.10795637925
29516.223938105886
29516.223938105886
29472.015970263667
29457.134819255287
29436.733969699373
29408.97104270907
29408.97104270907
29392.2290916817
29384.186337653482
29384.186337653482
29384.186337653482
29384.186337653482
29384.186337653482
29384.186337653482
29376.250926012734
29373.87143513253
29373.87143513253
29373.87143513253
29373.87143513253
29364.681361939147
29364.681361939147
29350.052450017174
29350.052450017174
29328.72081961898
29317.092825416745
29304.56305793881
29291.565526112365
29281.885618909146
29280.739183597478
29280.739183597478
29280.739183597478
29280.739183597478
29280.739183597478
29280.739183597478
29280.312407114532
29280.312407114532
29246.090287430263
29246.090287430263
29246.090287430263
29246.090287430263
29246.090287430263
29246.090287430263
29246.090287430263
29243.74533290194
29243.74533290194
29243.74533290194
29227.375142910987
29227.375142910987
29227.375142910987
29227.375142910987
29227.375142910987
29227.375142910987
29227.375142910987
29227.375142910987
29227.375142910987
29227.375142910987
29192.903627193267
29191.975218554224
29182.737621663167
29163.353370201075
29152.066645176063
29152.066645176063
29123.934791060037
29123.934791060037
29123.934791060037
29115.645192596898
29115.645192596898
29115.645192596898
29115.645192596898
29094.384234081932
29061.27066236725
29061.27066236725
29058.42709988715
29050.00649889918
29039.396320974258
29039.396320974258
29039.396320974258
29029.027636153718
29029.027636153718
29015.687725613207
29002.28656611475
29002.28656611475
28971.82651927527
28971.82651927527
28971.82651927527
28971.82651927527
28971.82651927527
28971.82651927527
28955.947175551242
28955.947175551242
28955.947175551242
28955.947175551242
28950.828986779103
28950.828986779103
28940.566357229513
28925.068629765916
28920.300440005023
28920.300440005023
28920.300440005023
28916.009761939848
28916.009761939848
28905.60020752048
28905.60020752048
28905.60020752048
28905.60020752048
28899.961970192464
28895.742735532043
28895.742735532043
28895.742735532043
28882.139007844216
28881.02943488623
28848.457500148535
28844.14863091506
28833.42339501401
28820.586361964426
28811.621297438523
28798.966644239583
28774.388795650866
28774.388795650866
28769.244688451512
28769.244688451512
28769.244688451512
28769.244688451512
28730.366415106466
28730.366415106466
28730.366415106466
28730.366415106466
28705.895540120997
28705.895540120997
28689.1704975817
28672.565280553565
28672.565280553565
28653.497498086184
28653.497498086184
28649.456708615562
28649.456708615562
28643.33449816218
28643.33449816218
28623.391327554385
28623.391327554385
28623.391327554385
28618.183205064735
28618.183205064735
28602.627396191103
28602.627396191103
28600.22217605487
28600.22217605487
28597.734617966693
28573.512758192825
28573.512758192825
28573.512758192825
28573.512758192825
28559.25627008493
28559.25627008493
28542.65782597454
28540.079535501114
28540.079535501114
28527.201305460767
28527.201305460767
28527.201305460767
28527.201305460767
28527.201305460767
28527.201305460767
28518.847263216132
28503.147476157606
28503.147476157606
28503.147476157606
28483.864151085367
28463.19140053307
28463.19140053307
28458.362613847632
28457.373048571008
28457.373048571008
28457.373048571008
28457.373048571008
28426.144842711485
28422.400444007137
28422.400444007137
28422.400444007137
28415.570778538608
28405.284129073472
28405.284129073472
28403.03802752397
28392.434955394263
28388.666153746548
28375.450244867545
28375.450244867545
28366.30874983861
28363.501790467406
28363.501790467406
28358.678000469597
28348.411258244625
28348.411258244625
28348.411258244625
28348.411258244625
28348.411258244625
28340.269620065537
28318.16772565185
28307.360130545454
28307.360130545454
28295.229704716516
28295.229704716516
28295.229704716516
28295.229704716516
28295.229704716516
28295.229704716516
28295.229704716516
28295.229704716516
28295.229704716516
28295.229704716516
28281.492701320152
28281.492701320152
28281.492701320152
28256.110850795147
28256.110850795147
28256.110850795147
28252.299211442394
28252.299211442394
28252.299211442394
28252.299211442394
28233.10806927144
28233.10806927144
28233.10806927144
28224.926035909575
28224.882634261474
28224.614773515477
28224.614773515477
28224.614773515477
28202.021493608518
28192.294969749728
28188.401937042105
28188.401937042105
28188.401937042105
28188.401937042105
28188.401937042105
28188.401937042105
28188.401937042105
28183.940554445093
28168.078438511275
28168.078438511275
28168.078438511275
28166.810365852623
28158.00802870394
28155.2407913959
28155.2407913959
28155.2407913959
28155.2407913959
28155.2407913959
28154.584839110834
28154.584839110834
28151.248510743284
28139.416698193832
28139.416698193832
28120.910327802554
28120.910327802554
28120.910327802554
28120.910327802554
28110.92191825558
28109.36633358839
28109.36633358839
28109.36633358839
28090.73233369189
28090.225535791407
28090.225535791407
28076.752526111686
28049.248975882994
28046.091432967056
28046.091432967056
28046.091432967056
28046.091432967056
28046.091432967056
28046.091432967056
28026.595417644843
28026.595417644843
28026.595417644843
28023.944421279844
28023.944421279844
28023.944421279844
28023.944421279844
28011.666672506297
28006.883922857236
28006.883922857236
28006.883922857236
28006.883922857236
28003.039802359453
28003.039802359453
28003.039802359453
28003.039802359453
27985.0225971601
27984.936041119247
27975.143414772385
27975.143414772385
27975.143414772385
27964.355668635897
27964.355668635897
27964.355668635897
27964.355668635897
27959.375208579128
27959.375208579128
27940.00892096943
27938.597008368954
27938.597008368954
27932.208999718532
27926.096151577116
27916.723845968543
27916.723845968543
27916.723845968543
27867.702066988775
27850.02973006045
27850.02973006045
27841.734614548353
27828.286176324367
27828.286176324367
27828.286176324367
27828.286176324367
27828.286176324367
27821.565598178375
27801.390256607876
27801.390256607876
27774.29033432801
27763.143539044053
27749.57797089917
27731.63198242118
27731.63198242118
27728.224280550083
27728.224280550083
27695.58762924346
27655.118293042455
27655.118293042455
27655.118293042455
27655.118293042455
27655.118293042455
27654.303251362093
27652.271972119306
27652.271972119306
27641.311526000074
27641.311526000074
27641.311526000074
27641.311526000074
27641.311526000074
27612.784169422375
27576.02124025082
27574.85498062319
27569.249936166085
27569.249936166085
27561.481488942212
27554.662942986528
27554.662942986528
27554.662942986528
27554.662942986528
27551.86740471949
27527.399341493307
27527.399341493307
27527.399341493307
27505.552156543206
27497.353968750762
27475.317453105137
27475.317453105137
27475.317453105137
27461.473717003948
27461.473717003948
27461.473717003948
27461.473717003948
27441.67777090443
27441.67777090443
27441.67777090443
27441.67777090443
27441.67777090443
27435.98604029219
27434.489093917477
27434.489093917477
27434.489093917477
27434.489093917477
27410.438689444414
27410.438689444414
27382.244080432487
27377.511938638178
27361.750775246906
27361.750775246906
27361.750775246906
27361.750775246906
27358.197309976724
27332.713451080817
27331.46059792797
27328.80705429805
27328.44828130797
27328.44828130797
27328.44828130797
27328.44828130797
27310.978005619596
27302.580232914173
27293.25135812268
27281.03850917582
27255.574932699506
27246.78123247282
27242.77179610461
27225.928853555204
27202.0293536891
27202.0293536891
27202.0293536891
27202.0293536891
27196.16785226915
27196.16785226915
27196.16785226915
27185.75686625451
27185.75686625451
27185.75686625451
27185.75686625451
27174.385777512554
27174.385777512554
27167.084461880408
27167.084461880408
27152.707760399917
27152.707760399917
27152.707760399917
27135.23800672755
27113.311545118035
27085.5458450876
27085.5458450876
27085.5458450876
27085.5458450876
27085.5458450876
27080.09095676902
27069.929372038343
27063.851373406284
27061.315778633932
27061.315778633932
27061.315778633932
27034.271365054716
27027.77382366456
27007.297077129486
27007.297077129486
26998.897234096534
26985.218329097206
26985.218329097206
26983.688949744737
26983.688949744737
26975.491943116536
26975.491943116536
26975.491943116536
26961.814973883855
26961.814973883855
26961.814973883855
26943.77634438722
26930.918239827366
26930.918239827366
26930.918239827366
26930.918239827366
26930.918239827366
26884.39198537766
26874.745684895828
26873.685599317112
26873.685599317112
26873.685599317112
26873.685599317112
26873.685599317112
26867.058939014387
26867.058939014387
26856.811929765758
26856.811929765758
26856.811929765758
26856.811929765758
26856.811929765758
26841.34291536103
26824.322869230982
26817.140214974752
26803.417246670782
26803.417246670782
26803.417246670782
26803.417246670782
26776.45017309071
26763.47075497972
26763.47075497972
26763.47075497972
26763.47075497972
26740.834695497822
26740.834695497822
26740.834695497822
26740.834695497822
26740.834695497822
26740.834695497822
26740.834695497822
26739.084754002753
26731.555368426765
26731.555368426765
26728.0936493646
26728.0936493646
26728.0936493646
26728.0936493646
26717.26027096106
26717.26027096106
26705.122429279007
26705.122429279007
26705.122429279007
26705.122429279007
26698.117980839175
26698.117980839175
26698.117980839175
26698.117980839175
26696.58489508005
26689.271485432597
26689.271485432597
26684.728863115615
26684.728863115615
26684.728863115615
26684.728863115615
26672.196122184017
26649.50256915765
26647.434058143335
26647.434058143335
26628.43079360595
26628.43079360595
26618.155553577002
26606.63705055316
26602.809461132714
26602.809461132714
26602.809461132714
26601.51109718405
26599.637661353572
26599.637661353572
26599.637661353572
26599.637661353572
26585.373842436667
26582.796256567337
26573.023799594608
26542.06802100676
26542.06802100676
26542.06802100676
26542.06802100676
26525.210808195014
26518.838460945684
26518.838460945684
26518.838460945684
26507.827075466666
26505.115124028805
26491.999682838185
26490.815690313553
26474.988663265325
26474.988663265325
26474.988663265325
26449.965008686762
26449.965008686762
26449.965008686762
26449.965008686762
26449.965008686762
26445.399566544977
26430.48153152406
26422.79620592926
26396.755642510798
26396.755642510798
26389.277411794228
26389.277411794228
26363.72592783935
26363.72592783935
26362.29285770482
26362.29285770482
26360.38120958343
26353.955085430156
26332.326556700937
26317.79940281057
26317.79940281057
26301.37202601601
26301.37202601601
26285.0114109813
26260.61852324586
26255.217862372887
26234.040135692147
26214.67922617559
26214.67922617559
26179.739265125492
26179.739265125492
26179.739265125492
26179.739265125492
26165.180209859678
26151.29886440886
26137.173485695756
26127.720198760522
26095.63542034673
26095.63542034673
26095.63542034673
26095.63542034673
26095.63542034673
26095.63542034673
26087.84985533137
26087.634582473267
26077.314076607378
26074.272922324188
26074.272922324188
26060.182020989076
26060.182020989076
26060.182020989076
26060.182020989076
26059.248237656277
26040.88802812888
26022.829918352534
26011.00101304647
25994.66622041299
25994.66622041299
25994.66622041299
25968.2132608294
25968.2132608294
25966.06457209478
25949.863908846695
25946.281309362294
25946.281309362294
25946.281309362294
25937.063624345654
25937.063624345654
25937.063624345654
25937.063624345654
25933.08323494887
25933.08323494887
25933.08323494887
25933.08323494887
25933.08323494887
25933.08323494887
25931.344961069135
25931.344961069135
25916.261049456603
25916.261049456603
25916.261049456603
25916.261049456603
25902.615162685102
25902.615162685102
25899.143296821694
25899.143296821694
25888.94461424769
25888.94461424769
25888.94461424769
25885.41045106619
25877.440102824832
25877.440102824832
25850.373651208218
25850.373651208218
25850.373651208218
25850.373651208218
25850.373651208218
25850.373651208218
25850.373651208218
25850.373651208218
25837.738102196043
25837.738102196043
25831.415731884183
25831.415731884183
25827.71763876711
25827.71763876711
25827.71763876711
25826.05927140477
25812.165417457778
25799.501692083384
25799.501692083384
25794.144469452538
25794.144469452538
25783.01500179437
25779.777371235145
25767.653427691497
25767.653427691497
25767.653427691497
25767.653427691497
25753.19880296273
25753.19880296273
25753.19880296273
25753.19880296273
25753.19880296273
25750.975383075838
25750.975383075838
25750.975383075838
25750.975383075838
25747.484765070636
25736.45969535918
25721.113368513434
25721.113368513434
25720.75741558678
25720.75741558678
25711.181789672555
25704.77333728508
25704.77333728508
25702.59124830343
25698.32177760106
25698.32177760106
25698.32177760106
25698.32177760106
25698.32177760106
25694.19946373714
25676.429766908597
25676.429766908597
25662.190975782876
25662.190975782876
25662.190975782876
25632.91763103829
25629.891157176407
25629.891157176407
25610.822173151737
25610.822173151737
25604.799842522585
25604.799842522585
25604.799842522585
25604.799842522585
25604.799842522585
25604.799842522585
25604.799842522585
25592.043511757227
25582.511927403
25575.42454557875
25563.892423559446
25563.892423559446
25553.735128625816
25553.735128625816
25549.459551136624
25541.846220734256
25541.72445746335
25541.72445746335
25537.266690890738
25537.266690890738
25537.266690890738
25537.266690890738
25530.97809783142
25524.245186399687
25516.31144730702
25509.082397807757
25507.5373385276
25507.5373385276
25502.194646937056
25502.194646937056
25501.848286836135
25474.23931724649
25474.23931724649
25474.23931724649
25461.410281555116
25461.410281555116
25449.726822440447
25439.845490778236
25439.845490778236
25423.068308877577
25420.91600425187
25420.91600425187
25418.261759879024
25418.261759879024
25418.261759879024
25418.261759879024
25410.2760202254
25410.2760202254
25392.845091743176
25392.845091743176
25392.845091743176
25392.845091743176
25392.845091743176
25382.115837625974
25382.115837625974
25382.115837625974
25382.115837625974
25378.037238693283
25378.037238693283
25372.93138007287
25372.93138007287
25361.983942213366
25341.45387668226
25338.17002797356
25313.297365598402
25308.48811317433
25287.718500949977
25287.718500949977
25287.718500949977
25287.718500949977
25252.487245895067
25252.487245895067
25246.81781016081
25210.852761580605
25210.852761580605
25210.852761580605
25210.852761580605
25210.852761580605
25191.064206951694
25191.064206951694
25173.59574856512
25173.59574856512
25169.944199309604
25150.738454445534
25128.2458482056
25128.2458482056
25128.2458482056
25128.2458482056
25128.2458482056
25121.194290745556
25120.365751381494
25120.365751381494
25102.592173270397
25102.592173270397
25102.592173270397
25089.630683436815
25077.248736551304
25077.248736551304
25077.248736551304
25077.248736551304
25077.248736551304
25064.073091153445
25049.16532609411
25042.123340015885
25042.123340015885
25032.582898608234
25019.184551538576
25019.184551538576
25004.28925526972
24995.33875012707
24975.29627738764
24975.29627738764
24951.423815998918
24945.70092094828
24945.70092094828
24945.70092094828
24932.640009715567
24932.640009715567
24927.40775057228
24927.40775057228
24927.40775057228
24927.40775057228
24905.753296391576
24869.413545241758
24869.413545241758
24869.413545241758
24868.344856295782
24864.509338460393
24853.48819135857
24853.48819135857
24853.48819135857
24853.48819135857
24848.871384665665
24818.03655429501
24818.03655429501
24810.282514230395
24794.283852351113
24785.33201170616
24780.65519600241
24755.880741079796
24754.518082393162
24740.477733943768
24725.921921912202
24725.921921912202
24713.037285820814
24713.037285820814
24713.037285820814
24698.022195375874
24698.022195375874
24672.100909880963
24658.980030396127
24658.980030396127
24658.980030396127
24638.484289818607
24638.484289818607
24638.484289818607
24620.37795431258
24611.941526658236
24611.941526658236
24611.941526658236
24611.941526658236
24592.562156008888
24560.620655867686
24545.33552178067
24545.33552178067
24530.17929286382
24521.228544547343
24503.857118182674
24453.042520294373
24444.002412828857
24444.002412828857
24444.002412828857
24444.002412828857
24427.97573882586
24397.922807574192
24382.74817489278
24382.74817489278
24381.38145026614
24381.38145026614
24361.337748402395
24353.706910420944
24326.317243533107
24304.48305504869
24296.702844192692
24296.702844192692
24296.702844192692
24296.702844192692
24293.131915521586
24293.131915521586
24293.131915521586
24276.803210570142
24276.803210570142
24260.59875785544
24228.6961925432
24224.348468912343
24224.348468912343
24224.348468912343
24224.348468912343
24200.400789006486
24181.928781455892
24179.34901694352
24179.34901694352
24173.459494951094
24173.459494951094
24173.459494951094
24164.07801717946
24144.431355271692
24144.431355271692
24144.431355271692
24115.633609194974
24115.633609194974
24115.633609194974
24115.633609194974
24089.03289977907
24077.86872903095
24077.86872903095
24077.86872903095
24077.86872903095
24077.86872903095
24065.62633787019
24059.39223867162
24059.39223867162
24059.39223867162
24059.39223867162
24059.39223867162
24055.03470308791
24047.216918192906
24047.216918192906
24045.6625260674
24045.6625260674
24033.948461291104
24033.948461291104
24033.948461291104
24026.477084743754
24026.477084743754
24026.477084743754
23996.535027081576
23996.535027081576
23996.535027081576
23996.535027081576
23996.535027081576
23991.31884991576
23991.31884991576
23990.814758622535
23956.495006271023
23952.51058362238
23952.51058362238
23952.51058362238
23937.686317318756
23935.751917011574
23935.751917011574
23935.751917011574
23935.751917011574
23935.751917011574
23932.93500945309
23932.93500945309
23900.47648890921
23900.47648890921
23890.30339905638
23870.648916974438
23870.648916974438
23868.436968699756
23854.81527940338
23854.81527940338
23853.485439697764
23853.485439697764
23849.793603543003
23849.793603543003
23848.3955324603
23848.3955324603
23848.3955324603
23845.49575744197
23845.49575744197
23834.187477407908
23834.187477407908
23834.187477407908
23803.9274246998
23803.9274246998
23803.9274246998
23803.9274246998
23800.284594658984
23800.284594658984
23799.049159685685
23781.37097344541
23766.002002570258
23758.11614972277
23745.746930851
23745.746930851
23745.746930851
23707.480095687777
23697.144389650817
23696.78026728209
23696.78026728209
23696.78026728209
23696.78026728209
23677.765183372987
23677.765183372987
23665.304525389878
23665.304525389878
23658.663600753007
23658.663600753007
23640.614815677192
23640.614815677192
23620.548127309
23606.50074507086
23583.729131453347
23583.107357573845
23583.107357573845
23572.17541959011
23572.17541959011
23570.266121170313
23570.266121170313
23570.266121170313
23541.871592571188
23519.1952296212
23519.1952296212
23498.111913023262
23495.09879249838
23493.744563141066
23480.374494490312
23480.374494490312
23480.374494490312
23480.374494490312
23480.374494490312
23466.635227071005
23466.635227071005
23460.82488213594
23460.82488213594
23460.82488213594
23460.82488213594
23460.82488213594
23440.512589500024
23440.512589500024
23440.512589500024
23440.512589500024
23437.611796236426
23437.611796236426
23425.85861084972
23407.31252859448
23388.965291661323
23388.965291661323
23379.11142455255
23370.919106858288
23353.05766029786
23353.05766029786
23348.273894289647
23340.123489860278
23340.123489860278
23340.123489860278
23340.123489860278
23330.15977825842
23301.2657190419
23285.916612395566
23285.36716695602
23285.36716695602
23278.0545582937
23278.0545582937
23278.0545582937
23278.0545582937
23260.711544799902
23260.711544799902
23260.711544799902
23260.711544799902
23260.711544799902
23257.19866115167
23251.75891208872
23227.31809880039
23227.31809880039
23227.31809880039
23223.508847107052
23223.508847107052
23214.216957379376
23207.76524180753
23207.520419685825
23207.520419685825
23189.46586818932
23189.46586818932
23177.68801177794
23177.68801177794
23177.68801177794
23175.586614414133
23175.586614414133
23175.586614414133
23175.586614414133
23175.586614414133
23175.586614414133
23175.586614414133
23174.097475801558
23174.097475801558
23174.097475801558
23168.885849702347
23166.625629911374
23166.625629911374
23163.73081891668
23160.823849795535
23148.5143804925
23148.5143804925
23148.5143804925
23148.5143804925
23148.5143804925
23148.5143804925
23137.300536330134
23137.300536330134
23128.614896760377
23128.614896760377
23128.614896760377
23128.614896760377
23104.31961438941
23099.557957555822
23099.557957555822
23099.557957555822
23099.557957555822
23099.557957555822
23093.34508738226
23079.980034837994
23079.980034837994
23053.17710206593
23053.17710206593
23053.17710206593
23053.17710206593
23040.656944278755
23040.656944278755
23037.909692862937
23037.909692862937
23037.909692862937
23011.88965738343
23011.88965738343
23008.6736306042
23008.6736306042
22992.24879119094
22992.24879119094
22992.24879119094
22965.80659207456
22957.35487378468
22957.35487378468
22945.316154543954
22945.316154543954
22945.316154543954
22945.316154543954
22925.263138116385
22922.95028216895
22900.584316819295
22900.584316819295
22884.054562408775
22875.78195630164
22875.78195630164
22875.78195630164
22875.78195630164
22856.36908750207
22856.36908750207
22841.86300370477
22815.135726362827
22795.14204683571
22795.14204683571
22794.744072542024
22794.744072542024
22792.664702276357
22778.8974346831
22778.8974346831
22778.8974346831
22778.8974346831
22775.67849291862
22773.913333931116
22773.913333931116
22773.913333931116
22766.030102486064
22766.030102486064
22766.030102486064
22765.623086599153
22757.16179794594
22755.668776425777
22755.668776425777
22755.668776425777
22755.668776425777
22755.668776425777
22747.31479690943
22734.16436042228
22734.16436042228
22734.00944043717
22734.00944043717
22724.777779764026
22714.500888862047
22714.500888862047
22714.500888862047
22714.500888862047
22689.860842427694
22677.592042591798
22671.982108024178
22671.982108024178
22645.95725439398
22622.313864362488
22622.313864362488
22616.14872696094
22616.14872696094
22608.445229072357
22608.445229072357
22608.445229072357
22600.039750095642
22567.00055020358
22567.00055020358
22549.73936422114
22549.73936422114
22548.82015559556
22523.75619833222
22501.4826317815
22488.204655429865
22488.204655429865
22488.204655429865
22467.9392998374
22463.7888083942
22441.051816698888
22436.885237488685
22433.917120485
22433.917120485
22433.4841622651
22412.22530644049
22411.99433222886
22411.99433222886
22411.99433222886
22397.931697149175
22397.931697149175
22380.61603124705
22380.61603124705
22380.61603124705
22371.085696469865
22354.210328530702
22354.210328530702
22349.494187154392
22336.131153183076
22326.835947233783
22324.624536090483
22324.624536090483
22324.624536090483
22313.12397747965
22312.309475178186
22312.309475178186
22285.86747038135
22285.86747038135
22253.38283360831
22233.10130945858
22214.092134599447
22204.41391786831
22199.479144614157
22199.479144614157
22198.947189221653
22191.507194856196
22191.507194856196
22191.507194856196
22191.507194856196
22180.440006435347
22180.440006435347
22180.440006435347
22156.938343147736
22153.86197568456
22143.280799732955
22142.325837545133
22142.325837545133
22114.513774500556
22114.513774500556
22105.013719525577
22097.28264012494
22097.28264012494
22094.619263407465
22075.747545377933
22067.395117415144
22058.359825354
22058.359825354
22058.359825354
22058.359825354
22058.359825354
22030.619791099874
22014.778747349745
21996.462267816416
21996.462267816416
21996.462267816416
21996.462267816416
21987.163103603078
21979.69621043549
21979.69621043549
21979.69621043549
21965.848086491045
21965.649761001827
21947.371782503524
21947.371782503524
21939.82170594725
21939.82170594725
21938.34867002802
21932.395109323883
21932.395109323883
21911.22041449068
21896.4126687133
21896.4126687133
21896.4126687133
21896.4126687133
21878.429014427667
21878.429014427667
21878.429014427667
21878.429014427667
21874.765362002832
21852.80962520716
21852.80962520716
21852.80962520716
21852.80962520716
21844.187226890084
21831.440289507213
21831.440289507213
21831.440289507213
21819.417244819204
21788.789981503505
21772.56035749649
21765.093276707266
21765.093276707266
21753.203997051714
21753.203997051714
21732.672358542775
21732.672358542775
21722.194614827808
21718.196721806948
21718.196721806948
21700.94991471318
21700.94991471318
21700.94991471318
21696.68041926215
21696.68041926215
21682.38326912616
21677.459288763177
21677.459288763177
21673.223302612176
21673.223302612176
21673.223302612176
21646.58711819142
21646.238178470576
21634.914632317952
21626.38775869263
21626.38775869263
21625.085381982175
21625.085381982175
21625.085381982175
21615.702289870464
21615.702289870464
21603.606012473156
21603.606012473156
21603.606012473156
21603.606012473156
21603.606012473156
21603.514703140117
21602.761874507094
21602.761874507094
21598.691842618307
21598.4263639383
21588.2500146943
21576.479920157715
21576.479920157715
21566.333651585574
21566.333651585574
21565.828249207287
21565.828249207287
21562.35547978051
21562.35547978051
21562.35547978051
21557.160199070502
21544.866288984285
21544.866288984285
21530.41267082831
21530.41267082831
21530.41267082831
21530.41267082831
21524.529325728163
21524.529325728163
21508.980460071947
21508.980460071947
21508.980460071947
21502.448831498754
21502.448831498754
21477.30232863053
21477.30232863053
21467.509451011454
21467.509451011454
21467.509451011454
21463.348217649287
21452.817137545215
21452.817137545215
21452.23017357468
21452.23017357468
21452.23017357468
21450.242143313437
21444.03625877327
21439.340975376064
21414.474564106233
21414.474564106233
21411.414404628045
21411.414404628045
21411.414404628045
21411.414404628045
21411.414404628045
21411.414404628045
21409.77826309676
21396.220277348788
21386.383766609706
21386.383766609706
21386.383766609706
21377.815078076597
21374.19988713874
21364.767276133265
21362.45035526627
21362.45035526627
21345.150634352616
21345.150634352616
21345.150634352616
21345.150634352616
21332.607077734436
21304.10295213225
21304.10295213225
21299.48851311171
21299.48851311171
21299.48851311171
21299.48851311171
21264.37105993833
21264.37105993833
21250.088403062382
21250.088403062382
21231.907342556962
21231.907342556962
21224.621200951737
21224.621200951737
21224.621200951737
21211.176649960285
21210.52199899201
21195.466329167706
21185.325513888067
21185.325513888067
21185.325513888067
21179.57321611678
21166.00819058311
21165.730900825445
21164.426573263838
21150.998240933168
21142.012488541593
21142.012488541593
21123.526766617673
21123.526766617673
21107.830801240303
21094.761054528248
21067.33586543521
21067.33586543521
21061.255136080817
21061.255136080817
21046.839361235416
21046.839361235416
21046.839361235416
21046.839361235416
21029.450750911757
21029.39073185666
21029.39073185666
21029.39073185666
21025.695748570008
21025.695748570008
21025.695748570008
21022.585143591394
21021.7672168094
21021.7672168094
21018.246285063105
21005.74713556879
21005.74713556879
20996.52562300921
20996.52562300921
20979.056652165065
20979.056652165065
20977.901100634954
20977.901100634954
20977.901100634954
20967.831083336183
20967.831083336183
20964.701823271374
20960.96520553949
20950.941071957175
20940.282451319017
20925.848256071567
20925.848256071567
20925.848256071567
20921.73207793206
20921.73207793206
20916.529954357142
20915.053778249967
20892.65603114127
20878.678066592012
20868.971761335684
20868.971761335684
20849.5623260467
20845.637885903834
20845.637885903834
20845.637885903834
20845.637885903834
20845.637885903834
20845.637885903834
20845.637885903834
20845.637885903834
20835.214564519683
20818.24132400042
20818.24132400042
20792.028425213746
20777.852849969204
20777.852849969204
20777.852849969204
20777.025946475147
20777.025946475147
20761.867141422037
20761.867141422037
20761.867141422037
20747.425918509427
20747.425918509427
20734.784406382096
20729.424348819906
20728.562178408956
20728.562178408956
20728.562178408956
20728.562178408956
20728.562178408956
20728.562178408956
20726.96654386148
20726.96654386148
20726.96654386148
20718.317801828838
20718.317801828838
20718.317801828838
20701.886202295937
20679.6456535143
20671.153881979153
20671.153881979153
20664.315933788628
20660.592022580302
20653.416243159794
20651.96855049976
20647.284447029455
20647.284447029455
20646.237202343895
20626.365197004154
20626.365197004154
20606.697663520492
20606.697663520492
20606.697663520492
20599.13038699001
20595.339258205597
20595.339258205597
20589.083102595316
20573.068284671037
20573.068284671037
20555.477919029476
20538.426581949727
20537.90058630845
20537.90058630845
20537.90058630845
20537.90058630845
20537.90058630845
20537.90058630845
20537.90058630845
20537.90058630845
20537.90058630845
20537.90058630845
20516.368371796652
20510.664235798857
20510.664235798857
20510.664235798857
20510.664235798857
20487.82848183344
20484.836107578507
20484.836107578507
20484.836107578507
20469.423128702485
20469.423128702485
20460.797249794112
20460.797249794112
20458.700013278187
20458.700013278187
20458.700013278187
20437.66097681043
20437.66097681043
20413.63604394496
20413.63604394496
20393.351731385486
20390.99889241873
20366.993392486023
20354.16057358993
20346.156768123954
20346.156768123954
20346.156768123954
20317.326776375234
20317.326776375234
20317.326776375234
20317.326776375234
20304.580030243735
20304.580030243735
20304.580030243735
20304.580030243735
20283.68399006199
20283.68399006199
20263.63382130368
20263.63382130368
20263.63382130368
20244.261528384133
20212.717381864073
20212.717381864073
20197.21101816665
20191.848786029313
20181.47248672027
20165.585360298373
20161.827617057737
20145.90973764485
20145.90973764485
20133.26133229061
20133.26133229061
20111.50474107463
20110.440492427788
20110.440492427788
20095.39925029479
20095.39925029479
20078.657401443692
20068.23455224503
20060.37873801306
20055.82735193658
20055.82735193658
20055.82735193658
20055.82735193658
20047.700138810713
20038.24185985239
20038.24185985239
20038.24185985239
20038.24185985239
20038.24185985239
20031.303226488813
20031.303226488813
20022.1565565466
20022.1565565466
20022.1565565466
20020.436773628455
20020.436773628455
20015.233441979995
20012.13890119434
20012.13890119434
20012.13890119434
20009.32100074955
20009.32100074955
19995.759326497428
19995.759326497428
19987.6384564957
19970.527317136362
19970.527317136362
19948.105730810377
19948.105730810377
19948.105730810377
19940.486484718338
19940.486484718338
19934.260590900547
19918.908326367906
19914.00982618045
19901.65680964736
19901.65680964736
19901.65680964736
19901.65680964736
19901.65680964736
19898.442393191403
19898.442393191403
19894.166835454016
19894.166835454016
19894.166835454016
19886.85452460786
19886.85452460786
19882.817739926315
19882.817739926315
19882.817739926315
19882.817739926315
19873.04140711072
19873.04140711072
19857.017028972125
19850.812722096594
19850.812722096594
19845.14659668723
19844.334884549706
19841.521541512906
19811.69544560148
19809.803194589942
19809.803194589942
19793.41853782276
19773.9645417462
19746.62523766565
19746.62523766565
19740.1543814685
19740.1543814685
19740.1543814685
19722.299466494664
19722.299466494664
19722.299466494664
19719.665317083476
19707.15459918255
19704.172604768803
19704.172604768803
19689.759394848585
19689.759394848585
19675.22415569669
19675.22415569669
19675.22415569669
19675.22415569669
19675.22415569669
19675.22415569669
19668.411751633448
19668.411751633448
19668.411751633448
19649.55748091246
19636.235860620345
19631.467306585982
19605.104627739875
19604.086708559338
19594.625721485656
19594.625721485656
19586.587430898573
19586.587430898573
19586.587430898573
19586.587430898573
19576.79385465841
19576.79385465841
19566.446084746338
19566.247260326247
19566.247260326247
19566.247260326247
19566.247260326247
19566.247260326247
19556.426491245686
19556.426491245686
19517.37203209541
19517.37203209541
19485.07396209211
19485.07396209211
19461.406200406862
19449.863334924245
19449.863334924245
19440.599244734167
19411.192366227144
19411.192366227144
19411.192366227144
19400.875564627724
19400.875564627724
19400.875564627724
19400.875564627724
19369.819518904595
19351.108343273405
19334.828647249127
19313.274109884554
19304.65393093584
19304.65393093584
19302.38907195491
19298.243709919647
19298.243709919647
19298.243709919647
19298.243709919647
19288.03675457402
19255.17457337293
19221.86936982405
19221.86936982405
19221.86936982405
19221.86936982405
19210.19599907734
19188.906613527415
19167.368192866776
19167.15394762549
19167.15394762549
19167.15394762549
19149.375862648325
19149.375862648325
19128.19317295729
19128.19317295729
19119.330896208863
19109.5453463869
19099.038960139034
19093.391743548353
19092.084832205415
19092.084832205415
19072.554019366213
19072.554019366213
19072.554019366213
19060.11990887852
19060.11990887852
19060.11990887852
19060.11990887852
19040.748444724275
19040.748444724275
19040.748444724275
19040.748444724275
19022.69181506625
19012.133546408793
19012.133546408793
18985.37787878089
18985.37787878089
18985.37787878089
18985.37787878089
18962.684088665643
18962.684088665643
18958.837138838742
18955.27529401088
18955.27529401088
18933.86512271184
18933.86512271184
18933.86512271184
18929.84732793641
18926.129483812816
18902.36760351731
18902.36760351731
18902.36760351731
18902.36760351731
18902.36760351731
18902.36760351731
18892.596764659174
18892.596764659174
18892.596764659174
18883.06718174327
18881.084946839437
18881.084946839437
18874.42453257133
18874.42453257133
18874.42453257133
18862.3768913039
18862.3768913039
18862.3768913039
18862.3768913039
18862.241530747357
18855.315970980682
18855.315970980682
18855.315970980682
18855.315970980682
18855.315970980682
18855.315970980682
18849.78604028692
18849.78604028692
18849.78604028692
18836.083917974152
18836.083917974152
18836.083917974152
18834.354974853293
18834.354974853293
18815.735246447846
18812.65956092112
18799.5514920216
18799.5514920216
18799.5514920216
18791.194419079056
18791.194419079056
18791.194419079056
18791.194419079056
18771.355508177625
18771.355508177625
18770.17812343995
18770.17812343995
18756.390704384314
18756.390704384314
18756.390704384314
18756.390704384314
18744.462190708105
18744.462190708105
18729.395904264413
18712.43986237231
18712.43986237231
18712.43986237231
18708.347294541087
18694.43490727081
18687.21523947729
18687.21523947729
18685.31718884205
18677.208357877033
18677.208357877033
18677.208357877033
18677.208357877033
18677.208357877033
18677.208357877033
18666.259227101156
18666.259227101156
18662.514879713257
18644.565730992774
18644.565730992774
18644.565730992774
18622.735566332907
18599.48572796958
18599.48572796958
18599.48572796958
18595.347058222807
18595.347058222807
18595.347058222807
18595.347058222807
18595.347058222807
18586.974609739726
18586.552374191437
18581.768529645728
18570.297029476365
18559.62636063273
18538.777318152286
18538.777318152286
18538.777318152286
18529.807452189296
18529.304486089477
18512.429172352793
18512.429172352793
18512.429172352793
18512.429172352793
18505.088271682667
18484.17790187121
18484.17790187121
18484.17790187121
18464.44515072634
18452.31032764127
18452.31032764127
18452.31032764127
18451.15340722816
18419.000366176657
18413.800196958036
18394.013910674043
18394.013910674043
18394.013910674043
18388.97138893984
18388.97138893984
18388.97138893984
18359.770283362548
18349.309912232187
18349.309912232187
18349.309912232187
18349.309912232187
18330.507674223278
18305.504298942124
18305.504298942124
18297.1669608214
18284.59598713114
18274.723039123928
18274.723039123928
18267.845804980676
18267.845804980676
18267.845804980676
18265.67190472661
18265.67190472661
18265.67190472661
18257.92141443827
18241.6349487985
18233.769244786447
18233.769244786447
18233.769244786447
18233.769244786447
18233.769244786447
18220.307442754583
18213.719440341432
18213.719440341432
18213.719440341432
18202.17325287641
18202.17325287641
18196.085121224078
18193.620389389427
18181.60053659237
18173.875960971574
18173.875960971574
18171.916835293792
18171.916835293792
18171.916835293792
18166.726245939164
18166.726245939164
18157.64246434871
18157.60256395243
18133.332994049546
18133.332994049546
18133.332994049546
18133.176437492188
18120.901427463148
18110.377465101847
18110.377465101847
18108.30651853383
18108.30651853383
18105.812943481877
18105.812943481877
18104.481856878192
18104.481856878192
18104.481856878192
18100.095463311543
18100.095463311543
18100.095463311543
18100.095463311543
18100.095463311543
18099.99353909652
18094.359121613674
18094.359121613674
18067.372722560358
18044.0338587426
18044.0338587426
18038.932957054592
18033.910449669267
18030.981576091162
18030.981576091162
18030.981576091162
18030.28039924794
18027.54677694432
18027.54677694432
18027.54677694432
18021.88854441314
18021.88854441314
18021.88854441314
18018.851840968407
17998.990776888244
17998.990776888244
17998.990776888244
17986.52256955771
17986.52256955771
17986.52256955771
17985.868521805394
17985.868521805394
17985.868521805394
17985.868521805394
17985.868521805394
17979.119177073662
17975.182196706603
17966.017205401782
17966.017205401782
17951.745647115487
17951.745647115487
17939.321246477837
17939.321246477837
17939.321246477837
17935.54300592564
17925.596075118156
17916.914560838744
17912.22812478869
17890.78563048666
17881.34317143604
17873.787223312927
17873.787223312927
17868.931684740422
17868.931684740422
17868.931684740422
17868.931684740422
17868.931684740422
17868.931684740422
17867.50056153914
17867.50056153914
17867.50056153914
17846.756458077456
17846.756458077456
17844.90053543986
17818.131968250527
17818.131968250527
17803.921974571676
17797.772134136925
17797.498736237667
17791.760933253154
17791.760933253154
17791.760933253154
17791.760933253154
17791.760933253154
17791.760933253154
17791.760933253154
17787.988826206245
17787.988826206245
17786.020139030214
17786.020139030214
17779.904680927277
17779.904680927277
17778.66283623278
17778.66283623278
17771.149116886576
17771.149116886576
17771.149116886576
17771.149116886576
17771.149116886576
17764.27307410653
17764.27307410653
17746.92661036535
17741.574611146865
17729.98900036635
17729.98900036635
17729.98900036635
17729.98900036635
17721.029561460116
17707.15000594812
17700.884775432954
17700.884775432954
17694.182516912108
17694.182516912108
17694.182516912108
17681.48953795491
17681.48953795491
17668.516031975152
17668.516031975152
17659.77834372667
17659.77834372667
17658.90700138255
17658.90700138255
17641.600029183028
17638.427663320334
17612.141222487564
17612.141222487564
17612.141222487564
17612.141222487564
17612.141222487564
17593.773935953435
17587.747093442977
17587.747093442977
17587.747093442977
17587.747093442977
17587.747093442977
17587.747093442977
17585.52735646734
17585.52735646734
17585.52735646734
17583.53628844268
17569.352182438382
17567.857383850307
17567.857383850307
17566.421414321885
17561.276469718017
17550.27946764645
17550.27946764645
17550.27946764645
17538.887682737928
17538.887682737928
17538.887682737928
17511.929351191433
17511.929351191433
17506.824118937657
17482.742579278158
17479.272384750166
17479.272384750166
17479.272384750166
17461.928854694124
17448.47445174506
17448.47445174506
17447.15553394322
17447.15553394322
17438.70050718557
17436.603468672445
17425.295612725386
17414.81488333152
17392.444712129432
17389.898627683044
17352.147908003295
17331.15883364373
17331.15883364373
17331.15883364373
17324.967262289218
17324.967262289218
17312.469273376093
17301.98185945577
17301.98185945577
17301.98185945577
17300.03051804247
17293.770195730052
17293.770195730052
17293.770195730052
17293.770195730052
17283.918599691704
17271.626706767212
17271.626706767212
17271.626706767212
17271.626706767212
17252.592757820923
17252.592757820923
17247.777971468455
17231.00237623443
17231.00237623443
17231.00237623443
17231.00237623443
17231.00237623443
17231.00237623443
17229.876959139307
17229.876959139307
17225.041830470986
17222.2324586436
17222.2324586436
17222.2324586436
17221.57526811988
17221.57526811988
17221.57526811988
17221.57526811988
17209.59674801934
17204.635167073073
17202.20140561867
17183.47405684384
17166.471745582607
17166.471745582607
17166.471745582607
17163.517652239378
17163.517652239378
17163.517652239378
17163.517652239378
17163.517652239378
17163.517652239378
17163.517652239378
17161.05472133035
17142.733338287
17117.02069412168
17100.960331835842
17078.63226183718
17078.63226183718
17078.63226183718
17078.47391070331
17078.47391070331
17078.47391070331
17078.47391070331
17078.47391070331
17069.913635110064
17069.913635110064
17069.913635110064
17057.610712731843
17027.518167339127
17027.518167339127
17016.21119471735
16998.51943246974
16989.689293364623
16989.689293364623
16975.57012697014
16957.104301993255
16953.21799866779
16938.254310578468
16917.77632376826
16917.77632376826
16908.215624674358
16882.634545887526
16864.71439198759
16864.71439198759
16864.71439198759
16864.71439198759
16864.71439198759
16864.71439198759
16864.71439198759
16864.71439198759
16837.190077365718
16817.847893753165
16817.847893753165
16808.429637879453
16792.382498528354
16792.382498528354
16785.992280576334
16774.51247301927
16752.497278905183
16747.776191827157
16747.776191827157
16745.26222598933
16745.26222598933
16736.931696689895
16729.852886751447
16726.195003933914
16721.10705677038
16721.073006728766
16721.073006728766
16713.193565111418
16713.193565111418
16711.70251178846
16708.7342896806
16707.376198589176
16699.121846360504
16698.58529313383
16698.58529313383
16687.99545483671
16680.488581343754
16680.488581343754
16680.488581343754
16673.003626104764
16666.93278094656
16655.823636603982
16655.823636603982
16641.704330745655
16641.704330745655
16641.704330745655
16641.414814771895
16641.414814771895
16641.414814771895
16640.96909359804
16640.96909359804
16640.96909359804
16640.96909359804
16631.81874082221
16631.81874082221
16631.81874082221
16631.81874082221
16604.03754037134
16604.03754037134
16604.03754037134
16603.585736350415
16603.585736350415
16590.52707161083
16590.52707161083
16590.52707161083
16590.52707161083
16587.56663373548
16587.56663373548
16587.56663373548
16587.56663373548
16587.56663373548
16587.56663373548
16581.349777555104
16581.349777555104
16581.349777555104
16578.227893303985
16578.227893303985
16578.227893303985
16578.227893303985
16555.766541167137
16555.766541167137
16555.766541167137
16555.766541167137
16532.4562685563
16532.4562685563
16529.363337797662
16529.363337797662
16527.974818711442
16527.40678003349
16527.40678003349
16513.757635830338
16513.757635830338
16513.757635830338
16503.594497569986
16493.774365791436
16487.862356462003
16487.862356462003
16478.22773082659
16478.22773082659
16469.826293219972
16468.916612581575
16449.249264243477
16446.758516340335
16425.780470008474
16425.780470008474
16425.780470008474
16425.780470008474
16415.4259106537
16415.4259106537
16415.4259106537
16392.601029349193
16385.741341935474
16385.741341935474
16376.491837620639
16376.491837620639
16355.094511573352
16355.094511573352
16345.848794502055
16340.158295110637
16335.645928535178
16331.147913160976
16331.147913160976
16318.400442181159
16314.66801432721
16298.803636543209
16274.579186720608
16274.579186720608
16265.951885630286
16253.90007042504
16237.18441760137
16237.18441760137
16224.580652351073
16220.465168414628
16220.465168414628
16220.465168414628
16220.465168414628
16220.465168414628
16211.571508752457
16186.23752239016
16186.23752239016
16180.313413748923
16180.313413748923
16180.313413748923
16149.968888832229
16141.80816130662
16141.80816130662
16132.336356735677
16115.520018046807
16102.143155511274
16102.143155511274
16102.143155511274
16096.843381602508
16096.843381602508
16096.843381602508
16087.196563673186
16087.196563673186
16083.331426884804
16083.331426884804
16073.311968022932
16073.311968022932
16058.471009607976
16058.471009607976
16058.471009607976
16045.235881396373
16037.370697413955
16027.276504245521
16027.276504245521
16027.276504245521
16022.360515908425
16022.360515908425
16016.170200160966
16013.134975286708
16003.611569256358
16003.611569256358
15986.118756907741
15971.354877093709
15971.354877093709
15965.580305813652
15965.580305813652
15959.108917290547
15959.108917290547
15943.624685182447
15943.624685182447
15934.87304874742
15915.794454649735
15910.129725273475
15910.129725273475
15903.494478973023
15903.494478973023
15890.649546998233
15890.649546998233
15860.506455108585
15858.942710578454
15845.978839483816
15843.759294577632
15831.910787021236
15831.910787021236
15804.767990381777
15804.767990381777
15804.767990381777
15794.930906001406
15783.172044310899
15783.172044310899
15776.174375928042
15776.174375928042
15773.435629308786
15759.23177922356
15759.23177922356
15758.19386306668
15758.19386306668
15750.550221194173
15717.517141875702
15717.517141875702
15715.878076908724
15715.878076908724
15715.878076908724
15704.130404084925
15704.130404084925
15691.554957117587
15691.554957117587
15691.554957117587
15689.36389484195
15687.078602523856
15687.078602523856
15671.121282194148
15663.239545154975
15663.239545154975
15663.239545154975
15663.239545154975
15646.654364551741
15642.607559352278
15642.607559352278
15642.607559352278
15642.607559352278
15642.607559352278
15642.607559352278
15636.74538824862
15636.74538824862
15626.558955661218
15626.558955661218
15618.62680108401
15599.442191571636
15599.442191571636
15599.442191571636
15598.96992926231
15598.96992926231
15598.96992926231
15598.96992926231
15593.86883017814
15593.86883017814
15593.86883017814
15589.471250188672
15554.770800808565
15534.995876950154
15534.995876950154
15534.995876950154
15532.644277705387
15526.975785655519
15526.975785655519
15511.067060947797
15503.856106784368
15495.249357622339
15490.98526622231
15490.98526622231
15490.98526622231
15490.98526622231
15486.843571755206
15486.843571755206
15477.869931090981
15469.464963194348
15469.464963194348
15469.464963194348
15469.464963194348
15469.464963194348
15459.435124799886
15449.583520258962
15449.583520258962
15449.583520258962
15449.583520258962
15437.008124780948
15437.008124780948
15437.008124780948
15432.939111046466
15432.939111046466
15432.939111046466
15429.13877302529
15429.13877302529
15416.398991692222
15414.707834296933
15392.166093385207
15378.591744103793
15378.591744103793
15378.591744103793
15374.832594121695
15359.179876776234
15359.179876776234
15359.179876776234
15352.312918061692
15347.551212751823
15336.35935761174
15336.35935761174
15331.50068345703
15331.50068345703
15331.50068345703
15331.50068345703
15314.120469303894
15304.841212085857
15304.841212085857
15301.962255339728
15301.962255339728
15286.288364263175
15286.288364263175
15286.288364263175
15286.288364263175
15276.607842346557
15274.601282515117
15267.869759949712
15267.869759949712
15267.869759949712
15267.034401851877
15267.034401851877
15267.034401851877
15267.034401851877
15267.034401851877
15267.034401851877
15256.79552035657
15256.79552035657
15221.792221322274
15220.607311403432
15214.17287784248
15214.17287784248
15214.17287784248
15194.822723722922
15172.827027844656
15164.80574999174
15164.80574999174
15164.80574999174
15155.32156652288
15155.32156652288
15155.32156652288
15153.070060280159
15147.561564086975
15143.577444887731
15141.98484799741
15141.98484799741
15129.610637520143
15128.550166150173
15128.550166150173
15128.550166150173
15128.550166150173
15128.550166150173
15106.550570535923
15098.92145715782
15098.92145715782
15098.92145715782
15098.92145715782
15098.92145715782
15078.962798383262
15058.860655703318
15058.860655703318
15058.860655703318
15058.709703965278
15053.06230086525
15053.06230086525
15053.06230086525
15053.06230086525
15053.06230086525
15053.06230086525
15047.78381968512
15032.38603905206
15032.38603905206
15032.38603905206
15014.301655782518
14999.194651533555
14999.194651533555
14999.194651533555
14995.485156503435
14995.485156503435
14993.666926063881
14993.666926063881
14987.537293112682
14987.537293112682
14987.537293112682
14987.537293112682
14987.537293112682
14987.537293112682
14987.315491713889
14987.315491713889
14987.315491713889
14987.315491713889
14987.315491713889
14987.315491713889
14987.315491713889
14987.315491713889
14984.320872348871
14984.25922720694
14984.25922720694
14976.971253446025
14976.971253446025
14965.43028520126
14958.38981277171
14958.38981277171
14958.38981277171
14958.38981277171
14958.38981277171
14958.38981277171
14958.38981277171
14946.046664614549
14936.501456896895
14936.501456896895
14936.501456896895
14936.501456896895
14931.787844398472
14919.042576044903
14918.942044960677
14918.942044960677
14918.942044960677
14918.942044960677
14906.266950785628
14906.266950785628
14899.646298337922
14899.630024973214
14899.630024973214
14882.583128064882
14882.583128064882
14882.583128064882
14873.633275606111
14873.633275606111
14865.736538126423
14865.736538126423
14858.966623044484
14829.699384369393
14829.699384369393
14820.718508965816
14820.718508965816
14800.354375480752
14800.354375480752
14800.354375480752
14800.354375480752
14795.657048699633
14777.75631563128
14771.70831595571
14771.053523460698
14771.053523460698
14771.053523460698
14769.222955565543
14765.77778793247
14765.77778793247
14757.473670818508
14756.703985063878
14756.703985063878
14751.240510398073
14751.240510398073
14747.161733596504
14742.948606274664
14742.948606274664
14742.948606274664
14728.012774248247
14728.012774248247
14728.012774248247
14728.012774248247
14720.595873537595
14720.595873537595
14720.595873537595
14720.595873537595
14717.541137734686
14704.372859363039
14704.372859363039
14699.859154651454
14699.859154651454
14699.326510859912
14699.326510859912
14699.326510859912
14690.868463664936
14683.785874737661
14675.570808000277
14675.570808000277
14675.570808000277
14675.570808000277
14669.081429682787
14668.32490850136
14661.487139485313
14646.608303911988
14646.608303911988
14646.608303911988
14644.162230783306
14644.162230783306
14644.162230783306
14630.352180959913
14628.548159099444
14628.548159099444
14628.16383676764
14628.16383676764
14623.271799950813
14623.271799950813
14618.497551535438
14608.965656459832
14608.965656459832
14608.965656459832
14608.965656459832
14599.47331103528
14599.47331103528
14599.47331103528
14599.47331103528
14599.47331103528
14598.253929184824
14598.253929184824
14598.253929184824
14593.432374680173
14591.084462151406
14587.643516947102
14586.815196948519
14586.815196948519
14578.813868284542
14578.813868284542
14578.813868284542
14553.497831437116
14552.110046773825
14552.110046773825
14552.110046773825
14552.110046773825
14545.96948670876
14544.40544222094
14544.40544222094
14544.40544222094
14542.227298708316
14542.227298708316
14542.227298708316
14542.227298708316
14533.811976583358
14533.811976583358
14533.811976583358
14533.811976583358
14526.499416636396
14526.499416636396
14511.976653886344
14511.976653886344
14511.976653886344
14511.976653886344
14511.976653886344
14511.976653886344
14511.976653886344
14509.06407302348
14497.335307512545
14493.59692850245
14458.847112165073
14458.847112165073
14428.013171688086
14428.013171688086
14428.013171688086
14428.013171688086
14428.013171688086
14419.105007936416
14419.105007936416
14399.246616558958
14393.581335848958
14390.245528912717
14379.556832451315
14379.556832451315
14379.556832451315
14379.556832451315
14373.943143230441
14373.943143230441
14373.943143230441
14373.943143230441
14367.821392952294
14367.821392952294
14367.821392952294
14361.95451591281
14360.416596446214
14360.416596446214
14360.416596446214
14360.258745555868
14344.755236129242
14344.755236129242
14344.755236129242
14344.755236129242
14326.82171604244
14326.82171604244
14326.82171604244
14307.445994013056
14307.445994013056
14307.445994013056
14307.445994013056
14286.295757963775
14286.295757963775
14277.853489732035
14277.853489732035
14272.916559778436
14264.376240953923
14264.376240953923
14264.376240953923
14260.440207927699
14260.440207927699
14260.440207927699
14258.93204782961
14247.209662454452
14238.667680388913
14229.331213569369
14229.331213569369
14223.525380882384
14223.331495168797
14223.331495168797
14223.331495168797
14221.052440790208
14221.052440790208
14207.872593298134
14207.872593298134
14207.872593298134
14202.688809106023
14202.688809106023
14202.07293329026
14202.07293329026
14197.310180043516
14197.310180043516
14188.945153642542
14188.945153642542
14174.84000980578
14160.646518319498
14160.646518319498
14153.518693126636
14141.61585033438
14136.051333506517
14136.051333506517
14136.051333506517
14128.488382964884
14128.488382964884
14110.37094918508
14106.05946198377
14084.862130375815
14084.862130375815
14062.441934065773
14059.914587289028
14046.083357279023
14043.07381850459
14035.830702873367
14023.964516098036
14023.964516098036
14023.964516098036
14002.641019446583
14002.641019446583
14002.641019446583
14002.641019446583
14002.641019446583
14002.641019446583
13995.532685537626
13995.134727261775
13995.134727261775
13985.135755560785
13985.135755560785
13964.959319697236
13964.119909735979
13964.119909735979
13939.208657993153
13939.208657993153
13922.741417023728
13914.136980283665
13910.097834824483
13910.097834824483
13910.097834824483
13910.097834824483
13907.763048665405
13907.763048665405
13905.66398325886
13905.66398325886
13905.66398325886
13891.907650670386
13891.907650670386
13882.170059351418
13882.170059351418
13882.170059351418
13881.474288212472
13881.474288212472
13870.786939707583
13870.786939707583
13870.786939707583
13870.786939707583
13870.264591143583
13870.264591143583
13870.264591143583
13870.264591143583
13868.038082578934
13858.152778750486
13844.786145319546
13844.786145319546
13842.440621617654
13840.035772450969
13834.549993488889
13834.549993488889
13834.549993488889
13834.549993488889
13834.549993488889
13829.857173624037
13826.637955372338
13802.4449675804
13802.4449675804
13802.4449675804
13790.956101876776
13784.419240556139
13760.717045491685
13756.645949225607
13750.301785705115
13750.301785705115
13739.75544789045
13730.75918920163
13715.586081952077
13715.586081952077
13715.586081952077
13715.075063623188
13715.075063623188
13713.56624472167
13713.56624472167
13711.364897575053
13704.825266215548
13698.42028878328
13697.410382199745
13686.749750137953
13686.749750137953
13679.461439065362
13672.316821691495
13670.258766664841
13670.258766664841
13670.258766664841
13670.258766664841
13670.258766664841
13670.258766664841
13670.258766664841
13670.258766664841
13670.258766664841
13670.258766664841
13669.86555613888
13661.583556405249
13661.583556405249
13644.713104825836
13640.542939992802
13640.542939992802
13638.290464429138
13623.338247645836
13614.154966666314
13607.45999471907
13598.072506996083
13595.91891508288
13595.91891508288
13576.080704005723
13569.136723167901
13569.136723167901
13562.455651688317
13560.814647212886
13556.456037349608
13556.456037349608
13554.509173070783
13554.509173070783
13554.509173070783
13541.80690449837
13541.80690449837
13540.216090215814
13540.216090215814
13533.725001548124
13519.933313064237
13519.888543266126
13507.992494756307
13496.5930033426
13495.399896676363
13493.222856645489
13493.222856645489
13479.562641023644
13455.088576454968
13444.205768360292
13444.205768360292
13430.026746197173
13430.026746197173
13430.026746197173
13417.759446105578
13417.759446105578
13409.088787988832
13399.024400377206
13399.024400377206
13399.024400377206
13389.868647180112
13386.333333914377
13386.333333914377
13386.333333914377
13377.476460368282
13377.476460368282
13377.476460368282
13377.476460368282
13369.688089298352
13369.688089298352
13369.688089298352
13369.688089298352
13369.688089298352
13369.688089298352
13367.773426582142
13367.773426582142
13367.773426582142
13351.92693964623
13351.92693964623
13348.933381512044
13348.933381512044
13348.933381512044
13348.933381512044
13342.759864136211
13330.435241906887
13316.04080165718
13316.04080165718
13315.367435320199
13307.898704670157
13307.898704670157
13301.55371754828
13284.844282585955
13284.844282585955
13284.844282585955
13284.844282585955
13272.488782788347
13272.488782788347
13272.488782788347
13271.037202195537
13271.037202195537
13271.037202195537
13267.366836324632
13267.366836324632
13267.366836324632
13254.01189575081
13245.592546156082
13225.980372859374
13214.85205219112
13214.85205219112
13214.85205219112
13214.85205219112
13203.228754833252
13203.228754833252
13174.059015349236
13148.654152365829
13148.654152365829
13148.654152365829
13148.654152365829
13136.143123354215
13121.188828347993
13121.188828347993
13112.89344575849
13112.89344575849
13112.89344575849
13112.89344575849
13098.884129403277
13098.884129403277
13098.884129403277
13098.884129403277
13098.884129403277
13093.439691030433
13093.439691030433
13090.851381412
13084.448717712612
13084.448717712612
13064.32662516687
13062.860308913454
13062.860308913454
13062.860308913454
13059.959473981487
13059.959473981487
13046.61171942318
13046.61171942318
13043.540963508573
13043.540963508573
13041.612705325495
13041.612705325495
13041.612705325495
13041.548806430028
13034.00547627683
13010.902867030347
13006.791049761054
13006.791049761054
12989.739031934829
12972.830084370995
12972.830084370995
12972.005965906961
12972.005965906961
12972.005965906961
12972.005965906961
12951.518257672878
12951.518257672878
12951.518257672878
12951.518257672878
12951.518257672878
12942.377069581411
12942.377069581411
12942.377069581411
12942.377069581411
12941.89474068057
12941.89474068057
12941.89474068057
12931.389987292947
12920.577176390852
12920.577176390852
12920.577176390852
12920.577176390852
12920.577176390852
12911.816029502721
12894.12114660815
12894.12114660815
12894.12114660815
12894.12114660815
12894.12114660815
12883.02354638875
12852.329682348713
12817.67686478292
12795.620879053993
12795.620879053993
12789.674726856696
12789.674726856696
12776.81084613278
12776.81084613278
12776.81084613278
12775.086065969435
12771.193222835156
12768.589471678506
12768.589471678506
12761.923897798415
12761.923897798415
12760.696957482123
12757.163791526807
12751.365092198266
12737.892354976966
12737.892354976966
12737.892354976966
12730.179301023652
12730.179301023652
12728.730009704563
12722.154328914557
12706.559492530041
12706.559492530041
12706.559492530041
12680.601242409462
12680.601242409462
12680.601242409462
12675.39848458667
12662.661493803513
12662.661493803513
12662.661493803513
12661.77994822338
12658.47166024822
12658.47166024822
12658.47166024822
12658.47166024822
12657.558059593286
12647.680829876595
12639.637282778183
12636.95336518175
12636.95336518175
12621.34768354279
12621.34768354279
12621.34768354279
12616.982966046608
12616.89669616442
12608.978916164715
12608.978916164715
12603.577405720715
12595.250902424643
12595.250902424643
12595.250902424643
12583.740347550392
12575.71631173354
12561.700909944899
12561.700909944899
12560.230913436493
12560.230913436493
12560.230913436493
12560.230913436493
12545.00054305712
12541.557700654292
12541.557700654292
12520.44764096542
12510.660833174885
12497.402837028183
12497.402837028183
12490.342301211698
12489.581843693044
12474.881828882442
12474.881828882442
12460.005283385412
12458.297947018356
12454.78687175613
12454.78687175613
12454.78687175613
12454.78687175613
12454.78687175613
12453.290521774152
12448.14066585852
12442.55984668315
12442.55984668315
12438.13354450748
12438.13354450748
12422.712258445687
12396.504418894367
12388.926075285752
12388.583021301742
12388.583021301742
12373.628097720106
12372.850252419546
12355.303540609983
12355.303540609983
12353.444251285202
12329.512261815387
12329.512261815387
12322.430870454355
12322.430870454355
12322.430870454355
12322.430870454355
12322.430870454355
12313.220057120334
12302.474411635952
12302.474411635952
12302.474411635952
12294.176270780892
12294.176270780892
12289.56258752561
12271.701824356394
12271.701824356394
12271.701824356394
12271.701824356394
12271.701824356394
12271.701824356394
12271.701824356394
12262.375001300163
12262.375001300163
12258.975538141642
12258.975538141642
12258.975538141642
12258.975538141642
12247.652470019015
12247.652470019015
12247.652470019015
12242.085748737041
12235.941188542292
12230.827982394596
12230.827982394596
12228.847334143738
12228.847334143738
12212.005620315711
12191.672358340335
12176.611799237637
12170.031269008572
12166.115397083982
12154.317017772893
12150.937867810853
12150.937867810853
12150.937867810853
12150.937867810853
12150.937867810853
12148.756106006942
12148.756106006942
12148.756106006942
12141.106572065084
12137.286507577519
12128.574726579227
12124.065264087969
12119.272862915876
12102.228590338038
12091.191541792285
12091.191541792285
12084.351369007036
12084.351369007036
12084.351369007036
12084.351369007036
12084.351369007036
12084.351369007036
12080.123574009986
12067.263601321847
12058.541034584892
12053.969557491353
12049.10899049521
12049.10899049521
12047.105952243184
12040.828660577416
12039.22532044267
12039.22532044267
12015.191674890504
12015.191674890504
12014.42553335632
12014.42553335632
12012.270960439164
12012.270960439164
12012.270960439164
11994.919363995834
11994.919363995834
11989.189656983684
11973.007334472763
11973.007334472763
11964.200848562821
11964.200848562821
11957.049205320756
11955.22678896973
11955.22678896973
11948.060397777279
11948.060397777279
11937.692543786912
11929.703198965935
11929.703198965935
11929.00010967232
11929.00010967232
11924.546524949414
11924.546524949414
11921.191110178186
11918.274951565529
11918.274951565529
11908.455906851934
11903.14742668902
11903.14742668902
11903.14742668902
11894.017209220336
11894.017209220336
11887.3654304452
11868.44878794748
11868.44878794748
11868.44878794748
11868.44878794748
11865.156923345474
11854.74071374295
11854.74071374295
11848.814036839982
11848.814036839982
11848.814036839982
11847.918469677788
11847.918469677788
11839.780940688557
11839.780940688557
11839.780940688557
11839.780940688557
11829.258384401204
11807.691749177007
11803.534500023163
11803.534500023163
11790.91405965398
11780.031804830927
11780.031804830927
11776.80873067397
11776.80873067397
11776.80873067397
11776.80873067397
11767.90105605849
11767.90105605849
11767.90105605849
11767.90105605849
11767.90105605849
11767.90105605849
11760.398970615697
11760.398970615697
11755.276673141942
11743.213400011224
11729.254961390248
11718.314680539297
11703.36713565494
11698.713445279149
11679.566112574592
11679.566112574592
11679.566112574592
11679.566112574592
11679.566112574592
11679.566112574592
11679.566112574592
11679.566112574592
11677.291619552374
11677.291619552374
11677.291619552374
11677.291619552374
11668.365269571956
11656.929347831558
11656.929347831558
11656.929347831558
11653.956041628704
11639.007574713518
11637.46841148851
11637.46841148851
11619.661727836841
11615.544710905406
11615.544710905406
11615.544710905406
11613.09615970658
11613.09615970658
11587.989755377926
11576.399398845815
11557.330556955198
11547.520106123804
11546.219135702717
11546.219135702717
11546.219135702717
11535.96238382471
11535.96238382471
11535.96238382471
11527.619844960273
11527.619844960273
11527.619844960273
11527.619844960273
11513.51684545521
11513.51684545521
11496.601664106027
11496.601664106027
11496.601664106027
11496.601664106027
11496.601664106027
11496.601664106027
11495.104740459157
11489.113724696243
11475.704463830505
11475.704463830505
11473.965014661468
11468.633345447497
11463.623007481026
11463.623007481026
11463.623007481026
11453.693805967547
11440.184453997183
11440.184453997183
11418.568160606854
11400.36707426571
11400.36707426571
11397.440543704271
11388.436830930921
11387.052302285269
11372.866525340742
11372.866525340742
11358.63916254336
11358.63916254336
11358.63916254336
11358.63916254336
11342.269476328544
11339.601699518598
11319.748406767316
11318.598857057794
11318.598857057794
11317.434182919453
11317.434182919453
11317.434182919453
11317.434182919453
11317.434182919453
11317.434182919453
11310.259173286377
11310.259173286377
11303.82926415779
11303.82926415779
11282.40723050154
11276.775081995676
11274.191927201522
11266.7539982803
11266.7539982803
11266.7539982803
11266.7539982803
11266.7539982803
11262.172584693679
11262.172584693679
11262.172584693679
11252.949681407968
11235.940560761554
11232.378618342724
11232.378618342724
11227.515649616966
11221.49977381227
11219.824403104158
11218.200550285988
11218.200550285988
11213.299318993539
11204.734973899222
11175.319925906635
11160.648162343801
11149.960767268585
11145.017764375301
11133.150662669446
11127.264424242629
11123.886664352747
11123.886664352747
11123.886664352747
11123.886664352747
11118.085612853365
11118.085612853365
11118.085612853365
11118.085612853365
11109.303711476821
11109.303711476821
11109.303711476821
11096.126216524824
11096.126216524824
11087.635535830726
11087.635535830726
11087.635535830726
11067.893853606354
11067.893853606354
11050.035145320615
11038.785853507214
11038.785853507214
11038.785853507214
11031.524266544307
11031.524266544307
11031.524266544307
11031.524266544307
11031.524266544307
11031.524266544307
11031.524266544307
11025.926872143844
11025.926872143844
11025.926872143844
11012.995695143514
11012.995695143514
11012.995695143514
11008.712176854786
11008.712176854786
10997.773896949442
10997.243658477633
10997.243658477633
10988.383399628761
10988.383399628761
10988.383399628761
10988.383399628761
10988.383399628761
10988.383399628761
10988.100985355859
10988.100985355859
10988.100985355859
10973.3821324369
10973.3821324369
10965.665937853666
10965.665937853666
10965.665937853666
10948.108097003545
10948.108097003545
10948.108097003545
10945.117910868226
10945.117910868226
10943.135523752242
10943.135523752242
10943.135523752242
10925.127759268285
10925.127759268285
10923.669889035116
10923.669889035116
10923.669889035116
10923.669889035116
10923.669889035116
10922.586731244952
10922.586731244952
10922.586731244952
10910.050223781092
10891.118718615082
10891.118718615082
10891.118718615082
10885.672264001772
10885.672264001772
10885.672264001772
10876.223555272045
10876.223555272045
10876.223555272045
10876.223555272045
10876.223555272045
10871.645899761339
10867.488038342139
10867.488038342139
10866.617831619942
10866.617831619942
10866.617831619942
10848.991389512905
10847.482270537623
10838.413286764917
10838.413286764917
10837.49942157949
10830.208981486605
10830.208981486605
10830.208981486605
10809.798761253116
10808.408805038509
10808.408805038509
10794.877704604221
10780.606219471809
10769.403721333225
10769.403721333225
10769.403721333225
10740.880640298537
10740.880640298537
10734.58083640889
10734.58083640889
10734.58083640889
10727.433079653876
10727.433079653876
10723.452000827801
10717.508956726548
10712.879420584606
10712.879420584606
10712.879420584606
10711.642900985013
10710.24944638168
10696.575518741578
10684.736607871899
10674.949783806689
10674.949783806689
10671.49182259829
10659.78650042929
10659.78650042929
10647.78379478733
10647.78379478733
10647.78379478733
10633.358668182278
10617.397072757445
10612.481658559665
10611.204888081338
10611.204888081338
10609.365324664646
10609.365324664646
10609.365324664646
10609.365324664646
10609.133574336545
10604.29118209492
10604.29118209492
10588.778761117495
10564.543969069902
10564.108675682439
10560.97232763855
10560.97232763855
10538.414113200211
10524.877939149592
10520.58192831833
10519.68366441638
10516.086209154973
10510.769317833956
10510.637521716602
10510.637521716602
10509.169892792032
10509.169892792032
10509.169892792032
10509.169892792032
10509.169892792032
10509.169892792032
10503.813427921841
10501.292718441446
10500.757625216716
10495.499667103575
10493.150355528047
10493.150355528047
10493.150355528047
10492.893910607023
10478.32287220695
10471.85997255118
10471.103438175629
10463.385346065703
10463.385346065703
10462.746080923916
10462.746080923916
10457.070815315503
10443.786607889635
10443.786607889635
10422.153689767056
10422.153689767056
10422.153689767056
10416.349435918457
10416.349435918457
10416.349435918457
10416.349435918457
10416.349435918457
10416.349435918457
10416.349435918457
10410.115090767897
10396.718573950084
10396.718573950084
10393.138166991457
10389.574326238022
10389.574326238022
10373.973884060762
10365.495419150164
10363.594032128363
10363.594032128363
10359.934032609746
10359.934032609746
10359.934032609746
10344.826819008984
10344.826819008984
10338.169720486127
10338.169720486127
10338.169720486127
10329.728288344199
10327.82091011904
10307.927055199647
10297.933768654057
10297.933768654057
10289.83429692014
10289.83429692014
10287.181621260648
10287.181621260648
10287.181621260648
10286.773584842469
10274.631702650777
10274.631702650777
10274.631702650777
10274.631702650777
10274.631702650777
10264.371537851584
10253.77358327194
10253.77358327194
10252.449350443372
10252.449350443372
10252.449350443372
10252.449350443372
10246.116898835962
10246.116898835962
10218.390612515104
10214.570354876052
10214.570354876052
10214.570354876052
10214.570354876052
10213.39889465267
10178.427663770417
10177.247065340853
10173.344749591079
10173.344749591079
10173.344749591079
10173.344749591079
10155.926988699965
10155.926988699965
10155.926988699965
10135.652721836223
10135.652721836223
10135.652721836223
10132.110630110477
10126.220404895113
10117.68462560774
10111.132491932964
10111.132491932964
10101.837746074714
10085.176679648805
10081.697329199413
10081.697329199413
10078.609753111765
10078.609753111765
10077.653230658867
10077.653230658867
10077.653230658867
10072.677154829962
10065.223788837637
10057.17904046324
10057.17904046324
10050.430728668407
10043.533037945308
10030.287118804721
10027.997610702905
10024.268513866557
10024.268513866557
10024.268513866557
10013.647089214808
10013.647089214808
10013.647089214808
10013.647089214808
10013.647089214808
10003.275161114558
10003.275161114558
10003.275161114558
10003.275161114558
10001.115181441854
9983.139828354428
9983.139828354428
9983.139828354428
9983.139828354428
9972.467742259925
9966.684417701194
9966.684417701194
9955.135236673996
9955.135236673996
9955.135236673996
9955.135236673996
9946.478778247281
9946.478778247281
9944.030728839598
9939.8657690058
9932.449202394622
9932.449202394622
9927.245007636702
9927.245007636702
9919.917043715033
9917.517130799295
9917.488144576122
9917.488144576122
9912.95957861767
9898.56616550727
9898.56616550727
9898.56616550727
9898.56616550727
9890.55361886727
9890.55361886727
9879.244512120282
9879.244512120282
9875.410467707252
9875.410467707252
9875.410467707252
9875.410467707252
9875.410467707252
9875.410467707252
9863.02926760696
9863.02926760696
9863.02926760696
9856.93558869893
9851.891415532353
9845.093782924532
9841.525258025898
9841.525258025898
9841.525258025898
9841.525258025898
9841.525258025898
9841.525258025898
9841.525258025898
9841.525258025898
9841.525258025898
9835.495759194273
9828.514079560264
9828.514079560264
9812.715276167028
9806.911192772228
9799.95434074791
9792.989724651294
9792.989724651294
9791.220623732905
9788.322838680055
9781.958283894424
9781.958283894424
9781.958283894424
9778.415066018564
9772.929635455866
9772.929635455866
9772.929635455866
9772.929635455866
9745.326085303628
9745.326085303628
9745.326085303628
9737.734006480387
9737.734006480387
9737.734006480387
9734.025008511137
9734.025008511137
9733.299735193563
9728.155783940725
9726.82972084198
9726.82972084198
9726.82972084198
9726.005561901664
9726.005561901664
9726.005561901664
9726.005561901664
9723.185904605916
9719.369830512584
9719.369830512584
9719.369830512584
9719.369830512584
9708.538387645898
9707.874161104577
9707.874161104577
9707.874161104577
9707.874161104577
9707.874161104577
9700.9514820511
9687.90201332065
9687.90201332065
9687.90201332065
9687.90201332065
9673.193350836404
9654.103769090027
9634.749693610102
9634.749693610102
9634.749693610102
9634.749693610102
9621.195421283699
9614.829400807608
9614.829400807608
9613.962775790282
9610.06912843009
9610.06912843009
9610.06912843009
9610.06912843009
9610.06912843009
9610.06912843009
9610.06912843009
9610.06912843009
9610.06912843009
9610.06912843009
9588.999554382419
9579.52223069871
9574.649778508932
9572.320904304117
9572.320904304117
9572.320904304117
9572.320904304117
9572.320904304117
9566.439602869676
9564.181498664742
9564.181498664742
9564.181498664742
9552.189962547496
9552.189962547496
9533.581000809843
9533.581000809843
9523.088074404863
9523.088074404863
9523.088074404863
9523.088074404863
9510.313002046416
9509.261295859224
9509.261295859224
9509.261295859224
9509.261295859224
9502.304993778736
9502.304993778736
9502.304993778736
9502.304993778736
9502.304993778736
9490.303853950016
9490.303853950016
9490.303853950016
9484.826537324401
9484.826537324401
9482.41292621812
9478.21648162368
9478.21648162368
9475.244975114085
9475.244975114085
9474.43338039632
9464.03330999643
9446.150786776294
9429.293516519992
9429.293516519992
9429.293516519992
9429.293516519992
9429.293516519992
9429.293516519992
9425.067849226183
9425.067849226183
9418.800789135248
9410.059775473206
9410.059775473206
9410.059775473206
9409.81621285036
9409.81621285036
9398.625172077358
9391.304775446642
9391.304775446642
9391.304775446642
9390.71150900618
9389.653886945493
9368.234760416966
9361.051866563514
9361.051866563514
9361.051866563514
9351.639253651274
9338.6040389662
9323.528813105973
9315.780889639545
9315.780889639545
9309.513871551944
9306.161637197245
9306.161637197245
9303.94328623596
9288.786312677672
9288.786312677672
9288.786312677672
9285.784744708137
9285.784744708137
9284.42526754249
9284.42526754249
9284.42526754249
9284.42526754249
9284.42526754249
9282.654073256504
9273.278217005432
9273.278217005432
9273.278217005432
9257.10607867515
9244.648060670603
9236.195382754775
9228.420130956603
9220.866076662405
9220.866076662405
9220.866076662405
9215.487024311855
9210.584939667837
9210.584939667837
9202.098174777624
9188.913166465221
9180.61307301891
9180.61307301891
9180.61307301891
9170.98592754016
9166.698373843257
9159.479672697
9159.479672697
9148.328333197682
9148.328333197682
9148.328333197682
9141.077546462124
9127.071972039415
9127.071972039415
9122.342358670103
9121.117171298805
9115.913020258917
9111.872649781255
9105.421585765802
9105.421585765802
9099.999627397463
9097.10904929351
9087.777335702
9076.730270059057
9072.859855927509
9066.96408697153
9057.56621773398
9057.56621773398
9045.844241612065
9045.844241612065
9045.844241612065
9036.568554659165
9032.813360708213
9022.601861575717
9022.601861575717
9017.123737054026
9006.687620913788
9006.687620913788
9004.324996685209
9004.324996685209
9004.324996685209
9001.43652619331
8997.706113962437
8991.581436393983
8984.504049817144
8984.504049817144
8971.36549402609
8962.561264682987
8962.561264682987
8962.561264682987
8958.15370770236
8958.15370770236
8958.15370770236
8958.15370770236
8958.15370770236
8958.15370770236
8936.658259975984
8925.480800895552
8923.868471622336
8914.434965330613
8914.434965330613
8911.684419428546
8911.684419428546
8911.684419428546
8910.986843001843
8910.986843001843
8910.986843001843
8906.42951441057
8906.42951441057
8894.200842335775
8888.82218739012
8888.82218739012
8888.82218739012
8876.739978198688
8869.08213376651
8856.352177976993
8856.352177976993
8856.352177976993
8849.33551404066
8849.33551404066
8849.33551404066
8849.33551404066
8843.813729240972
8843.280779644316
8838.248256957466
8838.248256957466
8838.248256957466
8828.617879589754
8808.918522569218
8791.444694021855
8769.467520676139
8769.467520676139
8769.467520676139
8758.233811931992
8758.233811931992
8758.233811931992
8758.233811931992
8753.098691897603
8753.098691897603
8753.098691897603
8753.098691897603
8753.098691897603
8750.162903859415
8738.460236033823
8738.460236033823
8737.358340360011
8737.358340360011
8732.643994714941
8732.643994714941
8727.417225089506
8727.417225089506
8727.237747507423
8714.565326184093
8708.489721120628
8708.449245314698
8708.449245314698
8695.967072641864
8690.062617467142
8690.062617467142
8689.24378469527
8689.24378469527
8689.24378469527
8687.838090658632
8687.838090658632
8687.838090658632
8682.64238991213
8682.64238991213
8678.595823269063
8671.134872203445
8666.109551958547
8666.109551958547
8666.109551958547
8666.109551958547
8666.109551958547
8655.916203049559
8655.916203049559
8655.916203049559
8655.916203049559
8655.916203049559
8655.916203049559
8649.095695808719
8649.095695808719
8647.86128891145
8632.118137345109
8626.856608019232
8626.856608019232
8605.108732017017
8605.108732017017
8598.081683596713
8591.326938139435
8583.133107347545
8573.830549838867
8572.861771230859
8571.4519767417
8570.206973482542
8570.206973482542
8570.206973482542
8565.876205850112
8546.403856424542
8546.403856424542
8546.403856424542
8546.403856424542
8546.403856424542
8546.403856424542
8543.634206558876
8535.75584417137
8535.75584417137
8535.75584417137
8535.100879515925
8526.964311357073
8526.964311357073
8526.964311357073
8520.041544001588
8520.041544001588
8520.041544001588
8520.041544001588
8520.041544001588
8513.251140851433
8507.692731612065
8486.892375723715
8483.622582841683
8483.622582841683
8475.0224557143
8461.691297369363
8461.691297369363
8461.691297369363
8461.691297369363
8461.691297369363
8461.691297369363
8461.691297369363
8461.691297369363
8458.709317690851
8458.709317690851
8449.443832244284
8441.684879450044
8441.684879450044
8441.684879450044
8431.498213066576
8431.498213066576
8428.1418169564
8428.1418169564
8428.1418169564
8409.344210944982
8406.350799811156
8402.4721538814
8395.627141044768
8395.627141044768
8395.627141044768
8395.480745664121
8394.346897644518
8393.02019722675
8393.02019722675
8379.209905145952
8379.103574376133
8379.103574376133
8379.103574376133
8379.103574376133
8379.103574376133
8379.103574376133
8374.44804928066
8374.44804928066
8373.791518104359
8373.791518104359
8373.791518104359
8371.684848895897
8371.684848895897
8371.684848895897
8371.684848895897
8365.764925375615
8362.54918811571
8362.54918811571
8362.54918811571
8362.54918811571
8360.997195199896
8360.633469473507
8360.633469473507
8347.531455329809
8344.72686969096
8341.8072330986
8333.384097111975
8325.533761293504
8322.803820558844
8303.149420441105
8303.149420441105
8303.149420441105
8303.149420441105
8303.149420441105
8303.149420441105
8281.818389329423
8280.241332608164
8277.317531011931
8266.382645321544
8266.382645321544
8266.382645321544
8260.967280107241
8260.967280107241
8250.102022900475
8246.290453637457
8234.894712563986
8234.894712563986
8234.894712563986
8234.894712563986
8232.760534556222
8224.906998050215
8208.948900957892
8208.948900957892
8208.948900957892
8203.57562340346
8200.150764479753
8200.150764479753
8198.173400480833
8198.173400480833
8186.560352835743
8186.560352835743
8186.560352835743
8183.3702351623215
8172.922829350821
8172.922829350821
8172.922829350821
8168.471797048526
8168.471797048526
8168.471797048526
8164.915633352262
8164.915633352262
8164.915633352262
8164.915633352262
8164.915633352262
8164.915633352262
8162.277324388161
8155.304578349703
8155.304578349703
8146.606314544718
8127.486275205586
8127.486275205586
8127.486275205586
8127.486275205586
8125.348873402579
8123.642026453803
8117.159131161122
8117.159131161122
8111.675929566304
8102.4258640271255
8102.4258640271255
8102.4258640271255
8102.4258640271255
8102.4258640271255
8088.182794397429
8082.620351524404
8074.830742643146
8074.830742643146
8074.830742643146
8064.583115936143
8064.583115936143
8062.928110431783
