48427.48788473484
48403.717629778876
48382.718775638146
48382.718775638146
48349.48852295498
48343.843792729094
48343.843792729094
48338.81251127324
48338.81251127324
48329.83240339578
48329.83240339578
48326.502668391215
48326.502668391215
48326.502668391215
48326.502668391215
48326.502668391215
48313.50221928128
48281.10901884532
48280.96982480046
48268.17980245248
48268.17980245248
48236.18498061885
48217.15129103394
48217.15129103394
48188.503494589684
48188.503494589684
48188.503494589684
48168.13018115853
48168.13018115853
48168.13018115853
48145.24939455434
48127.0380361535
48092.23822443428
48083.961003315795
48083.961003315795
48083.961003315795
48071.35983361798
48071.35983361798
48071.35983361798
48071.35983361798
48071.35983361798
48071.35983361798
48071.35983361798
48060.43079060624
48060.43079060624
48053.112512168
48031.02564810092
48030.88645017601
48008.34124977764
48003.97421512114
47997.39088090075
47969.7648388232
47969.7648388232
47969.7648388232
47950.30488022986
47934.32071446013
47892.327947280864
47891.66645387671
47891.66645387671
47891.66645387671
47879.03873082071
47879.03873082071
47866.83809386561
47866.83809386561
47866.83809386561
47844.70941452304
47844.70941452304
47827.17625741207
47776.972182705365
47771.70475032232
47769.500042873646
47769.500042873646
47769.500042873646
47769.500042873646
47764.52238939894
47764.52238939894
47764.52238939894
47764.52238939894
47764.52238939894
47763.003852008755
47761.99892513047
47750.20936904355
47750.20936904355
47750.20936904355
47727.25248826632
47727.25248826632
47724.61465177744
47711.92548598344
47711.92548598344
47689.51468281668
47680.32064988623
47680.32064988623
47680.32064988623
47647.64343451088
47626.531336731445
47626.531336731445
47626.531336731445
47603.98448472333
47599.81297363213
47599.81297363213
47599.81297363213
47599.81297363213
47591.861719040084
47567.35345958067
47567.35345958067
47567.35345958067
47546.38899047317
47526.531967518255
47526.531967518255
47522.435066323524
47522.435066323524
47522.435066323524
47513.01267623637
47513.01267623637
47512.26657888823
47501.12684308143
47501.12684308143
47501.12684308143
47498.03865704884
47450.26767929486
47450.26767929486
47425.88144935733
47425.88144935733
47416.109542468344
47384.73193942351
47384.73193942351
47383.35412232124
47381.179813581024
47381.179813581024
47381.179813581024
47349.080105560526
47342.85775299928
47342.85775299928
47333.72295608231
47333.72295608231
47333.72295608231
47333.72295608231
47333.72295608231
47333.72295608231
47333.72295608231
47333.72295608231
47333.72295608231
47333.72295608231
47333.72295608231
47322.11063591816
47320.95933210134
47320.95933210134
47320.95933210134
47289.24378164199
47258.405355802686
47247.67719493453
47247.67719493453
47228.45149137635
47228.45149137635
47228.04052676226
47228.04052676226
47210.99115656373
47210.99115656373
47190.21334539525
47190.21334539525
47190.21334539525
47190.21334539525
47190.21334539525
47169.04437359838
47169.04437359838
47169.04437359838
47169.04437359838
47167.68259448718
47140.46538132489
47140.46538132489
47140.46538132489
47094.60923861293
47094.60923861293
47074.083064411876
47033.97691160746
47033.97691160746
47033.97691160746
47013.84887240966
47013.84887240966
47004.07620043158
47004.07620043158
46973.461310941566
46936.96860078924
46931.00018849884
46918.05906085613
46878.78664854321
46871.29083078142
46855.244382210214
46855.244382210214
46835.08551692221
46835.08551692221
46822.93032835222
46822.93032835222
46822.93032835222
46822.93032835222
46793.50149255651
46791.06404891011
46770.56165622125
46770.56165622125
46770.56165622125
46766.404126411595
46766.404126411595
46766.404126411595
46766.404126411595
46754.69301303768
46754.69301303768
46743.89607792404
46743.89607792404
46731.80930029839
46731.80930029839
46709.62214737546
46709.62214737546
46709.62214737546
46699.08136710271
46699.08136710271
46694.91675746006
46694.91675746006
46694.91675746006
46689.52506662416
46689.52506662416
46657.55050353419
46657.55050353419
46657.55050353419
46645.72021502612
46645.72021502612
46645.72021502612
46645.72021502612
46645.72021502612
46645.72021502612
46612.26079562916
46608.71909910103
46608.71909910103
46608.71909910103
46598.29655680848
46598.29655680848
46598.29655680848
46560.96046369336
46544.06627658154
46544.06627658154
46544.06627658154
46544.06627658154
46504.1079606262
46504.1079606262
46478.196554285634
46478.196554285634
46474.89261754888
46474.89261754888
46474.89261754888
46454.171362710906
46454.171362710906
46454.171362710906
46454.171362710906
46452.23746080941
46452.23746080941
46440.515939934274
46420.55062369334
46409.21072030343
46394.755541449
46394.755541449
46380.56226807771
46343.1370806428
46343.1370806428
46310.68445125185
46310.68445125185
46310.68445125185
46310.68445125185
46293.51288973786
46293.51288973786
46273.13911549631
46273.13911549631
46256.65013452127
46247.00688020481
46247.00688020481
46247.00688020481
46247.00688020481
46233.21276903513
46233.21276903513
46233.21276903513
46233.21276903513
46228.300194042946
46222.67894365989
46222.67894365989
46222.67894365989
46222.67894365989
46207.10444406462
46207.10444406462
46179.45641334651
46176.264203821105
46172.859332311054
46172.859332311054
46172.859332311054
46152.31211497971
46152.31211497971
46142.370598868874
46142.370598868874
46142.370598868874
46138.445307371825
46138.445307371825
46138.445307371825
46138.445307371825
46117.53604154504
46117.53604154504
46117.53604154504
46106.35172315934
46098.177595297726
46090.18531567698
46077.6930159768
46060.752987373126
46046.330464008955
46046.330464008955
46046.330464008955
46046.330464008955
46037.559479686126
46033.90038777645
46026.65872539417
45977.16952710807
45974.560234835546
45956.66073073728
45956.66073073728
45947.40622744676
45947.40622744676
45925.33830749832
45925.33830749832
45925.33830749832
45925.33830749832
45925.33830749832
45925.33830749832
45924.86722764718
45909.01160700815
45909.01160700815
45909.01160700815
45909.01160700815
45891.49631636303
45891.49631636303
45869.06603232428
45856.43298127418
45847.24739166751
45804.931094487976
45804.931094487976
45804.931094487976
45804.931094487976
45796.81275516947
45756.71423149431
45747.67147851264
45706.60350700298
45706.60350700298
45706.60350700298
45687.49801851896
45670.18417822385
45664.197200103765
45664.197200103765
45661.76885674917
45623.03186065148
45594.94943007765
45594.94943007765
45594.94943007765
45586.18067670619
45586.18067670619
45586.18067670619
45586.18067670619
45582.974528412444
45551.05988681256
45528.97254123437
45528.97254123437
45505.29868469062
45505.29868469062
45497.86265157713
45470.52274669797
45470.52274669797
45470.52274669797
45461.74536741789
45431.86053183753
45431.86053183753
45424.76347598659
45416.658589634826
45406.49084351255
45406.49084351255
45406.49084351255
45406.49084351255
45406.49084351255
45406.49084351255
45406.49084351255
45377.21037472073
45377.21037472073
45377.21037472073
45354.57643051804
45288.61084744244
45288.61084744244
45274.007969933504
45274.007969933504
45274.007969933504
45265.68281349945
45244.020514385506
45244.020514385506
45244.020514385506
45244.020514385506
45244.020514385506
45244.020514385506
45238.54895858938
45238.54895858938
45238.54895858938
45238.54895858938
45238.54895858938
45238.54895858938
45196.90819870681
45196.90819870681
45196.90819870681
45196.82005831652
45196.82005831652
45153.75859407486
45153.75859407486
45142.79277751589
45142.79277751589
45130.3918209813
45130.3918209813
45087.60612063498
45075.89140387146
45059.95409981002
45059.95409981002
45059.95409981002
45059.95409981002
45059.95409981002
45042.21957362649
45040.25512575775
45040.18575498616
45040.18575498616
45040.18575498616
45024.44071315771
45021.80126462601
45021.80126462601
45013.53994594388
45013.53994594388
45013.53994594388
45013.53994594388
45013.53994594388
45013.53994594388
45001.1338086259
44987.78003479562
44950.49922053649
44938.4122817839
44938.4122817839
44938.4122817839
44936.90580919264
44936.90580919264
44936.90580919264
44903.980009835235
44889.50322902195
44889.50322902195
44861.61131800009
44861.61131800009
44836.57930699723
44836.57930699723
44836.57930699723
44836.57930699723
44836.57930699723
44836.49038630359
44818.25487199788
44801.05855531739
44795.60103950046
44790.671336274645
44747.768659836474
44747.768659836474
44747.768659836474
44737.91410067299
44714.41540094113
44714.41540094113
44699.16048706114
44699.16048706114
44695.47664349573
44681.09247234039
44681.09247234039
44669.89103690619
44669.89103690619
44660.548182340026
44660.548182340026
44642.756431581845
44642.756431581845
44642.756431581845
44634.33519183193
44619.33630513494
44619.33630513494
44601.041896013594
44592.57053573997
44592.57053573997
44592.57053573997
44592.57053573997
44592.57053573997
44563.466000354514
44560.33648363901
44551.40422369044
44551.40422369044
44544.67914348114
44533.628782083775
44533.628782083775
44528.53463544124
44524.88219887078
44495.70637742841
44495.70637742841
44495.70637742841
44495.70637742841
44493.14536446929
44493.14536446929
44478.55590293849
44473.91005310115
44473.91005310115
44440.534811819074
44440.534811819074
44430.733077191224
44430.733077191224
44428.480351583676
44428.480351583676
44421.87342180193
44374.595839398105
44374.595839398105
44365.00610254827
44347.74039801053
44347.74039801053
44345.428292654404
44299.369652032416
44299.369652032416
44295.03092349971
44295.03092349971
44274.96963295099
44254.43252165547
44242.02052715495
44228.475052196874
44228.475052196874
44228.475052196874
44228.475052196874
44227.441544432826
44226.872126529444
44226.872126529444
44208.16281988805
44203.921346053605
44186.83961165551
44186.83961165551
44186.83961165551
44132.32921116688
44126.56654938386
44126.56654938386
44110.06675225501
44098.702142150345
44073.63221066389
44051.95656650274
44049.97251119372
44049.97251119372
44049.97251119372
44049.97251119372
44049.97251119372
44049.97251119372
44034.977578876744
43996.77236887856
43983.86346982686
43983.86346982686
43973.1873847631
43973.1873847631
43973.1873847631
43971.05033384942
43971.05033384942
43942.88752512591
43942.88752512591
43923.97307533133
43923.97307533133
43923.97307533133
43904.771937405996
43889.294421527666
43880.98161425751
43846.826347123424
43821.00183893563
43804.83802558573
43804.83802558573
43804.83802558573
43804.83802558573
43804.83802558573
43804.83802558573
43773.59799042894
43765.47633071754
43732.100589072594
43732.100589072594
43732.100589072594
43732.100589072594
43692.86972970986
43686.44900597029
43686.44900597029
43655.382774036414
43655.382774036414
43655.382774036414
43649.39247386319
43645.113615213464
43627.89264418866
43627.89264418866
43627.89264418866
43615.77273408635
43580.257085065925
43580.257085065925
43580.257085065925
43562.60489314211
43562.60489314211
43539.462424827056
43530.85660626895
43530.85660626895
43503.94214820134
43481.31501346124
43448.905720342686
43444.99443947817
43402.36557975776
43402.36557975776
43402.36557975776
43402.36557975776
43402.36557975776
43389.30871584146
43386.921227768646
43386.921227768646
43386.481168594706
43386.481168594706
43352.63441391086
43352.63441391086
43351.16380778227
43313.81065021859
43313.81065021859
43283.19090322801
43283.19090322801
43263.84110484679
43253.341263077375
43238.969959043105
43235.99639750631
43235.99639750631
43235.99639750631
43231.259452318234
43216.93133387805
43214.905360023164
43211.03323798452
43200.656508942724
43181.517881251384
43181.517881251384
43170.716440382064
43170.716440382064
43169.73578097565
43157.293041009405
43157.293041009405
43141.02959537832
43141.02959537832
43141.02959537832
43141.02959537832
43141.02959537832
43141.02959537832
43129.54295740083
43096.88111202073
43096.88111202073
43096.88111202073
43096.88111202073
43096.88111202073
43096.88111202073
43082.74269594931
43035.663858024454
43024.47780625668
43024.47780625668
43015.0264138364
42992.797830928306
42992.797830928306
42977.83240651704
42939.58038996635
42902.72483975675
42883.43945889524
42883.43945889524
42883.43945889524
42883.43945889524
42881.53489618069
42847.70024026178
42847.70024026178
42847.70024026178
42847.00470679958
42841.536344653156
42841.536344653156
42841.536344653156
42841.536344653156
42832.102441573865
42821.612290747646
42800.61868945515
42780.877447518935
42748.87875821385
42725.42508221614
42699.76259573451
42690.668185827046
42674.46419614978
42674.46419614978
42660.57548914824
42623.33474966408
42598.85681996901
42532.14925538141
42519.29477278978
42510.4883722032
42510.4883722032
42510.4883722032
42497.3725251275
42495.00438853953
42495.00438853953
42495.00438853953
42495.00438853953
42456.022474171485
42434.73575950142
42429.86244377356
42421.81578283892
42421.136850446455
42421.136850446455
42421.136850446455
42421.136850446455
42412.366897476626
42412.366897476626
42384.01735328545
42384.01735328545
42374.91279787012
42326.466214402884
42320.23106066853
42320.23106066853
42320.23106066853
42319.052718220366
42307.973732510465
42282.001142887246
42282.001142887246
42272.67998525761
42272.67998525761
42272.67998525761
42272.67998525761
42254.97012431459
42254.97012431459
42254.97012431459
42222.37726457981
42222.37726457981
42213.487841901355
42210.452051164495
42204.46915600669
42203.45964614809
42203.45964614809
42192.75232621933
42192.75232621933
42192.75232621933
42186.553894750854
42161.481649018904
42161.481649018904
42160.51179483416
42160.51179483416
42160.51179483416
42111.789448513744
42111.789448513744
42111.789448513744
42102.352503221766
42101.914549939276
42101.914549939276
42101.914549939276
42101.914549939276
42068.64491168183
42068.065200464436
42040.91672236431
42019.72374561184
42019.72374561184
41981.77071746361
41952.481602958855
41952.481602958855
41948.959517964744
41944.25500084574
41935.264331627
41935.264331627
41922.31073107694
41922.31073107694
41922.31073107694
41922.31073107694
41910.068236002764
41910.068236002764
41910.068236002764
41903.63180044996
41903.63180044996
41903.63180044996
41903.63180044996
41890.323719105945
41887.19878822114
41887.19878822114
41883.05357902647
41878.40099953977
41858.57433169998
41858.57433169998
41833.92682048256
41833.92682048256
41833.92682048256
41830.60915132935
41830.60915132935
41810.908464258355
41810.121459500355
41810.121459500355
41770.5907478885
41745.488874460454
41745.488874460454
41689.72118062673
41689.72118062673
41689.72118062673
41689.72118062673
41676.29603539825
41654.39809363142
41640.81764485598
41603.64776411346
41592.220729172535
41592.220729172535
41592.220729172535
41553.863450754645
41553.863450754645
41553.863450754645
41553.863450754645
41553.863450754645
41531.15815434164
41521.722800271564
41507.567146506815
41507.567146506815
41498.39732257276
41498.39732257276
41478.536601119114
41473.990737789914
41473.6987143231
41473.6987143231
41457.26293662142
41457.26293662142
41457.26293662142
41441.984875284164
41440.1312908244
41440.1312908244
41440.1312908244
41440.1312908244
41440.1312908244
41440.1312908244
41415.57231819154
41409.98422281292
41388.15060779315
41388.15060779315
41388.15060779315
41369.206821697124
41353.6144356021
41353.6144356021
41353.6144356021
41351.72288973344
41318.726953545345
41313.37358642761
41304.99498862696
41304.99498862696
41300.09204747001
41297.37722071682
41297.37722071682
41273.00363330304
41255.6005601607
41255.6005601607
41253.30387968639
41253.30387968639
41239.10796788214
41239.10796788214
41238.49213995883
41220.915715683324
41189.03352288201
41189.03352288201
41189.03352288201
41184.34743725758
41184.34743725758
41149.95455921819
41149.95455921819
41145.61092099959
41145.61092099959
41085.89088279273
41062.28472323691
41062.28472323691
41052.58259241015
41052.58259241015
41052.58259241015
41052.58259241015
41052.58259241015
41052.58259241015
41028.10662387374
41026.39787610987
41019.00895231277
41013.14731828302
41013.14731828302
41013.14731828302
41013.14731828302
41004.49098768824
40989.568220564935
40989.568220564935
40989.568220564935
40989.568220564935
40986.21228019591
40986.21228019591
40986.21228019591
40986.21228019591
40958.99372437063
40947.87002009773
40941.427296686226
40941.427296686226
40911.93644167277
40901.37002440767
40901.03042022061
40885.995323079675
40885.995323079675
40885.995323079675
40864.050516079704
40857.7295542844
40857.7295542844
40857.7295542844
40857.7295542844
40857.7295542844
40857.7295542844
40857.7295542844
40853.982175428755
40853.982175428755
40853.982175428755
40853.982175428755
40853.982175428755
40835.715313403874
40834.379388471425
40830.25982356329
40830.25982356329
40830.25982356329
40830.25982356329
40791.83294450064
40775.89096772797
40741.142566581715
40730.10213530626
40727.61322841826
40727.61322841826
40727.61322841826
40727.61322841826
40727.61322841826
40727.61322841826
40699.57127780921
40680.016466588
40670.7273550627
40670.7273550627
40670.7273550627
40653.7747704689
40645.95094363739
40645.95094363739
40643.121240168584
40616.83859786893
40616.83859786893
40606.09278025381
40601.6184363143
40601.6184363143
40585.10250601408
40585.10250601408
40585.10250601408
40585.10250601408
40585.10250601408
40585.10250601408
40571.89078205795
40550.09953410076
40550.09953410076
40516.223072370914
40516.223072370914
40512.08093510556
40512.08093510556
40500.835030469476
40484.39878119055
40482.092340766074
40462.35416787102
40462.35416787102
40462.35416787102
40424.531470714115
40424.531470714115
40401.46780750424
40360.55083867403
40303.81924550169
40303.81924550169
40297.11516448348
40282.22638255984
40271.55378009259
40264.46875591688
40264.46875591688
40264.46875591688
40258.91670350429
40228.52542396086
40210.57482664901
40210.57482664901
40210.57482664901
40190.42782630631
40189.02429640891
40189.02429640891
40158.48736396596
40158.48736396596
40128.19772864341
40125.08047323061
40112.88489032002
40110.83070310314
40110.83070310314
40110.83070310314
40110.83070310314
40110.83070310314
40110.83070310314
40110.83070310314
40106.6881437623
40092.67306516796
40076.29999010527
40047.355931294864
40011.18500413213
40011.18500413213
40011.18500413213
40011.18500413213
39989.637975812766
39989.637975812766
39976.63140299976
39976.63140299976
39959.163578718486
39922.29354370138
39919.87017784287
39893.41411545714
39875.71352881788
39875.71352881788
39859.294295985186
39839.85773969997
39839.85773969997
39839.85773969997
39822.690019530215
39793.13855582437
39780.11428487207
39764.099545981466
39753.02290963209
39725.75139396624
39725.75139396624
39687.83594138573
39656.704474261416
39656.704474261416
39656.704474261416
39639.15679219093
39639.15679219093
39621.59516484777
39613.88719169835
39613.88719169835
39599.74426690304
39591.47029494064
39576.710015480334
39562.62063107002
39562.62063107002
39536.166793096694
39520.64242187232
39517.32312528555
39516.56252800149
39512.89986851209
39512.89986851209
39512.89986851209
39512.89986851209
39503.33852919365
39490.48759031194
39487.4198853937
39466.02329263618
39466.02329263618
39435.10961567839
39433.95404167854
39416.00308348993
39416.00308348993
39400.83173050461
39390.72264021009
39390.72264021009
39390.72264021009
39390.72264021009
39384.742812996876
39384.742812996876
39374.08897204528
39340.85625336133
39323.776040402496
39310.4061264155
39310.4061264155
39267.167524675475
39267.167524675475
39238.427182486754
39212.954827472335
39212.954827472335
39212.954827472335
39199.1199263756
39199.1199263756
39198.65319929726
39186.50264806907
39186.50264806907
39186.50264806907
39186.50264806907
39186.50264806907
39186.50264806907
39186.50264806907
39174.22732952932
39173.33260921668
39173.33260921668
39166.54096233897
39166.54096233897
39148.791326001
39145.34534860307
39131.46902658448
39107.290867575386
39107.290867575386
39107.290867575386
39107.290867575386
39076.532036073964
39076.532036073964
39068.009728914825
39053.554627194644
39020.15550549949
39020.15550549949
39020.15550549949
39020.15550549949
39020.15550549949
39013.3988505249
39000.364931414806
39000.364931414806
38984.89555414478
38974.25035719093
38971.38326382777
38967.73355707586
38967.73355707586
38967.73355707586
38936.17083203818
38936.17083203818
38929.074425143976
38929.074425143976
38921.46732343936
38921.46732343936
38921.46732343936
38921.46732343936
38921.46732343936
38921.46732343936
38921.46732343936
38921.46732343936
38921.46732343936
38921.46732343936
38921.46732343936
38909.194528953776
38909.194528953776
38909.194528953776
38909.194528953776
38908.001181263666
38908.001181263666
38908.001181263666
38884.65353283699
38884.166065396385
38884.166065396385
38884.166065396385
38868.223065617385
38868.223065617385
38848.02835321617
38844.383289963764
38828.09856780574
38766.17300773171
38766.17300773171
38766.17300773171
38764.99723760921
38764.99723760921
38761.02170787757
38748.939164743526
38730.53767654713
38716.2860535235
38716.2860535235
38716.2860535235
38716.2860535235
38698.537589852705
38698.537589852705
38686.68158019596
38677.08047589743
38677.08047589743
38675.665136384625
38675.665136384625
38675.665136384625
38645.12803387185
38623.4594989896
38623.4594989896
38607.77158364318
38607.77158364318
38551.17158730829
38551.17158730829
38551.17158730829
38551.17158730829
38551.17158730829
38551.17158730829
38536.442440095096
38527.29708008618
38527.29708008618
38513.616935701364
38513.616935701364
38492.67674035129
38468.97593416189
38468.97593416189
38459.42697310772
38459.42697310772
38456.175020041985
38437.58988311235
38433.149725736
38412.805283738766
38349.10976046947
38315.94529680456
38311.8529964133
38277.231971936
38269.3303136619
38269.3303136619
38269.3303136619
38251.14935718263
38249.89591406521
38249.89591406521
38249.89591406521
38249.89591406521
38248.35905414441
38248.35905414441
38248.35905414441
38217.32248740599
38205.525492358094
38197.06797652348
38197.06797652348
38197.06797652348
38170.52245258236
38151.05969605515
38136.48318948521
38108.31216268849
38108.31216268849
38108.31216268849
38108.31216268849
38091.8574885792
38091.8574885792
38091.8574885792
38091.8574885792
38091.8574885792
38036.75479143927
38031.48902410759
38027.20423725943
38027.20423725943
38027.20423725943
38027.20423725943
37994.50264760928
37982.39921081478
37973.9118620933
37956.40395363708
37956.40395363708
37940.217058209106
37940.217058209106
37925.64941977256
37913.229973132664
37913.229973132664
37905.53199769971
37905.53199769971
37884.40050831752
37856.550846925325
37856.550846925325
37856.550846925325
37854.78279015677
37854.78279015677
37854.78279015677
37849.90067654412
37849.90067654412
37835.807937552185
37835.807937552185
37828.528582564926
37809.31289961003
37809.31289961003
37796.18306020352
37784.66907553308
37784.66907553308
37784.66907553308
37784.66907553308
37784.66907553308
37766.636301361155
37749.64583748886
37749.64583748886
37738.809383652784
37708.60602147746
37675.54404214331
37652.65263888727
37652.65263888727
37652.65263888727
37652.65263888727
37631.93920065324
37620.904409396586
37620.904409396586
37596.11677205596
37582.05875030812
37574.57481844622
37551.57914720293
37551.57914720293
37530.15206020765
37519.84096261788
37519.84096261788
37497.11905356829
37486.85311724254
37482.20857466071
37482.20857466071
37474.014712019474
37462.43557823332
37449.30921993477
37449.30921993477
37448.714274808866
37443.89033551957
37443.89033551957
37422.89078714864
37410.666561731014
37374.24006576232
37374.24006576232
37370.484036933834
37370.484036933834
37368.14979436098
37365.463467892136
37365.463467892136
37363.712896652454
37342.928309829294
37315.49612058115
37305.40182398057
37295.5998138875
37295.22359789019
37288.70115772597
37262.38541745317
37258.27827574193
37258.27827574193
37258.27827574193
37258.27827574193
37258.27827574193
37258.27827574193
37256.962543856636
37256.962543856636
37256.962543856636
37254.48884517507
37254.48884517507
37254.48884517507
37228.2621606719
37228.2621606719
37228.2621606719
37228.2621606719
37228.2621606719
37228.2621606719
37223.04460620235
37221.98188357199
37204.42818109823
37203.98565321859
37196.2550662552
37196.2550662552
37185.023834353226
37181.962725513986
37181.962725513986
37181.962725513986
37181.962725513986
37129.52870310996
37129.52870310996
37117.69929848872
37117.69929848872
37117.69929848872
37108.08765756852
37108.08765756852
37108.08765756852
37097.35100892035
37086.314685740814
37080.98338241311
37040.75992203407
37040.75992203407
37040.75992203407
37029.38846614946
37029.38846614946
36995.63439039412
36995.63439039412
36995.63439039412
36995.63439039412
36975.47173977023
36970.54335594058
36970.54335594058
36970.54335594058
36964.8015574107
36956.35660576269
36956.35660576269
36927.30393314807
36927.30393314807
36904.377553787985
36904.377553787985
36880.98997120506
36868.950962240815
36819.05871144776
36816.195104638144
36784.080837780704
36784.080837780704
36784.080837780704
36784.080837780704
36763.67575394104
36763.67575394104
36737.52578737498
36737.52578737498
36723.345618941705
36710.72789641116
36710.72789641116
36710.72789641116
36710.72789641116
36710.72789641116
36710.72789641116
36710.72789641116
36710.72789641116
36702.98461721028
36681.474520412026
36681.474520412026
36656.45743452835
36646.67786008053
36646.67786008053
36636.42029969197
36619.76915495407
36619.76915495407
36619.76915495407
36607.52262687974
36588.94545678679
36588.94545678679
36588.94545678679
36588.94545678679
36584.093651804316
36584.093651804316
36584.093651804316
36584.093651804316
36567.78063437458
36567.78063437458
36565.03716739682
36565.03716739682
36565.03716739682
36548.56368181048
36547.09398022238
36528.73163352288
36528.73163352288
36499.58313112789
36499.434566532684
36492.874287376035
36492.874287376035
36492.874287376035
36473.97045333967
36456.688315217245
36445.02778676101
36431.11232145972
36413.1860023358
36413.1860023358
36413.1860023358
36413.1860023358
36406.902107807335
36393.922252605655
36393.922252605655
36393.922252605655
36393.922252605655
36387.41754393413
36387.41754393413
36387.41754393413
36387.41754393413
36357.71429983773
36357.71429983773
36355.67043014916
36349.859078755275
36333.20985046389
36333.20985046389
36314.70479334592
36291.568912252944
36234.51314192379
36234.51314192379
36234.51314192379
36199.93439313647
36190.06755419622
36190.06755419622
36190.06755419622
36186.313385076464
36186.313385076464
36181.23206344893
36181.23206344893
36161.567300458584
36161.567300458584
36161.567300458584
36161.567300458584
36153.8182700523
36136.56420863838
36135.05069278323
36112.075441220295
36112.075441220295
36090.136036693104
36090.136036693104
36090.136036693104
36090.136036693104
36071.92943050087
36071.92943050087
36071.92943050087
36049.32804345205
36032.863201136905
36032.863201136905
36018.02172114495
36018.02172114495
36017.448501439416
36013.4215846381
35983.884846757246
35963.247456084864
35963.247456084864
35963.247456084864
35948.62570476886
35948.62570476886
35948.62570476886
35913.77674108367
35913.77674108367
35887.069195487646
35862.39492991257
35854.284163127886
35849.46393727129
35845.714555538696
35834.218349366376
35834.218349366376
35833.72896323768
35811.99932741055
35807.770004502076
35807.770004502076
35801.994207647054
35801.994207647054
35801.994207647054
35801.994207647054
35788.334539531155
35776.13070318459
35776.13070318459
35776.13070318459
35766.510044784925
35751.14013027176
35751.14013027176
35751.14013027176
35751.14013027176
35751.14013027176
35738.54073656174
35738.54073656174
35738.54073656174
35738.54073656174
35738.54073656174
35738.54073656174
35738.54073656174
35734.61744019703
35734.61744019703
35722.02224890817
35722.02224890817
35722.02224890817
35708.851966358605
35708.851966358605
35693.05462176115
35693.05462176115
35688.237299055414
35665.9322034352
35665.9322034352
35665.9322034352
35665.9322034352
35665.9322034352
35663.32950802861
35663.32950802861
35656.834851348285
35656.834851348285
35612.64340037006
35605.92053170899
35605.92053170899
35605.92053170899
35579.19822499328
35566.11656111172
35566.11656111172
35566.11656111172
35558.11219256567
35551.39759277814
35536.74531565757
35521.11703514056
35521.11703514056
35519.491428884576
35519.491428884576
35518.771212477826
35505.397602602294
35494.09376151506
35469.55634692353
35461.52500421931
35461.52500421931
35461.52500421931
35461.52500421931
35461.52500421931
35461.52500421931
35461.52500421931
35459.36160405114
35459.36160405114
35459.36160405114
35437.99992265174
35437.99992265174
35437.99992265174
35437.99992265174
35411.594922768505
35411.594922768505
35411.594922768505
35371.060526673355
35358.93085519097
35358.93085519097
35358.93085519097
35358.93085519097
35358.93085519097
35338.703765647544
35338.703765647544
35338.276073129884
35320.20506058619
35320.20506058619
35320.20506058619
35308.07739340713
35299.195493319006
35277.260349208074
35262.49099298511
35262.49099298511
35245.49883140164
35238.74950434483
35238.74950434483
35202.43438643698
35202.43438643698
35202.43438643698
35202.43438643698
35170.80701952486
35134.7200703617
35134.7200703617
35089.283589681916
35089.283589681916
35047.669514808214
35047.669514808214
35042.34771501838
35042.34771501838
35038.138595411336
35038.138595411336
35018.30667147135
35018.30667147135
35017.07587184065
35002.631455318944
35002.397365566365
35002.397365566365
34999.52825322228
34999.52825322228
34999.52825322228
34984.632975679335
34974.79381841496
34974.79381841496
34974.79381841496
34974.79381841496
34974.79381841496
34974.79381841496
34974.55683636889
34969.69579859575
34964.95662126603
34964.23000494533
34964.23000494533
34964.23000494533
34964.23000494533
34964.23000494533
34957.4977129826
34957.4977129826
34957.4977129826
34957.4977129826
34957.4977129826
34957.4977129826
34944.67011507728
34944.67011507728
34944.67011507728
34939.23308322038
34939.23308322038
34936.64214322037
34918.97438369468
34918.97438369468
34918.97438369468
34918.97438369468
34918.97438369468
34918.97438369468
34918.97438369468
34918.97438369468
34918.97438369468
34918.97438369468
34913.5677211566
34873.59972995226
34873.59972995226
34844.43378916943
34842.52048789486
34842.52048789486
34842.52048789486
34842.52048789486
34842.52048789486
34800.39821866032
34789.56449558495
34782.80140425522
34754.598859215046
34750.54218820312
34750.54218820312
34723.28955058774
34722.54103871487
34719.928229827216
34690.67786942392
34671.337723762284
34632.59193759714
34632.59193759714
34623.93583153917
34623.93583153917
34623.93583153917
34623.93583153917
34623.93583153917
34623.93583153917
34620.6852424324
34612.31574644851
34612.31574644851
34603.22800384409
34597.67348270075
34583.828052732424
34583.828052732424
34583.828052732424
34583.828052732424
34559.75989492375
34548.62983620432
34536.8831375141
34536.8831375141
34532.372702946974
34532.372702946974
34532.372702946974
34530.19524780484
34530.19524780484
34530.19524780484
34516.8203210332
34490.42327947405
34481.87862339859
34460.789200973886
34460.789200973886
34460.789200973886
34431.743938286636
34407.048132586715
34407.048132586715
34407.048132586715
34402.65253095708
34399.73738616906
34378.88573171779
34368.45117601629
34351.973111745836
34346.25793962316
34346.25793962316
34341.26251703347
34333.34411681694
34333.34411681694
34333.34411681694
34333.34411681694
34327.88387104983
34311.935569852176
34303.90646901689
34302.43125158597
34302.43125158597
34302.43125158597
34299.21371199742
34299.21371199742
34299.21371199742
34245.968232695304
34245.968232695304
34215.97689476238
34213.674757117835
34194.18396392176
34190.340894777066
34190.340894777066
34190.340894777066
34150.108018349754
34130.891839593656
34130.891839593656
34130.891839593656
34130.891839593656
34128.27078304125
34128.27078304125
34117.17251053701
34117.17251053701
34117.17251053701
34117.17251053701
34117.17251053701
34117.17251053701
34101.683676955494
34088.61273573192
34088.61273573192
34076.90805629335
34071.725253124074
34071.725253124074
34071.725253124074
34057.40258565545
34057.40258565545
34057.40258565545
34048.91971674662
34048.91971674662
34048.91971674662
34040.53231912755
34040.53231912755
34020.03914179858
34020.03914179858
34020.03914179858
34012.72623949671
34012.72623949671
34012.72623949671
34012.72623949671
34012.72623949671
34005.095821658826
34005.095821658826
34005.095821658826
33988.440114918805
33970.836827876505
33970.836827876505
33965.76984308274
33965.76984308274
33965.76984308274
33956.84518538026
33949.13186357529
33949.13186357529
33949.13186357529
33949.13186357529
33949.13186357529
33932.009916806135
33912.773739020515
33894.01377658983
33894.01377658983
33880.520410611374
33866.00657148027
33866.00657148027
33866.00657148027
33866.00657148027
33866.00657148027
33846.193240284745
33835.42588394871
33814.01905064443
33803.063270824256
33803.063270824256
33802.7383498954
33802.7383498954
33801.379937885
33801.379937885
33801.379937885
33800.73774705916
33800.73774705916
33800.73774705916
33800.73774705916
33798.84903411528
33798.84903411528
33798.84903411528
33767.296172217495
33767.296172217495
33767.296172217495
33757.04069321689
33757.04069321689
33757.04069321689
33755.509862869505
33755.509862869505
33755.509862869505
33755.509862869505
33755.509862869505
33744.236312273824
33735.27948562023
33735.27948562023
33735.27948562023
33731.5744564794
33730.152395592006
33723.96141191972
33723.96141191972
33723.96141191972
33723.96141191972
33707.85847430031
33687.309615533326
33675.766312292835
33669.650426909255
33650.88475894454
33640.985270733545
33624.56603971606
33624.56603971606
33624.56603971606
33624.40186315145
33624.40186315145
33599.7940449573
33598.92858226234
33594.83319867724
33580.11982012327
33580.11982012327
33570.45850293072
33557.33906687443
33545.30734393423
33545.30734393423
33545.30734393423
33542.80102013224
33542.80102013224
33503.68860159447
33491.16819852853
33453.32824613967
33447.355690374134
33447.355690374134
33447.355690374134
33437.59889460506
33384.52851842615
33341.88738417538
33341.88738417538
33324.520970119214
33324.520970119214
33319.88830891791
33319.88830891791
33319.88830891791
33309.10546509852
33309.10546509852
33309.10546509852
33304.0462216528
33286.02699205311
33268.43418150809
33268.43418150809
33267.56328445108
33267.56328445108
33259.48161823565
33255.68203306538
33255.68203306538
33255.68203306538
33255.68203306538
33255.68203306538
33225.856280345564
33201.96195938062
33189.39987116803
33189.39987116803
33139.8058730656
33139.8058730656
33117.78667170645
33116.28199714439
33116.28199714439
33114.281211851434
33114.281211851434
33114.281211851434
33099.33608650346
33099.33608650346
33099.33608650346
33099.33608650346
33096.721091248764
33096.721091248764
33091.45338570631
33087.4826544867
33074.81514024917
33067.37040616588
33044.79971293924
33044.79971293924
33043.824490257306
33030.00441591311
33030.00441591311
33028.6093244081
32997.283814260176
32997.283814260176
32972.313320217814
32972.313320217814
32972.313320217814
32972.313320217814
32972.313320217814
32972.313320217814
32967.997989980024
32958.1108482015
32937.99115839781
32937.99115839781
32930.50970114876
32919.11665892307
32911.18768523102
32900.16815061072
32875.42269705431
32869.781703878136
32849.089604718756
32841.9396014987
32825.04315829986
32797.60660542782
32797.60660542782
32797.60660542782
32788.27579238769
32788.27579238769
32780.72977629274
32772.69230586987
32772.69230586987
32759.62108852631
32759.62108852631
32759.62108852631
32757.50788703395
32737.755063116805
32722.649658609665
32712.215366945133
32712.215366945133
32679.047789638218
32661.698655819855
32661.698655819855
32647.06854234412
32647.06854234412
32647.06854234412
32641.4385856155
32610.73163311557
32610.73163311557
32609.545588996636
32595.750283496724
32595.750283496724
32595.750283496724
32575.517431952045
32573.627734498117
32573.627734498117
32573.627734498117
32536.403350423596
32523.46964161241
32523.46964161241
32523.46964161241
32491.695090646357
32491.695090646357
32455.382906381248
32444.875396964395
32444.875396964395
32437.726284168086
32437.540099115202
32437.540099115202
32427.361519598606
32409.657475625438
32409.657475625438
32391.69180079126
32391.69180079126
32379.47026352155
32379.47026352155
32379.47026352155
32364.097989212034
32364.097989212034
32343.6117905588
32326.12914166702
32326.12914166702
32313.920698117556
32297.320388194235
32262.38576820612
32262.38576820612
32262.38576820612
32262.38576820612
32262.38576820612
32262.38576820612
32262.38576820612
32262.38576820612
32262.38576820612
32262.38576820612
32244.740107117075
32243.773071194322
32218.561338490003
32218.561338490003
32218.561338490003
32197.488626212362
32197.488626212362
32174.272145420797
32174.272145420797
32174.272145420797
32168.533951012207
32144.973640310265
32144.52071582132
32140.36878431697
32126.17188312802
32126.17188312802
32126.17188312802
32126.17188312802
32126.17188312802
32087.657921311493
32087.657921311493
32087.657921311493
32082.24217679289
32081.023488052873
32081.023488052873
32058.259790481585
32047.81002782849
32042.283172900978
32042.283172900978
32042.283172900978
32013.386248555104
31995.030761895167
31995.030761895167
31995.030761895167
31982.204640628595
31982.204640628595
31956.24480216465
31956.24480216465
31949.115179833676
31945.10628100607
31945.10628100607
31937.946302468852
31913.629817513294
31913.629817513294
31913.629817513294
31889.129824052387
31867.23730885351
31855.778939360647
31855.778939360647
31853.4991696509
31850.10450948531
31850.10450948531
31845.296555924935
31840.423638383138
31833.447697838674
31833.447697838674
31831.564887723125
31831.564887723125
31822.284163247845
31822.284163247845
31822.284163247845
31822.284163247845
31822.284163247845
31811.945549350487
31810.18492706198
31805.63707988897
31805.63707988897
31805.63707988897
31793.178026307207
31793.178026307207
31767.76597065167
31746.290353052762
31736.28379529957
31730.153329558987
31726.470737260115
31700.625054519674
31693.612071705713
31682.682963472424
31682.682963472424
31676.971562141603
31676.971562141603
31668.76771218271
31668.76771218271
31665.823792957395
31665.823792957395
31664.499489432852
31661.53360473783
31652.36623434759
31651.657287749564
31646.576370682164
31646.576370682164
31632.041270216956
31632.041270216956
31599.92700661254
31599.92700661254
31581.26549048378
31581.26549048378
31554.3962824272
31535.50130892622
31535.50130892622
31535.50130892622
31535.50130892622
31535.50130892622
31518.30359620057
31518.30359620057
31509.207898333225
31509.207898333225
31493.159879000425
31491.461674306032
31491.461674306032
31491.461674306032
31467.19140278196
31446.805992065554
31446.805992065554
31446.805992065554
31427.067707750633
31422.070200597933
31422.070200597933
31422.070200597933
31422.070200597933
31422.070200597933
31420.405907899614
31395.42693658676
31393.473837214584
31384.955838879563
31384.955838879563
31384.955838879563
31384.955838879563
31380.360156002316
31380.360156002316
31355.56835828955
31355.56835828955
31333.00274911476
31328.133122464442
31328.133122464442
31328.133122464442
31291.486412243168
31291.486412243168
31283.537037094164
31283.537037094164
31253.85239380924
31253.85239380924
31232.54602226768
31232.54602226768
31220.482101132726
31195.321390961057
31195.321390961057
31194.090901001488
31194.090901001488
31174.257061218887
31174.257061218887
31174.257061218887
31170.755143608545
31161.27961274252
31161.27961274252
31159.870618644556
31159.870618644556
31119.968300239052
31119.968300239052
31101.786918204863
31101.786918204863
31101.786918204863
31082.430329954117
31082.430329954117
31079.28924196996
31079.28924196996
31072.126765925947
31049.29456428529
31049.29456428529
31049.01407598186
31036.66999750417
31035.1378691415
31031.77483117961
31031.77483117961
31017.66563126232
31002.223502517245
31002.223502517245
31002.223502517245
31002.223502517245
30983.925061389942
30975.515102412613
30975.515102412613
30975.515102412613
30965.03271953093
30923.377724617007
30904.16240877685
30904.16240877685
30901.500263601793
30896.498358280387
30896.498358280387
30872.834972866545
30831.144026790134
30810.097261346353
30774.925337882116
30766.64752828126
30759.403539242685
30759.403539242685
30745.08610082651
30718.712891658703
30714.024081868512
30699.563235430014
30694.67864005351
30691.563605248026
30673.953395496068
30673.953395496068
30673.953395496068
30656.59049719636
30651.4528797447
30651.4528797447
30644.138177077817
30631.7690515002
30631.7690515002
30631.7690515002
30616.007307979875
30616.007307979875
30616.007307979875
30616.007307979875
30598.183145000137
30598.183145000137
30563.794751004796
30563.794751004796
30551.718508865648
30545.672454133255
30545.672454133255
30532.72500550911
30530.048619531306
30526.731820756933
30517.122623446907
30517.122623446907
30517.122623446907
30517.122623446907
30510.745187957436
30510.745187957436
30484.9266076831
30484.9266076831
30484.9266076831
30468.74845049088
30454.45721575907
30454.45721575907
30454.45721575907
30454.45721575907
30428.994199017972
30428.994199017972
30428.994199017972
30428.994199017972
30428.994199017972
30413.11779019089
30406.842571827678
30406.842571827678
30406.842571827678
30397.104146963524
30380.159719397787
30355.829071017673
30355.829071017673
30355.589756214144
30355.589756214144
30355.589756214144
30355.589756214144
30355.589756214144
30342.936025128893
30341.717872343463
30341.717872343463
30334.24984550958
30324.090286315877
30291.07589279355
30291.07589279355
30291.07589279355
30283.90887700177
30271.54110672672
30271.54110672672
30258.124259323235
30258.124259323235
30253.300318669702
30248.54853147078
30248.54853147078
30233.823941268012
30220.811482422137
30220.811482422137
30209.042439325553
30209.042439325553
30197.44868642164
30180.973451287828
30180.973451287828
30180.973451287828
30174.450159379565
30160.2724231966
30160.2724231966
30153.244723290725
30117.944295222027
30113.486962613188
30113.486962613188
30113.486962613188
30113.486962613188
30113.486962613188
30113.486962613188
30113.486962613188
30113.486962613188
30113.486962613188
30113.486962613188
30113.486962613188
30090.075562810656
30072.61000688915
30065.448877768104
30051.160927057223
30051.160927057223
30031.757396288194
30013.912953452753
29987.20305062038
29987.20305062038
29987.20305062038
29987.20305062038
29981.57029951923
29969.59020682289
29962.249649313017
29962.249649313017
29961.40053398828
29948.021007629457
29948.021007629457
29925.781638694192
29925.781638694192
29925.781638694192
29925.781638694192
29924.22370132479
29924.22370132479
29924.22370132479
29924.22370132479
29920.92494032662
29918.564468094213
29906.5013350755
29906.5013350755
29906.5013350755
29875.477506245807
29857.934591523823
29857.934591523823
29857.934591523823
29846.452332218032
29830.028510411714
29829.652731805363
29829.652731805363
29829.652731805363
29829.652731805363
29820.261209633696
29820.261209633696
29820.261209633696
29820.261209633696
29808.19198676253
29808.19198676253
29780.64506352322
29776.24204354814
29747.00169695659
29747.00169695659
29747.00169695659
29732.9954107976
29732.9954107976
29720.195346383716
29698.196028919298
29696.55862891762
29673.440886564233
29662.907410010685
29648.453618341107
29617.44394309327
29617.44394309327
29617.44394309327
29617.44394309327
29613.388808163632
29610.849176315456
29610.849176315456
29590.1814290296
29589.203135419437
29589.203135419437
29589.203135419437
29579.504339449297
29550.971045687973
29534.487516766054
29534.487516766054
29517.354754253833
29507.266825622206
29497.78418509785
29497.78418509785
29497.78418509785
29497.78418509785
29489.29099910451
29489.29099910451
29461.23763421638
29453.024338187162
29453.024338187162
29453.024338187162
29449.709372768913
29443.874582445966
29443.874582445966
29443.874582445966
29420.741532096246
29420.741532096246
29410.8015378042
29410.8015378042
29410.8015378042
29406.81843199757
29406.81843199757
29406.81843199757
29375.23883907256
29375.23883907256
29375.23883907256
29375.23883907256
29375.23883907256
29372.63283239882
29372.63283239882
29358.780431551357
29337.652608504137
29312.306492603322
29305.521741158384
29305.521741158384
29305.521741158384
29305.521741158384
29305.521741158384
29280.320741882006
29280.320741882006
29276.572165200967
29261.301979282485
29255.471141070913
29255.471141070913
29214.164810985305
29214.164810985305
29214.164810985305
29190.16586866905
29190.16586866905
29190.16586866905
29187.122070182406
29187.122070182406
29187.122070182406
29173.7304953946
29173.7304953946
29163.14161077274
29158.403732272414
29158.403732272414
29158.403732272414
29158.403732272414
29158.403732272414
29148.03346152473
29148.03346152473
29148.03346152473
29138.114323637747
29127.341080295788
29127.341080295788
29127.341080295788
29119.3549286311
29108.399947961632
29108.399947961632
29108.110010884557
29108.110010884557
29099.07092082646
29099.07092082646
29099.07092082646
29099.07092082646
29099.07092082646
29086.17696327556
29063.913453507113
29041.20457296839
29041.20457296839
29036.421080224543
29010.819371402376
29010.819371402376
29010.819371402376
29000.42227998522
29000.42227998522
28972.679533260525
28972.679533260525
28968.83958564831
28968.83958564831
28961.022521572668
28961.022521572668
28961.022521572668
28955.12760434861
28955.12760434861
28935.34558570307
28922.297430004146
28922.297430004146
28919.91898850872
28919.91898850872
28904.455346481678
28904.387478217304
28904.387478217304
28894.67757908156
28886.108611645177
28886.108611645177
28886.108611645177
28886.108611645177
28886.108611645177
28886.108611645177
28885.34304563616
28885.34304563616
28885.34304563616
28855.224089393367
28855.224089393367
28835.869399310075
28824.822287303097
28824.822287303097
28824.822287303097
28819.42085172213
28819.42085172213
28803.27977608983
28803.27977608983
28803.27977608983
28780.623204547814
28767.092166818325
28767.092166818325
28767.092166818325
28756.026874021787
28748.44634564759
28748.44634564759
28722.581437686462
28722.581437686462
28719.082017216057
28714.747779871173
28714.747779871173
28714.747779871173
28698.767047660585
28665.36905452419
28641.95390903141
28613.21511518972
28613.21511518972
28613.21511518972
28613.21511518972
28613.21511518972
28613.21511518972
28613.21511518972
28613.21511518972
28613.21511518972
28603.6932100994
28600.234549312267
28600.234549312267
28600.234549312267
28594.271119763358
28594.271119763358
28591.266610516206
28591.266610516206
28573.457888039535
28554.49335031353
28539.685269818197
28523.922903479346
28523.922903479346
28503.40249138096
28503.40249138096
28491.936193770664
28491.936193770664
28489.496881313447
28487.579505697748
28487.579505697748
28487.579505697748
28479.012195490148
28456.39096298584
28446.999537804797
28446.999537804797
28446.999537804797
28446.999537804797
28440.101586540357
28437.157375205377
28437.157375205377
28437.157375205377
28437.157375205377
28433.452919092386
28426.984130786645
28426.984130786645
28426.984130786645
28426.984130786645
28420.640357074775
28420.640357074775
28410.376100043977
28403.16818054269
28403.16818054269
28403.16818054269
28393.64077253205
28387.212297186503
28383.75039050325
28383.75039050325
28344.609609245494
28327.78846541826
28305.827328457228
28305.827328457228
28305.827328457228
28305.827328457228
28304.72042782834
28304.72042782834
28295.193278509487
28287.75112066343
28252.812734817046
28252.812734817046
28252.812734817046
28252.812734817046
28229.776766409326
28213.642609144717
28213.642609144717
28213.642609144717
28213.642609144717
28213.642609144717
28199.76919424688
28189.72210770038
28167.02885359007
28149.86518081031
28141.742742517275
28141.742742517275
28141.742742517275
28141.742742517275
28141.742742517275
28141.424483836927
28141.424483836927
28141.424483836927
28141.424483836927
28137.92174382092
28137.92174382092
28137.92174382092
28137.110963158913
28137.110963158913
28106.243938541666
28104.545327671607
28093.64218805688
28093.64218805688
28076.78838008755
28076.78838008755
28076.78838008755
28076.78838008755
28076.78838008755
28076.78838008755
28076.78838008755
28069.961471510465
28069.961471510465
28069.961471510465
28062.25127455122
28051.614816168985
28051.614816168985
28051.614816168985
28051.614816168985
28051.614816168985
28033.407500095633
28022.704788325416
28022.704788325416
28021.674794491246
28010.314671307195
28010.314671307195
28005.02655110669
28005.02655110669
28000.241613777413
27980.507039427477
27980.507039427477
27967.937721392205
27967.937721392205
27958.2811480109
27958.2811480109
27958.2811480109
27957.75653878507
27939.89530315789
27939.89530315789
27939.89530315789
27936.045214135607
27936.045214135607
27930.486881825633
27930.486881825633
27916.617656397942
27904.822478639824
27904.822478639824
27904.822478639824
27886.876022509987
27874.29828575162
27874.29828575162
27874.29828575162
27870.572484827328
27870.572484827328
27844.29822890359
27844.29822890359
27844.29822890359
27843.294645504742
27843.294645504742
27842.785775389028
27826.915705899773
27824.167716938653
27824.167716938653
27824.167716938653
27824.167716938653
27818.526357246028
27805.9512102011
27778.133482038837
27761.49684685928
27757.730161208554
27752.44651811901
27733.241656725946
27729.56541037813
27729.56541037813
27718.379260288337
27718.379260288337
27718.379260288337
27718.379260288337
27701.14371053667
27700.885293817017
27700.885293817017
27663.309333312205
27659.565315167132
27659.565315167132
27656.584022504496
27656.584022504496
27628.645082585528
27628.645082585528
27619.84772205226
27615.618475454678
27590.18653912223
27579.265856165952
27541.35961809645
27527.840985249
27527.840985249
27492.77176215794
27486.291255694447
27464.623381989542
27464.623381989542
27449.502476921836
27446.913118965702
27426.3993500311
27426.3993500311
27426.3993500311
27426.3993500311
27421.738641239714
27421.738641239714
27410.879709064982
27410.879709064982
27409.46362675812
27400.442796322517
27400.442796322517
27394.6665145714
27394.6665145714
27388.88543765464
27376.06747335605
27376.06747335605
27371.03704876118
27344.611164330316
27344.611164330316
27344.611164330316
27344.611164330316
27340.153900505342
27331.748096038325
27327.516607999954
27303.468020427023
27298.702991785656
27298.702991785656
27294.535181683736
27294.535181683736
27294.535181683736
27282.16078228829
27262.130507705868
27245.24353655253
27225.86687161493
27225.86687161493
27212.84699727743
27206.911786061486
27205.562786307288
27174.675535950366
27174.675535950366
27174.675535950366
27160.539506281362
27160.539506281362
27159.97356047761
27143.50533226749
27137.274334105034
27127.948344970297
27126.946515087788
27119.08544949673
27088.82268659155
27088.82268659155
27049.156751362378
27049.156751362378
27047.65504842539
27042.69656404699
27038.1283928398
27038.1283928398
27038.1283928398
27038.1283928398
27011.35076814052
26982.55943874806
26965.1228776766
26965.1228776766
26965.1228776766
26959.028887954926
26959.028887954926
26959.028887954926
26938.79199741223
26935.192689587533
26935.192689587533
26922.460658247517
26914.01710968976
26904.17681005945
26904.17681005945
26903.054603902347
26884.798555484413
26877.708645137085
26872.7211399825
26852.340329308227
26837.894417356172
26837.894417356172
26837.894417356172
26828.906389528587
26828.906389528587
26828.906389528587
26828.906389528587
26828.906389528587
26828.906389528587
26823.19593654076
26812.833037259577
26782.7514592911
26782.7514592911
26782.7514592911
26782.7514592911
26751.971451336092
26725.250350977905
26725.250350977905
26725.250350977905
26725.250350977905
26712.015149308958
26688.300249098953
26688.300249098953
26688.300249098953
26675.178155580572
26658.016657433374
26643.92908711285
26640.013277401074
26640.013277401074
26627.64088662404
26619.992517161627
26619.992517161627
26605.429226206066
26605.429226206066
26605.429226206066
26603.28500669018
26601.022663524127
26582.664537275323
26569.55063234951
26551.223464449107
26551.223464449107
26551.223464449107
26551.223464449107
26551.223464449107
26543.92213157528
26517.49791730645
26517.49791730645
26503.171485717026
26495.415971404713
26495.415971404713
26495.415971404713
26491.925088809476
26491.925088809476
26491.925088809476
26482.60338155582
26462.15911454816
26462.15911454816
26446.794456553445
26437.60174114578
26437.60174114578
26404.369470856087
26403.69340298707
26403.69340298707
26403.69340298707
26402.03423902812
26393.459310170194
26377.112712623068
26355.082680647665
26355.082680647665
26355.082680647665
26331.064311230806
26331.064311230806
26329.41574489492
26329.41574489492
26329.41574489492
26310.168330384095
26305.242514345948
26305.242514345948
26305.242514345948
26305.242514345948
26298.55636823634
26296.764013956497
26266.6227112434
26228.990169616824
26188.863224808625
26176.195558747124
26168.729069535544
26168.729069535544
26143.316579509534
26120.53029737323
26120.53029737323
26120.53029737323
26109.48424810308
26109.48424810308
26102.373622100793
26080.93720070038
26080.93720070038
26080.93720070038
26042.4941052946
26030.54186021253
26030.54186021253
26000.07078839885
25990.756069450057
25986.7163774584
25973.271383973748
25946.698377378452
25946.698377378452
25946.698377378452
25946.698377378452
25935.846692248157
25915.035121593337
25909.75357292296
25909.75357292296
25909.75357292296
25888.66040653454
25867.337680368535
25867.337680368535
25861.203335400554
25852.308977745786
25852.308977745786
25852.308977745786
25852.308977745786
25830.6849788862
25830.6849788862
25830.6849788862
25814.190453288014
25814.190453288014
25814.190453288014
25813.50261675089
25813.50261675089
25807.555003452315
25805.422632709604
25805.422632709604
25802.295257545793
25772.920454626837
25772.920454626837
25752.33220548165
25740.869429482686
25740.869429482686
25740.869429482686
25740.869429482686
25740.869429482686
25726.580249718834
25702.07564250999
25693.459659350243
25669.47397200039
25669.47397200039
25668.05282715282
25668.05282715282
25668.05282715282
25662.66320750597
25662.66320750597
25662.66320750597
25662.66320750597
25662.66320750597
25662.66320750597
25659.179190195955
25659.179190195955
25659.179190195955
25659.179190195955
25659.179190195955
25659.179190195955
25659.179190195955
25642.15534353771
25617.254916751077
25617.254916751077
25596.501025776386
25596.501025776386
25591.19667000983
25591.19667000983
25569.400516340385
25569.400516340385
25569.400516340385
25553.233520556103
25542.642805275904
25542.642805275904
25541.711995381564
25541.711995381564
25541.711995381564
25541.711995381564
25538.54874599625
25532.591512300616
25532.591512300616
25532.591512300616
25532.591512300616
25510.073633534383
25488.055766702204
25468.695965880324
25468.695965880324
25468.695965880324
25464.154872766605
25464.154872766605
25464.154872766605
25461.180542716553
25442.312892494898
25442.312892494898
25442.312892494898
25430.217395713495
25417.353544407164
25394.194957473497
25382.112968894504
25382.112968894504
25382.112968894504
25382.112968894504
25369.72080905016
25369.72080905016
25369.72080905016
25365.8299923824
25365.8299923824
25365.8299923824
25365.8299923824
25365.8299923824
25365.8299923824
25365.8299923824
25365.8299923824
25348.699946853856
25348.699946853856
25348.699946853856
25348.163654293217
25348.163654293217
25335.227576564095
25335.227576564095
25335.227576564095
25335.227576564095
25335.227576564095
25332.47092096488
25332.47092096488
25321.134164398776
25321.134164398776
25321.134022060905
25315.305158629388
25311.849937285086
25311.849937285086
25298.947171689433
25298.947171689433
25285.53121519219
25263.115500938165
25263.115500938165
25239.652973793207
25239.652973793207
25224.493917366282
25220.68137269067
25199.198823613056
25199.198823613056
25199.198823613056
25199.198823613056
25199.198823613056
25188.797749617108
25179.169458067394
25160.505147315875
25154.506062972716
25154.506062972716
25154.506062972716
25154.506062972716
25146.14252328729
25130.904002983694
25130.904002983694
25128.67128049185
25103.905294422653
25078.991893150054
25078.991893150054
25078.991893150054
25078.991893150054
25078.991893150054
25078.991893150054
25075.91246643704
25060.410563916965
25046.13784249847
25046.13784249847
25034.266714664787
25034.266714664787
25019.28113136568
25019.28113136568
25014.51831441528
25014.51831441528
25014.51831441528
25014.51831441528
25012.57420894583
25012.57420894583
25005.79156458686
25002.218396030712
25002.218396030712
24984.611173567868
24975.77579434264
24971.80365321749
24962.58779679898
24962.58779679898
24962.58779679898
24958.26326815863
24945.797578517442
24945.797578517442
24945.797578517442
24945.797578517442
24936.66880156438
24936.66880156438
24921.44662169658
24896.384019192217
24886.186285161068
24834.506509608414
24834.506509608414
24822.158328094807
24822.158328094807
24804.233522614377
24804.233522614377
24804.233522614377
24804.233522614377
24794.6161376555
24782.857744771623
24771.853884231838
24771.853884231838
24770.016702175348
24759.385167741697
24759.385167741697
24759.385167741697
24759.385167741697
24738.37757324174
24719.574361832627
24719.3412516008
24719.3412516008
24719.3412516008
24719.3412516008
24719.3412516008
24704.592669980073
24704.592669980073
24704.592669980073
24692.505068307877
24692.505068307877
24673.021333611647
24673.021333611647
24655.351119941854
24655.351119941854
24655.351119941854
24649.342456970062
24649.342456970062
24649.342456970062
24649.342456970062
24636.16541518608
24634.205034791863
24634.205034791863
24632.365337145442
24632.365337145442
24610.01822900465
24610.01822900465
24605.65746392728
24605.65746392728
24605.65746392728
24599.604889759623
24599.604889759623
24577.437874565894
24567.11708569414
24567.11708569414
24567.11708569414
24567.11708569414
24559.26851749806
24559.26851749806
24532.89879461941
24532.89879461941
24532.89879461941
24525.037166335416
24524.927230763737
24513.46915658017
24492.309902999063
24485.215966752836
24485.215966752836
24472.410964714963
24472.410964714963
24472.410964714963
24467.765156763853
24467.765156763853
24467.765156763853
24461.658262446705
24459.559364567183
24436.737596699517
24427.676874445813
24411.768468374146
24395.415032862486
24379.30317759506
24369.812462363454
24369.812462363454
24369.812462363454
24363.889569121366
24351.802721272215
24351.802721272215
24314.4049624092
24301.203450372595
24282.0276922677
24266.128201333282
24256.112497074122
24256.112497074122
24239.969772712073
24239.969772712073
24236.20317713355
24236.20317713355
24236.20317713355
24229.99544920967
24229.99544920967
24229.99544920967
24229.99544920967
24219.82402814295
24205.198007251707
24205.198007251707
24205.198007251707
24195.11451407021
24195.11451407021
24195.11451407021
24169.379549535897
24169.379549535897
24169.379549535897
24169.379549535897
24168.959500709858
24142.78844280734
24142.78844280734
24142.78844280734
24142.78844280734
24120.88278828171
24089.011874303545
24068.181751565127
24068.181751565127
24059.74612203588
24052.860187432634
24044.976725525656
24044.976725525656
24038.42502136801
24027.610143513142
24023.871546949038
24023.871546949038
24023.871546949038
24023.871546949038
24023.871546949038
24023.871546949038
24000.40605927395
24000.40605927395
23958.835691531287
23957.5556857753
23949.82542883702
23949.82542883702
23949.82542883702
23928.98706063059
23928.98706063059
23928.097927524446
23920.488185581486
23918.142605714434
23918.142605714434
23918.142605714434
23918.142605714434
23915.780015027503
23893.218849658355
23879.883893779406
23879.56439310881
23879.56439310881
23864.06489389618
23864.06489389618
23864.06489389618
23864.06489389618
23864.06489389618
23864.06489389618
23864.06489389618
23864.06489389618
23864.06489389618
23864.06489389618
23864.06489389618
23864.06489389618
23856.59675448697
23856.59675448697
23835.69056054081
23835.69056054081
23825.32694001367
23795.71493573029
23795.71493573029
23795.71493573029
23792.699093211566
23788.045183545073
23788.045183545073
23776.557584443413
23765.802543896778
23763.304466660455
23763.304466660455
23763.149125443124
23763.149125443124
23763.149125443124
23763.149125443124
23762.607542612754
23762.607542612754
23751.395267080632
23751.395267080632
23746.62339256946
23746.62339256946
23731.209036482855
23728.970042906225
23723.922773284747
23706.01926084224
23706.01926084224
23706.01926084224
23681.62780439838
23681.62780439838
23681.62780439838
23681.62780439838
23672.220021198536
23672.220021198536
23666.654666900882
23666.654666900882
23651.518849815104
23640.150779050324
23640.150779050324
23618.723645606144
23615.675768767098
23589.338969589182
23589.338969589182
23589.14047361124
23563.61597182926
23563.61597182926
23560.70369032101
23541.210935481064
23541.210935481064
23532.237519436647
23532.237519436647
23517.85063460838
23479.25698774565
23478.336322664803
23478.336322664803
23478.336322664803
23478.336322664803
23468.504958778372
23466.73365617208
23466.73365617208
23465.496244500297
23453.764427685936
23440.061935036523
23428.051286504455
23425.194038033296
23414.25730769461
23413.52211142303
23403.630688664678
23385.97926429873
23376.61440860462
23359.43205305948
23347.862355957215
23347.862355957215
23343.99713583384
23339.78479223491
23339.78479223491
23336.930065203756
23336.930065203756
23336.930065203756
23332.86673350893
23318.87911188632
23294.742964716133
23275.187175986983
23256.54771970966
23242.609367822755
23242.609367822755
23242.609367822755
23235.51025516131
23235.51025516131
23214.20195394696
23214.20195394696
23213.344315944043
23213.344315944043
23213.344315944043
23213.344315944043
23213.344315944043
23213.344315944043
23213.344315944043
23213.344315944043
23188.448946938788
23188.448946938788
23188.448946938788
23156.87389697835
23156.09842974555
23148.45582782476
23147.30649794346
23147.30649794346
23147.30649794346
23126.527907809294
23108.86566102048
23108.86566102048
23100.698489863622
23082.950786809262
23071.80597183107
23059.78774875199
23059.78774875199
23054.879988421737
23009.975927879623
23009.975927879623
23006.432233695123
23006.432233695123
23006.432233695123
22995.27315754231
22995.27315754231
22993.53958751576
22970.319374256593
22950.88805356377
22940.427895312772
22940.427895312772
22907.875867461855
22907.875867461855
22886.9581674458
22886.9581674458
22886.9581674458
22886.9581674458
22886.9581674458
22886.9581674458
22886.9581674458
22860.889862933145
22851.92928036079
22851.92928036079
22851.92928036079
22851.92928036079
22832.672669323663
22832.672669323663
22832.672669323663
22832.672669323663
22832.672669323663
22828.527413750424
22819.554056070465
22819.554056070465
22819.554056070465
22819.554056070465
22805.82461839813
22805.82461839813
22805.82461839813
22805.82461839813
22800.46748601508
22788.516394937284
22780.77749201839
22780.77749201839
22780.77749201839
22777.370903757423
22759.299842608267
22759.299842608267
22759.299842608267
22759.299842608267
22759.299842608267
22748.242041099817
22748.242041099817
22748.242041099817
22748.242041099817
22748.242041099817
22743.87761869256
22743.87761869256
22720.608344941247
22720.608344941247
22720.608344941247
22714.350435033455
22700.663371377497
22691.022054889043
22686.61356439534
22686.4410669871
22676.389209933328
22676.389209933328
22676.389209933328
22676.389209933328
22676.389209933328
22676.389209933328
22661.81763237575
22654.553442749544
22640.639632839888
22632.925097564832
22632.925097564832
22632.925097564832
22625.601003568816
22625.601003568816
22616.07224845855
22609.376275737257
22602.054283846217
22602.054283846217
22599.62693878293
22589.819024378794
22589.819024378794
22571.269421640034
22571.269421640034
22560.50650620165
22548.866778793854
22548.866778793854
22548.866778793854
22548.866778793854
22546.543463158338
22546.543463158338
22546.543463158338
22546.543463158338
22546.543463158338
22528.174831507702
22510.25105784972
22505.193871825235
22505.193871825235
22483.406710659187
22483.406710659187
22483.406710659187
22478.53613824184
22470.134634871392
22449.57282655722
22449.57282655722
22431.17172989427
22431.17172989427
22420.585564752397
22406.203925121816
22406.203925121816
22406.203925121816
22406.203925121816
22405.54330682352
22378.430100660033
22367.68869664993
22367.68869664993
22367.68869664993
22353.91504626171
22322.984304027974
22322.984304027974
22299.508753576993
22279.28926275647
22279.24277837042
22264.0727695674
22253.935449164623
22248.937076722446
22248.937076722446
22248.937076722446
22248.937076722446
22248.937076722446
22248.937076722446
22242.873699354248
22242.873699354248
22229.07742839389
22229.07742839389
22228.735957193545
22226.739045837312
22207.04308195464
22207.04308195464
22207.04308195464
22207.04308195464
22202.291261380986
22202.291261380986
22200.59521871013
22200.59521871013
22200.59521871013
22200.59521871013
22200.59521871013
22186.076580014716
22179.195995761147
22179.195995761147
22179.195995761147
22177.57211743992
22177.57211743992
22169.371457100737
22169.371457100737
22166.214842362824
22164.252525286567
22156.55071964978
22135.806323808283
22102.933047212075
22102.933047212075
22102.933047212075
22102.933047212075
22102.933047212075
22102.933047212075
22102.933047212075
22092.495126792423
22092.495126792423
22092.495126792423
22086.652964492547
22073.736915348858
22073.736915348858
22061.497595439723
22053.883342295823
22053.883342295823
22044.723310498313
22041.83373418191
22041.83373418191
22041.83373418191
22041.83373418191
22035.267114463823
22022.503312157165
22022.503312157165
22011.376194378267
22003.334945016788
22003.334945016788
22003.334945016788
22003.334945016788
22003.334945016788
22003.334945016788
22003.334945016788
22003.334945016788
21994.587972297257
21978.503066666748
21978.503066666748
21971.914482090604
21950.07829865713
21947.36527925546
21935.346287171295
21935.346287171295
21935.346287171295
21904.729211619575
21904.729211619575
21890.049564543242
21890.049564543242
21881.831512863668
21847.61441431545
21823.971516479804
21823.971516479804
21811.880395525826
21811.880395525826
21811.880395525826
21811.880395525826
21811.880395525826
21811.880395525826
21802.103044703632
21797.362573422128
21796.617386142258
21781.408035514367
21781.408035514367
21781.408035514367
21768.25469153289
21768.25469153289
21766.895510779937
21766.895510779937
21766.895510779937
21766.895510779937
21760.024689452537
21747.904765937717
21740.89326792336
21740.89326792336
21740.89326792336
21740.89326792336
21734.350457286142
21715.844816039425
21699.771460735217
21688.003516927274
21663.234363200136
21663.234363200136
21645.348446746353
21627.412649156227
21627.412649156227
21627.412649156227
21627.412649156227
21627.412649156227
21627.412649156227
21615.44288065872
21595.888021552015
21588.520454619895
21565.560461395216
21554.048579460978
21546.166678469875
21546.166678469875
21540.278345396924
21532.63103586495
21529.181167538525
21507.14995844949
21507.14995844949
21507.14995844949
21507.14995844949
21507.14995844949
21507.14995844949
21507.14995844949
21505.969388571015
21505.969388571015
21505.969388571015
21493.912226886972
21486.604156360012
21477.208388858126
21477.208388858126
21477.208388858126
21470.812326157535
21470.812326157535
21454.559032562447
21452.48538982192
21430.67978889282
21411.785246992506
21411.785246992506
21411.785246992506
21411.785246992506
21411.785246992506
21411.785246992506
21402.984653668136
21391.15168444463
21358.141906993125
21350.51525095649
21324.598726166543
21299.78317288774
21263.844978564342
21263.844978564342
21259.695461181615
21259.695461181615
21259.695461181615
21230.42467846789
21208.23238207304
21208.23238207304
21167.709872694224
21167.709872694224
21167.709872694224
21152.124785772434
21140.96280427383
21140.96280427383
21140.96280427383
21140.96280427383
21140.96280427383
21140.96280427383
21140.685215995458
21140.685215995458
21135.576998148208
21135.576998148208
21135.576998148208
21135.576998148208
21135.576998148208
21118.26232311185
21097.62342458528
21079.99111243906
21054.817909455858
21043.10142032461
21043.10142032461
21033.791960281673
21031.266460755134
21031.266460755134
21018.7868011329
21018.654455926626
21018.654455926626
21016.801298253955
21016.801298253955
21016.801298253955
21006.93178027391
21006.93178027391
21006.93178027391
20986.55680504765
20978.122885883004
20978.122885883004
20972.02641242444
20972.02641242444
20960.820429505973
20960.820429505973
20960.820429505973
20944.79923890576
20944.79923890576
20940.66119056252
20926.10564622369
20926.10564622369
20926.10564622369
20926.10564622369
20926.10564622369
20923.513895006665
20921.458427496116
20898.068724279234
20898.068724279234
20891.18625738829
20879.125287319675
20879.125287319675
20865.383070349468
20865.383070349468
20865.383070349468
20865.383070349468
20865.383070349468
20831.903973506658
20831.903973506658
20825.089424147354
20825.089424147354
20811.219020475288
20811.219020475288
20804.916268824272
20804.916268824272
20804.916268824272
20801.971873202525
20798.874757306705
20798.874757306705
20789.83582072099
20789.83582072099
20789.83582072099
20789.83582072099
20788.23072379107
20788.23072379107
20779.583362772715
20771.500019637228
20771.500019637228
20755.906753612493
20734.003946247823
20731.651333979604
20720.08842597564
20720.08842597564
20720.08842597564
20706.677809592635
20686.52371262977
20686.52371262977
20682.50955588121
20664.16332690513
20664.16332690513
20664.16332690513
20664.16332690513
20622.089512540828
20604.32465891998
20604.32465891998
20595.88304447597
20595.88304447597
20576.587868605402
20570.50583161977
20543.904627607935
20543.904627607935
20543.904627607935
20543.904627607935
20543.904627607935
20520.332922058224
20520.332922058224
20520.332922058224
20520.332922058224
20520.332922058224
20520.332922058224
20512.86513308394
20512.86513308394
20507.028326215004
20507.028326215004
20507.028326215004
20507.028326215004
20505.23407615222
20505.23407615222
20505.23407615222
20494.707711117935
20494.707711117935
20481.26151284257
20461.603312701627
20461.603312701627
20461.603312701627
20458.259088050207
20458.259088050207
20457.654874941414
20457.654874941414
20457.654874941414
20457.654874941414
20457.654874941414
20440.69717577251
20417.50010209759
20417.50010209759
20390.767515247375
20388.472974214204
20381.839177313694
20381.08196875714
20357.735365074997
20352.543574416846
20352.543574416846
20349.515485163345
20348.356700633114
20339.313296291217
20313.326924508274
20313.326924508274
20297.980063620755
20297.980063620755
20266.387694943576
20266.387694943576
20257.822716397928
20257.822716397928
20222.506317627183
20222.506317627183
20222.506317627183
20206.647420072506
20206.647420072506
20206.647420072506
20196.99339066393
20196.99339066393
20176.815817344734
20166.8521494009
20166.8521494009
20155.242293001804
20155.242293001804
20155.242293001804
20155.242293001804
20155.242293001804
20150.974950689822
20135.19056744836
20129.656554495625
20129.656554495625
20109.632731916477
20109.632731916477
20104.936051715427
20104.936051715427
20104.936051715427
20104.936051715427
20104.936051715427
20104.936051715427
20104.936051715427
20104.936051715427
20104.936051715427
20104.936051715427
20104.936051715427
20104.936051715427
20104.936051715427
20097.90936686724
20089.021491924042
20089.021491924042
20083.690093359823
20083.690093359823
20083.690093359823
20078.60757919928
20078.60757919928
20078.60757919928
20065.180049138577
20065.180049138577
20065.180049138577
20048.058183562687
20048.058183562687
20048.058183562687
20048.058183562687
20035.652517867748
20035.652517867748
20035.652517867748
20034.390555065816
20034.390555065816
20032.449580219418
20032.449580219418
20032.449580219418
20011.616703055286
20011.616703055286
20011.616703055286
20011.343850686295
20011.343850686295
20001.66156093188
20001.66156093188
20001.66156093188
20001.66156093188
20000.233543246464
19986.496168518417
19986.496168518417
19983.759072220353
19983.759072220353
19973.103790057216
19966.655340352783
19966.655340352783
19960.619940785742
19960.619940785742
19960.619940785742
19960.619940785742
19939.204942409673
19939.204942409673
19939.204942409673
19934.386540291514
19934.386540291514
19930.4699468873
19913.996365777006
19913.996365777006
19913.996365777006
19907.789462611392
19907.789462611392
19900.822240851674
19900.822240851674
19886.31334898271
19870.962059292742
19857.578257928348
19841.033132071145
19818.089273749138
19818.089273749138
19815.380047980074
19815.380047980074
19799.108617359787
19771.246821533867
19771.246821533867
19768.43174653171
19754.826434736013
19754.826434736013
19754.826434736013
19735.1201685324
19716.560835813445
19710.490548966918
19710.490548966918
19709.41359570848
19704.791974707434
19704.791974707434
19704.791974707434
19704.791974707434
19704.791974707434
19681.3897688599
19676.684578333854
19671.78124966953
19671.78124966953
19662.3170401041
19662.3170401041
19655.961011879477
19642.411964958632
19628.90489096244
19612.705405331566
19600.322999687658
19574.912859516244
19574.912859516244
19563.831591532926
19553.108076143057
19546.449408105298
19546.449408105298
19546.449408105298
19531.107400094254
19531.107400094254
19531.107400094254
19526.812544237386
19499.10831544549
19499.10831544549
19499.10831544549
19493.949197283335
19493.949197283335
19493.949197283335
19491.171069977496
19491.171069977496
19487.3414933976
19487.3414933976
19487.3414933976
19482.94672733289
19482.94672733289
19481.758247495094
19481.758247495094
19481.758247495094
19480.733461450465
19480.733461450465
19449.983553138078
19447.14953606008
19447.14953606008
19438.02664948779
19438.02664948779
19432.012525502258
19431.6346403297
19431.6346403297
19431.6346403297
19431.6346403297
19431.6346403297
19431.6346403297
19422.850829423463
19412.981613324773
19412.981613324773
19404.921986080586
19403.323193643042
19403.323193643042
19403.323193643042
19391.49191686163
19377.791099711056
19374.001686901785
19354.6370349919
19354.6370349919
19354.6370349919
19331.24788571883
19331.24788571883
19331.24788571883
19324.61251431696
19315.398163331472
19315.398163331472
19315.398163331472
19315.398163331472
19315.398163331472
19315.398163331472
19315.398163331472
19315.398163331472
19315.398163331472
19301.11313102358
19279.51696145281
19279.51696145281
19267.345194968955
19258.698066056644
19258.698066056644
19257.110108941957
19254.079735970598
19254.079735970598
19254.079735970598
19254.079735970598
19254.079735970598
19246.653571114188
19246.653571114188
19234.723764823088
19234.723764823088
19234.723764823088
19222.542225977417
19222.542225977417
19202.51970631729
19197.635931048346
19197.635931048346
19190.714920803515
19189.115399454844
19182.89831120493
19173.424131621166
19173.424131621166
19173.424131621166
19173.424131621166
19173.424131621166
19173.424131621166
19160.138935775412
19160.138935775412
19160.138935775412
19160.138935775412
19160.138935775412
19147.031588324706
19136.80673451511
19136.80673451511
19136.80673451511
19121.231583636443
19114.860933946475
19108.660706641043
19098.62504161322
19098.62504161322
19089.116546983234
19089.116546983234
19089.116546983234
19075.672446656015
19062.95037374442
19062.95037374442
19046.211418548974
19040.92081005315
19035.855814863702
19035.855814863702
19035.855814863702
19035.855814863702
19022.36025732061
19021.47844239457
19021.47844239457
19021.47844239457
19007.435678943995
19006.66420453825
19006.66420453825
19006.66420453825
18993.798637012995
18993.798637012995
18977.215339967926
18977.215339967926
18956.71537698473
18945.28528344014
18934.10483439495
18914.68494592378
18914.68494592378
18905.474118221908
18901.66335945976
18901.66335945976
18901.66335945976
18901.66335945976
18899.15429904277
18892.664513317657
18892.664513317657
18892.664513317657
18892.664513317657
18892.664513317657
18887.822022781074
18887.822022781074
18877.948147368417
18862.88403568636
18862.88403568636
18840.045719006775
18831.381372595217
18824.91961453194
18824.91961453194
18815.70298415789
18815.70298415789
18815.70298415789
18815.70298415789
18806.433322761557
18787.230637252727
18764.427556173214
18752.412437868315
18733.857691215268
18714.95963768924
18714.95963768924
18699.06716123792
18699.06716123792
18699.06716123792
18699.06716123792
18699.06716123792
18674.127668937886
18658.771230423274
18658.771230423274
18658.771230423274
18658.771230423274
18658.771230423274
18639.19007879756
18639.19007879756
18608.97716957353
18608.97716957353
18579.375341191037
18563.130398884114
18550.49070922602
18550.49070922602
18550.49070922602
18550.49070922602
18550.49070922602
18550.49070922602
18540.331448809186
18531.176497664972
18518.53713261767
18518.53713261767
18513.511793482437
18496.876992361467
18496.876992361467
18485.0152499547
18479.594920722902
18479.594920722902
18456.790361037558
18456.238212081516
18456.238212081516
18456.238212081516
18436.79858612512
18423.99585890178
18417.30280697462
18417.30280697462
18406.70063445416
18406.70063445416
18406.70063445416
18406.70063445416
18406.70063445416
18395.41114497553
18392.426544499733
18392.426544499733
18392.426544499733
18384.221648995866
18368.084464949006
18351.06368091152
18351.06368091152
18351.06368091152
18351.06368091152
18351.06368091152
18351.06368091152
18351.06368091152
18351.06368091152
18351.06368091152
18351.06368091152
18351.06368091152
18340.716608481358
18323.977816324514
18323.977816324514
18319.674324852982
18319.674324852982
18319.674324852982
18319.674324852982
18319.674324852982
18319.674324852982
18310.10206774944
18309.10238177717
18309.10238177717
18309.10238177717
18302.767773494503
18286.715041591167
18286.715041591167
18286.715041591167
18286.715041591167
18272.957864160147
18263.569678237218
18262.13706325335
18262.13706325335
18262.13706325335
18260.275764084603
18257.804383058614
18257.804383058614
18257.804383058614
18257.804383058614
18256.955786530012
18256.955786530012
18256.955786530012
18256.955786530012
18248.187275402895
18243.414466841532
18242.110012790698
18242.110012790698
18242.110012790698
18237.352831357046
18237.352831357046
18237.352831357046
18237.352831357046
18237.352831357046
18236.436519341354
18227.314148981968
18207.20529775455
18207.20529775455
18207.20529775455
18207.01194699164
18198.913527224897
18190.973183750717
18173.194680954788
18173.194680954788
18173.194680954788
18173.194680954788
18148.15788774226
18148.15788774226
18134.542823465228
18134.542823465228
18134.542823465228
18134.542823465228
18134.542823465228
18134.542823465228
18134.542823465228
18134.542823465228
18134.542823465228
18134.542823465228
18134.542823465228
18132.843419598725
18114.50240682159
18112.352093472848
18094.45959378578
18073.156447459827
18073.156447459827
18073.156447459827
18066.57175350873
18066.57175350873
18066.57175350873
18066.57175350873
18041.38705773977
18041.38705773977
18034.370151181036
18034.370151181036
18028.432493204622
18028.432493204622
18024.291902549452
18024.291902549452
18009.120611176742
18003.553240467703
18003.553240467703
18003.553240467703
18003.553240467703
17991.633834097418
17988.165192920158
17974.383073490204
17972.68352445244
17967.69783603794
17955.03019028368
17949.912991542427
17949.912991542427
17949.912991542427
17924.17169313536
17924.17169313536
17914.85821624962
17910.214161111508
17902.903915087303
17890.493400604813
17890.493400604813
17890.493400604813
17890.493400604813
17880.566269806288
17880.566269806288
17880.566269806288
17875.99713480798
17875.99713480798
17875.99713480798
17875.99713480798
17875.414563669605
17875.414563669605
17850.292411733342
17850.292411733342
17830.751114596853
17828.27507236371
17812.26882576082
17812.26882576082
17811.979299864586
17811.979299864586
17807.304517175467
17787.604756027034
17787.604756027034
17787.604756027034
17784.364872891118
17783.212064404594
17783.212064404594
17765.631358845312
17765.631358845312
17748.272239647806
17748.272239647806
17748.272239647806
17744.74921227506
17741.541304212726
17732.356120835768
17732.267777608555
17732.267777608555
17732.267777608555
17728.54746163243
17712.092943211173
17712.092943211173
17712.092943211173
17712.092943211173
17709.425428212908
17702.553409217115
17688.235578255364
17688.235578255364
17675.35033275772
17667.756380553634
17667.756380553634
17646.993468192046
17634.34055102564
17630.451448385327
17617.0507519857
17617.0507519857
17594.75993546473
17594.75993546473
17583.596217832157
17583.596217832157
17570.05053836839
17570.05053836839
17570.05053836839
17570.05053836839
17559.46799149687
17559.046792431735
17546.76662423481
17538.08465963387
17538.08465963387
17530.677522435115
17522.47259491799
17511.31150730029
17511.31150730029
17511.31150730029
17511.31150730029
17497.69201100805
17482.4259129399
17465.428919357357
17456.47139636852
17456.47139636852
17450.32656646651
17445.945898477643
17440.436939800777
17440.436939800777
17431.170270030165
17423.62097394669
17423.62097394669
17423.62097394669
17415.69443247973
17410.526435285225
17410.526435285225
17410.526435285225
17410.526435285225
17402.3375270533
17402.3375270533
17402.3375270533
17402.3375270533
17402.3375270533
17402.3375270533
17402.3375270533
17402.3375270533
17402.3375270533
17402.3375270533
17386.97000107606
17386.97000107606
17386.97000107606
17386.07209635136
17386.07209635136
17386.07209635136
17386.069928647747
17386.069928647747
17375.887953559537
17375.887953559537
17375.887953559537
17368.916239890357
17346.818749814567
17332.75921896698
17329.54080299579
17329.54080299579
17323.808337847346
17312.235465515005
17299.596654346275
17299.596654346275
17299.596654346275
17288.57245349447
17288.57245349447
17279.134947552902
17279.134947552902
17268.80218482464
17235.13409809114
17235.13409809114
17234.07640872356
17234.07640872356
17210.90909165972
17210.90909165972
17207.092226771383
17205.895504869553
17196.596738888315
17196.596738888315
17196.596738888315
17182.535678745542
17149.024194726146
17139.344661809886
17139.344661809886
17132.388277845057
17132.388277845057
17132.388277845057
17132.388277845057
17126.916701529986
17126.453803790577
17126.453803790577
17122.124049404447
17115.795465314866
17103.048878954578
17078.128206511527
17078.128206511527
17073.00954847471
17073.00954847471
17070.977673397723
17070.977673397723
17070.977673397723
17070.977673397723
17070.977673397723
17065.25015830545
17065.25015830545
17059.524842439005
17059.524842439005
17053.678363132134
17040.093122507857
17034.943397548504
17034.356134554324
17034.356134554324
17034.356134554324
17007.550777272743
17001.147553735413
16995.646425610237
16995.646425610237
16987.689416221325
16980.977700074527
16980.977700074527
16978.839688840148
16970.452646604706
16970.452646604706
16956.073192245018
16944.996114566693
16940.109896139034
16937.000323092198
16937.000323092198
16931.11422428943
16931.11422428943
16930.463016558184
16906.54012264729
16893.526152171245
16893.526152171245
16893.526152171245
16893.526152171245
16893.526152171245
16893.526152171245
16882.39615269928
16882.39615269928
16882.39615269928
16882.39615269928
16882.39615269928
16882.39615269928
16882.28723268848
16882.28723268848
16867.80550840922
16864.862251157807
16864.862251157807
16862.78066218545
16861.412521476712
16861.412521476712
16847.39332327152
16834.272581384426
16826.35435625065
16826.35435625065
16826.35435625065
16826.35435625065
16824.340468808947
16814.771765928734
16814.771765928734
16814.771765928734
16814.771765928734
16814.771765928734
16776.516913037885
16776.516913037885
16768.605917520774
16767.75389989024
16767.75389989024
16767.75389989024
16754.520095414748
16753.548939784985
16750.18789138898
16736.135689730603
16727.694482087125
16727.694482087125
16710.60427919591
16710.60427919591
16710.60427919591
16710.60427919591
16696.118391314776
16696.118391314776
16696.118391314776
16696.118391314776
16696.118391314776
16685.260776651598
16685.260776651598
16685.260776651598
16685.260776651598
16685.260776651598
16685.260776651598
16673.532868737795
16671.25237427105
16671.25237427105
16671.25237427105
16661.535999822878
16651.05421221221
16651.05421221221
16651.05421221221
16651.05421221221
16651.05421221221
16625.797728543715
16614.49878588549
16614.49878588549
16614.49878588549
16614.49878588549
16611.383057994284
16611.383057994284
16609.66430794358
16606.08279206527
16587.770321880285
16559.25460194067
16542.713524464634
16542.713524464634
16542.713524464634
16542.713524464634
16509.79537950358
16509.79537950358
16504.89705118513
16504.89705118513
16504.89705118513
16504.89705118513
16504.89705118513
16499.621185029748
16499.621185029748
16499.621185029748
16499.621185029748
16499.621185029748
16499.621185029748
16486.24303810827
16486.24303810827
16481.390919244423
16472.8181375477
16470.066744287145
16470.066744287145
16470.066744287145
16470.066744287145
16458.52588690438
16448.79348263205
16447.077385733985
16447.077385733985
16447.077385733985
16429.68167587482
16427.61667605121
16427.61667605121
16427.61667605121
16427.61667605121
16427.61667605121
16424.52584705496
16424.52584705496
16424.52584705496
16424.52584705496
16424.52584705496
16409.360717471263
16402.596218170987
16402.596218170987
16402.596218170987
16402.596218170987
16384.44587765532
16384.44587765532
16362.938626103178
16357.307416558777
16357.307416558777
16353.247564197001
16339.974087490675
16339.974087490675
16333.570035293582
16333.570035293582
16333.570035293582
16333.570035293582
16333.570035293582
16333.570035293582
16325.761116776748
16325.761116776748
16306.758620159304
16306.758620159304
16303.077008065406
16293.621807531965
16293.621807531965
16291.603646022097
16290.396860547038
16287.256449894321
16282.116364311823
16247.63818016532
16241.836283342454
16235.941797852758
16235.941797852758
16233.633034856453
16233.633034856453
16233.633034856453
16224.900720800375
16224.900720800375
16224.900720800375
16222.479208383727
16222.479208383727
16204.029211379482
16204.029211379482
16204.029211379482
16204.029211379482
16190.104271508406
16190.104271508406
16189.180614053339
16184.613675164905
16184.613675164905
16184.613675164905
16183.21780205957
16167.33439207943
16165.78759725847
16162.64904926981
16162.64904926981
16158.854908326291
16158.854908326291
16157.348404087566
16157.348404087566
16157.348404087566
16153.770254534491
16153.770254534491
16146.39455327917
16146.39455327917
16146.39455327917
16146.39455327917
16146.39455327917
16141.245484166022
16140.06963368327
16140.06963368327
16125.262723457614
16113.980522330095
16096.819558109515
16096.819558109515
16092.44472332517
16091.49667257695
16066.852129496841
16059.855963717993
16059.855963717993
16054.989424871941
16042.414390163767
16032.940903397186
16032.940903397186
16026.869011191193
16025.050890813283
16025.050890813283
16025.050890813283
16025.050890813283
16004.019296183882
16004.019296183882
16004.019296183882
16004.019296183882
16000.698745293148
16000.698745293148
16000.698745293148
16000.698745293148
16000.160429993968
15980.755830387152
15975.712816181196
15944.373098505854
15940.70239393902
15940.70239393902
15940.70239393902
15924.311569929849
15924.311569929849
15922.068115605567
15912.507575011434
15912.507575011434
15898.06460954372
15898.06460954372
15898.06460954372
15898.06460954372
15898.06460954372
15896.367993203196
15896.367993203196
15896.367993203196
15882.055919993225
15882.055919993225
15877.646188873501
15877.646188873501
15877.646188873501
15869.071007204286
15860.978640590627
15853.130034070895
15843.730621373512
15843.730621373512
15843.730621373512
15843.730621373512
15809.507774983078
15809.093585244216
15809.093585244216
15802.75525265256
15802.75525265256
15802.75525265256
15802.75525265256
15802.75525265256
15802.75525265256
15802.75525265256
15779.832286371415
15771.0655213084
15771.0655213084
15771.0655213084
15771.0655213084
15757.31783323579
15757.31783323579
15757.31783323579
15757.31783323579
15753.487935732912
15736.420545399946
15732.495842239212
15716.760754125165
15716.760754125165
15708.821879563746
15708.821879563746
15708.821879563746
15708.821879563746
15706.856583831459
15706.856583831459
15706.856583831459
15697.901830665818
15694.679125248684
15694.679125248684
15694.679125248684
15691.089999862672
15691.089999862672
15691.089999862672
15691.089999862672
15682.040144410434
15682.040144410434
15678.686376021524
15678.686376021524
15674.204094143404
15674.204094143404
15660.715775292661
15660.715775292661
15646.336655679337
15646.336655679337
15646.336655679337
15640.295462271804
15635.472478189258
15628.948763248864
15618.196369816686
15606.498614500011
15606.498614500011
15590.001422192754
15590.001422192754
15584.405182333243
15584.405182333243
15574.313299759055
15574.313299759055
15574.313299759055
15552.37486999607
15552.37486999607
15538.012920008112
15538.012920008112
15538.012920008112
15538.012920008112
15538.012920008112
15530.313823213966
15513.748747892694
15500.04378603825
15488.802546915056
15488.802546915056
15480.44683250067
15461.630367003501
15455.70495816662
15455.70495816662
15455.70495816662
15455.70495816662
15442.77712153005
15431.609368870188
15431.609368870188
15431.609368870188
15416.507131080125
15416.507131080125
15411.927798314706
15411.628054728219
15411.628054728219
15409.736855042067
15409.736855042067
15391.301349065747
15384.220500105097
15384.220500105097
15384.220500105097
15379.47761513204
15373.423268194772
15373.423268194772
15373.423268194772
15373.423268194772
15373.423268194772
15373.423268194772
15373.177089964356
15358.426333094952
15358.426333094952
15358.426333094952
15358.426333094952
15358.426333094952
15358.426333094952
15358.426333094952
15358.426333094952
15338.259107925263
15338.259107925263
15338.259107925263
15336.121207505386
15336.121207505386
15336.121207505386
15328.76186376965
15328.76186376965
15319.759043848231
15319.759043848231
15319.759043848231
15319.759043848231
15319.759043848231
15307.062153767372
15296.543682833659
15296.543682833659
15290.58606227493
15290.58606227493
15285.353849985793
15285.353849985793
15280.361453259953
15280.361453259953
15275.168908512684
15271.760181366271
15271.760181366271
15268.363272986988
15267.925623947349
15252.377066786094
15234.732736227461
15230.810891540243
15230.25787251386
15230.25787251386
15214.792273107112
15213.918646475006
15207.324540550639
15207.324540550639
15207.324540550639
15207.324540550639
15207.324540550639
15207.324540550639
15204.296818842373
15177.559429153176
15164.215293230418
15164.215293230418
15156.463694456734
15156.463694456734
15144.796200400313
15126.840608814686
15126.840608814686
15120.762203283506
15120.762203283506
15120.762203283506
15107.556687544702
15100.251652815194
15098.274324509981
15092.611682245293
15092.611682245293
15090.570512955985
15090.570512955985
15085.841249039233
15085.841249039233
15075.958610610365
15075.958610610365
15064.219865494399
15053.336951056257
15053.336951056257
15044.914561573883
15044.914561573883
15044.914561573883
15034.01618348859
15034.01618348859
15034.01618348859
15014.184094667882
15013.547455450363
14997.253017330397
14997.253017330397
14986.797021740194
14985.311181918034
14972.73650186009
14972.73650186009
14971.905253136034
14971.905253136034
14971.905253136034
14971.905253136034
14944.619275796636
14944.619275796636
14944.619275796636
14940.023904660711
14940.023904660711
14940.023904660711
14940.023904660711
14936.297792890939
14936.297792890939
14926.628470770564
14909.409388798056
14896.756962409394
14889.063223388464
14889.063223388464
14889.063223388464
14889.063223388464
14883.337807275553
14881.288949919744
14861.843955367687
14861.843955367687
14861.843955367687
14819.60913848449
14785.595014814766
14785.595014814766
14785.595014814766
14778.857485584564
14774.56917290366
14774.56917290366
14774.56917290366
14774.56917290366
14752.397416828791
14750.127658974985
14750.127658974985
14750.127658974985
14750.127658974985
14750.127658974985
14730.154838041331
14701.97956983786
14685.206336356618
14685.206336356618
14670.742380701799
14670.742380701799
14670.30695471326
14670.30695471326
14669.57910126915
