36826.53913127713
36826.53913127713
36826.53913127713
36815.54271576079
36815.54271576079
36800.24657754885
36800.24657754885
36800.24657754885
36780.38726125694
36748.48278206341
36737.08704573699
36737.08704573699
36725.68289049012
36717.72765845959
36672.05292275009
36672.05292275009
36672.05292275009
36657.94184967909
36657.94184967909
36657.94184967909
36657.94184967909
36657.94184967909
36657.94184967909
36657.94184967909
36646.451420721634
36646.451420721634
36621.174353089635
36599.0343484388
36599.0343484388
36576.96240347868
36576.96240347868
36576.96240347868
36562.60565001555
36562.60565001555
36562.60565001555
36562.60565001555
36561.58266088644
36561.58266088644
36561.58266088644
36546.57827348329
36519.879434999086
36519.879434999086
36519.879434999086
36519.879434999086
36487.41970169973
36487.41970169973
36487.41970169973
36469.34809700677
36469.34809700677
36468.90053591903
36463.96177143021
36460.39681795977
36436.52383709766
36436.52383709766
36435.88927875317
36392.88842739484
36392.88842739484
36378.75598484167
36362.35949847258
36362.35949847258
36362.35949847258
36361.053014065285
36328.600776048734
36322.957225626305
36322.957225626305
36296.271919570834
36296.271919570834
36289.827542883984
36289.827542883984
36289.827542883984
36269.19031528658
36259.11967580115
36255.36763195838
36235.72047486207
36235.72047486207
36223.05599258393
36223.05599258393
36223.05599258393
36151.67032026432
36150.80284307123
36150.80284307123
36150.80284307123
36149.94976150179
36149.94976150179
36149.94976150179
36149.94976150179
36149.94976150179
36149.94976150179
36148.46715070937
36118.0783704379
36108.25985446917
36105.27524389912
36099.84909208056
36099.84909208056
36084.59293350412
36084.59293350412
36084.59293350412
36084.59293350412
36084.59293350412
36077.04070623907
36052.01076545549
36041.01423921282
36019.968066298876
36019.968066298876
35995.355287962804
35995.355287962804
35995.09079667829
35995.09079667829
35995.09079667829
35974.975005958644
35974.975005958644
35974.975005958644
35969.28503385937
35969.28503385937
35960.108354523814
35960.108354523814
35949.58442884495
35934.181498004684
35934.181498004684
35934.181498004684
35910.87906650225
35882.788775130364
35866.157105342245
35851.12745183289
35851.12745183289
35851.12745183289
35845.77723343479
35845.77723343479
35845.77723343479
35845.77723343479
35845.77723343479
35845.77723343479
35845.77723343479
35845.77723343479
35845.77723343479
35845.77723343479
35842.78100737317
35835.08292075989
35805.73599638586
35805.73599638586
35774.321696698025
35739.12452444137
35739.12452444137
35739.12452444137
35706.92936738514
35706.92936738514
35688.328660241226
35688.328660241226
35656.77368966828
35628.759846232315
35597.35773274067
35562.30676574804
35546.18948201775
35546.18948201775
35537.94068815865
35515.23884784847
35515.23884784847
35514.83445839854
35501.92856740532
35491.4397513005
35472.30675885259
35472.30675885259
35455.906574660294
35449.44850417973
35449.44850417973
35449.44850417973
35449.44850417973
35449.44850417973
35449.44850417973
35445.34652834598
35430.90042111862
35430.90042111862
35413.36691037138
35406.952392017956
35406.952392017956
35392.10430115695
35392.10430115695
35392.10430115695
35372.93521980645
35350.66443337911
35333.8786233648
35333.8786233648
35319.28720836342
35317.26962476314
35317.26962476314
35297.74968077582
35269.05075481625
35269.05075481625
35217.024174724625
35217.024174724625
35187.72225885199
35187.72225885199
35187.72225885199
35187.72225885199
35187.72225885199
35184.09720004242
35184.09720004242
35184.09720004242
35184.09720004242
35184.09720004242
35155.240073038774
35150.23135051835
35150.23135051835
35139.55080668961
35125.24112886309
35119.867212267985
35094.46954842657
35082.500540027744
35079.06910930217
35070.149265258
35064.01598038092
35064.01598038092
35064.01598038092
35063.28279299732
35063.28279299732
35040.89095118047
35040.89095118047
35040.89095118047
35040.89095118047
35040.89095118047
35040.89095118047
35011.14514101415
35011.14514101415
35011.14514101415
35008.79380019288
35000.426512970036
35000.426512970036
34989.02878875034
34987.238432667546
34983.5358201186
34965.44502299526
34965.44502299526
34965.44502299526
34962.30082303681
34962.30082303681
34962.30082303681
34952.83333489421
34952.83333489421
34952.83333489421
34952.83333489421
34952.83333489421
34952.83333489421
34952.83333489421
34952.83333489421
34952.83333489421
34921.91779639402
34921.91779639402
34911.62741367005
34911.62741367005
34907.13261840772
34907.13261840772
34880.13877884632
34880.13877884632
34880.13877884632
34869.755346847014
34859.33299389983
34859.33299389983
34855.44234868182
34855.44234868182
34833.80419294736
34823.089933127674
34823.089933127674
34823.089933127674
34801.41455257319
34801.41455257319
34795.27567658495
34794.98851030493
34794.98851030493
34775.08019794997
34765.54710168246
34752.615263754225
34752.615263754225
34746.11918844191
34746.11918844191
34746.11918844191
34746.11918844191
34746.11918844191
34746.11918844191
34746.11918844191
34746.11918844191
34720.439560387356
34713.386562533
34700.09233105072
34696.96203527386
34684.726224209735
34670.896922022905
34639.71853348783
34639.006123744366
34619.35018930663
34600.46814878868
34600.46814878868
34586.92198101313
34583.56727865993
34581.04440904919
34576.72102906964
34567.6915738991
34564.658896064815
34545.095299405104
34529.28746167229
34529.28746167229
34491.494687577215
34478.26435581652
34478.26435581652
34450.09091074331
34450.09091074331
34450.09091074331
34450.09091074331
34450.09091074331
34430.153978583665
34420.04562595455
34420.04562595455
34420.04562595455
34420.04562595455
34387.249937665496
34387.249937665496
34387.249937665496
34387.249937665496
34387.249937665496
34387.249937665496
34377.12459616876
34354.39399639287
34354.39399639287
34354.39399639287
34322.28865197324
34294.832340052024
34294.832340052024
34294.832340052024
34261.12056275861
34235.077428661185
34235.077428661185
34235.077428661185
34224.03106737387
34224.03106737387
34202.77615346162
34202.77615346162
34164.518888344974
34164.518888344974
34152.02985988449
34137.5104027941
34137.5104027941
34121.544859324364
34093.01852205267
34084.218451203415
34084.218451203415
34054.3687935324
34054.3687935324
34054.3687935324
34032.98120090313
34027.96195132752
34027.96195132752
34027.96195132752
34027.96195132752
34017.25438786704
34017.25438786704
34017.25438786704
34017.25438786704
33998.49590535734
33998.49590535734
33998.49590535734
33998.49590535734
33998.49590535734
33991.22741764866
33991.22741764866
33977.16552793379
33977.16552793379
33977.16552793379
33948.73202126344
33932.26486078946
33928.94958305382
33928.94958305382
33928.94958305382
33898.06125052923
33877.02498503296
33877.02498503296
33877.02498503296
33877.02498503296
33877.02498503296
33869.6550981857
33869.6550981857
33854.00402874038
33850.96886756681
33846.71929350858
33825.377028265924
33812.794001599585
33797.755211740754
33786.2807291651
33786.2807291651
33783.17508570665
33783.17508570665
33783.17508570665
33769.88768510023
33769.88768510023
33769.88768510023
33769.88768510023
33765.204833403885
33765.204833403885
33756.41362813814
33740.18845284409
33701.61618748835
33701.61618748835
33701.61618748835
33686.387508614294
33686.387508614294
33651.69014876169
33649.53608651715
33649.53608651715
33641.224161672784
33628.66965284104
33624.00222037588
33621.45313289344
33621.45313289344
33616.76311318948
33616.76311318948
33614.97214306268
33614.97214306268
33614.97214306268
33614.97214306268
33578.543378508606
33573.41235250606
33573.41235250606
33558.92339076083
33555.65645396541
33518.15220568717
33514.105067202225
33513.59663353997
33513.59663353997
33490.78490712178
33467.0352230689
33467.0352230689
33450.150427459936
33434.69069906596
33434.69069906596
33421.14941500457
33421.14941500457
33408.84986771014
33357.12373639397
33351.27760971782
33309.675490913614
33296.8724386898
33262.406881782954
33257.52563085949
33248.45484510247
33248.45484510247
33248.45484510247
33234.46053272795
33234.46053272795
33234.46053272795
33231.36576989029
33212.05072169389
33206.35080122101
33203.26957946583
33203.26957946583
33203.26957946583
33198.81616789485
33198.81616789485
33190.47642156055
33190.47642156055
33190.47642156055
33181.31853212299
33181.31853212299
33180.91624652361
33180.91624652361
33158.80035811674
33158.80035811674
33145.06405825193
33136.88912756493
33131.79323034039
33131.79323034039
33131.79323034039
33131.79323034039
33107.40277263117
33077.11770169378
33074.07046044106
33074.07046044106
33074.07046044106
33052.4709131469
33051.429924706936
33023.34908235574
33023.34908235574
33023.34908235574
33023.34908235574
33023.34908235574
33023.34908235574
33021.108975403164
33010.58119085022
32994.57918690359
32990.1608141666
32988.62205546331
32988.62205546331
32985.85305139099
32968.36931193797
32968.36931193797
32968.36931193797
32950.965145955335
32938.07186206589
32938.07186206589
32937.04765344444
32937.04765344444
32937.04765344444
32933.36957238366
32933.36957238366
32933.36957238366
32933.36957238366
32911.25507368613
32911.25507368613
32852.87712713974
32828.68333620736
32810.51465399006
32810.51465399006
32806.177319949566
32806.177319949566
32806.177319949566
32806.177319949566
32798.45194824239
32798.45194824239
32791.73138822542
32791.73138822542
32775.18889460196
32775.18889460196
32769.01478249013
32728.615159668207
32728.615159668207
32728.615159668207
32728.615159668207
32702.166674205764
32702.166674205764
32702.166674205764
32674.854511230806
32674.854511230806
32663.65010937854
32645.64544707785
32645.014662663125
32631.742372988465
32631.742372988465
32631.742372988465
32608.08441238453
32608.08441238453
32608.08441238453
32608.08441238453
32608.08441238453
32566.60257658775
32566.60257658775
32562.290334449386
32558.134339263434
32558.134339263434
32538.6994798601
32538.214490417362
32538.214490417362
32536.176372951424
32536.176372951424
32515.368686346126
32515.368686346126
32515.368686346126
32471.554967550128
32471.554967550128
32445.410720002656
32445.410720002656
32416.853462796462
32416.853462796462
32416.853462796462
32416.853462796462
32402.3934210132
32402.3934210132
32402.3934210132
32402.3934210132
32402.3934210132
32402.3934210132
32384.722414619508
32373.972736192613
32334.84104014106
32325.073465425976
32325.073465425976
32324.811397346235
32324.322140639168
32300.931643205437
32300.931643205437
32300.91138688394
32300.91138688394
32299.634397599715
32299.634397599715
32299.634397599715
32271.910324039753
32268.549187678767
32268.549187678767
32268.549187678767
32247.020497278245
32247.020497278245
32234.8603205384
32231.864146861717
32214.543669498053
32214.101536807837
32214.101536807837
32190.292952301046
32190.292952301046
32190.292952301046
32181.840190929077
32181.840190929077
32180.597312044803
32161.953506819238
32153.16826999474
32153.16826999474
32135.58738232733
32120.420933530822
32120.420933530822
32120.420933530822
32120.420933530822
32120.420933530822
32120.420933530822
32116.701761898898
32116.701761898898
32116.701761898898
32086.33694022429
32082.359150338278
32082.359150338278
32082.359150338278
32082.359150338278
32082.359150338278
32082.359150338278
32082.359150338278
32046.596416719767
32046.596416719767
32036.684211337102
32036.684211337102
32036.684211337102
32036.684211337102
32030.532355080348
32030.532355080348
32030.532355080348
32020.135587711986
32012.73625789503
32004.571305544316
31992.150160161145
31992.150160161145
31992.150160161145
31975.765745307763
31973.665465216796
31969.934713638046
31969.934713638046
31932.0069421926
31932.0069421926
31932.0069421926
31925.061260398074
31902.981850701755
31882.389239053802
31865.947471995565
31852.03571121599
31852.03571121599
31852.03571121599
31851.287711584704
31840.245742909283
31824.20194252651
31822.564915802865
31798.486404717005
31797.73985357697
31750.297792203768
31749.810383996
31744.15015646529
31741.43109308435
31741.43109308435
31740.88931346646
31695.96342005513
31695.856834940034
31691.626136774998
31678.520670227124
31662.745636830954
31662.745636830954
31662.745636830954
31662.745636830954
31662.745636830954
31662.745636830954
31645.62095800148
31645.62095800148
31621.01233866783
31621.01233866783
31621.01233866783
31603.35914786724
31596.844346306112
31596.844346306112
31596.381864493625
31575.905614930693
31562.17775181715
31562.17775181715
31518.691545805268
31518.691545805268
31518.691545805268
31518.691545805268
31504.72414380445
31504.72414380445
31504.72414380445
31482.45757573474
31482.45757573474
31482.45757573474
31482.45757573474
31473.167323167054
31434.344929501505
31434.344929501505
31432.58492917587
31432.58492917587
31432.58492917587
31432.58492917587
31423.78382134386
31423.78382134386
31419.978158154576
31419.978158154576
31419.978158154576
31413.88531567953
31393.538428044267
31364.789760677766
31364.789760677766
31364.789760677766
31350.09828357668
31347.79401803698
31347.79401803698
31347.79401803698
31347.79401803698
31347.79401803698
31347.79401803698
31347.602499871187
31347.602499871187
31347.602499871187
31326.77668259857
31326.77668259857
31326.77668259857
31326.77668259857
31308.51013492798
31308.51013492798
31308.51013492798
31293.204522391017
31252.650623043934
31248.298130864987
31248.298130864987
31243.121907552097
31243.121907552097
31243.121907552097
31231.890215896146
31231.890215896146
31231.890215896146
31221.767997185405
31200.137466296354
31200.137466296354
31200.137466296354
31200.137466296354
31200.137466296354
31180.44496265747
31169.55151295065
31157.51183041518
31157.51183041518
31157.51183041518
31157.51183041518
31157.51183041518
31157.51183041518
31154.55673136723
31140.36223585082
31140.36223585082
31129.76153280126
31129.76153280126
31129.76153280126
31127.656503467035
31125.440791024364
31125.440791024364
31113.328528597904
31107.994502514513
31107.994502514513
31107.994502514513
31107.994502514513
31107.994502514513
31092.610934011213
31088.618570483664
31066.441644262202
31065.554870641598
31059.02552726102
31059.02552726102
31059.02552726102
31059.02552726102
31043.362728282795
31038.541595866613
31038.541595866613
31038.541595866613
31038.541595866613
31038.541595866613
31035.17628347366
31026.684010351008
31026.684010351008
31026.684010351008
31026.684010351008
31007.65620984221
31007.65620984221
30995.22401596228
30995.22401596228
30995.22401596228
30980.049019043945
30978.538525812724
30970.611427459327
30962.06175837369
30955.672583439788
30955.672583439788
30955.672583439788
30955.672583439788
30955.672583439788
30955.672583439788
30955.672583439788
30954.158482667335
30954.158482667335
30947.10701911211
30947.10701911211
30947.10701911211
30947.10701911211
30947.10701911211
30939.5404125757
30939.5404125757
30922.773238703357
30922.773238703357
30912.183944655157
30894.48082636563
30894.48082636563
30885.447723554942
30885.447723554942
30884.660618567035
30884.660618567035
30884.660618567035
30884.660618567035
30884.660618567035
30854.6153227771
30812.33247844975
30812.33247844975
30799.785863699122
30787.263639995585
30774.757224184013
30774.757224184013
30774.757224184013
30765.530812382887
30748.51129250337
30737.55180712704
30734.842424660703
30734.842424660703
30730.07875318104
30730.07875318104
30715.32252951494
30700.78138177095
30700.78138177095
30659.069345856165
30645.607795114018
30645.607795114018
30639.9139720581
30628.77559068153
30628.77559068153
30628.77559068153
30628.77559068153
30628.77559068153
30602.009675847406
30602.009675847406
30601.630989196434
30601.208449805323
30601.208449805323
30601.208449805323
30599.192333890027
30568.532478769048
30567.124464626882
30567.124464626882
30567.124464626882
30558.621525795395
30558.621525795395
30539.104806178206
30511.42780617139
30511.42780617139
30499.626175631674
30498.955019367066
30498.955019367066
30462.746891386785
30462.746891386785
30439.48143126956
30424.134545243993
30424.134545243993
30401.88312811085
30373.967293759986
30373.967293759986
30373.967293759986
30373.967293759986
30323.229518237036
30323.229518237036
30323.229518237036
30320.215098724024
30320.215098724024
30274.9936721117
30274.9936721117
30274.9936721117
30262.09331162438
30262.09331162438
30244.222491729688
30234.898957794172
30234.898957794172
30234.898957794172
30234.898957794172
30233.807458724674
30211.32385308978
30183.742284994412
30150.876854355032
30145.4617788804
30139.56389030194
30135.819209180037
30135.819209180037
30135.819209180037
30091.019072196876
30090.069490400274
30090.069490400274
30078.959425368772
30067.59790366667
30053.810323642534
30046.628800852344
30046.628800852344
30046.628800852344
30036.0245695602
30030.2434348163
30021.884921183584
30019.45149355388
30012.46417437306
30012.46417437306
29996.954968036676
29996.954968036676
29996.954968036676
29983.023888246207
29983.023888246207
29977.672795226597
29977.672795226597
29977.672795226597
29977.672795226597
29977.672795226597
29977.672795226597
29947.267346347013
29932.659499196532
29918.9448930554
29916.70174832777
29909.1815906587
29909.1815906587
29909.1815906587
29909.1815906587
29905.825364094584
29905.825364094584
29905.825364094584
29900.117081160606
29900.117081160606
29884.440197763593
29873.136493335118
29873.136493335118
29873.136493335118
29873.136493335118
29868.48083987821
29835.402093187746
29835.402093187746
29835.402093187746
29835.402093187746
29821.443647936005
29821.443647936005
29814.48428332508
29814.48428332508
29814.48428332508
29814.48428332508
29814.48428332508
29814.48428332508
29801.690909750825
29801.690909750825
29783.07291743006
29773.262114316898
29759.130291067842
29759.130291067842
29738.500427146966
29732.96769568955
29732.96769568955
29720.440730751925
29702.695778896756
29702.695778896756
29702.695778896756
29702.695778896756
29702.695778896756
29702.695778896756
29702.57878379282
29702.57878379282
29699.19841146364
29697.798400326457
29697.798400326457
29688.379780854495
29687.145897714938
29687.145897714938
29687.145897714938
29687.145897714938
29687.145897714938
29687.145897714938
29687.145897714938
29687.145897714938
29682.834927046522
29682.834927046522
29682.834927046522
29682.834927046522
29674.098785320333
29674.098785320333
29651.36854177034
29642.159595380053
29641.254079579743
29640.406232997175
29640.406232997175
29640.406232997175
29598.30264551586
29560.06703481362
29553.963533544746
29527.542504732835
29527.542504732835
29522.876907700705
29495.547658381096
29484.051246132774
29484.051246132774
29459.110819407557
29459.110819407557
29454.64559981839
29445.93828911888
29445.93828911888
29445.93828911888
29436.066080549877
29436.066080549877
29424.73611717907
29424.73611717907
29401.941699833584
29399.62683414037
29388.220497647726
29386.201472627876
29386.201472627876
29386.201472627876
29386.201472627876
29381.110847626693
29378.72022619287
29364.42546718058
29364.42546718058
29364.42546718058
29364.42546718058
29329.313549491315
29312.072338848386
29305.309132421018
29297.62358870998
29297.62358870998
29273.553091484097
29272.575152221056
29272.575152221056
29272.575152221056
29244.02254480509
29227.110687848122
29220.13318479672
29211.980311285413
29197.51651646612
29197.51651646612
29197.51651646612
29197.51651646612
29197.51651646612
29185.927867924376
29169.35946863165
29169.35946863165
29169.35946863165
29169.35946863165
29169.35946863165
29159.551860315256
29155.764423414596
29124.191596289736
29124.191596289736
29124.191596289736
29124.191596289736
29124.191596289736
29107.547820514985
29088.865957256472
29088.865957256472
29088.865957256472
29088.865957256472
29088.865957256472
29079.874160231426
29079.874160231426
29079.874160231426
29059.94250251846
29039.811130582468
29039.811130582468
29039.811130582468
29039.811130582468
29039.811130582468
29023.897523341657
29023.897523341657
29023.897523341657
29002.35138717897
29000.637444962675
29000.637444962675
29000.637444962675
28981.959721636027
28974.578906711897
28974.578906711897
28974.578906711897
28974.578906711897
28974.578906711897
28948.1972529752
28948.1972529752
28948.1972529752
28948.1972529752
28948.1972529752
28935.049361619498
28935.049361619498
28904.788706992167
28904.788706992167
28904.788706992167
28904.788706992167
28904.788706992167
28904.788706992167
28876.0309958796
28866.14481057869
28851.943673005437
28851.943673005437
28840.940335648465
28839.63206126058
28817.447427405354
28797.974434040483
28774.24606397634
28773.77524711295
28752.144490739076
28732.364243764638
28710.125785854678
28710.125785854678
28675.518195753844
28673.575650160063
28665.663033417084
28665.663033417084
28644.02019586604
28644.02019586604
28640.417189427753
28640.417189427753
28635.57598197904
28635.57598197904
28635.57598197904
28630.428440332573
28630.428440332573
28626.757492815374
28608.827582058657
28608.827582058657
28608.827582058657
28605.186389108338
28605.186389108338
28600.431772150238
28600.431772150238
28586.598566663324
28586.598566663324
28586.598566663324
28562.31011293577
28557.872268007424
28548.74022627383
28548.74022627383
28548.74022627383
28548.74022627383
28548.74022627383
28546.80137464825
28546.80137464825
28546.80137464825
28546.80137464825
28546.80137464825
28546.80137464825
28532.650229339277
28532.650229339277
28532.650229339277
28511.18457922
28511.18457922
28504.680625799003
28504.680625799003
28499.101409603016
28499.101409603016
28499.101409603016
28499.101409603016
28498.503284594495
28477.29908224087
28472.735173549794
28450.628705936608
28444.056087716912
28444.056087716912
28444.056087716912
28444.056087716912
28433.32585559625
28419.24728565549
28386.26884575754
28386.26884575754
28386.26884575754
28386.26884575754
28386.26884575754
28365.49820080822
28365.49820080822
28359.91760038666
28331.917206027923
28331.917206027923
28329.279645035567
28317.238485800328
28298.42271206034
28278.596948277736
28278.596948277736
28270.63870378452
28270.63870378452
28260.766501024067
28259.97359951954
28257.336223253427
28250.966940746548
28250.966940746548
28236.28960777136
28214.08319736657
28214.08319736657
28214.08319736657
28202.56432879327
28202.56432879327
28187.614525675082
28187.614525675082
28187.614525675082
28187.614525675082
28177.10645922507
28177.10645922507
28164.72946595136
28164.72946595136
28154.56099590557
28151.5430682094
28146.88131000058
28146.88131000058
28146.88131000058
28132.129503809938
28129.0876283964
28129.0876283964
28114.67779939906
28114.67779939906
28099.4629189323
28099.4629189323
28099.4629189323
28099.4629189323
28073.74348382544
28070.032872767137
28070.032872767137
28070.032872767137
28070.032872767137
28046.196407781423
28046.196407781423
28027.331532964672
28011.760831884203
27993.315932099467
27993.315932099467
27993.315932099467
27993.315932099467
27991.922088838463
27991.922088838463
27991.564221712873
27967.454873577088
27967.454873577088
27967.454873577088
27945.617923594327
27945.617923594327
27945.617923594327
27937.15569751872
27927.068722689324
27900.164131140995
27900.164131140995
27898.346252318974
27890.44268803872
27884.519381636648
27852.05102691165
27852.05102691165
27852.05102691165
27847.770457423463
27834.936425563938
27831.416761895714
27798.903415361725
27797.042472748693
27793.36233966085
27793.36233966085
27760.803309885825
27756.616820900643
27756.616820900643
27756.616820900643
27739.852903686893
27739.852903686893
27730.225503115184
27730.225503115184
27698.169361239197
27698.169361239197
27666.7850639111
27631.664636373174
27631.664636373174
27631.664636373174
27631.664636373174
27623.10881678886
27588.48085295487
27585.4141366747
27585.4141366747
27585.4141366747
27576.504908401046
27571.791971567618
27571.791971567618
27571.791971567618
27571.791971567618
27555.276305739484
27518.19595557345
27518.19595557345
27518.19595557345
27496.74495265889
27496.74495265889
27496.74495265889
27468.234945627886
27456.665868879376
27456.665868879376
27440.23353387521
27427.22908239424
27384.101720298087
27384.101720298087
27384.101720298087
27363.854768824007
27323.33810769222
27313.75447725221
27305.68547441892
27303.961300069557
27295.627576568186
27285.58196344197
27285.58196344197
27285.58196344197
27285.58196344197
27285.58196344197
27285.58196344197
27285.58196344197
27285.58196344197
27279.608380761176
27279.608380761176
27279.608380761176
27258.523679275917
27258.523679275917
27258.523679275917
27258.523679275917
27222.21037087076
27218.018579191317
27218.018579191317
27167.885204864015
27167.885204864015
27167.885204864015
27161.43099235902
27156.06902880976
27156.06902880976
27156.06902880976
27156.06902880976
27156.06902880976
27156.06902880976
27151.48708639572
27151.48708639572
27138.447963630228
27138.447963630228
27115.435964209115
27115.435964209115
27115.435964209115
27115.435964209115
27115.435964209115
27111.81195793573
27111.81195793573
27108.542774257898
27089.222878481814
27066.21433526171
27054.123674579678
27054.123674579678
27049.51005695526
27049.51005695526
27048.482827547305
27033.67476682308
27033.67476682308
27033.67476682308
27033.67476682308
26997.58776974748
26975.231214882722
26952.715069068105
26952.715069068105
26948.12451273448
26939.34357194807
26938.354585882124
26938.354585882124
26929.591283869373
26918.146899636587
26902.36234437691
26872.813129939
26872.813129939
26872.813129939
26872.813129939
26872.053741897187
26851.821469242263
26837.643080002134
26837.643080002134
26837.643080002134
26837.643080002134
26837.643080002134
26837.643080002134
26814.155881057995
26810.589540643832
26802.51817298463
26802.51817298463
26802.51817298463
26788.848460770445
26751.02939996025
26751.02939996025
26739.308258943493
26726.196282025798
26715.11664471198
26700.334763900544
26691.02036513833
26691.02036513833
26691.02036513833
26691.02036513833
26691.02036513833
26691.02036513833
26689.614082944834
26689.614082944834
26686.2325525516
26656.522833157767
26656.522833157767
26642.627685658987
26642.627685658987
26642.627685658987
26642.627685658987
26636.101865556484
26636.101865556484
26627.036013739187
26627.036013739187
26620.384121587595
26620.384121587595
26620.225013831954
26620.225013831954
26620.225013831954
26600.010204870396
26595.15509052875
26595.15509052875
26574.91434615821
26574.91434615821
26574.91434615821
26574.91434615821
26572.821174854173
26572.821174854173
26541.96954409834
26532.50392461374
26532.50392461374
26499.142593857196
26499.142593857196
26474.08394384114
26453.77649056995
26436.665815134016
26436.665815134016
26436.665815134016
26436.665815134016
26402.464852798068
26402.464852798068
26386.94339692453
26379.506740883684
26379.506740883684
26366.339023317967
26360.391715823334
26351.692620829548
26351.692620829548
26347.39877211305
26334.30014145839
26321.903221733603
26303.495833684072
26302.385874905067
26302.385874905067
26285.366959108167
26285.366959108167
26268.67177612296
26268.67177612296
26268.561125852968
26261.52177039723
26213.538717848605
26213.538717848605
26197.94760388226
26197.94760388226
26172.350890989503
26138.92340117501
26122.652146812157
26120.325245525546
26119.746761155748
26119.746761155748
26119.607387877426
26106.21138089265
26100.240173364713
26095.140395017123
26095.140395017123
26095.140395017123
26095.140395017123
26095.140395017123
26061.664821884886
26035.983922286654
26014.50180895142
26014.50180895142
26014.50180895142
26014.50180895142
25998.775090801348
25998.775090801348
25998.775090801348
25998.775090801348
25998.775090801348
25998.775090801348
25998.775090801348
25997.799092335015
25991.26556878313
25991.26556878313
25991.26556878313
25970.700257898523
25970.700257898523
25970.700257898523
25968.95304661792
25968.95304661792
25936.821448387538
25936.821448387538
25928.43123319983
25925.381189161024
25900.7852538347
25892.21203782705
25892.21203782705
25868.946776533652
25868.946776533652
25868.946776533652
25859.92742223597
25859.92742223597
25859.92742223597
25859.92742223597
25859.92742223597
25859.92742223597
25855.739874573974
25833.912343990236
25833.912343990236
25833.912343990236
25823.213742700907
25820.440656622035
25807.845768997166
25805.495643279886
25805.495643279886
25775.319275550475
25775.319275550475
25755.874937611126
25754.443066372653
25754.443066372653
25735.275922842156
25735.275922842156
25708.61065800994
25706.792279936715
25679.57613042112
25668.949292315163
25661.72904245361
25647.72214239697
25647.72214239697
25643.99330721134
25634.36900975886
25611.603343497263
25611.603343497263
25611.235088520603
25605.645836581305
25591.346264479755
25591.346264479755
25585.552985355644
25577.862915017857
25577.862915017857
25577.862915017857
25577.862915017857
25577.862915017857
25577.862915017857
25577.862915017857
25564.122684055088
25544.45512391836
25544.45512391836
25544.45512391836
25538.48485257967
25538.48485257967
25535.56092751163
25521.788994890772
25496.4814774151
25457.87861776603
25439.51694448671
25437.61960390224
25417.755112110295
25391.214095941286
25391.214095941286
25391.214095941286
25379.43788989273
25352.536066454646
25352.536066454646
25352.400458197586
25338.666703583578
25326.97489742741
25325.825018099928
25311.830192069247
25284.20779960224
25265.16816454778
25265.16816454778
25265.16816454778
25265.16816454778
25256.201682663108
25233.41763178027
25209.398513055716
25202.07617730193
25202.07617730193
25202.07617730193
25197.720753884358
25197.720753884358
25197.720753884358
25197.720753884358
25189.14234535371
25170.807301879882
25170.807301879882
25170.807301879882
25170.807301879882
25170.807301879882
25157.829996972312
25148.26244738182
25145.900960001574
25145.900960001574
25139.05083935061
25139.05083935061
25139.05083935061
25134.407606866866
25134.407606866866
25134.407606866866
25134.407606866866
25112.056754616864
25112.056754616864
25112.056754616864
25111.685899029497
25111.685899029497
25111.685899029497
25105.209099001433
25097.92012847385
25096.0541915449
25096.0541915449
25096.0541915449
25086.902229671326
25086.902229671326
25086.902229671326
25086.902229671326
25084.665694674288
25062.251875293994
25058.412896751623
25048.677591544794
25027.625013178942
25027.625013178942
25027.625013178942
25027.625013178942
25027.625013178942
25015.047217889707
25010.559518530215
25002.989007359763
25002.989007359763
24984.486975635664
24984.486975635664
24984.486975635664
24984.486975635664
24982.611835628915
24982.611835628915
24982.611835628915
24982.611835628915
24982.611835628915
24970.874879364652
24946.382829934664
24931.80194446084
24931.80194446084
24931.80194446084
24931.80194446084
24923.1485752865
24923.1485752865
24923.1485752865
24893.241348535397
24888.407667446656
24888.407667446656
24888.407667446656
24880.220979473852
24880.220979473852
24880.220979473852
24880.220979473852
24868.3579721883
24868.3579721883
24862.085831144534
24862.085831144534
24862.085831144534
24838.82571954607
24818.944668584496
24818.944668584496
24818.944668584496
24818.944668584496
24798.249329412763
24798.249329412763
24770.655972476965
24770.655972476965
24767.83269029524
24767.83269029524
24757.53966258344
24740.650129786
24740.650129786
24728.130586854102
24716.035639898742
24710.757221718362
24702.31179897418
24676.56930495653
24676.56930495653
24654.133998783283
24650.416019460412
24650.416019460412
24650.416019460412
24649.207278115227
24645.305788156787
24637.60797332938
24637.60797332938
24623.313770179924
24623.313770179924
24623.313770179924
24593.582274994475
24581.77249014375
24552.749894322144
24515.799294397875
24494.54961858533
24480.226576960395
24446.366350910746
24438.309725236042
24434.81565056668
24434.81565056668
24434.81565056668
24403.095914986403
24403.095914986403
24403.095914986403
24398.86351452418
24398.86351452418
24398.86351452418
24391.197787274326
24364.80932971146
24359.53506239475
24347.347835871893
24345.73269160045
24345.73269160045
24341.525912264882
24341.525912264882
24317.672004646185
24317.672004646185
24313.88950581074
24313.88950581074
24313.88950581074
24313.88950581074
24313.88950581074
24313.297056933872
24303.15658269208
24275.410160496715
24275.244506605668
24275.244506605668
24275.244506605668
24269.233636617915
24269.233636617915
24269.233636617915
24269.233636617915
24261.18094295423
24261.18094295423
24261.18094295423
24227.790784747624
24199.248179406775
24199.248179406775
24195.664315432216
24171.9970056976
24137.244689082057
24119.151128490324
24116.94022851462
24109.3867051591
24109.3867051591
24109.3867051591
24109.3867051591
24091.88984600609
24091.88984600609
24091.88984600609
24091.88984600609
24075.176551644912
24075.176551644912
24075.176551644912
24052.370530111108
24052.370530111108
24045.231918133704
24025.942450712675
24025.942450712675
24025.942450712675
24025.942450712675
24023.902683052427
24023.902683052427
24014.556637555434
23994.727196417105
23980.384163856586
23975.967692875744
23969.690202453425
23962.019979179524
23918.3762326967
23918.3762326967
23918.3762326967
23918.3762326967
23918.291121601527
23903.926323818196
23903.926323818196
23875.58116383796
23875.58116383796
23875.58116383796
23875.58116383796
23872.217056843085
23858.063964463145
23846.316831257725
23833.87148532113
23821.939297052915
23821.939297052915
23816.738547888493
23804.3490216659
23788.82356251554
23750.312626818482
23746.54905603369
23746.54905603369
23746.54905603369
23744.25916188226
23733.96710149187
23733.96710149187
23725.413547343654
23707.741037847845
23692.615302938862
23692.615302938862
23692.615302938862
23692.615302938862
23671.59011258422
23671.59011258422
23667.07613931261
23667.07613931261
23667.07613931261
23653.934135536558
23649.6044894581
23629.953157742544
23619.39124009166
23607.17034062938
23593.076688704263
23588.390212683396
23588.390212683396
23588.390212683396
23586.67939080211
23566.815252577588
23562.65329696117
23533.15610948344
23526.802266986713
23516.442793032176
23496.138903237927
23496.138903237927
23496.138903237927
23496.098454189516
23496.098454189516
23481.21866162691
23481.21866162691
23481.21866162691
23481.21866162691
23478.00384189409
23469.1331395781
23465.012205874445
23465.012205874445
23465.012205874445
23431.501474857094
23431.501474857094
23431.501474857094
23431.501474857094
23431.501474857094
23408.560913899964
23408.560913899964
23383.11632456787
23363.5422991697
23363.5422991697
23363.5422991697
23363.5422991697
23350.456069005864
23350.456069005864
23350.456069005864
23350.456069005864
23350.456069005864
23350.456069005864
23345.14851811786
23331.53641027194
23331.53641027194
23319.992765829407
23305.973412443964
23296.342014380745
23296.342014380745
23295.138191987095
23295.138191987095
23295.138191987095
23290.76298022963
23290.76298022963
23290.76298022963
23290.76298022963
23290.76298022963
23286.69962857204
23286.69962857204
23286.69962857204
23268.806630678275
23268.806630678275
23267.931480345753
23262.00495978824
23251.723093572768
23241.730376877596
23219.37152086672
23219.37152086672
23219.37152086672
23207.956352126377
23206.76902546043
23206.76902546043
23190.090393727005
23190.090393727005
23189.212158005106
23189.212158005106
23189.212158005106
23189.212158005106
23189.212158005106
23189.212158005106
23169.648232334923
23169.648232334923
23154.278742260012
23137.91856332551
23130.649835417953
23113.837694329875
23103.811289083136
23103.811289083136
23101.28001505109
23101.28001505109
23092.099516101058
23074.74472124388
23074.74472124388
23074.74472124388
23074.74472124388
23069.80936088528
23053.045107649177
23051.24595876474
23051.24595876474
23051.24595876474
23024.03475723335
23023.15035505836
23001.85647051602
23001.85647051602
22993.89949075028
22983.117010672886
22978.37734637214
22978.37734637214
22975.94345383578
22975.94345383578
22962.720427790486
22935.873162403255
22935.873162403255
22893.594749930526
22893.594749930526
22893.594749930526
22893.594749930526
22893.594749930526
22893.594749930526
22867.456427258527
22863.881424888892
22863.881424888892
22838.916335720605
22838.916335720605
22828.19508493562
22828.19508493562
22814.008073399895
22814.008073399895
22808.53180310319
22808.53180310319
22808.53180310319
22808.53180310319
22803.293560700688
22800.67579436848
22778.503301406712
22770.002909998548
22758.357148688687
22758.357148688687
22758.357148688687
22733.318284268404
22733.318284268404
22730.039989996
22710.63672040988
22703.561691640865
22703.561691640865
22703.561691640865
22703.561691640865
22681.289309384494
22671.678047004578
22671.678047004578
22671.678047004578
22671.678047004578
22659.158743164844
22652.180158326097
22641.384483057383
22635.854877723083
22635.47375386955
22635.47375386955
22635.47375386955
22635.47375386955
22614.498874926976
22604.207598360656
22598.167441946385
22598.167441946385
22590.02532053988
22572.121573016975
22545.35313199536
22538.51391774459
22538.51391774459
22538.51391774459
22538.51391774459
22506.3138812386
22470.591884671892
22466.122674798098
22449.889897940597
22449.889897940597
22449.889897940597
22449.889897940597
22448.906461078048
22444.514956328167
22435.517559190215
22420.92950387534
22420.92950387534
22417.1016714454
22395.559463086887
22375.966708922737
22375.966708922737
22375.966708922737
22358.51677991446
22345.484588218562
22345.484588218562
22345.484588218562
22345.484588218562
22345.484588218562
22331.570623512216
22322.222616433843
22319.190830206146
22319.190830206146
22319.190830206146
22319.190830206146
22319.190830206146
22319.190830206146
22319.190830206146
22319.190830206146
22297.05562502612
22288.73227016373
22288.73227016373
22288.73227016373
22284.709455687094
22284.709455687094
22284.709455687094
22251.844246882127
22251.844246882127
22251.844246882127
22251.844246882127
22251.844246882127
22251.844246882127
22251.844246882127
22246.12288670087
22234.01112948169
22220.123247340547
22220.123247340547
22220.123247340547
22220.123247340547
22213.39110287331
22213.39110287331
22186.805960261627
22186.805960261627
22177.344785213605
22177.344785213605
22177.344785213605
22170.937778879175
22166.613062577253
22161.045422768693
22161.045422768693
22150.624633964057
22145.76868249211
22145.76868249211
22145.76868249211
22145.76868249211
22136.835771483737
22126.30661523687
22126.30661523687
22126.30661523687
22122.61335538914
22122.61335538914
22113.774164778944
22091.935911390203
22069.69738381944
22046.39914121766
22027.510735150463
22010.64244159968
21996.929258154385
21996.929258154385
21995.89224202439
21995.89224202439
21995.89224202439
21981.713994434092
21970.02137955243
21970.02137955243
21970.02137955243
21964.21616145051
21964.21616145051
21958.488731395646
21958.488731395646
21958.488731395646
21929.210956808638
21929.210956808638
21929.210956808638
21929.210956808638
21929.210956808638
21929.210956808638
21929.210956808638
21924.050974176098
21916.94110245139
21908.737846740714
21908.737846740714
21908.737846740714
21889.435669446862
21889.435669446862
21889.435669446862
21889.435669446862
21889.435669446862
21889.435669446862
21889.435669446862
21889.435669446862
21884.783283532382
21884.783283532382
21867.197097360182
21867.197097360182
21867.197097360182
21867.197097360182
21849.720310931243
21849.720310931243
21832.851055940188
21809.03559226122
21808.81920907692
21799.21604095095
21790.731145218342
21790.731145218342
21775.072473481207
21775.072473481207
21767.205229347634
21764.762161051603
21764.762161051603
21764.762161051603
21755.338227790086
21755.338227790086
21743.366406567657
21743.366406567657
21735.418970211293
21735.418970211293
21729.75920313186
21709.798322982137
21709.798322982137
21709.798322982137
21709.798322982137
21701.10057405688
21682.084590459584
21655.23444722142
21655.23444722142
21647.296602502698
21625.959856993362
21618.17478217746
21617.196654343825
21617.196654343825
21609.05515922545
21565.411194754044
21562.9868137247
21562.9868137247
21562.9868137247
21562.9868137247
21555.56141634111
21555.56141634111
21541.784509774443
21541.784509774443
21536.024242513966
21521.571140855987
21521.571140855987
21521.571140855987
21521.571140855987
21506.925510556735
21491.1877212905
21491.1877212905
21491.1877212905
21490.132697420766
21480.84346637655
21480.84346637655
21480.84346637655
21480.84346637655
21465.535562698413
21465.535562698413
21465.535562698413
21465.535562698413
21465.535562698413
21451.89923343301
21450.486494522618
21450.486494522618
21450.486494522618
21449.98923483893
21449.98923483893
21449.98923483893
21449.98923483893
21449.98923483893
21449.98923483893
21449.98923483893
21449.98923483893
21449.98923483893
21449.98923483893
21440.493306072818
21440.493306072818
21440.493306072818
21425.217300641074
21412.498965320974
21412.498965320974
21412.498965320974
21412.498965320974
21411.07949988326
21404.530220352033
21404.530220352033
21401.19539103686
21386.471017846074
21386.471017846074
21368.227232321107
21368.227232321107
21360.212132397937
21360.212132397937
21360.212132397937
21360.212132397937
21338.037249830075
21336.82795591631
21330.43931853879
21307.16066798096
21307.16066798096
21307.16066798096
21297.76253461455
21286.435043735106
21286.435043735106
21286.435043735106
21286.435043735106
21277.145793448868
21264.941981272234
21254.49121265988
21254.49121265988
21254.49121265988
21254.49121265988
21254.49121265988
21254.49121265988
21247.33329942872
21247.33329942872
21214.421629355184
21210.70526596292
21193.746844603273
21171.221582808073
21171.221582808073
21171.221582808073
21171.221582808073
21153.301042836003
21138.62880825941
21135.262457822206
21134.106275674065
21126.11314027654
21126.11314027654
21093.340946979733
21093.340946979733
21081.088875516263
21051.894088915924
21023.427779188707
21023.427779188707
21023.427779188707
20998.807500536157
20998.807500536157
20989.536925926473
20989.536925926473
20984.252587618183
20963.207391997305
20960.768094091876
20940.856544793074
20935.415029056985
20916.300684847294
20911.59045006612
20904.434522407697
20897.84241443243
20897.84241443243
20897.84241443243
20897.84241443243
20897.84241443243
20897.84241443243
20883.34459574595
20871.97643241144
20867.85546741961
20856.425875809968
20849.506862518552
20849.506862518552
20839.21790539051
20839.21790539051
20839.21790539051
20839.21790539051
20834.56316830104
20834.56316830104
20819.186823767723
20819.186823767723
20819.186823767723
20797.692745894503
20788.480542018104
20788.480542018104
20788.480542018104
20788.480542018104
20769.305528904948
20762.813433880532
20752.05736408942
20752.05736408942
20752.05736408942
20752.05736408942
20729.497931107177
20729.497931107177
20727.15438347131
20727.15438347131
20727.15438347131
20717.58027410893
20717.58027410893
20715.580987415316
20707.992758173023
20707.992758173023
20707.992758173023
20707.992758173023
20707.992758173023
20707.992758173023
20689.486595114813
20683.215089402995
20680.773540023114
20680.773540023114
20680.773540023114
20675.505822541818
20669.25416690011
20649.1080773796
20649.1080773796
20649.1080773796
20629.87054078218
20629.87054078218
20606.446466878137
20592.651808723353
20583.031718287035
20583.031718287035
20581.957606126092
20581.957606126092
20581.957606126092
20573.7438729772
20573.7438729772
20573.7438729772
20573.7438729772
20573.253749980584
20534.89783865842
20520.891090512738
20517.586059439516
20499.087612519532
20479.98278806786
20471.715434917867
20466.397922498745
20466.397922498745
20458.335713892397
20453.76851114683
20447.52457529899
20443.68667980091
20439.20334678344
20439.20334678344
20439.20334678344
20429.065914615665
20422.97629371077
20420.923807099934
20420.923807099934
20420.923807099934
20420.923807099934
20402.17027329095
20385.767268241296
20385.767268241296
20383.395065155404
20383.395065155404
20374.393673747443
20372.462496702326
20372.462496702326
20353.222645872203
20353.222645872203
20353.222645872203
20353.222645872203
20342.305244724146
20342.305244724146
20342.305244724146
20338.1030301258
20338.1030301258
20338.1030301258
20338.1030301258
20338.1030301258
20338.1030301258
20328.652465311956
20315.203834748114
20315.203834748114
20303.206111369902
20270.91478467018
20255.61326849058
20240.529518260242
20240.529518260242
20240.489282854494
20240.489282854494
20220.121719778956
20210.029969712923
20210.029969712923
20205.45729532985
20205.45729532985
20195.937169065095
20195.937169065095
20195.937169065095
20192.115292012313
20164.61751045907
20164.61751045907
20164.61751045907
20164.61751045907
20164.61751045907
20162.343531507875
20149.889534704136
20145.712769485584
20137.30251385589
20128.017827532152
20117.800687796793
20115.868294973858
20115.868294973858
20115.868294973858
20115.868294973858
20102.72588616648
20102.72588616648
20085.34168118742
20083.33607416648
20083.33607416648
20069.248169636954
20066.51321302629
20066.51321302629
20065.59987386874
20065.149793987726
20065.149793987726
20048.95615702924
20038.70929873354
20038.70929873354
20024.701727009575
20007.643517979745
19990.761842428506
19982.5885125481
19982.5885125481
19982.5885125481
19982.5885125481
19977.279423639346
19977.279423639346
19974.92387730373
19955.331479925844
19947.01493231333
19935.605993529407
19933.825310816355
19909.27142908279
19909.27142908279
19902.456094328598
19899.730462787702
19892.22992127661
19866.893380433878
19866.893380433878
19863.40198515056
19863.40198515056
19855.638383256006
19855.638383256006
19855.638383256006
19855.638383256006
19841.517150690015
19841.517150690015
19841.517150690015
19837.83873843909
19837.83873843909
19835.39514353329
19826.911595560854
19826.911595560854
19825.15933674564
19825.15933674564
19825.15933674564
19825.15933674564
19816.75179203024
19801.134732261697
19801.134732261697
19793.331703262375
19793.331703262375
19788.784462918564
19788.784462918564
19788.784462918564
19771.3683243071
19771.3683243071
19767.51912822617
19767.51912822617
19743.536536431973
19720.781090631084
19717.891506589625
19717.891506589625
19708.928832505528
19705.115905393708
19705.115905393708
19698.99165684818
19698.99165684818
19681.397887853866
19681.397887853866
19673.13908490397
19671.163984731225
19671.163984731225
19665.533707745803
19653.146899992385
19651.359271033645
19646.493181278696
19620.127622238146
19607.514333095125
19607.514333095125
19607.514333095125
19607.514333095125
19607.39563168605
19607.39563168605
19607.39563168605
19607.39563168605
19607.39563168605
19595.85625733862
19568.892348847978
19568.892348847978
19568.892348847978
19563.72906215461
19560.108964162882
19560.108964162882
19557.287320987813
19548.13446760138
19548.13446760138
19546.845716062235
19546.845716062235
19546.845716062235
19546.845716062235
19546.845716062235
19546.845716062235
19546.845716062235
19524.442760321865
19505.104290566942
19505.104290566942
19488.097211612407
19468.750824164683
19468.750824164683
19468.750824164683
19468.750824164683
19456.167965131848
19456.167965131848
19456.167965131848
19456.167965131848
19439.208010869566
19439.208010869566
19439.208010869566
19424.679797829787
19415.29916476175
19415.29916476175
19415.29916476175
19406.12786171833
19397.481847923682
19368.95367137746
19359.967693769773
19327.978451998024
19305.825666663113
19305.825666663113
19305.825666663113
19305.825666663113
19305.825666663113
19305.825666663113
19305.825666663113
19305.825666663113
19297.320072263763
19295.133042857604
19276.00388636274
19272.68619141648
19272.68619141648
19272.68619141648
19272.68619141648
19257.880281221
19257.880281221
19254.868825280108
19254.317925943247
19234.603498523356
19230.34259960798
19226.10594764258
19213.762148700283
19213.762148700283
19213.762148700283
19213.762148700283
19213.762148700283
19213.762148700283
19213.762148700283
19213.762148700283
19210.45502618301
19204.82197716671
19204.82197716671
19199.776587431894
19199.776587431894
19199.776587431894
19194.012218749624
19194.012218749624
19194.012218749624
19194.012218749624
19194.012218749624
19192.056942674248
19177.048691920372
19167.792215375994
19151.285316835365
19149.257549501566
19149.257549501566
19149.257549501566
19147.141693550948
19147.141693550948
19136.040800753337
19136.040800753337
19128.5274206803
19128.5274206803
19102.80494684852
19091.68756831156
19091.68756831156
19091.68756831156
19062.953899537162
19062.953899537162
19026.666440329325
19026.666440329325
19026.666440329325
19026.666440329325
19026.666440329325
19019.554862881912
19019.554862881912
19019.554862881912
19013.317191142924
19013.317191142924
19013.317191142924
19013.317191142924
19013.317191142924
19013.317191142924
18998.270694225415
18992.16254284768
18990.955332183155
18980.326267375032
18980.326267375032
18977.818642237144
18977.818642237144
18977.818642237144
18976.702493989265
18975.703524943605
18975.703524943605
18940.137481841502
18929.98609401323
18915.49018289388
18915.49018289388
18915.49018289388
18915.49018289388
18886.117625256753
18886.117625256753
18870.70462792971
18870.70462792971
18865.367304457257
18855.239488286363
18853.02212253832
18840.468478572187
18840.468478572187
18840.468478572187
18840.468478572187
18831.67149669478
18831.67149669478
18820.95954563031
18820.95954563031
18820.95954563031
18793.682187811297
18785.083214165996
18785.083214165996
18768.293682469375
18768.293682469375
18766.063851070187
18766.063851070187
18758.99236391683
18758.99236391683
18758.99236391683
18758.99236391683
18742.187267146455
18736.618103063487
18730.669021664988
18730.669021664988
18724.593512015923
18724.593512015923
18724.593512015923
18694.201263578972
18694.201263578972
18694.201263578972
18694.201263578972
18694.201263578972
18668.690169088222
18658.314646703762
18653.63571687517
18653.63571687517
18653.63571687517
18650.471653490582
18650.471653490582
18621.114776419723
18621.114776419723
18621.114776419723
18615.63890421063
18615.63890421063
18615.63890421063
18615.63890421063
18614.947455296697
18610.003625361693
18581.97330563987
18581.97330563987
18581.97330563987
18581.97330563987
18569.16624633939
18569.16624633939
18563.34114624038
18558.965321822903
18558.06675198704
18558.06675198704
18552.796605964162
18531.145968619283
18519.896853049257
18519.896853049257
18519.896853049257
18519.896853049257
18519.896853049257
18519.415821632036
18519.415821632036
18519.415821632036
18511.908635269167
18502.921610892365
18502.921610892365
18502.921610892365
18502.921610892365
18496.183273347215
18468.548480960795
18449.896103426978
18449.896103426978
18449.896103426978
18449.896103426978
18449.896103426978
18449.896103426978
18449.896103426978
18449.896103426978
18449.896103426978
18448.620668912896
18448.620668912896
18444.65335549694
18438.646419374098
18438.646419374098
18438.646419374098
18438.646419374098
18438.646419374098
18429.822301368677
18425.18860829329
18403.17566285174
18403.17566285174
18403.17566285174
18403.17566285174
18395.018591346827
18395.018591346827
18379.123267203107
18375.004878480293
18351.53399143954
18339.60046376154
18333.070929777863
18331.53080346376
18331.53080346376
18329.37643378671
18329.37643378671
18329.37643378671
18329.37643378671
18329.37643378671
18329.37643378671
18329.37643378671
18329.37643378671
18289.259973672146
18289.259973672146
18284.477971099335
18275.208203571194
18275.208203571194
18275.208203571194
18275.208203571194
18275.208203571194
18275.208203571194
18275.208203571194
18275.208203571194
18275.208203571194
18270.397670883107
18254.92765145618
18254.92765145618
18254.92765145618
18216.910475908953
18216.910475908953
18216.33442327681
18216.317178575933
18211.898429869118
18207.828397498975
18207.828397498975
18207.57394990715
18200.494585651235
18192.364294170704
18192.364294170704
18192.364294170704
18161.659861698125
18161.659861698125
18153.604592908145
18141.344215594905
18141.344215594905
18141.344215594905
18141.344215594905
18135.531527768086
18135.531527768086
18135.531527768086
18123.59588278222
18105.273274244628
18102.363423482784
18102.363423482784
18102.363423482784
18102.363423482784
18102.363423482784
18102.363423482784
18088.424469386395
18088.424469386395
18084.983507528654
18084.983507528654
18081.634212735706
18081.634212735706
18081.634212735706
18066.65104072184
18066.65104072184
18056.239787708786
18033.947246065465
18033.947246065465
18033.947246065465
18033.947246065465
18033.947246065465
18033.947246065465
18033.947246065465
18033.947246065465
18005.01565088416
17986.850265743768
17981.924773272713
17981.924773272713
17981.924773272713
17981.924773272713
17965.69602750241
17954.327354591212
17941.664373433017
17925.431615290698
17925.431615290698
17925.431615290698
17919.525262332936
17906.065017153865
17896.466600672797
17896.466600672797
17896.466600672797
17896.466600672797
17881.683406687356
17880.34353854968
17861.991299722056
17855.355194919535
17855.355194919535
17842.07706443352
17812.127505416753
17779.815188318837
17769.44229591117
17769.44229591117
17769.44229591117
17763.300578623668
17755.53872100448
17755.53872100448
17739.54094685118
17739.54094685118
17739.54094685118
17734.691372599547
17706.976209621134
17687.758132504765
17670.765256635685
17670.765256635685
17667.36731350334
17657.689069778782
17657.689069778782
17657.689069778782
17657.625447542425
17657.625447542425
17657.625447542425
17649.484055543235
17636.54483860843
17636.54483860843
17629.657966406892
17629.657966406892
17624.278331214202
17624.278331214202
17624.278331214202
17624.278331214202
17617.287694584935
17617.287694584935
17604.757306768057
17604.757306768057
17604.757306768057
17604.757306768057
17604.757306768057
17604.757306768057
17604.757306768057
17604.757306768057
17600.65596345411
17600.65596345411
17600.65596345411
17593.961734455388
17593.961734455388
17593.961734455388
17593.961734455388
17586.48488248613
17582.5600034192
17574.0535821395
17574.0535821395
17574.0535821395
17574.0535821395
17566.916541523704
17566.916541523704
17564.569895631343
17564.569895631343
17564.569895631343
17541.417409095582
17541.417409095582
17541.417409095582
17528.130912098062
17528.130912098062
17511.858880892258
17511.858880892258
17511.858880892258
17502.716021987595
17487.27205349091
17487.27205349091
17470.558533481813
17470.558533481813
17470.558533481813
17470.558533481813
17456.568820246182
17441.147080006693
17437.07316353314
17437.07316353314
17437.07316353314
17422.455200336528
17422.455200336528
17422.455200336528
17422.455200336528
17422.455200336528
17422.455200336528
17418.69346544734
17413.270035694477
17413.270035694477
17396.34748533233
17396.34748533233
17396.34748533233
17396.34748533233
17372.113790158044
17355.623874135046
17354.225790745924
17352.20176998612
17349.446734574565
17344.647537662426
17336.436282967086
17335.732599770883
17335.732599770883
17330.524090861967
17330.524090861967
17330.524090861967
17320.60384677623
17320.60384677623
17303.803290326745
17303.803290326745
17303.803290326745
17303.803290326745
17294.357590395495
17284.30691815478
17275.243487944033
17275.243487944033
17271.843999049834
17271.843999049834
17271.843999049834
17271.843999049834
17271.843999049834
17271.843999049834
17271.843999049834
17271.843999049834
17267.16894743306
17267.16894743306
17267.16894743306
17246.057338187653
17245.047177197113
17245.047177197113
17245.047177197113
17234.534464927063
17233.983100819914
17221.922366253908
17221.922366253908
17221.922366253908
17218.279764514995
17201.22544871588
17199.594717822256
17192.015583485405
17187.12654235184
17187.12654235184
17178.25532528316
17164.9302308435
17154.31171726399
17146.659565758997
17143.328920126572
17137.026260581486
17137.026260581486
17137.026260581486
17136.8090437406
17136.8090437406
17132.397988583896
17132.397988583896
17129.76743544671
17129.76743544671
17116.466846052997
17116.466846052997
17115.888348439425
17115.888348439425
17110.81876926983
17105.590564393922
17105.590564393922
17105.590564393922
17105.590564393922
17105.590564393922
17096.35683704197
17096.35683704197
17096.35683704197
17096.35683704197
17096.35683704197
17083.667060495714
17083.64368472707
17083.459382278063
17083.459382278063
17083.459382278063
17083.459382278063
17068.89478374795
17055.933253148545
17055.933253148545
17055.933253148545
17055.933253148545
17053.548516713676
17044.527223405294
17036.473673143657
17036.473673143657
17032.9920712268
17030.17471047912
17030.17471047912
17030.17471047912
17030.17471047912
17030.17471047912
17030.17471047912
17030.17471047912
17030.17471047912
17030.17471047912
17025.766478395813
17022.429717705043
17015.48275348504
17015.48275348504
17014.5334535891
17014.5334535891
17009.09680737363
17009.09680737363
16998.61266503994
16998.61266503994
16982.77390587387
16947.651834107044
16947.651834107044
16947.651834107044
16924.237810500756
16924.237810500756
16924.237810500756
16924.237810500756
16911.18831992631
16911.18831992631
16911.18831992631
16911.18831992631
16890.374682356396
16890.374682356396
16890.374682356396
16880.87679278893
16874.50597260923
16869.345341680422
16869.345341680422
16869.345341680422
16869.345341680422
16869.345341680422
16869.345341680422
16861.325742208224
16861.325742208224
16847.09664792953
16834.17541203754
16834.17541203754
16831.544076404098
16816.834039223373
16816.834039223373
16816.834039223373
16816.834039223373
16816.834039223373
16799.683119221016
16781.380929817806
16781.380929817806
16781.380929817806
16779.300354513776
16778.58422413889
16777.56371957711
16776.352846474998
16776.352846474998
16775.368755654392
16775.368755654392
16775.368755654392
16775.368755654392
16768.024431971913
16768.024431971913
16761.35357528081
16761.35357528081
16741.069443873945
16732.670170537167
16716.040450716508
16713.06016946627
16713.06016946627
16708.035996192582
16697.380150265777
16697.380150265777
16693.03342946229
16693.03342946229
16689.006198820123
16689.006198820123
16684.06329460431
16684.06329460431
16665.925434996214
16654.48499328307
16654.48499328307
16646.46676809426
16636.20952944047
16635.99759642357
16630.3332634575
16630.3332634575
16612.318333619838
16612.318333619838
16612.318333619838
16612.318333619838
16612.318333619838
16608.62390831023
16608.62390831023
16608.62390831023
16608.62390831023
16608.62390831023
16608.62390831023
16600.887262681463
16600.887262681463
16576.779327898264
16574.61651010095
16574.61651010095
16574.61651010095
16560.022862018795
16553.475858561564
16541.78072080594
16541.78072080594
16541.78072080594
16539.955955792422
16539.955955792422
16534.294256145706
16534.294256145706
16529.496982957673
16529.496982957673
16529.496982957673
16516.137513411533
16515.5040089054
16513.99281704815
16512.491338534423
16500.724871067137
16500.724871067137
16500.724871067137
16500.724871067137
16500.724871067137
16496.641526870706
16496.641526870706
16496.641526870706
16496.641526870706
16496.641526870706
16496.641526870706
16496.641526870706
16486.694086204363
16486.694086204363
16486.694086204363
16486.694086204363
16475.468237932415
16461.758971513933
16443.679443307265
16443.679443307265
16443.679443307265
16443.679443307265
16443.679443307265
16443.633863031413
16433.30204834054
16433.30204834054
16431.82763511093
16431.82763511093
16431.82763511093
16431.82763511093
16431.82763511093
16429.52296006395
16429.52296006395
16413.204746158048
16401.248148770963
16378.61551374944
16378.33700095545
16378.33700095545
16378.33700095545
16378.33700095545
16378.33700095545
16373.333960284093
16373.333960284093
16373.333960284093
16373.333960284093
16365.832669944986
16365.832669944986
16352.527884895402
16347.310666759444
16347.310666759444
16347.310666759444
16347.310666759444
16347.310666759444
16334.586852258559
16334.586852258559
16334.586852258559
16334.586852258559
16315.673294061962
16315.673294061962
16290.115655975205
16277.62332849772
16271.220039547003
16271.220039547003
16271.220039547003
16271.220039547003
16271.220039547003
16250.96460549294
16250.96460549294
16250.96460549294
16250.96460549294
16243.92645717771
16232.494469404039
16232.494469404039
16232.494469404039
16226.283052112658
16226.283052112658
16207.508937107948
16207.508937107948
16207.508937107948
16191.23602903426
16186.835987354263
16186.835987354263
16186.835987354263
16186.835987354263
16186.835987354263
16173.845924327623
16170.020936560166
16170.020936560166
16168.731917172758
16168.731917172758
16168.731917172758
16168.731917172758
16164.918967526362
16164.918967526362
16164.918967526362
16164.918967526362
16164.918967526362
16164.918967526362
16164.918967526362
16164.918967526362
16157.590356313547
16157.590356313547
16154.463886377524
16154.463886377524
16152.614859471203
16152.614859471203
16132.6242938868
16111.60427263933
16101.680654845612
16101.680654845612
16098.785130330685
16098.785130330685
16090.665532482133
16066.658474913285
16060.959183829038
16050.46144164148
16050.46144164148
16047.436657927721
16047.436657927721
16046.45813191285
16046.45813191285
16046.45813191285
16036.193260561793
16021.309290463127
16021.309290463127
16013.662655615793
16006.050380707582
16006.050380707582
15994.857570618102
15994.857570618102
15983.930198496193
15980.700357459122
15980.700357459122
15980.700357459122
15965.410691597996
15965.410691597996
15954.513934103059
15954.513934103059
15950.819605012573
15944.172020242593
15942.7300449973
15942.7300449973
15941.85988172746
15941.85988172746
15930.980395212373
15930.980395212373
15930.294151746879
15927.167349658564
15908.714524825542
15908.714524825542
15908.714524825542
15894.989957498627
15892.863631026468
15874.220819869624
15874.220819869624
15874.220819869624
15867.970754650276
15867.556824551702
15867.556824551702
15862.882098703129
15862.882098703129
15862.882098703129
15859.071423608402
15835.397663591311
15835.397663591311
15833.251463093175
15833.251463093175
15833.251463093175
15825.90219083836
15825.90219083836
15822.988895228928
15819.388265009187
15794.53863349589
15793.58386020076
15793.58386020076
15783.773088738239
15783.773088738239
15783.773088738239
15783.773088738239
15780.897986362752
15762.148376902154
15762.148376902154
15762.148376902154
15751.480650194613
15751.480650194613
15731.77506283794
15728.399520924202
15723.552417667104
15721.880933008482
15721.880933008482
15715.036570541452
15710.286292683862
15684.25775644964
15667.062216637238
15667.062216637238
15663.073609269497
15663.073609269497
15660.810062338709
15660.810062338709
15660.810062338709
15645.866461597641
15641.039231384002
15624.563110405295
15624.563110405295
15622.923994432651
15618.775324855425
15618.775324855425
15604.331665569867
15604.331665569867
15604.331665569867
15598.119727413876
15596.03258956795
15594.360705812716
15581.257925955142
15581.257925955142
15575.193999414023
15575.193999414023
15564.573224001266
15564.573224001266
15547.308273989696
15541.028150365022
15533.692318272475
15533.692318272475
15520.254755496253
15520.254755496253
15512.955549354607
15512.955549354607
15512.955549354607
15507.088264571463
15507.088264571463
15507.088264571463
15503.05938200403
15488.05804266058
15471.186411061464
15464.110676552207
15455.40651464849
15439.12630642826
15439.12630642826
15432.451425780735
15432.451425780735
15408.087151447486
15408.087151447486
15408.087151447486
15408.087151447486
15408.087151447486
15406.916585997473
15406.916585997473
15403.384980827055
15403.384980827055
15403.384980827055
15397.401321407247
15382.506988578061
15376.585936495874
15364.47497898048
15355.08655112997
15355.08655112997
15355.08655112997
15355.08655112997
15355.08655112997
15355.08655112997
15355.08655112997
15342.192247293184
15336.192189941943
15304.579527955237
15304.579527955237
15297.323315925705
15297.323315925705
15275.984801068054
15275.984801068054
15275.984801068054
15256.91792764371
15231.57457181487
15231.57457181487
15226.708092692345
15206.978598328278
15206.978598328278
15206.009251851738
15182.085015131675
15182.085015131675
15180.987745492848
15180.987745492848
15179.873816524254
15179.873816524254
15173.34269128834
15172.695073480678
15172.695073480678
15172.695073480678
15172.695073480678
15172.695073480678
15158.250957398897
15151.057003253838
15143.413278973723
15137.78572463456
15114.341612983162
15114.341612983162
15113.921274523258
15113.921274523258
15113.921274523258
15112.432257273258
15112.432257273258
15112.432257273258
15105.847408889607
15104.071207629288
15093.902161505692
15073.895258242503
15073.895258242503
15069.394107719472
15069.394107719472
15065.185423469575
15045.116146731412
15036.97621288357
15036.97621288357
15036.97621288357
15033.199211726793
15033.199211726793
15033.199211726793
15031.213072279772
15016.644484105924
15016.644484105924
15013.427716916245
15013.427716916245
15004.05830795634
15004.05830795634
15004.05830795634
15004.05830795634
15004.05830795634
14999.589099412711
14999.589099412711
14986.781485816802
14966.159284131301
14948.526800146738
14945.342924205024
14945.342924205024
14945.342924205024
14944.6285541423
14938.175132263334
14932.594186167087
14924.583425124263
14924.583425124263
14919.657291034988
14919.657291034988
14919.657291034988
14919.657291034988
14919.657291034988
14919.657291034988
14910.272787683709
14909.63575359459
14901.258560414892
14886.352289351846
14886.352289351846
14886.352289351846
14886.352289351846
14886.352289351846
14867.20191042467
14863.987464951035
14863.987464951035
14863.987464951035
14858.158938957085
14858.158938957085
14852.337420414671
14847.689771379897
14847.689771379897
14846.597949929608
14845.091103471552
14845.091103471552
14838.811232214746
14831.18077979317
14823.159537608844
14811.236852474012
14795.337696038841
14787.172431008825
14787.172431008825
14785.432283104095
14785.432283104095
14785.20821974461
14782.25969423356
14782.25969423356
14776.699499067015
14776.699499067015
14776.699499067015
14768.067582281412
14762.427405565168
14759.354321109891
14759.354321109891
14756.686316019694
14756.686316019694
14751.116774353479
14750.285169194129
14741.718519271833
14729.882866926197
14729.882866926197
14729.882866926197
14719.298032343579
14702.417895601193
14702.417895601193
14702.417895601193
14702.417895601193
14694.214514238822
14685.914997297597
14685.914997297597
14685.914997297597
14685.914997297597
14685.914997297597
14679.901521379963
14679.901521379963
14679.901521379963
14679.901521379963
14679.901521379963
14679.901521379963
14679.901521379963
14673.744030170734
14673.744030170734
14673.744030170734
14673.744030170734
14673.744030170734
14673.744030170734
14673.744030170734
14673.744030170734
14665.42933904479
14663.57073047127
14651.96300090726
14651.96300090726
14651.874567953948
14642.362586797823
14640.470277621162
14640.470277621162
14639.640864126497
14639.640864126497
14634.939250504716
14634.939250504716
14634.939250504716
14620.344870073463
14620.344870073463
14618.696779969297
14609.796188859424
14609.796188859424
14604.019826444142
14604.019826444142
14604.019826444142
14588.16056413497
14579.435082692211
14579.435082692211
14579.435082692211
14576.095579097851
14574.497968043195
14574.497968043195
14573.264586107693
14570.415160273362
14570.415160273362
14554.31967647938
14541.516669011431
14532.604619447826
14532.604619447826
14532.604619447826
14513.992498201414
14513.992498201414
14493.661458165043
14493.661458165043
14493.661458165043
14493.661458165043
14489.636952466286
14489.636952466286
14477.939623777396
14474.40357031027
14474.40357031027
14471.740206784536
14471.740206784536
14471.740206784536
14464.330907533858
14463.027402649941
14461.003541905826
14449.136350606776
14449.136350606776
14423.860922260299
14423.003945477665
14405.472957650098
14397.653839545397
14397.653839545397
14386.719744690477
14386.719744690477
14386.719744690477
14371.085072491474
14371.085072491474
14354.753084337382
14346.2195293569
14346.2195293569
14341.324394972202
14330.542747581469
14325.780062694874
14325.780062694874
14325.780062694874
14325.377351505933
14325.377351505933
14325.377351505933
14315.903817813209
14315.903817813209
14315.903817813209
14315.903817813209
14315.903817813209
14307.39938159656
14307.39938159656
14307.39938159656
14307.39938159656
14298.09197012469
14298.09197012469
14298.09197012469
14298.09197012469
14298.09197012469
14298.09197012469
14298.09197012469
14298.09197012469
14280.338731618882
14280.338731618882
14253.821522706177
14253.821522706177
14253.821522706177
14245.794537030513
14245.794537030513
14242.350305207714
14232.077696563472
14232.077696563472
14232.077696563472
14222.887148040832
14222.887148040832
14219.532889729358
14203.794783276542
14203.794783276542
14203.794783276542
14196.760322650956
14196.760322650956
14193.214427966166
14193.214427966166
14193.214427966166
14193.062842320498
14193.062842320498
14193.062842320498
14193.062842320498
14169.984876388446
14169.984876388446
14164.957266963364
14159.41888950138
14159.41888950138
14159.41888950138
14150.943853563887
14150.943853563887
14150.943853563887
14137.77715570714
14137.77715570714
14098.366030930327
14098.366030930327
14098.366030930327
14091.118747825823
14064.856436861315
14052.593838354642
14049.98400685088
14049.98400685088
14045.378889298618
14027.223268049715
14027.223268049715
14027.223268049715
14026.940227725536
14024.90115914019
14024.90115914019
14024.90115914019
14013.467807051658
14012.556894651534
14011.525114731729
14011.525114731729
13987.116764625656
13987.116764625656
13987.116764625656
13975.38596333488
13975.38596333488
13954.891089965324
13954.891089965324
13954.215040725177
13954.215040725177
13954.215040725177
13954.215040725177
13954.215040725177
13946.458637089196
13927.525342501562
13927.525342501562
13926.926023256412
13923.328216983442
13923.328216983442
13904.539543899391
13904.539543899391
13896.46144233329
13895.597699089667
13891.50972141364
13881.34964740442
13881.34964740442
13873.450562005408
13856.183130042094
13856.183130042094
13853.364758827332
13847.298422232721
13845.824826710315
13837.68490948657
13837.68490948657
13837.68490948657
13837.68490948657
13829.611097977911
13829.611097977911
13803.960334724678
13785.742068602283
13785.742068602283
13785.742068602283
13784.135213805259
13782.881419940673
13782.881419940673
13780.442582152828
13774.518802969313
13768.678374441446
13745.256993350084
13745.256993350084
13745.256993350084
13745.256993350084
13736.050525573193
13723.434769852964
13716.11548845845
13716.11548845845
13695.266435095105
13695.266435095105
13695.266435095105
13695.266435095105
13695.266435095105
13695.266435095105
13690.024063788991
13684.557941498959
13684.557941498959
13684.557941498959
13684.557941498959
13684.557941498959
13684.557941498959
13684.557941498959
13680.459157027326
13680.459157027326
13680.459157027326
13679.272013114
13659.171132090265
13642.136854559352
13634.786368361581
13624.365460077459
13609.81393649406
13609.81393649406
13607.218251822245
13603.692518693206
13603.692518693206
13603.692518693206
13584.380608881524
13584.380608881524
13584.380608881524
13573.385165434895
13573.385165434895
13573.385165434895
13573.385165434895
13565.75590468747
13565.75590468747
13565.75590468747
13556.213801924467
13556.213801924467
13546.489792808377
13532.369767747336
13532.369767747336
13532.369767747336
13532.369767747336
13523.538115855468
13511.767001907167
13511.767001907167
13508.452492676457
13508.452492676457
13488.317653739321
13488.317653739321
13469.065789697313
13466.414154032964
13466.414154032964
13466.414154032964
13453.542643311153
13448.277809154253
13448.277809154253
13448.277809154253
13428.075796626374
13422.21623499324
13406.86590285947
13390.194990130884
13386.152939200367
13386.152939200367
13386.152939200367
13379.673319856234
13367.973050722212
13367.973050722212
13361.606700952558
13353.731341812778
13353.731341812778
13353.731341812778
13336.537475898658
13319.139179970865
13319.139179970865
13319.139179970865
13305.439638206813
13292.403924992568
13276.252696501593
13276.252696501593
13267.083561197114
13267.083561197114
13267.083561197114
13267.083561197114
13267.083561197114
13267.083561197114
13267.083561197114
13267.083561197114
13248.51080414621
13248.51080414621
13247.541612438989
13247.541612438989
13247.541612438989
13244.11304764693
13232.73800742822
13232.73800742822
13232.73800742822
13230.184319965665
13230.184319965665
13225.508577573277
13225.508577573277
13213.439672652537
13213.439672652537
13203.961562274491
13203.961562274491
13203.961562274491
13203.961562274491
13196.71786121146
13196.71786121146
13180.647455081124
13180.647455081124
13174.565561051366
13174.565561051366
13174.565561051366
13163.44077812244
13150.341019548765
13143.586231006035
13143.586231006035
13134.491112941627
13134.491112941627
13133.367167565462
13133.367167565462
13133.367167565462
13133.367167565462
13118.15457487744
13118.15457487744
13115.474285598491
13113.598655006379
13111.590715388615
13109.657103132344
13109.657103132344
13100.009555554747
13100.009555554747
13097.897377137051
13097.897377137051
13097.897377137051
13096.991087263406
13096.991087263406
13092.00138872744
13092.00138872744
13092.00138872744
13092.00138872744
13092.00138872744
13092.00138872744
13084.274846254102
13084.274846254102
13084.274846254102
13081.712611362205
13068.886434724036
13062.854223410912
13056.01005588205
13042.974275492546
13042.974275492546
13042.974275492546
13042.974275492546
13039.648465275368
13039.648465275368
13039.648465275368
13037.769561486071
13037.769561486071
13035.44477450232
13017.822927644642
13017.822927644642
13017.822927644642
13017.822927644642
13017.822927644642
13012.808661409163
13012.808661409163
13012.808661409163
13012.642746759233
13005.235364916569
13005.235364916569
12993.58647983516
12993.58647983516
12993.58647983516
12993.58647983516
12993.452439784958
12993.452439784958
12993.452439784958
12992.798412900165
12992.798412900165
12988.282521134766
12988.282521134766
12988.282521134766
12988.282521134766
12988.282521134766
12977.756982114812
12969.80270786694
12961.5269885942
12957.674057252403
12957.674057252403
12957.674057252403
12957.674057252403
12957.674057252403
12955.32507532481
12953.39352164484
12953.39352164484
12953.39352164484
12953.39352164484
12953.39352164484
12939.134179798242
12939.134179798242
12939.134179798242
12923.859169547894
12923.859169547894
12912.146893043508
12903.580552144304
12901.909039413229
12893.545099944327
12887.694374227369
12887.694374227369
12887.694374227369
12887.694374227369
12877.292431942547
12877.292431942547
12877.159453974062
12877.159453974062
12877.159453974062
12865.989504997142
12857.370777674038
12847.776346815017
12833.593919050787
12833.593919050787
12833.593919050787
12833.593919050787
12824.52432471094
12820.403219290894
12815.061281919512
12809.526086003336
12797.97610841061
12792.786007130802
12787.268872228757
12787.268872228757
12774.140241297215
12774.140241297215
12774.140241297215
12761.112584181425
12748.075032049986
12727.991750639112
12727.991750639112
12727.991750639112
12727.991750639112
12727.991750639112
12705.488264613636
12705.488264613636
12705.488264613636
12696.705357308401
12689.24669936893
12673.450415755546
12673.450415755546
12673.450415755546
12673.450415755546
12651.594459030395
12650.424458931138
12648.459576896954
12645.441203597955
12633.285481008163
12610.67938281469
12610.67938281469
12606.5964053327
12606.5964053327
12606.5964053327
12606.5964053327
12606.5964053327
12602.563390238778
12594.646213021377
12583.072564505732
12583.072564505732
12581.175707560522
12581.175707560522
12568.47288500117
12561.846940830419
12543.933282755417
12543.933282755417
12543.933282755417
12535.130972914965
12523.025984793187
12521.959462678675
12521.959462678675
12513.27490946473
12513.27490946473
12500.967821265149
12485.951465242746
12480.646261807597
12464.982343141342
12464.49832958467
12464.49832958467
12457.637364907701
12452.726078324056
12452.726078324056
12432.092491214815
12429.296075245682
12429.296075245682
12429.296075245682
12428.207473976921
12417.346821634152
12417.346821634152
12408.667004643314
12381.557275924795
12367.67860396102
12367.67860396102
12349.959884770175
12349.959884770175
12349.959884770175
12329.826558593697
12316.023040350401
12314.249458373899
12314.249458373899
12301.349969824467
12301.349969824467
12301.349969824467
12298.809174621907
12298.809174621907
12290.039218170901
12277.97710982062
12272.164276020556
12262.780717379468
12262.780717379468
12258.513013513199
12258.513013513199
12258.513013513199
12258.513013513199
12258.513013513199
12258.513013513199
12251.501852339776
12251.501852339776
12242.4547748207
12241.855709805286
12241.855709805286
12240.225296016071
12240.225296016071
12240.225296016071
12239.585176579481
12239.585176579481
12239.585176579481
12239.585176579481
12231.345095756564
12208.174790704737
12203.0627185138
12197.795331350235
12197.795331350235
12197.795331350235
12197.795331350235
12174.529774008875
12174.529774008875
12174.529774008875
12172.226578956217
12172.226578956217
12157.23142976019
12151.854740379553
12145.691393644047
12145.691393644047
12145.691393644047
12145.691393644047
12145.691393644047
12131.507052120569
12114.977460861604
12101.793512137645
12099.797933589549
12095.264502703643
12095.264502703643
12089.022469613281
12089.022469613281
12089.022469613281
12071.082606591113
12071.082606591113
12063.86197086607
12042.195093266591
12042.195093266591
12042.195093266591
12033.413438294341
12013.587251507694
12002.209709751143
11998.877260002453
11998.877260002453
11998.877260002453
11998.877260002453
11998.877260002453
11989.112707210945
11981.242917201256
11981.242917201256
11957.204183105801
11957.204183105801
11945.517535072731
11933.819690916085
11933.819690916085
11933.819690916085
11919.002819573036
11919.002819573036
11919.002819573036
11911.759370236843
11911.759370236843
11911.759370236843
11897.892462457854
11893.8122815471
11891.117703138218
11871.961971656008
11871.961971656008
11870.645518023437
11856.552449416951
11850.414992717599
11850.414992717599
11845.091678913417
11845.091678913417
11842.02626696931
11819.12071064127
11819.12071064127
11804.572915124782
11804.572915124782
11804.572915124782
11802.803405600582
11791.791086886475
11787.86323488252
11787.86323488252
11768.758099197805
11768.758099197805
11768.758099197805
11768.758099197805
11768.758099197805
11768.758099197805
11768.758099197805
11768.758099197805
11768.758099197805
11768.758099197805
11768.758099197805
11768.758099197805
11763.720232277377
11753.62142949683
11739.402475272022
11739.402475272022
11737.706786142107
11737.706786142107
11733.981435816106
11728.183128308214
11725.18693426541
11709.263685814509
11709.263685814509
11697.545553088916
11697.545553088916
11697.545553088916
11697.545553088916
11694.77083715188
11690.925833612535
11679.908670661054
11672.465088808809
11672.465088808809
11672.465088808809
11661.541084166553
11658.664689173796
11658.664689173796
11655.471311895626
11655.471311895626
11653.887920477247
11653.887920477247
11649.44814998859
11644.961941519545
11625.807257564822
11620.686521024365
11602.330361941875
11602.330361941875
11591.193259606358
11588.313631106768
11573.020567813466
11573.020567813466
11564.45883270947
11554.939408709972
11554.939408709972
11542.68530153705
11542.68530153705
11542.68530153705
11537.345888903137
11537.345888903137
11537.345888903137
11537.345888903137
11525.342856808034
11525.342856808034
11525.342856808034
11510.142105863377
11510.142105863377
11507.42736565463
11507.42736565463
11507.42736565463
11506.775313301174
11506.775313301174
11506.775313301174
11506.775313301174
11501.65183069509
11501.65183069509
11497.226589880138
11497.226589880138
11490.81951757506
11490.81951757506
11490.645562762518
11483.949424205191
11478.072678048971
11478.072678048971
11465.610282965277
11460.746840380929
11460.746840380929
11460.746840380929
11455.134669578092
11455.134669578092
11455.134669578092
11454.509898349377
11454.509898349377
11454.509898349377
11449.816846991409
11449.816846991409
11437.937077735349
11437.937077735349
11437.937077735349
11437.937077735349
11421.0356538276
11421.0356538276
11413.45513609352
11405.093146758847
11405.093146758847
11398.171888404057
11388.426199766247
11388.426199766247
11381.549344099609
11369.212956819465
11357.630956366822
11357.630956366822
11357.630956366822
11357.630956366822
11353.228466744837
11328.552296070731
11325.267775468583
11318.738729259609
11318.738729259609
11311.008873722372
11293.096799862966
11293.096799862966
11293.096799862966
11276.68591290389
11262.309945507233
11262.309945507233
11262.309945507233
11262.309945507233
11262.020492230693
11262.020492230693
11262.020492230693
11262.020492230693
11255.366166011589
11255.366166011589
11255.366166011589
11255.366166011589
11246.836792332673
11246.782539449188
11239.898874134484
11239.898874134484
11239.898874134484
11239.898874134484
11239.898874134484
11229.54070947775
11229.54070947775
11228.96339325082
11214.585522025156
11213.88173279945
11211.33248902441
11211.33248902441
11211.33248902441
11205.648728830281
11205.648728830281
11205.648728830281
11205.648728830281
11205.648728830281
11205.648728830281
11191.393967957336
11191.393967957336
11191.393967957336
11191.393967957336
11183.66112082423
11183.66112082423
11182.949242077795
11182.949242077795
11172.505944121038
11172.505944121038
11172.505944121038
11172.505944121038
11172.505944121038
11161.41921005869
11148.54549843424
11130.245667395353
11121.155015510634
11121.155015510634
11121.155015510634
11121.155015510634
11121.155015510634
11121.155015510634
11121.155015510634
11121.155015510634
11121.155015510634
11121.155015510634
11118.614327687437
11118.614327687437
11118.614327687437
11110.710147516485
11110.710147516485
11102.4008077926
11099.456850614846
11099.456850614846
11096.195933656983
11096.195933656983
11096.195933656983
11096.195933656983
11096.195933656983
11096.195933656983
11096.195933656983
11096.195933656983
11086.395746312448
11073.806439759925
11073.806439759925
11073.806439759925
11073.806439759925
11073.806439759925
11036.854553052342
11036.854553052342
11005.833526428023
10997.618330968378
10997.618330968378
10997.618330968378
10989.755682827496
10989.755682827496
10973.72581149109
10968.070216952083
10952.862285045518
10951.31019424379
10951.31019424379
10949.267387643922
10940.011482714704
10920.466486495512
10911.063220972102
10911.063220972102
10911.063220972102
10911.063220972102
10911.063220972102
10911.063220972102
10911.063220972102
10911.063220972102
10904.664280003684
10904.664280003684
10900.401102735046
10898.24545922669
10898.24545922669
10898.24545922669
10898.24545922669
10898.24545922669
10893.949119257379
10890.942733198022
10874.3886775638
10864.860302022047
10854.080938271263
10854.080938271263
10854.080938271263
10854.080938271263
10837.48987067599
10824.76863262284
10824.76863262284
10824.76863262284
10821.554384706767
10819.038427663632
10813.509488127842
10813.509488127842
10809.125979335091
10802.677173613138
10791.353729955785
10788.826192330343
10788.826192330343
10782.824041639189
10776.73090285757
10776.73090285757
10776.73090285757
10776.73090285757
10776.73090285757
10776.73090285757
10776.73090285757
10776.73090285757
10776.73090285757
10763.232495095928
10763.232495095928
10759.466878364958
10759.466878364958
10759.466878364958
10759.466878364958
10759.466878364958
10759.466878364958
10757.51974245465
10757.51974245465
10757.51974245465
10748.348279471084
10748.348279471084
10748.348279471084
10748.348279471084
10748.348279471084
10739.95295670582
10739.95295670582
10729.430297743402
10716.704469341958
10704.166231950248
10704.166231950248
10704.166231950248
10704.166231950248
10704.166231950248
10704.166231950248
10700.724279539705
10700.32128007279
10694.452102732314
10694.452102732314
10694.198843597918
10688.237539062582
10688.237539062582
10677.147430100891
10674.440182175436
10663.737693571678
10663.737693571678
10663.737693571678
10663.737693571678
10655.183534009635
10655.183534009635
10655.183534009635
10655.183534009635
10646.392264072287
10646.392264072287
10643.905651711277
10643.905651711277
10637.259247636404
10634.604293202061
10626.394368644385
10621.351132105356
10621.351132105356
10621.351132105356
10621.351132105356
10619.580541419897
10619.580541419897
10619.580541419897
10619.580541419897
10619.580541419897
10619.580541419897
10616.25868300633
10603.084513531272
10582.172883509123
10576.407827866826
10568.827046254773
10566.085851686501
10566.085851686501
10566.085851686501
10566.085851686501
10566.085851686501
10562.053911413876
10560.659555428192
10560.659555428192
10560.659555428192
10560.659555428192
10531.870187312506
10527.195705045686
10527.195705045686
10512.598830639317
10512.598830639317
10512.598830639317
10512.598830639317
10499.615552636058
10488.113961282252
10486.485727471161
10473.584843452732
10473.584843452732
10473.584843452732
10473.584843452732
10469.672376913135
10469.672376913135
10469.672376913135
10466.547424852697
10459.648555709744
10459.648555709744
10459.648555709744
10459.648555709744
10451.836939092518
10451.836939092518
10451.836939092518
10451.836939092518
10450.950959615246
10450.950959615246
10449.159397767267
10438.168761561112
10429.330168812023
10429.330168812023
10429.330168812023
10429.330168812023
10429.330168812023
10429.330168812023
10422.261822933655
10422.261822933655
10422.261822933655
10422.261822933655
10416.496406080581
10416.496406080581
10403.584600690898
10373.964782112858
10362.838898043508
10335.897855933363
10333.738818808286
10333.738818808286
10333.738818808286
10321.370706792346
10312.84264651783
10312.84264651783
10295.155042546665
10284.847430685642
10276.172312110457
10273.52502742007
10273.52502742007
10273.52502742007
10272.443423879762
10271.683276236552
10271.683276236552
10268.435886990359
10265.52949261874
10265.52949261874
10265.52949261874
10256.932247815632
10256.932247815632
10246.72260759114
10229.347511259331
10203.482213157204
10194.270421896432
10194.270421896432
10190.182367318605
10190.182367318605
10190.182367318605
10186.029993419503
10176.884790775106
10173.45882353939
10158.234002446283
10158.234002446283
10158.234002446283
10158.234002446283
10158.234002446283
10158.234002446283
10158.234002446283
10147.79018179774
10147.79018179774
10147.79018179774
10142.883461801897
10142.883461801897
10142.015834831318
10142.015834831318
10133.020205278644
10133.020205278644
10133.020205278644
10133.020205278644
10121.544189239456
10121.544189239456
10121.544189239456
10121.544189239456
10120.74188059049
10120.74188059049
10118.968799557577
10118.968799557577
10114.756885213767
10110.87153480936
10110.87153480936
10110.87153480936
10110.87153480936
10104.321949880421
10104.321949880421
10104.321949880421
10104.321949880421
10104.321949880421
10098.915732496851
10096.586084095135
10096.586084095135
10096.586084095135
10096.586084095135
10096.586084095135
10089.434198618696
10054.348217656516
10039.080416781115
10039.080416781115
10039.080416781115
10039.080416781115
10039.080416781115
10039.080416781115
10039.080416781115
10039.080416781115
10039.080416781115
10028.608948371964
10024.320652540251
10021.178611542928
10021.178611542928
10017.409278535342
10017.409278535342
10017.409278535342
10017.409278535342
10017.409278535342
10017.409278535342
10012.471861428341
10011.587594932109
10011.587594932109
10006.36238026767
10006.36238026767
9997.214340945913
9997.214340945913
9997.214340945913
9994.580876140319
9994.580876140319
9981.16060935139
9976.823503009247
9976.823503009247
9971.119051333808
9971.119051333808
9971.119051333808
9971.119051333808
9971.119051333808
9966.103544949068
9966.103544949068
9966.103544949068
9963.513964252168
9963.513964252168
9956.214480338684
9933.4825977509
9929.700178872909
9912.452709438765
9911.581515872285
9895.791729491706
9895.791729491706
9895.791729491706
9891.562770620212
9891.562770620212
9884.192428581124
9874.282235763809
9874.282235763809
9868.537822666778
9868.537822666778
9868.537822666778
9854.722432668723
9854.722432668723
9854.722432668723
9854.722432668723
9854.722432668723
9851.108175032921
9841.093175690276
9841.093175690276
9841.093175690276
9839.19331711964
9825.236375086004
9813.840517287468
9813.840517287468
9811.460981432798
9804.878556701022
9801.642558580843
9801.642558580843
9801.642558580843
9801.642558580843
9801.642558580843
9801.642558580843
9801.642558580843
9801.642558580843
9797.957958889825
9790.513862317386
9790.513862317386
9781.890011471696
9781.890011471696
9781.890011471696
9781.890011471696
9780.09874084473
9780.09874084473
9780.09874084473
9780.09874084473
9779.067402565102
9770.753306720158
9770.753306720158
9768.489518875653
9761.540764232837
9761.540764232837
9746.30212936731
9746.30212936731
9743.58942073471
9737.578115626247
9737.214060205815
9732.994853395054
9730.980191362585
9725.686694814543
9716.998186759572
9716.876509715288
9707.663039573308
9707.663039573308
9695.08113995294
9695.08113995294
9695.08113995294
9695.08113995294
9678.67738473968
9678.67738473968
9668.823904286795
9668.823904286795
9659.889652953218
9659.889652953218
9659.889652953218
9659.889652953218
9651.132071501526
9637.069814601606
9637.069814601606
9637.069814601606
9631.469640167395
9625.379299428285
9607.954546397747
9607.954546397747
9607.954546397747
9607.954546397747
9606.899861079648
9598.708589854301
9598.708589854301
9595.265643261755
9592.332003578273
9578.40754258518
9578.40754258518
9578.40754258518
9568.779767674829
9568.779767674829
9566.705953279605
9545.336849884878
9544.731366955735
9539.314159918655
9514.642326709458
9494.54469308115
9494.54469308115
9492.439875937933
9475.752121838144
9473.72079096586
9473.72079096586
9471.13677609816
9471.13677609816
9471.13677609816
9453.430495790004
9440.323414819304
9440.323414819304
9432.949590287059
9421.570715925922
9421.570715925922
9421.570715925922
9421.570715925922
9421.570715925922
9421.570715925922
9403.846392175623
9403.846392175623
9399.79250771933
9395.637845728392
9395.637845728392
9395.637845728392
9395.637845728392
9392.14733687302
9389.571379224863
9389.571379224863
9379.719137958866
9367.264258613382
9362.395563018794
9360.98880474761
9360.177134451054
9357.253132861575
9341.475206145404
9341.475206145404
9341.475206145404
9341.475206145404
9341.475206145404
9341.475206145404
9341.475206145404
9331.573912778003
9331.573912778003
9330.239646920118
9322.47186977432
9322.47186977432
9316.751843760136
9306.399188012494
9304.242625766221
9304.242625766221
9304.242625766221
9290.398622583849
9290.398622583849
9289.318839514734
9286.311167723285
9286.311167723285
9286.311167723285
9268.808159464248
9268.808159464248
9268.103119830117
9268.103119830117
9267.206814514539
9267.206814514539
9254.478110588729
9254.478110588729
9244.640446180667
9231.120748066227
9231.120748066227
9231.120748066227
9218.786747694145
9218.786747694145
9218.786747694145
9218.786747694145
9218.786747694145
9218.786747694145
9218.786747694145
9201.587945474423
9176.649902192177
9176.649902192177
9171.518005715368
9146.475635424596
9144.885687434382
9144.885687434382
9144.885687434382
9143.60845346618
9139.094968396019
9139.094968396019
9139.094968396019
9126.337631617253
9126.337631617253
9124.560691632998
9124.560691632998
9115.212921994933
9115.212921994933
9115.212921994933
9112.03021329549
9081.82566595402
9081.82566595402
9081.82566595402
9078.198603593655
9070.486992784881
9069.667114621236
9069.667114621236
9058.575336136268
9055.994068003476
9055.994068003476
9045.10812349971
9040.391830400185
9013.19277710184
9008.700419308077
9008.700419308077
9005.167858417926
9005.167858417926
8998.562678764913
8998.562678764913
8988.044230925263
8981.449718009315
8966.38136156274
8953.681834874213
8953.681834874213
8947.762904608648
8947.762904608648
8934.174760492919
8929.841751666629
8929.841751666629
8917.508141674713
8917.508141674713
8915.48866342386
8909.962695868991
8907.69369101419
8900.996416901971
8900.996416901971
8900.996416901971
8893.405727256813
8890.21121320891
8890.21121320891
8890.21121320891
8889.665766373308
8879.94133189318
8875.078064246727
8875.078064246727
8875.078064246727
8862.836199266318
8852.798231066103
8845.96100412866
8845.96100412866
8843.671383371162
8843.671383371162
8840.375116542804
8828.958061668918
8822.041778007193
8822.041778007193
8822.041778007193
8822.041778007193
8811.767938815477
8801.563773409212
8801.563773409212
8792.122284279969
8792.122284279969
8792.122284279969
8792.122284279969
8788.359769831899
8788.359769831899
8788.359769831899
8788.210658043276
8786.675862336375
8786.675862336375
8786.675862336375
8784.287222324509
8783.986556692947
8773.508378011866
8773.508378011866
8773.508378011866
8773.508378011866
8773.508378011866
8773.508378011866
8773.508378011866
8772.986280938308
8761.537241456117
8759.361768311346
8756.768766639154
8754.579698699581
8754.579698699581
8752.09480849642
8752.09480849642
8752.09480849642
8752.09480849642
8736.811212245264
8727.351121515967
8724.92650533891
