48252.89897584726
48252.89897584726
48252.89897584726
48252.89897584726
48252.89897584726
48236.3179644049
48236.3179644049
48236.3179644049
48229.553682100326
48196.44467152878
48195.62191809249
48183.403692825654
48183.403692825654
48175.495103377376
48150.500943276245
48150.500943276245
48142.46979482614
48124.23117848908
48124.23117848908
48124.23117848908
48124.23117848908
48124.23117848908
48124.23117848908
48080.61362042974
48080.61362042974
48071.0472589686
48071.0472589686
48037.62153739156
48021.6101316468
48021.6101316468
48013.26650435422
48013.26650435422
48013.26650435422
48013.26650435422
47996.2655220268
47972.08048404713
47972.08048404713
47972.08048404713
47972.08048404713
47972.08048404713
47972.08048404713
47969.48515683592
47956.0823321661
47916.499275472735
47911.113042197816
47907.65196405072
47874.08929941819
47874.08929941819
47874.08929941819
47874.08929941819
47859.28643306058
47829.30448228249
47829.30448228249
47829.30448228249
47820.306669482525
47780.63887262879
47779.650175498406
47779.650175498406
47779.650175498406
47753.092891074135
47734.18464956846
47720.2621886786
47720.2621886786
47720.2621886786
47720.2621886786
47720.2621886786
47714.25429486341
47708.61481237785
47708.61481237785
47708.61481237785
47686.65983414292
47686.65983414292
47686.65983414292
47685.79913113036
47685.79913113036
47685.79913113036
47657.663388830646
47656.42849093555
47591.67681208282
47591.67681208282
47583.98372124787
47550.46911914715
47537.38468258045
47537.38468258045
47537.38468258045
47537.38468258045
47537.38468258045
47537.38468258045
47517.131699406156
47514.545360359894
47490.69505647055
47490.69505647055
47484.662851594556
47484.662851594556
47484.662851594556
47475.24757358273
47437.40528449662
47427.355550785935
47424.4747650311
47410.84070863346
47395.486179355554
47395.29136176304
47395.29136176304
47388.03398123589
47388.03398123589
47388.03398123589
47388.03398123589
47388.03398123589
47372.32173437389
47358.11019033027
47349.29376847938
47348.50384062817
47348.50384062817
47298.46002250104
47298.46002250104
47287.66657870624
47268.41726432384
47268.41726432384
47268.41726432384
47268.41726432384
47253.24353885979
47253.24353885979
47253.24353885979
47227.15915011511
47199.25928956397
47199.25928956397
47199.25928956397
47189.79186138216
47188.68479374861
47184.450133571765
47180.58041800288
47180.58041800288
47168.19592509242
47168.19592509242
47162.11343625418
47162.11343625418
47131.74045882256
47131.74045882256
47128.80469215476
47104.407952694455
47067.01028317837
47025.06083624375
47025.06083624375
46978.27094240377
46978.27094240377
46946.04862919586
46918.87740347116
46891.32251951341
46870.9696107982
46870.9696107982
46820.85564639906
46820.85564639906
46820.85564639906
46809.42328690717
46809.42328690717
46809.42328690717
46780.25945564684
46769.74257990132
46769.74257990132
46753.48665261609
46740.17731098152
46735.04805348987
46722.41100552478
46722.41100552478
46690.395202381354
46676.322557855674
46673.73975599656
46673.73975599656
46648.76678679165
46648.76678679165
46648.76678679165
46635.38728624314
46633.13442338454
46610.664079439644
46609.66053878354
46591.34510058717
46580.13575345889
46580.13575345889
46571.870462902996
46571.870462902996
46563.51655480442
46562.446677972046
46562.446677972046
46562.446677972046
46542.187121469564
46535.30230287079
46535.30230287079
46535.30230287079
46524.17910242038
46505.81694680646
46505.81694680646
46483.34016550032
46456.073769510505
46437.02194715096
46437.02194715096
46392.57807430004
46366.157293929384
46345.720803532546
46345.720803532546
46345.720803532546
46345.720803532546
46286.87915102766
46286.87915102766
46271.588910305574
46271.588910305574
46271.588910305574
46267.997311394465
46267.997311394465
46267.997311394465
46238.020523988635
46235.6363459205
46235.6363459205
46235.6363459205
46220.147457760715
46204.23811484463
46191.56756395292
46191.56756395292
46172.6651250529
46172.6651250529
46172.6651250529
46172.6651250529
46155.887410976975
46155.887410976975
46155.887410976975
46138.04916731267
46128.43275496272
46128.43275496272
46128.43275496272
46098.056945826014
46098.056945826014
46098.056945826014
46098.056945826014
46077.88446062789
46058.822144609076
46058.822144609076
46053.066089141226
46035.6240300022
46033.95694965796
46001.17850786355
45998.484572204194
45998.484572204194
45971.41367648097
45939.184585288844
45939.184585288844
45939.184585288844
45939.184585288844
45939.184585288844
45939.184585288844
45929.26480101169
45929.26480101169
45894.29155203888
45859.621558525505
45831.031301736715
45831.031301736715
45793.754622478365
45793.754622478365
45793.754622478365
45793.754622478365
45776.976279183575
45763.86040502858
45763.86040502858
45763.86040502858
45762.44236316282
45762.44236316282
45755.23138060835
45755.23138060835
45754.83065882445
45735.43014309524
45735.43014309524
45710.82697835341
45690.941346146144
45690.941346146144
45665.39680059479
45665.39680059479
45649.14860494848
45649.14860494848
45627.28515045829
45627.28515045829
45627.28515045829
45627.28515045829
45622.09839828616
45602.688896589854
45572.149289287605
45572.149289287605
45558.75556615872
45519.188792809226
45508.179383739116
45482.75014085706
45482.75014085706
45482.275316716186
45482.275316716186
45473.99268885441
45473.99268885441
45473.99268885441
45471.85008126053
45471.85008126053
45450.739621778375
45450.739621778375
45428.930964655636
45428.930964655636
45418.502125417566
45405.76053558892
45405.76053558892
45383.39977777763
45383.39977777763
45375.49130538308
45375.49130538308
45330.982107856136
45330.982107856136
45330.982107856136
45330.767586973445
45330.767586973445
45327.45267936271
45326.30842013494
45326.30842013494
45326.30842013494
45322.31428897451
45319.96560653123
45312.94566296287
45312.161219594054
45312.161219594054
45312.161219594054
45297.078063676345
45297.078063676345
45294.469049457635
45279.28558339172
45263.11752809227
45263.11752809227
45263.11752809227
45252.47067065986
45199.11918492201
45150.99424869929
45150.99424869929
45124.017582139575
45124.017582139575
45116.2714102808
45109.17174729715
45109.17174729715
45109.17174729715
45106.39747735732
45084.0215533103
45084.0215533103
45084.0215533103
45036.43836364611
45036.43836364611
45036.43836364611
45006.454661335105
44994.71146190229
44994.71146190229
44992.88292059971
44992.88292059971
44959.20426751117
44959.20426751117
44959.20426751117
44948.49536730236
44931.53703406718
44922.6997533792
44912.948966229866
44882.99349201632
44852.454045271406
44844.399769634554
44833.48556725394
44801.59875370779
44791.50360287745
44791.50360287745
44750.9649349862
44721.493236390845
44716.74967018062
44682.760099412015
44682.760099412015
44664.02578875457
44664.02578875457
44664.02578875457
44656.59491694635
44652.41122014764
44643.334264345016
44639.20952168184
44639.20952168184
44600.66513593936
44600.66513593936
44600.66513593936
44576.08678154617
44553.17578540627
44553.17578540627
44553.17578540627
44530.32932722962
44530.32932722962
44510.28870511345
44483.14092139858
44482.94959064548
44479.320054083706
44479.320054083706
44456.602698025556
44431.38220775699
44431.38220775699
44431.38220775699
44414.05273690406
44414.05273690406
44393.09557748806
44372.51222232538
44372.51222232538
44362.27446677525
44356.52987256627
44356.52987256627
44356.52987256627
44334.49353307218
44322.711216633004
44322.711216633004
44322.711216633004
44322.711216633004
44322.711216633004
44294.09183219719
44294.09183219719
44294.09183219719
44257.31190585545
44257.31190585545
44240.56918108551
44240.56918108551
44207.66189179285
44207.66189179285
44207.66189179285
44207.66189179285
44200.45144640772
44200.45144640772
44196.65899286069
44196.65899286069
44170.382070702995
44170.382070702995
44161.483643505635
44147.43368166282
44147.43368166282
44147.43368166282
44147.43368166282
44147.43368166282
44147.43368166282
44147.43368166282
44136.72665324579
44132.58502688342
44132.58502688342
44132.58502688342
44132.58502688342
44132.58502688342
44108.23775042585
44108.23775042585
44108.23775042585
44106.356446830854
44076.87243615619
44065.51390586426
44065.51390586426
44065.51390586426
44065.51390586426
44065.51390586426
44065.51390586426
44065.51390586426
44045.90494753995
44037.338017235554
44037.338017235554
44026.877289220574
44026.877289220574
44026.877289220574
44026.877289220574
44026.877289220574
44008.325252294075
44008.325252294075
44008.325252294075
44008.325252294075
44008.325252294075
44006.26912934743
43995.93418071156
43995.749332164705
43995.749332164705
43988.764982898574
43988.764982898574
43946.02631323679
43936.09072554658
43915.3065194357
43873.56740026674
43867.011363057376
43862.21799396263
43837.85116698809
43837.65577869862
43810.19113189947
43795.67870535891
43795.67870535891
43795.67870535891
43780.91179491718
43773.45084326068
43756.2406812895
43737.9470096795
43736.972302987655
43709.37658932019
43709.37658932019
43709.37658932019
43709.37658932019
43707.19726417656
43707.19726417656
43707.19726417656
43676.35808036904
43655.728929057244
43655.728929057244
43655.728929057244
43652.80204187836
43652.80204187836
43641.914490215306
43641.914490215306
43634.29189632805
43614.03081170291
43600.6353231944
43600.6353231944
43600.6353231944
43600.6353231944
43557.33683320437
43533.55531454719
43499.18508662008
43469.209590342005
43469.209590342005
43469.209590342005
43443.134998420726
43441.42450590533
43423.10599526333
43387.24254787923
43382.54871054931
43376.40522944154
43376.40522944154
43356.89241941017
43338.53777697407
43338.53777697407
43333.01200847933
43333.01200847933
43324.42325645907
43324.42325645907
43324.42325645907
43317.43961510657
43305.06864862435
43305.06864862435
43290.63610869646
43255.72597862819
43255.72597862819
43255.72597862819
43255.72597862819
43237.868275108565
43233.00476622534
43233.00476622534
43233.00476622534
43233.00476622534
43230.41086334247
43230.41086334247
43206.477716708665
43175.12903487089
43175.12903487089
43174.38814749548
43174.38814749548
43174.38814749548
43174.38814749548
43174.38814749548
43174.38814749548
43155.61868707025
43147.180492058
43147.180492058
43142.88221749395
43142.88221749395
43142.88221749395
43134.13224410272
43134.13224410272
43132.59683811165
43092.443355673044
43057.613048286046
43053.092856455776
43053.092856455776
43053.092856455776
43053.092856455776
43052.4451094526
43052.4451094526
43052.4451094526
43052.4451094526
43047.97346247135
43047.97346247135
43047.755926132086
43040.798979503685
43023.767369593545
43000.26928708407
43000.26928708407
42976.75431525676
42976.75431525676
42954.419198824064
42941.33060415975
42913.60751834795
42913.60751834795
42913.60751834795
42883.48309589267
42883.48309589267
42883.48309589267
42882.727510177945
42882.727510177945
42882.727510177945
42874.46357256496
42874.46357256496
42874.46357256496
42874.46357256496
42870.852437254616
42865.4683009809
42865.4683009809
42865.4683009809
42850.35114426459
42848.12649596034
42848.12649596034
42826.3375194707
42823.78021637319
42816.30325505256
42793.91278978623
42775.10928193839
42775.10928193839
42766.613768901945
42758.45364654472
42758.45364654472
42733.96165558711
42719.261090323904
42689.13227085947
42671.48712179676
42644.45574705714
42618.18251052239
42618.18251052239
42618.18251052239
42597.08457318021
42584.97992210111
42584.97992210111
42571.4213672386
42571.4213672386
42571.4213672386
42571.4213672386
42571.4213672386
42568.36272476483
42546.1092132039
42528.82771490952
42528.82771490952
42528.82771490952
42528.82771490952
42528.82771490952
42520.89028275489
42511.06190293275
42479.12798304013
42448.57524929952
42443.0475861578
42443.0475861578
42436.435110492625
42436.435110492625
42419.69255648805
42390.077826254936
42390.077826254936
42359.76668641908
42359.76668641908
42355.00667369738
42355.00667369738
42341.16374697615
42341.16374697615
42341.16374697615
42341.16374697615
42334.89170592588
42315.94992549358
42315.94992549358
42288.20884532765
42282.65974271218
42282.65974271218
42282.65974271218
42282.65974271218
42278.874455371886
42269.353910239115
42215.571761766616
42215.571761766616
42199.856999324504
42193.13384129671
42193.13384129671
42193.13384129671
42193.13384129671
42193.13384129671
42162.4623719688
42126.8741180659
42126.8741180659
42124.625312814125
42124.625312814125
42110.56597727911
42110.56597727911
42110.56597727911
42086.92757544966
42086.44587673173
42086.44587673173
42062.6607466525
42062.6607466525
42054.20835249669
42053.304260048244
42053.304260048244
42017.687672967724
42017.687672967724
41990.753051911866
41966.26788568018
41939.64150215171
41939.64150215171
41934.58176800485
41902.92130816443
41890.33895123997
41879.64021902788
41879.64021902788
41839.721857621415
41839.721857621415
41839.721857621415
41818.43855400522
41818.43855400522
41808.80970781722
41786.86805977934
41778.1509492222
41778.1509492222
41747.155809529744
41747.155809529744
41726.552301377764
41716.54857022345
41716.54857022345
41716.54857022345
41671.16061680921
41671.16061680921
41647.13963961817
41647.13963961817
41643.59738085478
41643.59738085478
41643.59738085478
41643.59738085478
41623.42517744602
41601.665756082686
41601.665756082686
41601.665756082686
41595.76737656828
41577.23356838241
41577.23356838241
41577.23356838241
41577.23356838241
41571.79385256793
41571.79385256793
41571.79385256793
41549.990989321064
41549.990989321064
41529.238112117855
41521.16387495758
41521.16387495758
41508.63321303258
41508.63321303258
41485.77740389768
41474.18094933996
41441.596048810046
41441.596048810046
41407.483711316076
41397.92524284689
41397.92524284689
41345.35610124369
41345.35610124369
41345.35610124369
41345.35610124369
41345.35610124369
41306.08652755421
41306.08652755421
41290.28227866997
41259.20187637705
41259.20187637705
41257.39066163736
41233.93462679014
41233.93462679014
41233.93462679014
41213.11558429176
41188.51658784522
41166.49750325723
41132.81841812797
41124.99144438087
41124.99144438087
41124.99144438087
41124.99144438087
41072.48371816963
41072.48371816963
41072.48371816963
41072.48371816963
41065.32317559787
41057.76525802813
41057.76525802813
41057.76525802813
41057.76525802813
41057.76525802813
41057.76525802813
41049.666026436134
41035.537019062285
41019.62206220233
40999.28797840859
40997.48007801158
40997.48007801158
40997.48007801158
40997.48007801158
40997.48007801158
40997.48007801158
40997.48007801158
40995.47719977192
40995.47719977192
40995.47719977192
40969.35675566346
40950.21088674165
40940.964679970035
40926.40067359444
40926.40067359444
40910.63651497106
40910.63651497106
40910.63651497106
40893.75654236061
40883.976285708784
40883.976285708784
40870.51803831712
40870.51803831712
40870.51803831712
40856.31791491578
40856.31791491578
40853.83850645333
40853.83850645333
40853.83850645333
40850.32791901222
40850.32791901222
40834.47524610221
40834.47524610221
40834.47524610221
40834.47524610221
40793.44319289895
40777.11472622034
40777.11472622034
40772.75318409299
40768.92836188662
40747.32668004777
40743.5597879164
40727.78239197715
40727.78239197715
40727.78239197715
40727.78239197715
40694.82279611434
40694.82279611434
40694.82279611434
40685.41082981294
40684.83902069542
40652.24011294894
40606.337627350134
40606.337627350134
40595.13773929096
40580.160194758486
40580.160194758486
40580.160194758486
40580.160194758486
40571.569575504036
40562.641964277565
40562.641964277565
40556.74522728786
40548.0005011069
40548.0005011069
40548.0005011069
40525.46630600428
40525.46630600428
40511.80100745624
40511.80100745624
40511.80100745624
40511.80100745624
40511.80100745624
40511.80100745624
40511.80100745624
40511.80100745624
40510.3350798706
40510.3350798706
40510.3350798706
40510.3350798706
40490.854627285255
40490.854627285255
40471.72325895407
40452.702616957526
40452.702616957526
40439.12827001794
40439.12827001794
40439.12827001794
40425.89952904668
40425.89952904668
40425.89952904668
40425.89952904668
40414.74740305162
40414.74740305162
40408.23258624273
40403.29396213508
40399.0458176383
40399.0458176383
40382.858809083205
40382.858809083205
40341.265751378654
40331.27814253181
40331.27814253181
40331.27814253181
40321.29184849076
40299.324906896996
40299.324906896996
40285.76652098
40261.55659106024
40261.55659106024
40261.55659106024
40261.55659106024
40261.386764224684
40261.386764224684
40261.386764224684
40261.386764224684
40255.085663778555
40237.49401228325
40237.49401228325
40237.49401228325
40226.693919312456
40226.693919312456
40226.693919312456
40195.45414548514
40195.45414548514
40195.45414548514
40177.64330453426
40177.64330453426
40153.12630667609
40139.29172210366
40139.29172210366
40118.95109496311
40118.95109496311
40118.95109496311
40118.95109496311
40118.95109496311
40118.95109496311
40118.95109496311
40118.95109496311
40096.536210256745
40080.22953133072
40080.22953133072
40065.91470675411
40039.21711531233
40029.65113572116
40020.41744698732
40020.41744698732
40014.12821744045
40014.12821744045
40014.12821744045
40007.369889015696
39999.09069178377
39999.09069178377
39999.09069178377
39969.09121402366
39969.09121402366
39969.09121402366
39965.919721753206
39965.86578553873
39965.86578553873
39965.86578553873
39965.86578553873
39965.86578553873
39961.48174516884
39957.76940860931
39931.858825880685
39931.858825880685
39931.858825880685
39928.969101827126
39928.969101827126
39904.04433668349
39892.48518283679
39892.48518283679
39892.48518283679
39861.46579792275
39837.77758850373
39829.209561063435
39780.654300239796
39753.10868326794
39746.51005737958
39741.7749333265
39695.83902464158
39693.69955089632
39693.69955089632
39693.69955089632
39676.41971314508
39658.94986479229
39658.45988333012
39653.53675459812
39653.53675459812
39650.80085890185
39644.65355549704
39631.808563299775
39603.32326962295
39603.32326962295
39599.72220641037
39599.72220641037
39569.78057251941
39547.58114233819
39541.672997427784
39508.672707592166
39500.81586291863
39498.94700689813
39498.94700689813
39479.683220697916
39479.683220697916
39479.683220697916
39479.683220697916
39479.683220697916
39467.07511576053
39467.07511576053
39467.07511576053
39459.09814666494
39453.865517121725
39416.13943125223
39416.13943125223
39409.04465092892
39409.04465092892
39409.04465092892
39408.04997834292
39408.04997834292
39408.04997834292
39408.04997834292
39408.04997834292
39408.04997834292
39360.155642425525
39360.155642425525
39337.107203539825
39320.38860013319
39320.38860013319
39320.38860013319
39300.68887192155
39298.826048462965
39286.227907987486
39273.29304078594
39273.29304078594
39273.29304078594
39273.29304078594
39264.74802654576
39264.74802654576
39264.74802654576
39264.74802654576
39257.619521480854
39256.553090903275
39256.37164440912
39246.61564124388
39229.2193922797
39229.2193922797
39229.2193922797
39229.2193922797
39225.50645059861
39225.50645059861
39225.50645059861
39218.01625276029
39213.55154832825
39213.55154832825
39211.53847934379
39204.03234623298
39204.03234623298
39204.03234623298
39204.03234623298
39204.03234623298
39189.83343329927
39189.83343329927
39189.83343329927
39177.70928018055
39138.173271347485
39124.89842470474
39111.80045289592
39110.69882911098
39110.69882911098
39110.224512613255
39095.82952970017
39095.47299853126
39076.01050372693
39076.01050372693
39076.01050372693
39076.01050372693
39076.01050372693
39075.4893565277
39042.58626449584
39042.58626449584
39042.58626449584
39042.58626449584
39041.83319842057
39016.13866089961
39002.464706394516
39002.464706394516
38999.83129584946
38983.80646202079
38983.80646202079
38983.80646202079
38962.74181452435
38961.68565734765
38955.71501315921
38955.71501315921
38955.71501315921
38939.83388103619
38938.489268446865
38929.73596089691
38921.28518075193
38921.28518075193
38921.28518075193
38920.102928169275
38907.93539217646
38907.93539217646
38893.46059898927
38893.46059898927
38889.134268643174
38881.456538003535
38881.456538003535
38881.456538003535
38862.46165451643
38862.46165451643
38862.46165451643
38832.613762565066
38832.613762565066
38832.613762565066
38832.613762565066
38832.613762565066
38832.1369205671
38822.295027969165
38775.147274544535
38761.214673138995
38761.214673138995
38761.214673138995
38761.214673138995
38761.214673138995
38761.214673138995
38761.214673138995
38737.52296896752
38737.52296896752
38732.011204132126
38724.001414488324
38715.750967993736
38710.85302729919
38710.85302729919
38710.85302729919
38710.85302729919
38710.85302729919
38710.85302729919
38710.85302729919
38710.85302729919
38710.85302729919
38710.85302729919
38677.104287947084
38677.104287947084
38660.23911822429
38660.23911822429
38656.75251701297
38656.75251701297
38649.31226276192
38649.31226276192
38640.1497968652
38640.1497968652
38623.06758492962
38623.06758492962
38623.06758492962
38606.167181260156
38606.167181260156
38594.34089576725
38552.254909126044
38551.81174432168
38524.527861618255
38510.78175179904
38510.78175179904
38502.885860938964
38500.210291265976
38497.992157655586
38488.86113050594
38488.86113050594
38457.84337990024
38457.84337990024
38451.7992568255
38451.7992568255
38451.7992568255
38445.97295680084
38443.607701642235
38415.12125517198
38415.12125517198
38408.65698565855
38408.65698565855
38385.927767684654
38385.927767684654
38380.50718781447
38361.832757778946
38361.832757778946
38357.815188619636
38353.44071295439
38353.44071295439
38353.44071295439
38353.44071295439
38344.593270825375
38344.593270825375
38315.092359611845
38292.93712151927
38267.71120501485
38267.71120501485
38253.577957103975
38240.48436750148
38240.48436750148
38240.48436750148
38240.48436750148
38240.48436750148
38230.987438421835
38230.987438421835
38230.987438421835
38230.987438421835
38230.987438421835
38222.907567524555
38222.907567524555
38182.08637514555
38178.547518329215
38178.547518329215
38129.371614625445
38129.371614625445
38117.10952519177
38094.31400415658
38094.31400415658
38088.49303243231
38065.80515506268
38061.9885748205
38061.9885748205
38049.43881100592
38022.52695547864
38022.52695547864
38022.52695547864
37996.05527860683
37996.05527860683
37972.46770043537
37972.46770043537
37972.46770043537
37972.46770043537
37966.76450412128
37966.76450412128
37966.76450412128
37965.38383221556
37939.809677543635
37939.809677543635
37932.130819723665
37932.130819723665
37913.58549031448
37913.58549031448
37906.74643025736
37906.74643025736
37906.74643025736
37906.74643025736
37906.74643025736
37892.23026191297
37892.23026191297
37892.23026191297
37892.23026191297
37892.23026191297
37889.69055419079
37881.59512870515
37881.59512870515
37858.06497039166
37858.06497039166
37854.77518721466
37801.884988829755
37800.259269956114
37800.259269956114
37800.259269956114
37800.259269956114
37792.25482859668
37778.80472321321
37747.87816133883
37747.87816133883
37733.943020883664
37707.28773161084
37687.5115600198
37687.5115600198
37687.5115600198
37687.5115600198
37681.6449255095
37681.6449255095
37673.97485940865
37652.17513011798
37627.060960466755
37603.060676544876
37603.060676544876
37586.89412451155
37586.89412451155
37586.89412451155
37557.57822838225
37557.57822838225
37557.57822838225
37557.57822838225
37557.57822838225
37539.306557856326
37531.96750544968
37531.96750544968
37514.913418041135
37495.970631901546
37480.23216746335
37480.23216746335
37466.7174000973
37449.25198513375
37449.25198513375
37449.25198513375
37449.25198513375
37449.25198513375
37438.77916161494
37436.86551774507
37436.86551774507
37421.51971653418
37421.51971653418
37400.72615524707
37400.72615524707
37400.72615524707
37400.72615524707
37400.72615524707
37400.72615524707
37400.72615524707
37400.72615524707
37400.72615524707
37400.72615524707
37392.75334304503
37392.75334304503
37391.62471190014
37357.73057748084
37357.73057748084
37349.65668743404
37349.65668743404
37349.65668743404
37341.36375528355
37319.26077996396
37319.26077996396
37319.26077996396
37292.4671587868
37291.7915494938
37269.33126096677
37258.17355945268
37225.22431801835
37185.62630510778
37176.14415560443
37176.14415560443
37160.89711379379
37155.61505551629
37150.76887913962
37150.76887913962
37149.49449813023
37149.49449813023
37149.49449813023
37145.75754945085
37132.211921839626
37132.211921839626
37132.211921839626
37089.441490275094
37089.441490275094
37089.441490275094
37084.76107868242
37084.76107868242
37068.50705212939
37068.50705212939
37066.04901622375
37066.04901622375
37045.85329260129
37027.64528802502
37027.64528802502
37027.64528802502
37027.64528802502
37027.64528802502
37013.86176129917
37005.63107652405
36994.45617411309
36978.187400927374
36978.187400927374
36978.187400927374
36975.653980195166
36958.53409828648
36958.53409828648
36958.53409828648
36942.445619077516
36932.274437456836
36932.274437456836
36932.274437456836
36916.100867254514
36907.367575784585
36907.367575784585
36907.367575784585
36907.367575784585
36907.367575784585
36907.367575784585
36900.944514568204
36900.944514568204
36878.13040773319
36848.47393427396
36838.995943748785
36837.4936478647
36807.23925960801
36807.23925960801
36805.46981176021
36796.98563125078
36796.98563125078
36795.08655317498
36755.58178069272
36755.58178069272
36755.58178069272
36755.58178069272
36755.58178069272
36755.58178069272
36755.58178069272
36755.58178069272
36741.22036529011
36723.496626969536
36712.39401265015
36706.81803972527
36684.70868406319
36684.70868406319
36676.0887907711
36676.0887907711
36676.0887907711
36676.0887907711
36658.83088275806
36628.09059165302
36607.688704976674
36607.688704976674
36607.688704976674
36592.85861126351
36569.03227627956
36569.03227627956
36569.03227627956
36556.35025648301
36556.35025648301
36556.35025648301
36556.35025648301
36556.35025648301
36556.35025648301
36556.35025648301
36556.35025648301
36556.35025648301
36556.35025648301
36515.09166674791
36515.09166674791
36515.09166674791
36515.09166674791
36489.75575696478
36470.99486643014
36463.86283081063
36463.86283081063
36463.86283081063
36463.86283081063
36463.86283081063
36461.98113853929
36461.98113853929
36449.2223501257
36449.2223501257
36449.2223501257
36436.16404779691
36436.16404779691
36429.286649548936
36429.286649548936
36404.35104115714
36404.35104115714
36404.35104115714
36372.34848700206
36367.884716722525
36367.884716722525
36367.884716722525
36349.2023959032
36349.2023959032
36349.2023959032
36349.2023959032
36349.2023959032
36331.64538783269
36329.534209124664
36329.534209124664
36316.9918304811
36286.65260083528
36249.165298905675
36236.552626111705
36236.552626111705
36222.4188328303
36215.023379980914
36203.92614810261
36202.366278384565
36178.38893789987
36148.65928206964
36148.65928206964
36146.86812278637
36130.53144907652
36130.53144907652
36125.11015081014
36125.11015081014
36111.44553548168
36111.44553548168
36111.44553548168
36100.419638508494
36100.1028157662
36091.41547133593
36091.41547133593
36069.77084925786
36069.77084925786
36069.77084925786
36069.77084925786
36061.04002997224
36050.964666564774
36050.964666564774
36050.964666564774
36050.964666564774
36042.34257527779
36030.630022660174
36030.630022660174
36018.72248763017
36018.552842524114
36018.552842524114
35988.36860028087
35988.36860028087
35988.36860028087
35988.36860028087
35970.408374921266
35970.408374921266
35963.828666605696
35951.33326405625
35939.80546743846
35939.80546743846
35916.882655848785
35916.882655848785
35906.12017538844
35906.12017538844
35891.59961229552
35891.59961229552
35888.09670667781
35883.204585269676
35883.204585269676
35883.204585269676
35878.496122506374
35862.67573682064
35862.67573682064
35862.67573682064
35862.67573682064
35839.60641542558
35839.60641542558
35839.60641542558
35839.60641542558
35813.082523150195
35779.98165802656
35779.98165802656
35751.76050973197
35750.99718966978
35718.882228493836
35683.19863536472
35683.19863536472
35669.269821385366
35665.44840410425
35647.39679559091
35647.39679559091
35621.018434975085
35621.018434975085
35585.30675035665
35575.2795736816
35569.88949059406
35569.88949059406
35555.691662061916
35555.691662061916
35553.89127068359
35553.89127068359
35553.89127068359
35553.89127068359
35551.70407524285
35551.143048636106
35551.143048636106
35551.143048636106
35551.143048636106
35536.0237401203
35534.32836655325
35534.32836655325
35534.32836655325
35530.6637685066
35530.6637685066
35530.6637685066
35523.44175447826
35523.44175447826
35487.33238038959
35483.654164030755
35468.11296760353
35455.78119455391
35423.309962972955
35422.594655286994
35422.594655286994
35422.594655286994
35407.83859388553
35407.83859388553
35407.83859388553
35405.48607888672
35393.61700731859
35393.61700731859
35393.61700731859
35388.1050077226
35388.1050077226
35374.983236805434
35374.983236805434
35374.983236805434
35374.983236805434
35365.447771899955
35354.55027831635
35354.55027831635
35330.15763208199
35330.15763208199
35308.739590478384
35298.72037081902
35263.2454150768
35239.85804648143
35239.85804648143
35239.85804648143
35239.85804648143
35239.85804648143
35239.85804648143
35239.85804648143
35239.85804648143
35231.74553764629
35231.74553764629
35223.60377026588
35213.71548833692
35213.71548833692
35213.71548833692
35213.71548833692
35213.71548833692
35212.900471558445
35212.900471558445
35212.900471558445
35199.9238779468
35173.2727670184
35173.2727670184
35146.935734626204
35146.935734626204
35146.935734626204
35144.3560800456
35131.92673376146
35131.92673376146
35131.92673376146
35131.92673376146
35122.42218863144
35122.42218863144
35122.42218863144
35122.42218863144
35116.17835463262
35116.17835463262
35100.481740476636
35090.72741992855
35071.029269441504
35071.029269441504
35071.029269441504
35031.22887565596
35031.22887565596
35025.47548881166
35022.66817590867
35008.74194264088
35008.74194264088
35006.96263382202
34983.89931756893
34983.89931756893
34983.89931756893
34983.89931756893
34953.914517061254
34953.42406709935
34953.42406709935
34941.50695086314
34911.18532520473
34911.18532520473
34911.18532520473
34883.723842069994
34880.07602474414
34880.07602474414
34880.07602474414
34880.07602474414
34880.07602474414
34880.07602474414
34880.07602474414
34865.85391486348
34847.01356299828
34847.01356299828
34847.01356299828
34847.01356299828
34803.65184196797
34799.40120265485
34788.59393228866
34763.01799090495
34763.01799090495
34763.01799090495
34738.7463031421
34738.7463031421
34719.40184119864
34719.40184119864
34717.09848487615
34701.25149410264
34695.4004720323
34693.22694096808
34693.22694096808
34693.22694096808
34693.22694096808
34688.654393775745
34688.654393775745
34688.654393775745
34674.258192075635
34667.09372492792
34667.09372492792
34664.12845678408
34650.630623705045
34650.630623705045
34646.279785821374
34627.74569188008
34589.13272418588
34579.702078097915
34579.702078097915
34579.702078097915
34561.67401593686
34561.67401593686
34551.64729126942
34548.263145581295
34545.30947564742
34545.30947564742
34545.30947564742
34531.156036290275
34531.156036290275
34531.156036290275
34517.813825768986
34500.55456712176
34499.85947563236
34469.5431966678
34469.5431966678
34469.5431966678
34469.5431966678
34469.5431966678
34469.5431966678
34451.49025252632
34450.6068208646
34430.277407578884
34430.277407578884
34403.32984029689
34403.32984029689
34403.32984029689
34403.32984029689
34403.32984029689
34399.21422968289
34399.21422968289
34368.38794913233
34328.44965564966
34328.44965564966
34328.44965564966
34295.27470352082
34270.54111892179
34270.54111892179
34258.113197212624
34258.113197212624
34234.04019128617
34214.654412592325
34214.654412592325
34214.654412592325
34214.654412592325
34214.654412592325
34214.654412592325
34214.654412592325
34198.295397455615
34198.295397455615
34188.0372496622
34170.600252316646
34139.76889879348
34139.76889879348
34139.76889879348
34122.27682784224
34106.63137008823
34094.36994127157
34087.01958759965
34075.904056239044
34067.31106503938
34067.31106503938
34067.31106503938
34067.31106503938
34067.31106503938
34017.5523872997
34009.79392203124
34009.79392203124
33983.658134674384
33983.658134674384
33965.30252705059
33965.30252705059
33964.65194233374
33948.87716558924
33946.02099173979
33926.96501607211
33924.456260234656
33924.456260234656
33924.456260234656
33924.456260234656
33924.456260234656
33924.456260234656
33924.456260234656
33924.456260234656
33924.456260234656
33924.456260234656
33919.86430053476
33919.86430053476
33919.86430053476
33919.86430053476
33919.86430053476
33903.80702620331
33903.80702620331
33877.02276606778
33877.02276606778
33867.043153786355
33861.35652755719
33851.520624354314
33851.520624354314
33847.801609917384
33833.5720026061
33833.5720026061
33833.5720026061
33833.5720026061
33819.695908967165
33804.75644024814
33804.75644024814
33790.380725746414
33775.41749951885
33764.85446410467
33755.58162042099
33755.58162042099
33755.58162042099
33737.11588862225
33733.43669699684
33733.43669699684
33706.99873630128
33706.99873630128
33706.99873630128
33704.92708508396
33701.65353808612
33699.476469608584
33699.476469608584
33699.476469608584
33699.476469608584
33676.38752084237
33676.38752084237
33654.70700689844
33638.810456632535
33638.810456632535
33621.23802690006
33602.69942960961
33597.27353360933
33597.27353360933
33590.218797436464
33587.88974579128
33587.88974579128
33587.88974579128
33587.88974579128
33587.88974579128
33587.88974579128
33587.88974579128
33583.5521603163
33583.383134147094
33583.383134147094
33583.383134147094
33583.383134147094
33552.02589199854
33533.17564267256
33505.59314577108
33505.59314577108
33505.59314577108
33505.59314577108
33497.31330178711
33484.942841113654
33484.942841113654
33479.92295710858
33479.92295710858
33462.04141663185
33445.81621328293
33425.92571117562
33425.92571117562
33424.60029915975
33424.60029915975
33423.45465218789
33401.67334078162
33401.67334078162
33395.34670812783
33395.34670812783
33384.59951614449
33340.12901796588
33317.83502324694
33317.83502324694
33317.83502324694
33317.83502324694
33317.83502324694
33281.97639463271
33275.72396652051
33268.46547932603
33245.98761404941
33245.98761404941
33245.98761404941
33229.17006681864
33229.17006681864
33201.25723309588
33201.25723309588
33171.419615469444
33171.419615469444
33139.620297073474
33139.620297073474
33139.620297073474
33128.463201818384
33128.463201818384
33118.87005201103
33097.190504249986
33097.190504249986
33081.10819146877
33081.10819146877
33058.3619483619
33058.3619483619
33058.3619483619
33042.86369090437
33026.27116758217
33026.27116758217
33015.60286273561
32991.99264483194
32962.34286050183
32961.034614903474
32955.313548702004
32955.313548702004
32955.313548702004
32955.313548702004
32955.313548702004
32952.146677616045
32931.00828498048
32921.715923371456
32921.715923371456
32921.715923371456
32874.801499930516
32874.801499930516
32874.801499930516
32866.92268117429
32864.82796501552
32835.996253326135
32817.531964693626
32817.531964693626
32814.73638142868
32806.89545484611
32771.698780323946
32771.46832349194
32771.46832349194
32771.46832349194
32771.46832349194
32771.46832349194
32743.104378580923
32743.104378580923
32735.954804328674
32735.954804328674
32735.954804328674
32735.954804328674
32735.954804328674
32720.42083201688
32720.42083201688
32704.62058716238
32704.62058716238
32701.82872368476
32695.917558625064
32695.917558625064
32674.669910396224
32674.669910396224
32674.669910396224
32674.669910396224
32673.092890950138
32673.092890950138
32673.092890950138
32673.092890950138
32673.092890950138
32662.09490286389
32645.428190668517
32643.27100900032
32627.698034918838
32627.698034918838
32627.698034918838
32627.698034918838
32627.698034918838
32627.698034918838
32590.925107216193
32574.801167877522
32555.90506820444
32535.660311100863
32518.917038023937
32514.609131810343
32514.609131810343
32506.628119540055
32506.628119540055
32506.628119540055
32506.601356364314
32506.601356364314
32506.601356364314
32506.601356364314
32505.10673957873
32463.125654227228
32450.608696749816
32431.36757266158
32431.36757266158
32431.36757266158
32431.36757266158
32426.130307014944
32394.39703973028
32385.877998465738
32384.603918827168
32359.1856078041
32350.206322800102
32350.206322800102
32344.493813319023
32336.050539181466
32321.674146827165
32319.820594340246
32307.60876043252
32307.60876043252
32307.60876043252
32304.188961897104
32277.136541301832
32263.12895102792
32263.12895102792
32263.12895102792
32263.12895102792
32263.12895102792
32263.12895102792
32252.20606962399
32252.20606962399
32252.20606962399
32233.199006458268
32222.008229027557
32213.772791697393
32213.772791697393
32213.772791697393
32213.772791697393
32213.772791697393
32213.772791697393
32204.271160645945
32203.285737809736
32160.319110993318
32160.319110993318
32145.824001806122
32145.824001806122
32123.089773872893
32123.089773872893
32123.089773872893
32105.904431963696
32088.365036584335
32088.365036584335
32088.365036584335
32071.159847105373
32048.571382205508
32048.571382205508
32048.571382205508
32048.571382205508
32027.412008532247
32008.326443331953
32008.326443331953
32008.326443331953
32002.475888140965
31994.574777848025
31978.758094903606
31978.185044022877
31975.207870744478
31968.75319663191
31959.112709538495
31937.380175150574
31921.81659720015
31915.32857633637
31915.32857633637
31881.055362671705
31866.141625025393
31866.141625025393
31839.66536094205
31804.608499148126
31804.608499148126
31804.608499148126
31804.608499148126
31804.608499148126
31804.608499148126
31779.596727008004
31779.596727008004
31761.086929718243
31757.438412751075
31757.438412751075
31747.67489695414
31747.67489695414
31747.67489695414
31745.077908459614
31745.077908459614
31720.166773754532
31720.166773754532
31720.166773754532
31720.166773754532
31690.90792858162
31684.31728481621
31684.31728481621
31676.370595892095
31670.46051994163
31665.309423107366
31663.944760714807
31661.53321524561
31661.53321524561
31661.53321524561
31654.60220354712
31633.698463209104
31633.698463209104
31624.324736671697
31620.919524926914
31620.919524926914
31620.919524926914
31620.919524926914
31620.919524926914
31587.05707516191
31559.553732957178
31546.680831222227
31546.680831222227
31539.728259878935
31521.346559992107
31498.028271521594
31498.028271521594
31458.263709537416
31458.263709537416
31454.999092816804
31445.648175119502
31434.90440748505
31422.706873120245
31419.49754389011
31419.49754389011
31416.783820795434
31402.866161498026
31402.866161498026
31402.866161498026
31389.753692061095
31389.753692061095
31389.706606901047
31389.706606901047
31360.817796157713
31346.378461721466
31346.378461721466
31346.28557781012
31340.726576966852
31338.63525025281
31338.63525025281
31331.362664000637
31320.485490004077
31288.37199420321
31283.599412705687
31272.30866772759
31272.30866772759
31272.30866772759
31272.30866772759
31272.30866772759
31272.30866772759
31260.198432225294
31260.198432225294
31244.347477563515
31217.791804161596
31211.19727725224
31200.032049527315
31200.032049527315
31200.032049527315
31200.032049527315
31193.39061287788
31186.473168914148
31186.473168914148
31152.42521155554
31152.42521155554
31152.42521155554
31152.42521155554
31152.42521155554
31145.84748233649
31145.84748233649
31124.38143755543
31124.38143755543
31123.907004609835
31123.23628996392
31117.711426457954
31117.711426457954
31117.711426457954
31107.291891960896
31095.559721297872
31095.559721297872
31088.018839518736
31081.856785793057
31072.216409252895
31072.216409252895
31060.8324393015
31049.451424221355
31049.451424221355
31049.451424221355
31037.655562812164
31005.78724971179
31005.78724971179
31005.78724971179
31005.78724971179
30997.306508285103
30992.171759969333
30982.73767185269
30979.168784961745
30979.168784961745
30960.56597526853
30935.719916237278
30935.719916237278
30935.719916237278
30930.48282631518
30924.351918458193
30924.351918458193
30909.023468471543
30890.384350484117
30876.197928549238
30857.39985465603
30857.39985465603
30842.71104234255
30842.71104234255
30836.42583056816
30807.09423035894
30793.603504520448
30784.664631880903
30767.25274068066
30767.25274068066
30767.25274068066
30753.208520139822
30753.208520139822
30751.77024757815
30738.612953488235
30719.675526069008
30695.385607324537
30695.385607324537
30678.352498411765
30678.352498411765
30678.352498411765
30652.25029140472
30651.612892857862
30641.82621798795
30628.303604066667
30603.405031199243
30603.405031199243
30603.405031199243
30602.161607199563
30602.161607199563
30573.100217297622
30573.100217297622
30546.987628598647
30527.372237073436
30505.356321016403
30505.313760751484
30499.056179972635
30499.056179972635
30494.581518004674
30494.581518004674
30482.96000705931
30474.09637663576
30474.09637663576
30470.366774123966
30464.81902041279
30464.81902041279
30446.513329541773
30446.513329541773
30446.513329541773
30436.002946443754
30436.002946443754
30422.81141145316
30401.156511216344
30393.14881172634
30391.980250826247
30391.980250826247
30391.980250826247
30391.980250826247
30391.980250826247
30351.419385713853
30329.932930573712
30329.932930573712
30299.764012133444
30299.764012133444
30276.103596606612
30276.103596606612
30266.147264557218
30266.147264557218
30239.18294669541
30239.18294669541
30235.656424470242
30233.658670854868
30217.244248945433
30217.244248945433
30213.529502324673
30213.529502324673
30182.821603040968
30182.821603040968
30182.821603040968
30182.821603040968
30172.844023093832
30172.844023093832
30172.844023093832
30141.75500780313
30123.91444427651
30123.91444427651
30106.522632135137
30106.522632135137
30106.522632135137
30106.522632135137
30106.522632135137
30079.256583545164
30079.256583545164
30079.256583545164
30074.334473611427
30074.32543421725
30074.32543421725
30074.32543421725
30028.746671355664
29991.388659337652
29991.388659337652
29941.979814320657
29941.979814320657
29939.40255496312
29939.40255496312
29939.40255496312
29934.685875349816
29924.25199386924
29906.444479101265
29906.444479101265
29886.77795676662
29886.77795676662
29879.789396580436
29879.789396580436
29857.069803192146
29824.975851701725
29821.520716648592
29813.481051550643
29813.481051550643
29813.481051550643
29791.581687489776
29779.601668839794
29766.190639516277
29766.190639516277
29766.190639516277
29739.189848387457
29692.505060456686
29671.38274057382
29652.5082783054
29644.336100710017
29644.336100710017
29644.336100710017
29626.442477963035
29621.883555411237
29621.883555411237
29611.70428531852
29600.885300943824
29588.761314906427
29588.761314906427
29583.521800279643
29583.521800279643
29583.521800279643
29583.521800279643
29573.811369639454
29556.762243368292
29556.55302729958
29547.936579414974
29547.936579414974
29538.661001224664
29515.61547565649
29504.224497554074
29504.224497554074
29501.115412726995
29485.35201164652
29450.23790027689
29433.959204665953
29428.764569788425
29408.73612119099
29408.73612119099
29388.45905095293
29388.45905095293
29388.45905095293
29388.45905095293
29388.45905095293
29370.040503678927
29362.440065320912
29344.420821336127
29324.283427684953
29319.497764480842
29319.497764480842
29313.170461798007
29279.119981387135
29272.02327128003
29272.02327128003
29257.5939112281
29257.5939112281
29257.5939112281
29222.76791492734
29222.76791492734
29222.76791492734
29205.519017824063
29195.225115542486
29183.083311192837
29183.083311192837
29160.430287043477
29140.781872595526
29140.781872595526
29140.781872595526
29121.11658494509
29109.0326361875
29109.0326361875
29106.16967582086
29106.16967582086
29106.16967582086
29106.16967582086
29106.16967582086
29098.05496719705
29081.69504238727
29081.69504238727
29080.7834499483
29080.7834499483
29070.31942451703
29070.31942451703
29068.278619494493
29058.10117920424
29037.950459612934
29033.271172598008
29026.55607788023
29026.55607788023
29026.55607788023
29026.55607788023
29011.865736298398
28995.1446042176
28995.1446042176
28968.942566992748
28968.942566992748
28968.942566992748
28963.573676374963
28958.53440488067
28958.53440488067
28955.22926630268
28927.029923769584
28917.5891757122
28891.73102707086
28891.73102707086
28891.73102707086
28881.440579841732
28856.9768987544
28849.037650893923
28843.760838635917
28843.760838635917
28813.398326046572
28805.46060107398
28781.921256040754
28781.921256040754
28771.16789737043
28771.16789737043
28756.931880121425
28730.468005810664
28728.550763135616
28728.550763135616
28728.550763135616
28728.550763135616
28728.550763135616
28728.550763135616
28728.550763135616
28726.508503257584
28726.508503257584
28726.508503257584
28716.93782718104
28716.93782718104
28702.08630475492
28699.13869320044
28699.13869320044
28699.13869320044
28682.453615858332
28655.335640900397
28644.50515139054
28644.50515139054
28632.21003772818
28604.410233347757
28597.657197555247
28597.589825712705
28591.858926313726
28591.858926313726
28580.689311269918
28570.40360747456
28570.40360747456
28570.09746725017
28562.285937776516
28545.413159576914
28543.120653803115
28510.861740292406
28510.861740292406
28510.861740292406
28510.861740292406
28510.33195111952
28510.33195111952
28510.33195111952
28510.33195111952
28510.33195111952
28480.623119397656
28480.623119397656
28480.623119397656
28478.894710243374
28458.239194537426
28458.239194537426
28429.13867774556
28429.13867774556
28429.13867774556
28429.13867774556
28406.044050776494
28406.044050776494
28406.044050776494
28406.044050776494
28402.091117577555
28385.474981118015
28385.474981118015
28369.92822446715
28369.92822446715
28369.92822446715
28339.82003829198
28339.82003829198
28330.987376570392
28320.450782803426
28308.620561078114
28307.93434903452
28307.93434903452
28304.311109163595
28301.567811506262
28285.17994319468
28269.690532118613
28269.690532118613
28269.690532118613
28269.690532118613
28253.45996358571
28250.97206788141
28244.807573823633
28244.807573823633
28244.807573823633
28244.807573823633
28237.47453820305
28237.47453820305
28237.47453820305
28234.778498379746
28234.778498379746
28206.860332831246
28167.285349196904
28167.285349196904
28150.7448059886
28133.753755409907
28116.915829334608
28116.443658370248
28091.22906292376
28068.59888930112
28068.59888930112
28062.847651613243
28062.847651613243
28055.712321018113
28055.253671342387
28055.253671342387
28021.031072449627
28014.643343727992
28012.83569788498
28012.83569788498
27994.126409357923
27993.258058951575
27993.258058951575
27989.58246578255
27989.58246578255
27989.58246578255
27984.26631317228
27984.26631317228
27984.26631317228
27975.32300833788
27940.271902026547
27940.271902026547
27940.271902026547
27940.271902026547
27912.797811782337
27911.293490673313
27900.532556510432
27887.799114152072
27883.89481752696
27883.89481752696
27883.89481752696
27883.89481752696
27867.5981991578
27867.5981991578
27867.5981991578
27864.55209402711
27864.55209402711
27864.55209402711
27864.55209402711
27846.998047846264
27830.676232459286
27830.676232459286
27830.676232459286
27830.676232459286
27822.778070155437
27822.778070155437
27798.37603908822
27786.229741701878
27752.053589033778
27715.023301948862
27715.023301948862
27713.184424118215
27701.850928659853
27701.850928659853
27701.850928659853
27701.850928659853
27680.63222263469
27671.390291671873
27635.062550896757
27635.062550896757
27608.34447366481
27591.205646561582
27591.205646561582
27591.205646561582
27588.249164916488
27568.502326458995
27539.433043348934
27539.433043348934
27522.80255605537
27522.80255605537
27522.80255605537
27522.80255605537
27505.89184152323
27504.665130332436
27504.665130332436
27480.742271303618
27474.98689549089
27474.98689549089
27458.75324333371
27458.75324333371
27458.75324333371
27440.811081792162
27440.811081792162
27438.15721114149
27438.15721114149
27437.87248038703
27437.87248038703
27437.87248038703
27424.3864323117
27424.3864323117
27424.053967449316
27424.053967449316
27420.68961584074
27420.68961584074
27392.923729591836
27390.938891282043
27390.938891282043
27390.938891282043
27390.938891282043
27390.938891282043
27390.938891282043
27390.938891282043
27390.938891282043
27390.938891282043
27366.29598490349
27366.29598490349
27366.29598490349
27366.29598490349
27353.521719777757
27353.521719777757
27353.521719777757
27321.60658100166
27321.60658100166
27287.525346313476
27287.525346313476
27279.191332134247
27279.130973291245
27279.130973291245
27279.130973291245
27273.81680382792
27266.611555177835
27231.655985780777
27231.655985780777
27223.900306877396
27221.947630381976
27192.85148200209
27158.33674009353
27156.17975258006
27147.220864958275
27144.558790356165
27144.558790356165
27137.77493620194
27137.77493620194
27136.570452599775
27136.570452599775
27136.570452599775
27136.570452599775
27136.570452599775
27136.309049330033
27133.504377898866
27125.43534957751
27094.913657394714
27094.913657394714
27094.913657394714
27094.913657394714
27084.073850668334
27084.073850668334
27066.3008330932
27066.3008330932
27066.3008330932
27066.3008330932
27066.3008330932
27037.259089185336
27037.259089185336
27032.896985037518
27032.896985037518
27019.421141088606
27011.925410508025
26968.31642065541
26953.34064519667
26953.34064519667
26951.548616377604
26951.548616377604
26951.548616377604
26951.548616377604
26945.542142044327
26926.578598031974
26926.578598031974
26926.578598031974
26926.101938224372
26914.712507412867
26899.273200883305
26899.273200883305
26899.273200883305
26899.273200883305
26899.273200883305
26847.175267032675
26836.58681754315
26836.58681754315
26836.58681754315
26834.823169139432
26834.823169139432
26798.852213318467
26798.852213318467
26798.852213318467
26783.51535419382
26774.71745729038
26768.751682710008
26767.690085766968
26767.690085766968
26767.690085766968
26744.307780962263
26736.4840684275
26736.4840684275
26733.84403920938
26728.54116204428
26728.54116204428
26728.54116204428
26706.34277061474
26687.84205643268
26664.325408455104
26664.325408455104
26627.473762543978
26603.873891473202
26602.406842999597
26599.232517835004
26599.232517835004
26599.232517835004
26579.46322033656
26577.424577962105
26577.424577962105
26577.424577962105
26577.424577962105
26553.95029190791
26539.452730085966
26528.17098461069
26528.17098461069
26528.17098461069
26528.17098461069
26520.980836130024
26508.941313110772
26494.019629218365
26488.29859656232
26480.834487000342
26472.043531892894
26472.043531892894
26472.043531892894
26472.043531892894
26472.043531892894
26445.723017022505
26445.723017022505
26445.723017022505
26423.307726174327
26423.307726174327
26423.307726174327
26420.372994899375
26393.451246877194
26393.451246877194
26393.451246877194
26393.451246877194
26393.451246877194
26392.58422707683
26370.079508832823
26357.99039835519
26357.99039835519
26357.99039835519
26328.741098089984
26319.01442829205
26317.42628241947
26317.42628241947
26317.42628241947
26303.037038024086
26272.391804081308
26272.391804081308
26261.170834135413
26261.170834135413
26261.170834135413
26257.653826043206
26256.94902643105
26256.94902643105
26256.94902643105
26252.128858238757
26252.128858238757
26250.705906249164
26250.705906249164
26250.705906249164
26250.705906249164
26250.705906249164
26242.218579300465
26237.14701613287
26236.812227426257
26225.490733479797
26225.490733479797
26212.982093433442
26165.91703435825
26161.894735858707
26152.667513217777
26135.835767496064
26135.835767496064
26135.835767496064
26135.835767496064
26135.835767496064
26135.835767496064
26135.835767496064
26135.835767496064
26125.563976136735
26125.563976136735
26125.563976136735
26125.563976136735
26125.563976136735
26125.24955278598
26103.143612037627
26103.143612037627
26091.487153818933
26082.363453745475
26076.696557964413
26053.817094149697
26053.817094149697
26053.817094149697
26050.45875147528
26034.7974877048
26033.895689171062
26024.971257301135
26024.971257301135
26024.971257301135
26012.702938859056
26004.110493704546
25967.932308756714
25947.127427432926
25913.892597938026
25904.818785074094
25904.818785074094
25900.626004968963
25900.626004968963
25900.626004968963
25900.626004968963
25892.04167868768
25890.225444888107
25890.225444888107
25867.7802277972
25860.5769247103
25860.5769247103
25846.466122013557
25839.87387520943
25839.87387520943
25832.68094991177
25832.68094991177
25832.68094991177
25828.688781144734
25815.28408405668
25813.306310011558
25810.36717932978
25810.36717932978
25784.586135711394
25784.586135711394
25784.586135711394
25784.586135711394
25781.669069806798
25763.91501635573
25753.976767063115
25753.976767063115
25752.104741406994
25752.104741406994
25719.462366086547
25711.184152342896
25695.704542323278
25695.704542323278
25695.704542323278
25694.29612876088
25694.29612876088
25694.29612876088
25694.10690521937
25694.10690521937
25694.10690521937
25686.743257088896
25676.248196701206
25676.248196701206
25676.248196701206
25676.248196701206
25676.248196701206
25660.269159565574
25660.269159565574
25660.269159565574
25660.269159565574
25642.579669338018
25642.579669338018
25642.579669338018
25639.277316624968
25617.518459588016
25610.068778484998
25610.068778484998
25601.98386189175
25601.98386189175
25600.18785632043
25600.18785632043
25587.586343124967
25564.606568427676
25564.606568427676
25564.606568427676
25564.606568427676
25564.606568427676
25564.606568427676
25564.606568427676
25564.606568427676
25558.779681968314
25558.105405430375
25558.105405430375
25550.005164471666
25530.817527245035
25530.817527245035
25530.817527245035
25521.60756897724
25521.60756897724
25521.60756897724
25517.08121272412
25498.50874494422
25498.50874494422
25498.50874494422
25498.50874494422
25498.50874494422
25490.381667312922
25490.381667312922
25470.57824420172
25470.57824420172
25470.57824420172
25467.933015783667
25451.97749989931
25421.515564758247
25404.626433691657
25404.626433691657
25404.626433691657
25402.852517314994
25402.852517314994
25402.852517314994
25402.852517314994
25402.852517314994
25402.852517314994
25358.903768367905
25358.903768367905
25358.903768367905
25343.40968490361
25343.40968490361
25336.768272400222
25336.768272400222
25333.36098809649
25323.316236154435
25323.316236154435
25323.316236154435
25323.316236154435
25288.89922041547
25288.89922041547
25288.89922041547
25280.445124362217
25280.445124362217
25259.228874604
25256.68042411315
25256.68042411315
25256.68042411315
25238.797318127126
25213.68675462458
25213.68675462458
25194.774966180954
25194.774966180954
25182.332579562903
25155.04247647636
25131.770091874787
25131.770091874787
25131.770091874787
25123.62125212226
25123.62125212226
25117.727346730826
25117.727346730826
25110.03180553978
25107.79413811841
25105.77646779114
25105.77646779114
25105.77646779114
25105.77646779114
25105.77646779114
25104.034637286597
25104.034637286597
25104.034637286597
25104.034637286597
25091.07840235505
25091.07840235505
25074.353938720673
25048.463537272844
25038.752225840683
25038.752225840683
25033.078915405065
25028.474926324423
25023.2173036364
25014.278573251893
25014.191427137757
25014.191427137757
25009.88185580789
25009.88185580789
25009.88185580789
24997.49200874845
24997.49200874845
24997.49200874845
24997.49200874845
24997.49200874845
24997.49200874845
24968.94655919949
24945.353419052495
24937.99799733458
24937.99799733458
24930.9414713069
24930.9414713069
24930.9414713069
24928.53836376415
24926.68284267559
24920.68870530636
24920.68870530636
24920.68870530636
24912.564048046832
24912.564048046832
24902.040062988664
24877.76081386251
24868.890012972493
24848.385176059284
24846.715553183196
24842.75413580398
24813.61351976978
24802.16407895977
24802.16407895977
24802.16407895977
24797.545333571292
24797.545333571292
24781.730992641795
24781.730992641795
24762.140459880793
24762.140459880793
24749.13126320102
24738.056017273695
24729.859526534823
24729.859526534823
24729.859526534823
24703.918849049885
24688.9302264134
24688.9302264134
24663.197121057332
24647.32470601613
24616.43922309141
24616.43922309141
24616.43922309141
24616.43922309141
24609.96218791935
24598.984399837987
24598.984399837987
24598.984399837987
24598.984399837987
24577.811130078455
24577.811130078455
24577.811130078455
24577.811130078455
24568.77040393293
24550.311995867884
24548.135886566797
24548.135886566797
24547.043440752543
24525.523753624504
24525.523753624504
24518.941246229053
24515.665742788933
24515.665742788933
24515.665742788933
24496.533633591716
24495.98191895917
24493.37975813957
24486.964402831945
24453.76671415026
24453.76671415026
24438.87701145611
24438.87701145611
24438.87701145611
24438.87701145611
24434.009135348024
24414.02079433087
24414.02079433087
24414.02079433087
24404.9543240155
24404.9543240155
24404.9543240155
24392.274144799936
24392.274144799936
24392.274144799936
24392.274144799936
24392.274144799936
24378.14193956907
24378.14193956907
24372.409358748486
24372.409358748486
24372.409358748486
24371.136139141836
24371.136139141836
24367.591399838027
24367.591399838027
24367.591399838027
24367.591399838027
24367.591399838027
24355.6408341772
24335.49724023893
24335.49724023893
24335.49724023893
24330.72037125638
24315.257347896997
24295.338184895765
24279.451633679702
24279.451633679702
24263.853978629275
24249.782143996275
24249.782143996275
24224.768095056654
24224.768095056654
24217.75592288205
24195.465303746947
24189.25351599295
24178.73286950053
24174.05346965962
24174.05346965962
24162.97135542476
24162.97135542476
24148.83915464663
24110.15335702139
24110.15335702139
24102.121089893924
24091.41833816691
24063.871289059025
24063.871289059025
24060.375446732778
24049.236640981006
24049.236640981006
24021.753137428906
24021.753137428906
24017.187013083425
24009.91803236753
24009.91803236753
24008.731654021576
24008.731654021576
23999.735489111423
23999.735489111423
23991.61656194991
23990.018172906577
23990.018172906577
23990.018172906577
23990.018172906577
23990.018172906577
23990.018172906577
23966.678783081035
23966.29715981939
23959.793008236822
23957.83742709388
23954.589369194677
23935.23403253867
23913.215316213867
23913.215316213867
23913.215316213867
23913.215316213867
23913.215316213867
23892.890586159858
23888.89240547991
23872.851049956065
23872.851049956065
23872.851049956065
23872.851049956065
23872.851049956065
23872.111983187217
23872.111983187217
23872.111983187217
23868.20903055127
23860.67596632791
23854.57908715254
23825.82087132535
23813.0068242131
23813.0068242131
23813.0068242131
23806.70885894855
23806.70885894855
23804.588734729372
23795.673413932884
23795.673413932884
23795.673413932884
23779.692947956384
23779.692947956384
23755.300897814086
23755.300897814086
23755.300897814086
23731.726395573347
23731.13452743598
23731.13452743598
23731.13452743598
23727.13569636288
23703.137142996497
23703.137142996497
23691.9855777541
23643.218998540062
23629.987594541475
23624.70100528439
23620.975194962422
23620.975194962422
23609.213163577766
23609.213163577766
23606.279547423113
23606.279547423113
23598.315871878087
23598.315871878087
23580.915081526837
23579.216273982584
23565.903582478502
23544.100228016752
23544.100228016752
23544.100228016752
23540.614804251883
23527.692240986773
23523.81445598023
23523.81445598023
23507.85910185475
23470.191571554235
23453.84250412095
23453.84250412095
23453.84250412095
23452.00412870956
23448.52595418677
23442.920159097834
23442.920159097834
23442.920159097834
23416.979202381153
23401.370747710924
23400.0384207243
23381.216832492566
23381.216832492566
23381.216832492566
23381.216832492566
23381.216832492566
23381.216832492566
23371.27234156692
23371.27234156692
23368.10309128495
23340.56551744527
23334.98645800899
23324.35456540929
23324.35456540929
23315.136807869745
23297.480390618493
23297.480390618493
23297.480390618493
23297.480390618493
23290.670003761694
23271.285100958703
23271.285100958703
23263.735535064137
23263.735535064137
23253.147575571904
23222.436496693925
23193.224485421284
23187.3900425457
23181.145720667315
23181.145720667315
23176.09360773185
23167.303333741227
23167.303333741227
23161.364041890552
23156.203236784117
23156.126348727907
23156.126348727907
23145.115048456326
23145.115048456326
23139.176782645904
23139.176782645904
23139.176782645904
23139.176782645904
23123.095250373757
23123.095250373757
23123.095250373757
23103.390590705912
23103.390590705912
23103.390590705912
23103.390590705912
23103.390590705912
23103.390590705912
23099.925657168016
23099.714557832893
23095.80402418055
23094.04404017804
23094.04404017804
23094.04404017804
23094.04404017804
23062.443438441423
23044.49383544126
23044.49383544126
23044.49383544126
23039.588916567085
23032.591085284857
23032.591085284857
23004.405736605808
23004.405736605808
23004.405736605808
23004.405736605808
23004.405736605808
22988.144465109122
22985.343369444057
22973.8754704689
22957.484817620563
22945.03687251083
22945.03687251083
22945.03687251083
22945.03687251083
22945.03687251083
22945.03687251083
22945.03687251083
22945.03687251083
22945.03687251083
22928.389670805995
22928.389670805995
22928.389670805995
22928.389670805995
22924.905155421202
22924.905155421202
22924.905155421202
22924.905155421202
22924.905155421202
22906.040397867477
22906.040397867477
22893.81231137413
22893.81231137413
22887.78907065888
22845.777937276936
22826.47585168068
22826.47585168068
22825.47367877438
22820.737576663225
22820.737576663225
22820.737576663225
22820.737576663225
22820.737576663225
22820.737576663225
22820.737576663225
22802.643293646874
22777.368700971077
22777.368700971077
22776.106447875954
22770.393400417088
22770.393400417088
22767.92581801964
22767.92581801964
22767.92581801964
22748.8165589284
22748.8165589284
22748.8165589284
22742.19931988417
22742.19931988417
22742.19931988417
22742.19931988417
22738.084184395335
22738.084184395335
22738.084184395335
22728.868971672222
22728.868971672222
22721.85167667334
22721.85167667334
22721.85167667334
22715.27917488948
22715.27917488948
22715.27917488948
22715.27917488948
22703.95664115865
22703.95664115865
22669.86205715656
22646.568424993755
22646.568424993755
22646.445907108187
22646.445907108187
22608.059309876855
22606.091469890343
22606.091469890343
22606.091469890343
22585.416355410838
22579.462749276172
22552.931443559504
22540.807853072813
22540.807853072813
22540.807853072813
22526.01246691297
22526.01246691297
22526.01246691297
22505.37790371029
22505.358779304363
22503.29223346508
22480.262298709848
22463.410655550648
22463.410655550648
22463.410655550648
22462.035075401025
22462.035075401025
22462.035075401025
22451.867632430865
22447.922738005283
22426.482448223494
22426.482448223494
22417.015416548773
22417.015416548773
22405.95387555239
22403.502949034188
22382.879205335834
22382.879205335834
22377.012887565023
22364.348099010644
22362.032486933833
22362.032486933833
22340.100388681265
22340.100388681265
22331.04396258961
22331.04396258961
22331.04396258961
22312.89769544027
22312.89769544027
22312.89769544027
22302.414951988758
22302.414951988758
22302.414951988758
22273.920530835832
22273.920530835832
22273.920530835832
22273.920530835832
22270.356569074833
22255.670636370793
22255.670636370793
22226.40872215196
22221.585119807005
22221.585119807005
22221.585119807005
22195.515086267107
22192.012234162365
22183.804596856142
22183.804596856142
22183.804596856142
22171.224868094447
22169.105534206563
22169.105534206563
22169.105534206563
22157.935922018405
22154.728245809107
22154.728245809107
22136.842589126645
22114.68939696618
22114.68939696618
22111.06166059514
22102.71890741518
22102.71890741518
22102.71890741518
22096.510783982896
22096.510783982896
22096.510783982896
22096.510783982896
22087.100772178823
22087.100772178823
22086.835107619016
22086.835107619016
22086.835107619016
22086.835107619016
22067.51394138239
22059.886831824242
22047.954337967763
22047.954337967763
22040.328999359026
22040.328999359026
22040.328999359026
22022.67615392258
22022.67615392258
22022.67615392258
22011.14425224707
22011.14425224707
22011.14425224707
21992.894995933213
21992.894995933213
21992.894995933213
21976.058787495862
21970.107896499037
21970.107896499037
21970.107896499037
21970.107896499037
21946.720505654062
21925.59473710619
21921.644080674538
21921.644080674538
21921.644080674538
21921.644080674538
21921.644080674538
21921.644080674538
21921.644080674538
21921.644080674538
21906.81873012576
21906.81873012576
21906.81873012576
21906.81873012576
21888.269468949984
21882.38169736501
21866.103199095138
21861.711688052077
21853.373922274706
21845.948083113464
21840.63617499961
21819.668721197213
21796.74729430432
21783.705366058788
21775.211012627224
21758.562469434975
21755.864901491135
21740.083930095407
21740.083930095407
21731.92162997984
21731.92162997984
21731.263393439764
21731.263393439764
21715.250072881092
21708.869222831083
21708.869222831083
21697.564720280843
21683.3761036291
21683.3761036291
21683.3761036291
21683.3761036291
21675.08350071207
21647.941298614878
21646.42893182441
21625.772533093572
21609.8666856191
21609.8666856191
21607.672699252555
21607.672699252555
21595.83320839417
21595.83320839417
21587.793523852735
21587.793523852735
21587.793523852735
21576.42790444852
21576.42790444852
21576.42790444852
21576.42790444852
21563.321054711596
21563.321054711596
21548.945440084233
21548.945440084233
21542.855957086602
21533.679503434425
21533.679503434425
21527.81514763241
21526.283281628737
21506.0412874443
21504.706016476746
21498.931361379502
21490.58228646746
21490.58228646746
21480.53026485492
21467.35200705612
21461.91343123082
21461.91343123082
21446.009698554815
21446.009698554815
21445.193419461088
21443.027522908564
21425.649567328248
21409.013779126704
21409.013779126704
21378.998895912515
21378.998895912515
21378.998895912515
21378.998895912515
21378.998895912515
21378.998895912515
21378.998895912515
21364.761482220267
21364.761482220267
21364.761482220267
21364.761482220267
21355.365885965744
21349.304955864507
21344.208439504746
21344.208439504746
21335.10374766261
21317.966247159038
21317.966247159038
21317.966247159038
21303.825179832296
21303.825179832296
21303.825179832296
21302.037819191202
21302.037819191202
21284.467866600673
21284.467866600673
21267.099310087964
21244.216789867605
21244.216789867605
21236.238843080708
21236.238843080708
21236.238843080708
21236.238843080708
21229.73255536474
21229.73255536474
21220.740918461117
21220.740918461117
21202.95767884861
21202.95767884861
21201.993970423282
21201.993970423282
21201.993970423282
21197.416145065446
21197.416145065446
21197.416145065446
21189.373976053215
21184.549690819305
21184.549690819305
21163.90031333801
21163.90031333801
21163.90031333801
21163.90031333801
21162.96290803103
21162.96290803103
21162.96290803103
21154.506312793517
21122.57208136373
21121.93439540495
21121.93439540495
21114.86254832633
21102.666307825013
21097.294626876726
21069.693335225722
21069.693335225722
21069.693335225722
21043.286750118452
21043.286750118452
21043.286750118452
21043.286750118452
21042.35882441292
21042.35882441292
21039.62648774006
21030.933670421873
21022.234426374445
21022.234426374445
21022.234426374445
21007.866163503168
21007.866163503168
21006.706390397772
21006.706390397772
21006.706390397772
21006.706390397772
21002.32009498549
21002.32009498549
21002.32009498549
21002.32009498549
20993.26728916467
20993.26728916467
20986.69800937759
20986.69800937759
20985.535404340404
20985.535404340404
20972.955553791628
20963.2723893244
20953.543950940813
20953.543950940813
20953.519695052964
20953.519695052964
20941.720987942525
20927.377757152302
20927.377757152302
20923.92815735013
20923.92815735013
20923.92815735013
20923.92815735013
20922.800256496415
20922.800256496415
20922.800256496415
20914.365565441232
20914.365565441232
20897.71691148517
20897.71691148517
20897.71691148517
20897.71691148517
20897.71691148517
20897.71691148517
20897.71691148517
20887.906818335934
20862.77236777639
20837.886718527592
20837.886718527592
20837.886718527592
20837.886718527592
20837.886718527592
20837.886718527592
20823.516353419087
20823.516353419087
20813.20486732735
20813.20486732735
20813.20486732735
20813.20486732735
20813.20486732735
20813.20486732735
20813.20486732735
20811.20996520241
20785.152861502735
20765.287540072855
20765.287540072855
20748.535974196893
20744.609389681358
20720.59574209966
20708.944101844623
20708.944101844623
20692.659127150164
20692.659127150164
20691.833317545323
20691.833317545323
20665.713970580407
20665.713970580407
20665.713970580407
20655.130143024817
20655.130143024817
20630.37245022453
20630.37245022453
20630.37245022453
20626.856812529582
20626.856812529582
20598.813668805673
20598.813668805673
20598.813668805673
20598.813668805673
20598.813668805673
20589.05223905543
20576.593983159524
20576.593983159524
20576.593983159524
20576.593983159524
20576.593983159524
20556.877972765633
20556.877972765633
20556.877972765633
20535.032295510016
20529.768670061934
20523.275002367773
20518.10492309539
20497.31548223231
20497.31548223231
20497.31548223231
20480.683136194242
20480.683136194242
20480.683136194242
20464.06757829027
20455.09755866714
20455.09755866714
20455.09755866714
20455.09755866714
20430.763503157687
20430.763503157687
20422.791766303253
20422.791766303253
20422.791766303253
20422.791766303253
20422.791766303253
20422.791766303253
20422.791766303253
20402.796063093054
20392.827420314527
20383.072202228635
20383.072202228635
20375.734616873364
20366.663903369896
20366.663903369896
20366.663903369896
20343.24845006987
20343.24845006987
20338.69230230811
20315.62579224085
20315.62579224085
20314.85791027671
20299.31162329642
20284.16430580263
20284.16430580263
20284.16430580263
20284.16430580263
20273.147172757785
20267.609785909342
20267.609785909342
20267.609785909342
20250.0160553254
20250.0160553254
20250.0160553254
20233.826114168114
20233.826114168114
20233.826114168114
20229.95185661364
20223.40784031718
20223.40784031718
20210.998581164553
20200.623635532676
20200.623635532676
20200.623635532676
20196.996629565438
20159.089035354977
20140.98292915
20140.98292915
20129.269483681583
20129.269483681583
20129.269483681583
20129.269483681583
20129.269483681583
20129.269483681583
20129.269483681583
20117.40733128203
20110.659317380883
20108.687565081
20108.687565081
20108.687565081
20089.401303011724
20073.47891756369
20073.47891756369
20073.47891756369
20052.546921255536
20052.546921255536
20052.546921255536
20052.546921255536
20052.546921255536
20052.546921255536
20039.141742351218
20039.141742351218
20036.46022009285
20027.97665858432
20027.97665858432
20027.97665858432
19990.772741616674
19990.772741616674
19975.006835089403
19975.006835089403
19975.006835089403
19974.999851434965
19974.999851434965
19972.97098072234
19971.99324330106
19971.99324330106
19947.26387979398
19945.039897513467
19931.057289873133
19928.80743073864
19914.424294702432
19914.424294702432
19902.529484840114
19894.675193291067
19894.675193291067
19887.401970123174
19887.401970123174
19875.525862275266
19854.646037805895
19828.31133985762
19824.443585297635
19824.443585297635
19804.43902843925
19801.14795971759
19801.14795971759
19798.921902334678
19792.430970678073
19777.388834385045
19777.388834385045
19752.224585477397
19740.57687467448
19740.57687467448
19740.57687467448
19740.57687467448
19740.57687467448
19740.57687467448
19740.57687467448
19740.57687467448
19740.57687467448
19727.551571089974
19724.946944342155
19724.946944342155
19724.946944342155
19724.946944342155
19724.946944342155
19724.946944342155
19716.223761325607
19714.007327981784
19714.007327981784
19714.007327981784
19710.638488819342
19681.0880175872
19681.0880175872
19681.0880175872
19680.36521027532
19680.36521027532
19680.36521027532
19680.36521027532
19661.98326811819
19657.152688711034
19656.021443524463
19648.502504809607
19619.736046752227
19611.89675864785
19595.56501231374
19595.56501231374
19595.56501231374
19595.56501231374
19595.56501231374
19595.56501231374
19569.343598618056
19544.434602345707
19544.434602345707
19544.434602345707
19539.759965007484
19539.759965007484
19539.759965007484
19539.759965007484
19539.759965007484
19538.785331614235
19532.599660314223
19531.244373672103
19510.556544785453
19501.930015415273
19500.43645514921
19495.55845563918
19495.55845563918
19493.084721010993
19493.084721010993
19493.084721010993
19486.617700332852
19486.617700332852
19486.617700332852
19463.48493440555
19441.479551988177
19424.780934291928
19393.54034608628
19393.54034608628
19393.54034608628
19381.320795922504
19379.952784534584
19379.952784534584
19379.952784534584
19357.508819099385
19357.508819099385
19352.679680828882
19352.679680828882
19352.679680828882
19349.851002916723
19339.645531868166
19339.645531868166
19339.645531868166
19326.420189783126
19316.181075090655
19316.181075090655
19313.799867445916
19313.799867445916
19293.094049176467
19277.20613913097
19277.20613913097
19277.20613913097
19277.20613913097
19277.20613913097
19277.20613913097
19266.22330499406
19266.22330499406
19254.61374615225
19254.61374615225
19247.33533530143
19247.33533530143
19228.56899049601
19205.239959364637
19205.239959364637
19186.840233900577
19176.116259023434
19172.148455327795
19155.463079854497
19149.407449889663
19149.407449889663
19114.260300536294
19097.567307473684
19095.59213036709
19095.59213036709
19092.013393827223
19091.498512010385
19078.50746493597
19078.50746493597
19078.50746493597
19071.68478180839
19071.68478180839
19066.49706713558
19066.49706713558
19066.49706713558
19058.69030628869
19058.69030628869
19045.97593567294
19043.033119733616
19034.878226505803
19034.878226505803
19034.878226505803
19034.878226505803
19034.878226505803
19034.878226505803
19034.81409040198
19034.81409040198
19024.0504633692
19024.0504633692
19024.0504633692
19024.0504633692
19024.0504633692
19024.0504633692
19008.56473895702
19003.589451999436
19003.589451999436
19003.589451999436
18984.092492406657
18984.092492406657
18984.092492406657
18984.092492406657
18984.092492406657
18984.092492406657
18984.092492406657
18984.092492406657
18981.180962043585
18981.180962043585
18967.927374379044
18967.927374379044
18963.00179635378
18962.508604084418
18962.508604084418
18961.69925183116
18946.87810958376
18945.696246494463
18944.795623597405
18944.795623597405
18944.795623597405
18944.795623597405
18944.139980632182
18933.52592809638
18932.66600944192
18925.131074611094
18915.405226269733
18913.10914894994
18877.781772925522
18877.781772925522
18877.059005751522
18877.059005751522
18872.42390598584
18872.42390598584
18851.828792076558
18851.828792076558
18846.37251068383
18846.37251068383
18846.37251068383
18846.37251068383
18836.528603989947
18824.69520997515
18824.69520997515
18810.598867682525
18808.18523453386
18792.70847598751
18792.70847598751
18792.70847598751
18764.458575613706
18757.43805405145
18757.43805405145
18757.43805405145
18736.326950856954
18733.6310329371
18726.749665832464
18726.749665832464
18726.749665832464
18726.749665832464
18726.749665832464
18718.255732758258
18708.83146830068
18708.83146830068
18708.83146830068
18708.83146830068
18708.83146830068
18708.83146830068
18708.83146830068
18708.83146830068
18708.83146830068
18708.83146830068
18708.83146830068
18687.546536388014
18684.21615673583
18667.847309729575
18666.67619162692
18654.21310025553
18644.68453103666
18643.108642902276
18643.108642902276
18643.108642902276
18643.108642902276
18643.108642902276
18643.108642902276
18643.108642902276
18643.030340816873
18643.030340816873
18627.32316504524
18616.938913782174
18610.551840517048
18605.988236879697
18603.574102931707
18600.96540638046
18594.191256789076
18594.140716407208
18591.192963117042
18591.192963117042
18591.192963117042
18591.192963117042
18591.192963117042
18586.921210672346
18584.69488308821
18571.14219079734
18571.14219079734
18567.52736788353
18567.52736788353
18566.513586421803
18561.39647022294
18561.39647022294
18552.386519558957
18543.161498284233
18543.161498284233
18543.161498284233
18543.161498284233
18543.161498284233
18543.161498284233
18533.230134625053
18501.86827769343
18501.86827769343
18501.86827769343
18479.168098021637
18479.168098021637
18467.077503978682
18463.375686706207
18463.375686706207
18463.375686706207
18450.348049026536
18450.348049026536
18450.348049026536
18436.20966258199
18422.014217690576
18421.705424240725
18421.705424240725
18421.705424240725
18395.479970605244
18395.479970605244
18395.479970605244
18395.479970605244
18388.206951427906
18388.206951427906
18382.344745866936
18382.344745866936
18373.352529384945
18362.076695566295
18362.076695566295
18350.916883643866
18350.916883643866
18350.916883643866
18346.99594383546
18318.219805586115
18318.219805586115
18318.219805586115
18318.219805586115
18318.219805586115
18312.122326077122
18312.122326077122
18297.587198828955
18286.549881613413
18286.549881613413
18286.10525171837
18286.10525171837
18286.10525171837
18286.10525171837
18264.663170459775
18264.663170459775
18250.694012166143
18233.318521939298
18219.243093870162
18219.243093870162
18219.243093870162
18215.948878733798
18191.185473394242
18191.185473394242
18179.93382356253
18165.293307950153
18165.293307950153
18149.936091056177
18146.15236871771
18146.15236871771
18134.960139632098
18134.960139632098
18132.507954123907
18124.410871137676
18124.410871137676
18111.33899960217
18107.94233968141
18107.94233968141
18104.72667018954
18104.72667018954
18104.72667018954
18104.72667018954
18098.32041071865
18098.32041071865
18098.32041071865
18098.32041071865
18087.79461375886
18087.79461375886
18087.79461375886
18087.79461375886
18084.826685372314
18084.826685372314
18055.516566851566
18055.516566851566
18055.516566851566
18048.543185145056
18048.543185145056
18048.543185145056
18043.96024134515
18043.96024134515
18043.96024134515
18043.96024134515
18043.96024134515
18020.389531535242
18020.389531535242
18020.389531535242
18020.389531535242
18005.893231372433
18005.893231372433
17990.57007753665
17990.57007753665
17986.431016458508
17986.431016458508
17957.44315473818
17940.853410473504
17940.853410473504
17928.480641167385
17915.075874199865
17915.075874199865
17903.534757110407
17903.534757110407
17888.95156656801
17876.854170301733
17868.414144657185
17868.414144657185
17868.414144657185
17866.167273713632
17855.109250798985
17839.328592946753
17839.328592946753
17833.200468000683
17829.903219619297
17802.58462136088
17802.58462136088
17802.58462136088
17802.58462136088
17802.58462136088
17802.58462136088
17802.58462136088
17802.58462136088
17794.03352432091
17782.387151842435
17782.387151842435
17782.387151842435
17778.44699879604
17746.185897352465
17746.185897352465
17734.590738773713
17734.590738773713
17734.590738773713
17734.590738773713
17699.899058716914
17699.899058716914
17699.899058716914
17699.899058716914
17699.899058716914
17691.661304539743
17675.48087552258
17668.717028759762
17664.69895377379
17664.69895377379
17664.69895377379
17664.69895377379
17664.69895377379
17664.69895377379
17664.69895377379
17661.716668217763
17646.83053283579
17646.83053283579
17646.83053283579
17646.83053283579
17646.83053283579
17646.83053283579
17646.83053283579
17638.43230378092
17638.43230378092
17638.43230378092
17622.54645445131
17612.987312847097
17609.24655565534
17588.326967061552
17588.326967061552
17587.980819886587
17587.980819886587
17587.980819886587
17581.119264323544
17581.119264323544
17581.119264323544
17575.38312029118
17567.640140685147
17567.640140685147
17558.753796139412
17551.601353780214
17551.601353780214
17551.601353780214
17533.447797755987
17533.447797755987
17533.342132071473
17526.450510190043
17526.450510190043
17519.431210582603
17519.431210582603
17518.83500995174
17516.183749487038
17500.327517213394
17480.196386161904
17479.067091104887
17465.684076407837
17465.684076407837
17465.1132263821
17455.80403510263
17455.80403510263
17455.80403510263
17446.780785541614
17446.780785541614
17446.780785541614
17431.259426166573
17431.259426166573
17406.870077692907
17406.870077692907
17392.81882628699
17392.81882628699
17392.81882628699
17392.81882628699
17382.597508174775
17382.597508174775
17382.597508174775
17382.118191339523
17382.118191339523
17382.118191339523
17382.118191339523
17368.372451291172
17368.372451291172
17368.372451291172
17368.372451291172
17352.63163868262
17342.16060824177
17342.16060824177
17338.544200947857
17338.544200947857
17338.544200947857
17338.544200947857
17326.14938516874
17324.692325837965
17324.692325837965
17323.982432334204
17323.982432334204
17323.982432334204
17322.727254207526
17312.02813040102
17312.02813040102
17306.71183828117
17298.66051222029
17298.66051222029
17298.66051222029
17287.806236086733
17284.069262985115
17284.069262985115
17282.542157821405
17282.542157821405
17262.259667506092
17262.259667506092
17254.738711680075
17254.738711680075
17242.78717578582
17242.78717578582
17242.78717578582
17232.19691806978
17227.33030712418
17227.33030712418
17227.33030712418
17224.617106923153
17196.88338810039
17196.88338810039
17195.793968842685
17195.793968842685
17183.9144455458
17183.9144455458
17183.9144455458
17183.9144455458
17168.769837776475
17168.769837776475
17153.450839203713
17144.67227467918
17122.275389828712
17122.275389828712
17122.275389828712
17116.634031257705
17111.68522956392
17103.205335070226
17090.31315215391
17072.335856950194
17072.335856950194
17072.335856950194
17049.39833873253
17049.39833873253
17028.902491920835
17009.503558617387
17009.503558617387
17009.503558617387
16992.725294497104
16992.725294497104
16992.725294497104
16992.725294497104
16992.725294497104
16973.864383178887
16973.864383178887
16961.807445998562
16961.807445998562
16944.321583742847
16930.555000110024
16930.555000110024
16930.555000110024
16930.555000110024
16919.511105150872
16913.866645014637
16897.05382854994
16875.004405228636
16862.204564733725
16862.204564733725
16856.240407739668
16839.814326440253
16832.299129493687
16822.587712174965
16822.587712174965
16822.587712174965
16822.587712174965
16822.587712174965
16822.587712174965
16799.749863888992
16790.299858228544
16790.299858228544
16777.95831928882
16777.95831928882
16769.156023495998
16769.156023495998
16769.156023495998
16768.34328486215
16768.34328486215
16768.34328486215
16750.67026720653
16750.67026720653
16743.94206067101
16742.543160275083
16742.543160275083
16731.610833326235
16731.610833326235
16731.610833326235
16728.394350147122
16724.592184794703
16716.648626785405
16697.13745088603
16697.13745088603
16697.13745088603
16696.613930105963
16696.613930105963
16672.065950974473
16672.065950974473
16663.34593609024
16663.34593609024
16652.036138327756
16652.036138327756
16652.036138327756
16652.036138327756
16650.900919350166
16650.900919350166
16650.900919350166
16650.900919350166
16650.900919350166
16629.081636863968
16615.523612785815
16585.244040353926
16585.244040353926
16585.244040353926
16573.067603951506
16573.067603951506
16573.067603951506
16573.067603951506
16568.46930062198
16562.945588821785
16562.945588821785
16562.945588821785
16556.417485541573
16533.147081778396
16513.673263739143
16513.673263739143
16513.673263739143
16509.185926330512
16507.931750937933
16493.06736591232
16492.709142221163
16479.15258715529
16463.241349524735
16449.02338923888
16449.02338923888
16449.02338923888
16440.83499361727
16440.83499361727
16440.83499361727
16424.66466658256
16424.66466658256
16424.66466658256
16419.03970321082
16419.03970321082
16419.03970321082
16406.83966822765
16406.83966822765
16405.071590617932
16382.984735788405
16369.869824542022
16356.60044662866
16328.975165871463
16326.498441908445
16309.303866073065
16295.196272770714
16295.196272770714
16290.363787914132
16287.406518623577
16274.025646863427
16274.025646863427
16274.025646863427
16274.025646863427
16274.025646863427
16269.828076370852
16268.860905877616
16244.76935500234
16234.362264406987
16234.362264406987
16228.255746179279
16228.255746179279
16228.255746179279
16213.819808112296
16213.819808112296
16213.819808112296
16213.687642350977
16213.687642350977
16213.687642350977
16195.857030629493
16195.857030629493
16189.748151331882
16189.748151331882
16189.748151331882
16173.875365588365
16173.875365588365
16173.875365588365
16159.162454010268
16149.262561321835
16138.018345266973
16128.404452291028
16128.404452291028
16128.404452291028
16128.404452291028
16128.404452291028
16120.84110510171
16093.992574015083
16093.992574015083
16092.253809761212
16089.555412690792
16089.555412690792
16078.351357247186
16058.410471133164
16058.410471133164
16058.410471133164
16040.068744086064
16037.65811011101
16029.180641562329
16029.180641562329
16018.562784743912
16018.562784743912
15999.239385849825
15976.712133397874
15969.237586953097
15967.599881328537
15967.599881328537
15967.599881328537
15967.599881328537
15965.537773759379
15965.537773759379
15965.537773759379
15955.173414494195
15952.117263414564
15934.61202425231
15929.293117299485
15910.405166708846
15904.938641278428
15892.107967496988
15892.107967496988
15880.1306686448
15880.1306686448
15865.897826912429
15849.23782045898
15834.531532518131
15834.531532518131
15819.02552225732
15819.02552225732
15812.069365906918
15809.91663465308
15809.91663465308
15806.15566405156
15803.473600710815
15794.973311567843
15794.973311567843
15789.232643643229
15774.486374835471
15774.486374835471
15774.486374835471
15758.35818818037
15758.040404416382
15758.040404416382
15758.040404416382
15749.316026259097
15749.316026259097
15749.316026259097
15748.492594897845
15748.492594897845
15742.046077531339
15742.046077531339
15727.261092615556
15727.261092615556
15727.261092615556
15714.844861722118
15710.800429032706
15710.800429032706
15710.800429032706
15703.62442262008
15697.894117679303
15696.911250897945
15696.911250897945
15696.911250897945
15691.52155136083
15683.993100582155
15680.682239932643
15680.682239932643
15672.17642049717
15672.17642049717
15672.17642049717
15651.051498455698
15651.051498455698
15638.811283336709
15638.749012136352
15638.749012136352
15638.749012136352
15638.749012136352
15638.749012136352
15638.749012136352
15638.749012136352
15638.749012136352
15638.749012136352
15633.064588188246
15633.064588188246
15633.064588188246
15622.874552377114
15615.748454026581
15613.157043371086
15613.157043371086
15613.157043371086
15613.157043371086
15613.157043371086
15603.208260257543
15603.208260257543
15598.409208643663
15590.314848587794
15577.453604402257
15569.559928123466
15569.559928123466
15569.559928123466
15551.32684785619
15538.696076204038
15510.126817367785
15481.560788715775
15481.560788715775
15471.92551376051
15466.372464504866
15463.264904960628
15439.36813815226
15436.483135559174
15436.483135559174
15436.483135559174
15432.466004354266
15416.581057933392
15416.581057933392
15392.965278261952
15392.965278261952
15374.47842214707
15373.841537537686
15373.841537537686
15360.149475929622
15360.149475929622
15360.149475929622
15360.149475929622
15360.149475929622
15360.149475929622
15360.149475929622
15360.149475929622
15358.750454707038
15344.878849014987
15344.878849014987
15331.353977043842
15321.77114108211
15321.77114108211
15321.77114108211
15321.77114108211
15321.77114108211
15310.967536073225
15310.967536073225
15310.967536073225
15310.967536073225
15310.967536073225
15300.325109847681
15300.325109847681
15300.325109847681
15300.325109847681
15300.325109847681
15300.325109847681
15300.325109847681
15289.192478427085
15289.192478427085
15268.085468052037
15256.799789257982
15256.799789257982
15256.799789257982
15248.61694291155
15228.801238722723
15228.801238722723
15228.801238722723
15225.54771218958
15221.579587904347
15220.59256254005
15220.59256254005
15220.59256254005
15213.56530170838
15206.861928732505
15192.124745332372
15192.124745332372
15192.124745332372
15187.621337269347
15187.621337269347
15187.621337269347
15186.95113881383
15181.039732544254
15177.759384880368
15175.806223703432
15174.896800112749
15169.934069837711
15160.754731662775
15160.754731662775
15160.754731662775
15156.755253867013
15150.821173043227
15134.099610924253
15129.651806468579
15122.121127972685
15122.121127972685
15122.121127972685
15122.121127972685
15122.121127972685
15122.121127972685
15108.58854022261
15098.904782728005
15098.904782728005
15086.650601946114
15082.240398888174
15068.892261175015
15068.892261175015
15068.892261175015
15064.755706804917
15059.425790995525
15059.425790995525
15059.425790995525
15054.317572094656
15051.79663952125
15051.79663952125
15041.773591094205
15035.591934884691
15035.591934884691
15032.780764822419
15032.780764822419
15019.535678491215
15019.535678491215
15019.535678491215
15013.620798694681
14984.673716185038
14984.673716185038
14984.673716185038
14984.673716185038
14970.059958409234
14967.851701543595
14967.851701543595
14945.75184362822
14940.092531152368
14928.16044346216
14923.788598853813
14922.630289956533
14922.630289956533
14902.741808248013
14902.741808248013
14902.741808248013
14892.999559817674
14871.32955858697
14849.968602765819
14838.170079482412
14838.170079482412
14838.170079482412
14836.473252524864
14836.473252524864
14836.473252524864
14836.473252524864
14836.473252524864
14836.473252524864
14836.473252524864
14836.473252524864
14824.025117720774
14808.606595519885
14808.606595519885
14808.606595519885
14808.606595519885
14808.606595519885
14803.308834250673
14797.512800002562
14797.512800002562
14790.484154091922
14790.484154091922
14788.701377726069
14768.525441931753
14757.023324585856
14757.023324585856
14757.023324585856
14751.26299216915
14751.26299216915
14751.26299216915
14751.26299216915
14741.839747073878
14729.423042811939
14715.595995981945
14713.768162099435
14713.768162099435
14696.418349072992
14696.418349072992
14696.418349072992
14696.418349072992
14696.418349072992
14678.157512201647
14678.157512201647
14678.157512201647
14678.157512201647
14667.685032665047
14663.892259244178
14663.892259244178
14663.892259244178
14663.892259244178
14645.137027828956
14635.939993748685
14635.939993748685
14635.939993748685
14635.939993748685
14635.939993748685
14635.939993748685
14635.939993748685
14628.428202372683
14625.438909769971
14625.438909769971
14625.438909769971
14609.765641931253
14596.888456484367
14596.888456484367
14586.827026708157
14586.827026708157
14586.827026708157
14586.827026708157
14573.074654045517
14573.074654045517
14564.650252455476
14562.579807878974
14539.024648942512
14539.024648942512
14539.024648942512
14531.966900591813
14522.384088155153
14522.384088155153
14522.384088155153
14522.384088155153
14522.384088155153
14505.085253514784
14489.909412979898
14489.909412979898
14489.909412979898
14489.909412979898
14481.675997726534
14481.675997726534
14481.675997726534
14480.532020816912
14478.836444382057
14478.836444382057
14478.836444382057
14478.836444382057
14478.836444382057
14478.836444382057
14478.836444382057
14477.308008646389
14475.470092872312
14475.470092872312
14467.2841281746
14467.2841281746
14467.2841281746
14467.2841281746
14467.2841281746
14465.492099496476
14456.619258560122
14456.619258560122
14450.553107496185
14443.45649114932
14435.98611033662
14435.98611033662
14428.412234354097
14428.412234354097
14428.412234354097
14397.431378271434
14397.431378271434
14397.431378271434
14389.958352141351
14379.77171229443
14379.77171229443
14379.77171229443
14350.365771647967
14350.365771647967
14343.318558682759
14319.795851728622
14319.795851728622
14308.210587233569
14308.210587233569
14306.403700224342
14300.848678313869
14300.848678313869
14291.653264685961
14291.653264685961
14282.793658067923
14263.554063757183
14254.728101800225
14254.728101800225
14254.728101800225
14254.728101800225
14254.728101800225
14244.20424836684
14244.20424836684
14244.20424836684
14226.632879649726
14226.632879649726
14215.306132245243
14206.913887359133
14201.026210348473
14184.045672847056
14176.231138961159
14176.231138961159
14167.863289199768
14167.863289199768
14167.863289199768
14167.863289199768
14167.863289199768
14167.863289199768
14167.863289199768
14161.339952696659
14153.447921048904
14148.633784918806
14141.73333829848
14141.73333829848
14136.983223796266
14132.557338189656
14132.557338189656
14122.094952784391
14122.094952784391
14106.26961399744
14106.26961399744
14106.26961399744
14101.737419446821
14101.737419446821
14093.286454239182
14081.398937361897
14077.15540793208
14077.15540793208
14077.15540793208
14060.178227789513
