28987.63726903617
28987.63726903617
28969.576718975863
28966.82831520508
28966.82831520508
28966.82831520508
28945.65668521745
28921.95049114507
28921.95049114507
28908.858649614758
28897.653279687966
28897.653279687966
28897.653279687966
28894.11801938409
28874.03075044308
28860.913944669148
28860.913944669148
28807.247111909768
28803.532243138496
28795.7756911484
28795.7756911484
28778.646014292714
28766.906590727365
28766.906590727365
28765.852373066737
28757.105547366104
28751.565442987805
28751.565442987805
28751.565442987805
28745.68885818626
28713.940201474583
28712.436591487167
28712.436591487167
28712.436591487167
28697.467552216734
28693.074837969732
28693.074837969732
28689.597970166604
28684.93217594402
28684.60161187144
28657.024824568514
28641.172960745847
28641.172960745847
28641.172960745847
28641.172960745847
28625.12804035153
28610.449985841493
28583.3272710065
28583.3272710065
28579.720362267122
28579.720362267122
28566.883724852043
28566.883724852043
28566.883724852043
28562.482695542647
28562.482695542647
28562.482695542647
28560.656275284444
28548.856817293847
28548.856817293847
28548.856817293847
28548.856817293847
28548.856817293847
28521.13881016976
28521.13881016976
28509.719899421827
28509.719899421827
28508.65665564142
28504.693621655497
28502.73784474129
28502.73784474129
28502.73784474129
28491.0680031448
28478.284740329873
28478.284740329873
28475.17244525074
28475.17244525074
28454.77662471989
28454.77662471989
28454.77662471989
28454.77662471989
28442.202769927153
28442.202769927153
28434.897888208783
28414.86328931331
28410.806915432848
28408.426360283072
28402.74872178748
28402.74872178748
28402.74872178748
28397.225073306567
28397.225073306567
28372.27837602947
28367.50391571128
28367.50391571128
28361.81309462034
28357.731445064353
28350.098467118634
28327.374725316447
28326.27060443608
28326.27060443608
28326.27060443608
28301.772970940157
28292.665012194648
28290.665562252587
28276.037712265497
28273.529190762325
28273.529190762325
28261.448195493453
28249.074696460346
28249.074696460346
28249.074696460346
28249.074696460346
28223.478335308544
28223.478335308544
28223.478335308544
28202.855974640617
28190.805704884493
28187.320025612735
28157.383210805536
28150.062609216882
28150.062609216882
28130.550274139423
28125.051332303723
28125.051332303723
28116.92063982665
28112.39617072235
28112.39617072235
28087.391048846523
28087.391048846523
28075.687558124017
28065.858282254863
28065.858282254863
28057.325608215207
28038.146034501693
28038.146034501693
28038.146034501693
28038.146034501693
28036.7359248541
28027.297222603946
28027.297222603946
27995.46855376476
27994.493802670422
27984.6623735685
27981.78242522019
27981.78242522019
27981.78242522019
27980.144889811465
27980.144889811465
27968.26568860371
27968.26568860371
27964.81448849279
27946.111473699682
27922.814177873275
27903.915354540062
27903.915354540062
27897.850406983318
27897.850406983318
27894.052848583116
27891.41536761002
27866.08955368765
27866.08955368765
27854.707111530675
27839.626766510188
27829.538110624577
27829.538110624577
27822.11055851125
27798.40020446948
27796.515107042265
27788.01907231998
27788.01907231998
27776.785071351092
27773.872640539492
27761.081491399556
27761.081491399556
27745.394157443392
27744.7666039972
27736.57234183627
27713.4950560206
27713.4950560206
27713.4950560206
27713.4950560206
27693.445367615637
27693.445367615637
27693.445367615637
27673.22459839972
27673.22459839972
27663.871961117828
27663.871961117828
27663.871961117828
27663.871961117828
27663.871961117828
27623.98989704009
27623.98989704009
27608.79768481172
27596.96255755567
27552.95747611489
27552.95747611489
27552.95747611489
27552.95747611489
27552.95747611489
27552.95747611489
27552.95747611489
27552.95747611489
27520.457096316142
27520.457096316142
27500.081318839915
27500.081318839915
27500.081318839915
27482.265160476047
27482.265160476047
27482.265160476047
27482.265160476047
27482.265160476047
27482.265160476047
27482.265160476047
27479.647545528394
27479.647545528394
27479.647545528394
27479.647545528394
27479.647545528394
27447.52342921829
27440.98187049342
27440.98187049342
27436.644504484964
27391.83839414925
27391.83839414925
27388.666922649427
27378.98259089132
27378.98259089132
27378.98259089132
27378.98259089132
27345.88536035479
27345.88536035479
27329.333312965664
27292.571279934527
27291.938948816725
27291.938948816725
27275.971057642782
27275.971057642782
27275.971057642782
27275.005911610533
27275.005911610533
27265.157971484878
27265.157971484878
27265.157971484878
27259.15469939772
27259.15469939772
27259.15469939772
27259.15469939772
27250.325519142996
27248.529052968333
27248.529052968333
27248.529052968333
27248.529052968333
27248.529052968333
27244.60966054834
27244.60966054834
27228.285835592556
27217.3174647291
27202.621488466626
27202.621488466626
27191.134160444264
27160.633888661672
27155.63854695566
27142.456380732052
27124.03924668705
27124.03924668705
27124.03924668705
27119.161794000447
27100.444581561533
27098.19246090898
27098.10302678856
27089.266471018385
27078.382679580704
27062.550111435456
27024.143517579105
27016.080129801412
27016.080129801412
27016.080129801412
27006.683424556693
26964.629453130696
26964.240459666067
26964.240459666067
26964.240459666067
26964.240459666067
26964.240459666067
26953.79051397444
26946.108849759454
26946.108849759454
26946.108849759454
26946.108849759454
26946.108849759454
26946.108849759454
26946.108849759454
26940.7023204678
26933.739408124453
26933.739408124453
26932.7652599187
26904.24707152805
26904.24707152805
26894.934834248845
26870.027994873068
26870.027994873068
26867.110021170738
26867.110021170738
26850.83708537507
26850.83708537507
26850.83708537507
26850.83708537507
26810.491707151137
26805.663635963887
26796.955718857378
26790.41051175563
26777.022684738557
26777.022684738557
26774.525587369313
26757.74917659135
26743.27377639601
26739.909537401974
26734.706369859123
26707.586616608594
26707.586616608594
26692.707661722867
26692.707661722867
26677.260487089297
26659.683549461162
26654.825131024034
26654.17252254783
26648.079357872994
26648.079357872994
26629.172502065972
26629.172502065972
26623.315201711936
26623.315201711936
26621.626846465726
26621.626846465726
26621.04814818009
26620.656271723197
26620.656271723197
26596.478964968268
26596.478964968268
26589.915969395974
26539.733418081905
26519.469221657615
26502.586983374924
26478.31993057936
26478.31993057936
26458.20834897412
26458.20834897412
26458.20834897412
26458.20834897412
26454.416729252553
26439.097865141244
26439.097865141244
26439.097865141244
26439.097865141244
26439.097865141244
26424.51122858091
26416.44493318824
26401.90494061673
26401.90494061673
26401.90494061673
26401.90494061673
26401.90494061673
26401.409227267268
26401.271989360735
26391.38853788025
26391.38853788025
26391.38853788025
26391.38853788025
26390.262401825094
26382.08233200496
26382.08233200496
26364.630378182603
26364.630378182603
26353.61783622935
26324.121947201846
26324.121947201846
26304.40889690899
26289.754037222563
26289.754037222563
26279.86543592516
26279.86543592516
26266.630408931727
26266.630408931727
26266.630408931727
26266.630408931727
26266.630408931727
26266.630408931727
26266.630408931727
26254.87110421024
26233.184833484855
26233.184833484855
26201.6104831155
26201.6104831155
26190.050915907424
26172.143769510236
26166.105326605735
26166.105326605735
26166.105326605735
26159.962058674806
26151.723572329698
26151.723572329698
26141.28153392618
26141.28153392618
26114.64297320321
26098.65724978706
26078.301914923188
26078.301914923188
26074.0314203572
26074.0314203572
26073.773488047485
26068.75743991173
26068.75743991173
26058.076149982346
26058.076149982346
26048.723838080732
26043.403243117016
26035.236672233492
26035.236672233492
26027.566291107127
26027.566291107127
26027.566291107127
26022.998042581596
26022.998042581596
26022.90749904266
25994.550268250576
25984.50097076424
25981.97286990195
25981.97286990195
25978.400158797784
25978.400158797784
25977.534274019396
25977.534274019396
25974.291050639364
25940.274240054812
25940.274240054812
25940.274240054812
25940.274240054812
25940.274240054812
25940.274240054812
25927.547133389824
25923.65512442208
25922.11008222114
25922.11008222114
25922.11008222114
25922.11008222114
25922.11008222114
25922.11008222114
25896.815460682898
25886.427645611013
25886.427645611013
25886.427645611013
25862.920715013173
25862.920715013173
25862.920715013173
25838.580098019804
25831.78869656981
25807.059903216847
25807.059903216847
25807.059903216847
25807.059903216847
25807.059903216847
25803.595113552106
25784.18013749993
25784.18013749993
25771.747092088975
25742.64502936525
25742.64502936525
25742.64502936525
25742.64502936525
25742.64502936525
25722.99901666564
25717.205573124567
25701.00596738945
25675.432112790768
25675.432112790768
25675.432112790768
25675.432112790768
25675.432112790768
25675.432112790768
25666.203944071713
25657.424827719173
25635.008750387853
25633.46410376994
25619.82948331615
25619.82948331615
25618.425191799855
25618.425191799855
25615.69878163031
25608.350813763445
25606.32391331979
25606.32391331979
25586.37049919099
25586.37049919099
25586.37049919099
25581.793716356842
25581.793716356842
25581.793716356842
25581.793716356842
25581.793716356842
25581.793716356842
25581.780009199596
25581.780009199596
25581.780009199596
25581.780009199596
25581.780009199596
25581.780009199596
25581.780009199596
25564.874510254776
25534.183298575314
25534.183298575314
25519.003777103513
25519.003777103513
25514.45119381828
25508.800878209287
25497.271232617295
25479.158502321123
25475.76862267289
25475.76862267289
25475.76862267289
25475.534786714565
25475.534786714565
25460.987735915194
25460.987735915194
25460.987735915194
25433.34516821267
25433.34516821267
25433.34516821267
25423.49692418813
25406.73493326015
25406.73493326015
25396.87344923349
25392.56036099514
25392.56036099514
25350.441019138252
25342.844604488513
25342.844604488513
25327.060874512117
25298.06442261705
25298.06442261705
25298.06442261705
25298.06442261705
25298.06442261705
25268.559958851904
25268.559958851904
25268.559958851904
25247.402093657394
25237.703272607483
25235.798843984114
25235.798843984114
25235.798843984114
25235.798843984114
25235.798843984114
25217.04544115529
25217.04544115529
25217.04544115529
25205.236005224928
25193.87887039558
25169.76551805186
25169.76551805186
25158.593887266266
25158.593887266266
25158.593887266266
25156.90542809602
25156.90542809602
25134.298262225217
25134.298262225217
25134.298262225217
25110.41070293518
25110.41070293518
25110.41070293518
25110.41070293518
25110.41070293518
25079.741146720233
25079.741146720233
25069.97111757265
25067.214117239168
25067.214117239168
25064.457257049355
25064.457257049355
25064.457257049355
25064.457257049355
25033.235128711
25033.235128711
25025.084785083764
25025.084785083764
25001.68430574562
25001.68430574562
24998.287694449085
24981.79037655843
24981.79037655843
24981.79037655843
24981.79037655843
24981.79037655843
24981.79037655843
24962.200569067427
24942.142958192286
24931.526838299396
24931.526838299396
24931.526838299396
24916.100441196453
24912.15438592084
24912.15438592084
24884.294421968
24884.294421968
24884.294421968
24874.40223701741
24836.850073510566
24822.14146138273
24822.14146138273
24818.519372528313
24805.98482091238
24805.98482091238
24805.98482091238
24779.160871275526
24779.160871275526
24779.160871275526
24764.750139717158
24754.801470791455
24742.83785521557
24742.83785521557
24742.83785521557
24742.83785521557
24706.69876336048
24706.69876336048
24700.0856671678
24688.629764768928
24660.329130416012
24653.816681793225
24653.816681793225
24633.221852125123
24626.84172483819
24626.84172483819
24626.84172483819
24624.066732703952
24624.066732703952
24624.066732703952
24608.36037150113
24574.821900093317
24571.611814206655
24558.065681204353
24541.575927730024
24541.575927730024
24541.575927730024
24541.575927730024
24541.575927730024
24541.575927730024
24519.15465752699
24511.77372225423
24504.24950221255
24504.24950221255
24504.24950221255
24490.65787913554
24489.250402099435
24489.250402099435
24489.250402099435
24480.268313553173
24480.268313553173
24473.65448906356
24473.65448906356
24473.65448906356
24473.65448906356
24473.65448906356
24469.39501714915
24457.022449208263
24457.022449208263
24457.022449208263
24457.022449208263
24457.022449208263
24442.59181281746
24432.93806433254
24432.93806433254
24432.93806433254
24432.93806433254
24418.399279910598
24418.399279910598
24418.399279910598
24410.663303907517
24410.663303907517
24410.663303907517
24410.663303907517
24407.94292137563
24385.701191626504
24374.225112481996
24374.225112481996
24363.968493440243
24348.401897082713
24320.549775467014
24320.549775467014
24320.549775467014
24295.460326080894
24290.46753798981
24290.46753798981
24288.777695222612
24265.005574846913
24236.84924261622
24225.11857587677
24211.117396459602
24211.117396459602
24206.03631782274
24206.03631782274
24206.03631782274
24206.03631782274
24202.47163708574
24202.47163708574
24202.47163708574
24197.407914577965
24174.19443459081
24174.19443459081
24149.24267389716
24149.24267389716
24149.24267389716
24120.283398437707
24120.283398437707
24120.283398437707
24114.876655949265
24114.876655949265
24100.72087660182
24100.72087660182
24084.137370455875
24081.236672998195
24048.51788057302
24048.51788057302
24048.51788057302
24039.0154161435
24024.053693487007
24024.053693487007
24024.053693487007
24014.198917210455
24012.958097162
24012.958097162
24012.958097162
24012.958097162
24012.958097162
23990.022476972845
23990.022476972845
23965.095178627114
23950.941287120506
23930.037857262432
23925.33121414603
23913.915826909157
23909.60172017711
23909.60172017711
23867.66416558942
23853.780130646854
23853.780130646854
23824.8418080397
23816.767504703537
23811.80088504523
23811.80088504523
23811.80088504523
23805.380670324652
23805.380670324652
23805.380670324652
23782.94157913748
23764.26476193812
23760.72456186828
23760.72456186828
23744.25229672358
23744.25229672358
23744.25229672358
23739.44057312621
23739.44057312621
23739.44057312621
23739.44057312621
23739.44057312621
23739.44057312621
23739.44057312621
23739.44057312621
23739.44057312621
23739.44057312621
23717.018148504492
23710.885946490744
23698.593905661903
23687.12060704336
23687.12060704336
23687.12060704336
23658.578187944604
23658.578187944604
23658.578187944604
23658.578187944604
23650.641196516484
23645.92881554088
23645.92881554088
23621.44159199255
23621.44159199255
23609.77290349131
23591.9054044628
23591.9054044628
23587.85748015839
23587.85748015839
23580.195942484686
23580.195942484686
23579.00874050956
23553.679253405495
23534.582452532744
23510.10424479327
23510.10424479327
23505.260255415546
23500.4029637672
23500.4029637672
23488.469637116836
23466.536978091648
23466.536978091648
23447.23005427693
23447.23005427693
23447.23005427693
23406.54626174761
23406.54626174761
23377.459190268037
23377.459190268037
23377.459190268037
23375.737011758923
23375.737011758923
23362.74154994423
23362.74154994423
23348.990605135292
23344.15116100998
23321.68643769941
23318.618881559592
23318.618881559592
23307.662534115632
23307.662534115632
23291.298559032235
23291.298559032235
23284.141182680287
23269.795757280517
23250.913462738532
23248.28358977142
23233.293335117036
23229.94127340179
23229.94127340179
23220.04629299321
23210.245129846124
23210.245129846124
23210.245129846124
23210.245129846124
23196.171876089906
23191.9042002364
23186.81979887635
23186.81979887635
23182.4727114728
23179.301576093458
23164.392878069106
23142.277685292924
23133.293861749076
23133.293861749076
23105.647901217606
23105.647901217606
23105.647901217606
23091.238757675455
23089.216360073042
23089.216360073042
23088.434622481414
23087.205026585267
23077.48896437903
23065.25090798197
23051.574824676547
23032.95763140373
23032.95763140373
23022.332548827988
23022.332548827988
23005.227837093687
23005.227837093687
22993.968280188896
22993.968280188896
22990.467762823067
22961.14011907126
22961.14011907126
22961.14011907126
22947.579617911746
22947.579617911746
22947.579617911746
22946.798710088726
22946.798710088726
22943.477105154594
22940.656453990978
22940.656453990978
22940.656453990978
22940.656453990978
22929.88852738236
22908.38144970146
22895.606721008167
22879.573840339814
22871.686729690693
22861.875902737836
22843.686342505825
22832.1072407083
22832.1072407083
22830.350622701983
22821.9778349339
22821.9778349339
22821.9778349339
22814.821675804993
22797.345742191137
22789.920768480668
22789.920768480668
22784.783556666618
22765.80087631045
22765.4516080862
22755.951727991407
22744.13901203327
22744.13901203327
22744.13901203327
22744.13901203327
22726.986625993577
22709.75641325538
22698.0457438641
22698.0457438641
22691.658754641874
22685.899172656995
22685.899172656995
22685.899172656995
22681.719543560906
22678.41777595809
22677.703496588336
22677.703496588336
22675.812911763598
22675.812911763598
22670.699415508214
22670.699415508214
22642.758203708854
22639.679640856357
22639.679640856357
22626.42814437589
22626.42814437589
22626.42814437589
22606.23718551798
22587.683523601365
22550.38269471514
22550.38269471514
22544.399224395496
22544.399224395496
22536.41499531678
22536.41499531678
22536.41499531678
22536.41499531678
22536.41499531678
22536.41499531678
22536.41499531678
22536.41499531678
22530.158812038055
22527.516102576756
22519.38290919079
22519.38290919079
22519.38290919079
22513.53987649776
22510.248686032894
22492.715359466394
22469.79641789578
22457.24280466204
22434.83303928032
22430.816319508194
22404.1838695183
22404.1838695183
22404.1838695183
22399.70085987989
22396.280423660428
22396.280423660428
22379.536022153963
22379.536022153963
22379.536022153963
22364.03262886049
22347.319100009227
22329.57653620123
22329.57653620123
22329.57653620123
22321.44104381636
22316.065023974432
22316.065023974432
22316.065023974432
22286.758332429017
22286.758332429017
22286.758332429017
22286.758332429017
22286.758332429017
22286.758332429017
22286.758332429017
22279.290377606583
22279.290377606583
22279.290377606583
22279.290377606583
22271.484587516
22271.484587516
22269.68211540504
22269.68211540504
22269.68211540504
22269.68211540504
22269.68211540504
22269.68211540504
22269.68211540504
22262.48856517194
22256.114870093967
22244.94637706811
22244.94637706811
22222.569436711747
22222.569436711747
22222.569436711747
22214.552899237628
22214.552899237628
22204.760641296325
22197.47510647858
22177.65445987785
22177.65445987785
22177.65445987785
22173.370686533155
22159.41347395553
22159.41347395553
22147.661041565443
22147.661041565443
22132.551086483283
22126.433962500054
22126.433962500054
22126.433962500054
22121.5825954311
22121.5825954311
22121.5825954311
22121.5825954311
22121.5825954311
22121.5825954311
22119.322238075176
22109.93497346902
22109.93497346902
22069.229711680713
22069.229711680713
22052.042785178746
22052.042785178746
22049.900602649337
22049.900602649337
22048.20329066897
22042.484236084667
22019.707443534633
22013.269463817483
22007.014033654315
22007.014033654315
22003.50298375599
21996.359015232625
21984.474781133777
21971.733277402567
21939.284884548557
21939.284884548557
21923.81241255971
21923.81241255971
21888.95110251723
21888.95110251723
21888.95110251723
21887.31326072511
21872.93023827178
21866.06768511727
21866.06768511727
21859.887066858224
21859.887066858224
21859.887066858224
21859.887066858224
21859.887066858224
21851.411452407974
21836.96146416148
21836.96146416148
21833.941687957555
21831.435041484143
21830.28629056726
21823.740129272777
21823.740129272777
21823.740129272777
21823.740129272777
21821.75158165221
21821.75158165221
21821.579777336003
21821.579777336003
21821.579777336003
21821.579777336003
21821.579777336003
21821.055348711016
21817.22711467567
21816.00612746177
21807.98184947582
21795.36483980206
21788.233108055665
21788.233108055665
21780.31526121143
21780.31526121143
21780.31526121143
21743.95284049947
21741.020397750435
21734.166582210222
21734.166582210222
21714.85236987698
21714.85236987698
21714.85236987698
21714.85236987698
21714.85236987698
21714.85236987698
21713.04030360697
21713.04030360697
21713.04030360697
21709.328004184208
21709.328004184208
21709.328004184208
21709.328004184208
21686.320797037093
21686.320797037093
21686.320797037093
21686.320797037093
21682.984647074252
21673.580268951606
21673.580268951606
21673.580268951606
21673.580268951606
21673.580268951606
21673.580268951606
21669.84658519352
21662.423411196698
21652.249956602587
21642.77026482489
21642.77026482489
21642.77026482489
21638.428193026288
21638.428193026288
21613.94309936522
21611.216879136144
21589.303433041612
21589.303433041612
21589.303433041612
21589.303433041612
21589.303433041612
21569.97313630116
21569.97313630116
21564.252005832786
21564.252005832786
21546.432219470913
21545.79384883495
21524.581674322202
21522.203260785376
21514.57157570263
21499.552486605724
21498.656092783564
21491.603501515005
21484.470352255747
21484.470352255747
21484.470352255747
21477.32927583543
21475.567569669787
21475.567569669787
21475.567569669787
21472.31673715938
21439.272188563828
21439.272188563828
21439.272188563828
21439.272188563828
21426.312754423332
21426.312754423332
21426.312754423332
21408.390162213233
21408.390162213233
21408.390162213233
21387.10902448085
21387.10902448085
21387.10902448085
21387.10902448085
21386.248109675085
21378.16031750601
21378.16031750601
21378.16031750601
21367.412541933943
21367.412541933943
21367.412541933943
21367.412541933943
21366.854848995914
21366.854848995914
21346.71796338029
21346.71796338029
21338.474043555187
21338.474043555187
21333.629947453075
21313.694787240314
21302.06877197703
21302.06877197703
21254.095117587305
21252.234200890736
21239.824683203027
21224.03657183628
21216.949370759507
21216.949370759507
21197.43445482618
21197.43445482618
21197.43445482618
21178.88760439467
21178.88760439467
21178.88760439467
21178.88760439467
21162.83693294121
21143.818985341273
21121.58968026345
21121.58968026345
21118.846347910756
21118.846347910756
21113.392574133926
21113.392574133926
21105.43705152207
21097.969772782322
21097.969772782322
21097.28151903382
21080.472450033274
21070.26680412013
21052.659909573245
21052.659909573245
21052.659909573245
21052.659909573245
21052.659909573245
21051.068104815644
21037.433869326742
21032.115878809687
21032.115878809687
21032.115878809687
21030.130948370508
21026.80487205428
21020.70617685223
21020.70617685223
21020.70617685223
21020.70617685223
21015.668039930577
21015.668039930577
21015.668039930577
21007.91960765698
20997.249337190326
20976.898484162135
20976.898484162135
20971.563667891263
20959.214925224544
20955.33423204211
20955.33423204211
20955.33423204211
20936.519929178008
20936.519929178008
20936.519929178008
20936.519929178008
20936.519929178008
20932.323468602517
20921.065408096892
20913.388218354154
20913.388218354154
20902.062743157578
20889.90559637943
20888.724329811237
20887.395217012305
20874.823285119535
20874.823285119535
20874.823285119535
20863.405797379175
20837.610083507763
20837.610083507763
20830.918139121673
20830.918139121673
20816.948739609492
20803.8044573551
20786.74833023072
20772.067870653234
20772.067870653234
20772.067870653234
20747.20467576098
20747.20467576098
20747.20467576098
20747.20467576098
20747.20467576098
20729.995669345684
20729.995669345684
20717.891386372037
20717.891386372037
20709.20319671213
20709.20319671213
20709.20319671213
20688.092720831257
20688.092720831257
20678.46218722622
20660.18991327261
20649.472498747353
20649.472498747353
20649.472498747353
20630.05807074104
20616.67699965061
20613.615565017113
20613.615565017113
20587.394744523594
20587.394744523594
20587.394744523594
20587.394744523594
20584.34747625118
20575.831150694437
20575.831150694437
20575.831150694437
20575.831150694437
20575.831150694437
20558.92769455744
20556.092046204292
20556.092046204292
20556.092046204292
20556.092046204292
20556.092046204292
20556.092046204292
20556.092046204292
20549.693601852454
20534.293330490127
20534.293330490127
20528.042285271047
20528.042285271047
20518.8335293617
20504.935367743197
20503.97556412247
20503.97556412247
20496.250195385717
20496.250195385717
20483.55844321908
20483.55844321908
20466.945001425356
20466.945001425356
20453.23734735765
20453.23734735765
20433.05763863804
20433.05763863804
20428.289013682832
20410.063550768853
20410.063550768853
20389.601632147365
20389.601632147365
20389.601632147365
20383.664663751002
20378.674854533536
20365.296590789952
20347.92251127508
20347.92251127508
20331.477180122438
20330.762457201352
20330.762457201352
20330.762457201352
20297.927499056015
20293.930197207475
20293.930197207475
20293.72115293115
20276.503199930863
20276.503199930863
20269.179762652664
20269.179762652664
20269.179762652664
20252.868939102857
20249.857325056942
20249.857325056942
20240.065034257186
20223.89023400358
20221.911840360466
20216.56504293941
20216.56504293941
20211.02832424803
20194.926188729536
20187.754533176812
20187.754533176812
20187.754533176812
20171.83214834585
20163.048935591898
20163.048935591898
20163.048935591898
20163.048935591898
20155.30770682524
20154.76381457412
20149.176949756464
20149.176949756464
20147.431230926715
20136.38862344432
20136.38862344432
20124.210359029352
20111.800192079587
20082.18526316398
20067.255246828954
20047.459457066445
20038.83321445409
20038.83321445409
20038.83321445409
20013.781674691883
20008.09438669169
20005.286031391697
20005.286031391697
20005.286031391697
20005.286031391697
19985.755886564762
19984.343019120082
19963.273874853916
19961.12611364482
19938.839271450113
19918.412754960944
19918.412754960944
19918.412754960944
19918.412754960944
19918.412754960944
19910.33537697623
19893.2655272346
19893.2655272346
19893.2655272346
19893.2655272346
19893.2655272346
19887.297383887475
19887.297383887475
19880.040199525793
19870.473639085983
19869.04282983274
19867.44144389115
19822.73780494532
19822.73780494532
19820.491687981652
19820.491687981652
19820.47653136975
19798.118436779725
19790.402427169196
19790.402427169196
19769.478829887645
19769.478829887645
19769.478829887645
19769.478829887645
19763.95425380161
19753.158978624157
19740.048446910212
19740.048446910212
19740.048446910212
19740.048446910212
19716.186694552747
19716.186694552747
19715.800070968413
19713.517723094574
19713.517723094574
19702.805865616494
19702.805865616494
19702.805865616494
19702.805865616494
19702.805865616494
19699.76464307155
19699.76464307155
19699.76464307155
19699.76464307155
19692.877441616318
19692.877441616318
19689.429913268705
19689.429913268705
19689.429913268705
19689.429913268705
19689.429913268705
19686.46294686499
19683.120724535285
19683.120724535285
19683.120724535285
19680.052147573624
19679.409299659495
19679.409299659495
19653.013923528128
19642.915197723552
19639.79930406498
19634.622007704045
19610.812921246717
19610.812921246717
19610.812921246717
19607.414472556447
19604.113414536136
19604.113414536136
19594.959201145826
19594.959201145826
19594.959201145826
19588.23909436774
19578.972521210977
19578.972521210977
19578.972521210977
19578.972521210977
19578.972521210977
19569.159240060664
19567.119431334293
19567.119431334293
19565.778863717776
19561.408976147315
19546.53917985777
19546.53917985777
19546.53917985777
19546.53917985777
19546.53917985777
19546.53917985777
19543.13129312618
19535.944373350365
19528.113374403612
19528.113374403612
19511.765309230268
19502.095917638577
19502.095917638577
19499.880057235197
19494.155562105327
19494.155562105327
19472.64854363422
19472.64854363422
19472.64854363422
19459.869981341886
19444.03524817679
19444.03524817679
19444.03524817679
19416.51534531371
19402.859286276973
19391.871968580166
19351.745021969695
19351.745021969695
19351.745021969695
19339.606566258175
19320.90818361853
19305.487642521548
19297.608740841708
19297.608740841708
19282.784630296064
19254.434799064296
19251.00409212192
19235.367554738314
19235.367554738314
19231.866677216727
19231.866677216727
19210.342046611837
19210.342046611837
19210.342046611837
19210.342046611837
19210.342046611837
19210.342046611837
19210.342046611837
19197.64661379222
19197.64661379222
19166.03906694176
19166.03906694176
19166.03906694176
19166.03906694176
19156.28149943811
19156.28149943811
19149.95486466144
19134.91239737022
19134.91239737022
19134.91239737022
19134.91239737022
19134.91239737022
19126.05386271949
19126.05386271949
19126.05386271949
19098.992158175846
19089.373307639624
19084.346930016112
19082.90359506243
19077.83991210023
19050.038848779233
19034.11869823079
19034.11869823079
19033.39572606151
19022.79236620204
19011.67770993723
18999.61295136476
18999.61295136476
18976.436035868668
18975.915895797367
18975.11721393147
18975.11721393147
18966.830320726614
18966.830320726614
18966.830320726614
18966.830320726614
18949.23972746193
18938.53429134654
18938.53429134654
18926.238506822257
18926.238506822257
18908.486332375025
18908.486332375025
18892.62363069445
18892.62363069445
18881.415993033792
18876.106465495213
18876.106465495213
18868.97620014625
18853.873702471
18853.873702471
18843.70158941985
18843.70158941985
18843.70158941985
18843.70158941985
18823.3477638482
18809.745893411367
18802.73099506816
18802.73099506816
18802.73099506816
18791.585956997238
18778.620704041507
18760.898621580913
18747.47123166221
18747.47123166221
18747.47123166221
18740.375204514858
18740.375204514858
18735.240257422247
18735.240257422247
18730.713425047932
18690.038751203916
18687.31367841441
18678.59775484409
18678.59775484409
18678.59775484409
18678.59775484409
18672.050332077397
18641.23433472436
18641.23433472436
18625.244159112728
18625.244159112728
18625.244159112728
18625.244159112728
18616.63312028638
18616.63312028638
18611.94343949803
18594.787447770486
18594.787447770486
18580.327966602446
18580.060504765323
18580.060504765323
18576.370452775194
18576.370452775194
18571.635298643658
18571.635298643658
18570.65947923778
18570.65947923778
18557.775100206516
18557.775100206516
18550.584211685775
18550.584211685775
18530.07122267428
18530.07122267428
18530.07122267428
18512.981448227147
18512.981448227147
18508.74871500807
18508.74871500807
18495.96475129673
18495.96475129673
18495.96475129673
18476.32802609506
18476.32802609506
18476.32802609506
18476.32802609506
18457.181363696294
18457.181363696294
18457.181363696294
18445.231807908964
18434.40552948176
18430.364252405172
18425.64902941243
18419.535887506987
18419.535887506987
18419.535887506987
18419.535887506987
18419.535887506987
18416.235370385068
18411.055419884797
18403.03976878143
18403.03976878143
18391.02825975661
18387.379572622216
18373.41902852653
18373.41902852653
18373.41902852653
18346.251400393667
18346.251400393667
18346.251400393667
18328.433400667112
18328.433400667112
18316.038316511334
18302.881735466883
18290.41376710535
18289.498496151806
18279.013482518385
18264.09082434803
18264.09082434803
18264.09082434803
18258.524035079034
18258.524035079034
18234.857025856356
18234.857025856356
18234.857025856356
18234.857025856356
18234.857025856356
18234.857025856356
18234.857025856356
18230.142980800578
18230.142980800578
18202.10554409337
18199.296394174624
18199.296394174624
18189.378324113415
18189.378324113415
18189.378324113415
18188.15805232603
18174.2352196664
18152.33707026038
18136.331311083748
18132.73042798415
18132.73042798415
18132.73042798415
18132.73042798415
18122.585903451938
18109.746836631093
18101.257683520307
18101.257683520307
18101.257683520307
18101.257683520307
18101.257683520307
18101.257683520307
18101.257683520307
18072.24010698238
18045.724218950483
18045.724218950483
18038.542815576457
18036.447640565668
18036.32815605207
18036.32815605207
18027.826181263965
18023.982379455872
18023.982379455872
17993.571272805086
17978.495935314284
17978.495935314284
17973.957091895994
17964.890479706988
17964.890479706988
17955.669784079586
17955.669784079586
17955.669784079586
17953.925619610458
17953.925619610458
17953.925619610458
17953.925619610458
17928.48955587292
17909.457477438074
17900.56087445295
17900.56087445295
17896.377466462218
17885.290767186736
17880.36016454937
17880.36016454937
17880.36016454937
17840.488548318546
17810.743336077812
17808.998773339794
17808.998773339794
17808.998773339794
17808.998773339794
17788.901084218138
17758.928350316637
17758.928350316637
17758.928350316637
17747.9676258169
17734.94327326828
17726.29455839221
17726.29455839221
17726.29455839221
17726.29455839221
17726.29455839221
17713.291729463315
17710.486717230116
17710.486717230116
17710.33860817665
17710.33860817665
17710.33860817665
17710.33860817665
17700.37201781289
17700.37201781289
17700.37201781289
17700.37201781289
17700.37201781289
17700.37201781289
17699.8272091812
17693.119069500455
17693.119069500455
17693.119069500455
17679.995683401234
17679.995683401234
17661.264670405548
17661.264670405548
17642.756026362884
17642.756026362884
17624.786130847395
17619.57180719619
17619.57180719619
17618.519597955896
17617.439693214794
17590.796705807134
17590.796705807134
17590.796705807134
17590.796705807134
17576.773376021632
17576.773376021632
17576.773376021632
17556.452409535108
17556.452409535108
17556.452409535108
17556.452409535108
17536.00172048627
17519.76761231076
17519.76761231076
17519.76761231076
17519.76761231076
17519.76761231076
17519.76761231076
17519.76761231076
17519.76761231076
17519.76761231076
17508.250715508588
17508.250715508588
17497.924511065597
17497.924511065597
17497.924511065597
17497.924511065597
17497.924511065597
17496.115710730242
17496.115710730242
17496.115710730242
17464.75571826093
17464.75571826093
17464.75571826093
17464.75571826093
17463.92978131849
17458.066196084965
17458.066196084965
17458.066196084965
17454.94348111866
17451.717309960703
17451.717309960703
17445.952466760304
17431.967363329386
17431.967363329386
17427.83885829191
17417.71842387992
17417.71842387992
17417.71842387992
17396.480497083197
17385.916258465255
17385.916258465255
17385.916258465255
17385.916258465255
17385.916258465255
17362.153063906168
17344.410367562887
17342.660696349092
17342.660696349092
17330.1306094332
17330.1306094332
17306.449197264414
17296.99987521852
17270.11918796245
17270.11918796245
17265.85984605148
17265.85984605148
17250.51561906799
17249.298092660654
17240.07798786278
17238.472125385626
17238.472125385626
17230.14881895013
17195.717857782343
17195.717857782343
17192.321393246988
17189.854804924824
17188.519696300686
17171.06105019471
17169.781877243706
17151.278254610523
17151.278254610523
17151.278254610523
17126.399243901542
17126.399243901542
17126.399243901542
17126.399243901542
17126.399243901542
17119.52525944771
17119.52525944771
17119.52525944771
17088.742366146136
17088.742366146136
17083.20771826272
17082.569618925114
17082.569618925114
17076.03361034901
17076.03361034901
17076.03361034901
17070.508541272196
17070.508541272196
17063.343864048144
17063.343864048144
17061.537885700687
17061.537885700687
17061.537885700687
17061.537885700687
17032.938616758387
17015.540176952396
17015.061424762713
17007.763752359744
17007.763752359744
17007.763752359744
17003.48465248199
17003.48465248199
16996.96524097604
16996.96524097604
16996.96524097604
16996.96524097604
16996.96524097604
16976.624701730103
16966.185397170935
16966.185397170935
16966.185397170935
16955.991381961754
16955.991381961754
16939.70769845878
16939.70769845878
16930.784552116842
16913.47248860447
16895.903635491584
16895.903635491584
16893.83288101328
16893.83288101328
16890.605235411174
16887.65685269746
16887.65685269746
16869.009880150217
16869.009880150217
16838.38248951112
16830.8848094894
16829.805339038292
16829.805339038292
16829.805339038292
16824.780555404162
16814.84904728472
16814.84904728472
16814.84904728472
16809.98984522398
16809.98984522398
16809.98984522398
16799.471665205572
16799.471665205572
16799.471665205572
16799.471665205572
16783.09176769849
16783.09176769849
16783.09176769849
16783.09176769849
16764.549749030957
16764.549749030957
16752.629084456716
16752.629084456716
16743.20355137729
16743.20355137729
16739.70659791271
16739.70659791271
16726.44646655662
16726.44646655662
16726.44646655662
16723.2494580705
16723.2494580705
16708.98320894234
16690.16276448384
16690.16276448384
16690.16276448384
16678.384329119443
16676.774117656627
16660.331405245797
16660.331405245797
16660.331405245797
16660.331405245797
16660.331405245797
16660.331405245797
16649.611144553488
16635.7775651557
16629.85969608911
16616.49600632076
16616.49600632076
16599.059430181398
16599.059430181398
16575.41896732135
16555.890726983715
16555.890726983715
16539.03924119513
16528.802431113407
16528.802431113407
16500.557540205635
16500.557540205635
16500.557540205635
16500.557540205635
16500.557540205635
16498.53820828237
16498.53820828237
16479.96565974632
16461.660707611114
16457.655808391843
16457.655808391843
16447.080009054596
16447.080009054596
16447.080009054596
16436.48222148361
16436.48222148361
16435.85301340942
16424.689164635784
16424.689164635784
16421.983663972605
16414.561084347784
16404.017838978303
16386.495581904957
16377.956915437215
16359.318381898114
16350.131846095255
16350.131846095255
16350.131846095255
16346.642620033075
16345.399319572336
16343.970931351932
16343.970931351932
16343.970931351932
16343.970931351932
16334.75689439397
16334.75689439397
16334.75689439397
16334.75689439397
16334.75689439397
16330.902660986298
16330.902660986298
16330.902660986298
16330.902660986298
16330.902660986298
16327.825488257746
16327.825488257746
16327.825488257746
16325.403800372675
16325.403800372675
16317.063364628746
16310.623534248876
16299.284771531175
16280.85866651345
16279.10315340275
16279.10315340275
16266.378738317708
16250.38965664589
16250.38965664589
16250.38965664589
16250.38965664589
16250.38965664589
16250.38965664589
16250.38965664589
16250.38965664589
16250.38965664589
16250.38965664589
16245.169216298189
16235.81174574127
16235.81174574127
16231.072283862404
16227.198889412288
16227.198889412288
16200.556604124184
16193.798326050808
16193.798326050808
16184.21985255061
16178.241931851826
16178.241931851826
16178.241931851826
16178.241931851826
16178.241931851826
16177.613738421791
16177.613738421791
16177.613738421791
16165.463156256752
16158.17522771443
16158.17522771443
16146.047682534532
16146.047682534532
16142.916976293585
16128.175897255816
16114.579001115308
16114.579001115308
16114.579001115308
16113.516040784058
16113.516040784058
16098.418789376403
16098.418789376403
16098.418789376403
16091.293817835964
16086.78249941878
16086.78249941878
16086.78249941878
16086.78249941878
16078.197839016048
16078.197839016048
16064.324828536044
16050.62193361438
16042.76471332724
16039.236627504746
16012.554541451682
16008.740439728757
15986.453557252778
15966.500529174944
15943.118823641553
15940.780135926812
15940.780135926812
15915.480577654762
15915.480577654762
15912.000780511276
15904.994789822795
15893.846589068322
15886.349770573224
15886.349770573224
15886.349770573224
15880.009315213983
15880.009315213983
15880.009315213983
15880.009315213983
15862.61628705285
15858.577464748894
15848.066101778637
15833.936143551904
15826.769003949881
15816.946606979069
15801.028855675286
15801.028855675286
15801.028855675286
15801.028855675286
15801.028855675286
15801.028855675286
15788.330897818723
15762.972172397247
15762.972172397247
15758.138227579851
15744.941678476196
15744.941678476196
15744.561887507782
15740.564264066663
15732.696303671115
15706.40340280909
15703.374896203855
15703.374896203855
15703.374896203855
15703.374896203855
15703.374896203855
15693.037828758148
15687.14898682788
15687.14898682788
15687.14898682788
15678.473112949632
15674.66303610626
15653.207018633806
15647.933250647991
15647.933250647991
15647.933250647991
15647.933250647991
15647.933250647991
15647.933250647991
15643.991562888772
15636.416748008254
15616.441746401038
15616.441746401038
15616.441746401038
15608.725117098724
15608.725117098724
15594.302038387716
15594.302038387716
15594.302038387716
15572.722001607995
15572.722001607995
15572.722001607995
15551.090234065614
15529.70794967073
15529.70794967073
15523.048578485785
15521.124737103892
15507.948977434933
15507.130904522735
15507.130904522735
15507.130904522735
15490.707545651629
15490.707545651629
15486.78135014066
15478.546772748192
15464.387362469497
15464.387362469497
15454.311091245207
15454.311091245207
15454.311091245207
15429.46995600452
15425.133601361296
15425.133601361296
15425.133601361296
15412.903475545718
15400.568943819275
15391.870634558953
15391.870634558953
15391.870634558953
15391.870634558953
15368.104574913054
15364.620051652048
15364.620051652048
15344.244436313555
15321.341297245242
15321.341297245242
15314.68238338788
15314.68238338788
15314.68238338788
15310.1282109448
15309.41521350104
15293.642070258287
15290.056918755561
15290.056918755561
15278.613509049621
15263.704024420069
15263.704024420069
15263.704024420069
15263.704024420069
15263.704024420069
15250.19355270921
15250.19355270921
15250.19355270921
15250.19355270921
15250.19355270921
15249.28395011921
15249.28395011921
15249.28395011921
15238.536086146702
15234.761699691127
15226.894537616914
15226.894537616914
15226.894537616914
15220.816050779995
15220.816050779995
15183.353342799106
15183.353342799106
15158.265193542771
15149.952027070993
15149.952027070993
15149.952027070993
15134.269595832164
15134.269595832164
15134.269595832164
15126.009526425625
15110.06613103775
15110.06613103775
15099.09246174166
15099.09246174166
15099.09246174166
15099.09246174166
15099.09246174166
15095.195521226182
15095.195521226182
15095.195521226182
15095.195521226182
15095.195521226182
15095.195521226182
15095.195521226182
15095.195521226182
15095.195521226182
15095.195521226182
15095.195521226182
15095.195521226182
15071.911303336257
15052.820477940022
15052.820477940022
15047.13643585935
15033.626762067035
15033.626762067035
15021.738387822852
15009.864628897085
15009.864628897085
15007.650508807987
15007.650508807987
15001.881245962715
15001.881245962715
14990.385764017805
14990.385764017805
14986.348975735431
14986.348975735431
14985.466279622755
14977.194957869011
14975.786985343606
14975.173239547703
14964.350787060743
14963.051435549656
14959.78136469371
14959.78136469371
14959.78136469371
14959.78136469371
14959.580753229107
14959.580753229107
14959.580753229107
14959.580753229107
14959.580753229107
14955.59516153987
14955.59516153987
14950.370528178632
14950.370528178632
14950.370528178632
14950.370528178632
14950.370528178632
14930.388353695547
14930.388353695547
14928.990284393947
14920.742392595243
14920.742392595243
14920.742392595243
14920.742392595243
14920.742392595243
14920.742392595243
14920.742392595243
14909.192760675494
14897.870637566299
14874.094412448907
14874.094412448907
14869.825852961387
14864.732327600406
14864.732327600406
14860.328906229064
14838.717138019847
14838.717138019847
14836.892911439423
14831.773068704035
14819.50667307484
14815.989867907656
14815.989867907656
14815.989867907656
14807.28383132284
14807.28383132284
14802.684416683429
14797.619747302291
14779.40679854152
14775.659937235609
14775.659937235609
14775.659937235609
14775.659937235609
14761.654652169871
14742.863351623193
14741.527604086641
14738.407767098772
14738.407767098772
14738.407767098772
14738.407767098772
14738.407767098772
14738.407767098772
14734.008628584977
14734.008628584977
14711.273780943246
14711.273780943246
14711.273780943246
14711.273780943246
14709.945002955694
14686.18395113851
14680.000788207655
14680.000788207655
14680.000788207655
14679.369681846712
14666.92903052686
14635.347525628684
14631.81541643188
14631.81541643188
14631.81541643188
14619.555284516418
14591.223328151003
14591.223328151003
14591.223328151003
14587.072567516927
14587.072567516927
14587.072567516927
14578.427069434169
14573.802129222531
14554.855857414042
14554.855857414042
14554.855857414042
14554.855857414042
14549.184480408789
14549.184480408789
14544.760948173765
14544.760948173765
14544.760948173765
14544.760948173765
14544.760948173765
14544.760948173765
14544.760948173765
14531.937293974786
14531.937293974786
14522.55129364287
14522.55129364287
14522.55129364287
14522.55129364287
14522.55129364287
14521.776188057363
14508.208827707926
14507.548986378897
14507.548986378897
14507.548986378897
14506.61725859346
14506.61725859346
14506.61725859346
14497.372704490028
14496.808018094769
14476.907863626742
14460.689589186088
14460.689589186088
14460.689589186088
14460.689589186088
14460.689589186088
14455.903174666084
14455.903174666084
14455.903174666084
14455.903174666084
14440.59713061329
14440.59713061329
14440.59713061329
14440.59713061329
14440.59713061329
14420.355145068736
14415.0708285575
14415.0708285575
14415.0708285575
14410.174803587555
14396.917587816246
14396.917587816246
14396.917587816246
14396.917587816246
14396.917587816246
14384.788258618106
14369.396065162051
14361.915825202608
14346.848295806329
14346.848295806329
14345.893346432702
14345.893346432702
14345.893346432702
14344.380915478925
14333.144125828194
14327.789883152454
14325.752684118997
14320.082888988421
14306.646242187213
14276.975232566943
14275.81511124582
14268.062748814831
14268.062748814831
14268.062748814831
14259.587593942993
14259.587593942993
14259.587593942993
14259.587593942993
14259.587593942993
14259.587593942993
14259.587593942993
14254.102527223276
14244.236742668352
14244.236742668352
14243.625378927432
14243.625378927432
14237.110687070517
14237.110687070517
14237.110687070517
14218.659210790638
14218.659210790638
14218.659210790638
14216.04065902508
14207.81149565383
14201.11183552974
14200.653460931659
14188.013961250628
14188.013961250628
14185.245925738067
14185.245925738067
14162.27917038952
14162.27917038952
14157.630377799165
14144.899004773568
14141.600478889548
14141.600478889548
14141.600478889548
14141.600478889548
14141.600478889548
14141.600478889548
14141.600478889548
14126.548460222897
14123.108220998909
14118.816659231656
14098.466406917003
14092.113160432613
14074.975256774655
14063.830740650606
14054.338206884888
14048.41030046478
14044.955717435629
14044.955717435629
14028.580526530153
14018.094074900202
14012.316536652574
14004.243682427901
14004.181348449687
14004.181348449687
14003.356009736939
14003.356009736939
14003.356009736939
13996.186465206572
13996.186465206572
13992.703996795271
13990.953100545034
13978.15165493832
13978.15165493832
13972.636760163745
13972.636760163745
13967.083775467961
13967.083775467961
13967.083775467961
13967.083775467961
13961.271318709181
13961.271318709181
13954.967984828774
13954.967984828774
13954.967984828774
13954.967984828774
13954.967984828774
13943.519899807103
13943.519899807103
13943.519899807103
13935.665316732331
13935.665316732331
13933.678162976299
13929.598562056248
13929.598562056248
13929.598562056248
13929.598562056248
13929.598562056248
13920.911993574686
13915.046836112291
13912.609302759109
13912.609302759109
13912.609302759109
13894.468907666249
13894.468907666249
13894.468907666249
13892.640744334625
13892.640744334625
13892.640744334625
13892.640744334625
13892.640744334625
13886.768175880265
13881.139986262871
13880.909863189769
13880.909863189769
13880.909863189769
13869.022189595727
13847.55803572503
13829.61928230551
13823.594823808166
13815.548743549813
13815.548743549813
13815.548743549813
13815.548743549813
13815.548743549813
13815.548743549813
13815.548743549813
13815.548743549813
13792.79412524578
13792.79412524578
13792.79412524578
13775.60165832858
13775.60165832858
13775.60165832858
13774.717405701209
13767.695767219519
13741.192672889862
13736.347178697566
13736.347178697566
13736.347178697566
13718.32160682493
13705.171838789382
13696.164439071918
13686.975710596294
13680.241912574322
13670.989321761761
13664.094759030999
13664.094759030999
13647.898652558033
13645.555642503397
13645.555642503397
13642.051213173198
13642.051213173198
13642.051213173198
13642.051213173198
13642.051213173198
13642.051213173198
13642.051213173198
13639.403850278397
13630.322155721075
13630.322155721075
13630.322155721075
13604.356270633429
13594.106384363597
13594.106384363597
13594.106384363597
13594.106384363597
13583.068974703161
13583.068974703161
13575.863906197232
13575.863906197232
13575.863906197232
13575.863906197232
13575.863906197232
13575.863906197232
13575.863906197232
13575.863906197232
13572.762420177616
13572.762420177616
13572.762420177616
13563.4618408227
13560.63746565878
13560.08915845407
13560.08915845407
13560.08915845407
13555.848156930795
13555.848156930795
13555.848156930795
13552.937199688573
13547.650820333252
13540.535855838689
13540.535855838689
13498.569174161776
13498.569174161776
13498.16829761694
13498.16829761694
13498.16829761694
13493.726539399635
13473.792200811651
13463.790036764933
13463.790036764933
13463.790036764933
13463.790036764933
13463.790036764933
13463.790036764933
13463.790036764933
13454.683610335262
13454.683610335262
13454.683610335262
13449.004688385907
13444.654315467182
13444.654315467182
13437.871429190265
13434.830512000313
13434.830512000313
13434.830512000313
13434.830512000313
13429.976684757303
13426.019494461663
13426.019494461663
13426.019494461663
13423.386904877238
13416.458048377437
13416.458048377437
13390.073381804123
13390.073381804123
13389.164057209811
13387.561365984022
13387.561365984022
13387.561365984022
13384.83936014981
13384.83936014981
13384.83936014981
13372.226328434317
13372.226328434317
13372.226328434317
13372.226328434317
13372.226328434317
13372.226328434317
13364.607139249274
13358.232082855342
13354.00241399734
13349.595753719224
13349.595753719224
13343.38660122444
13338.10468255777
13330.97653367507
13330.97653367507
13322.347021264692
13305.336607678952
13294.406151603172
13294.406151603172
13274.988182372415
13265.99042009551
13265.99042009551
13247.357226564502
13247.357226564502
13247.357226564502
13224.693012865102
13224.693012865102
13224.693012865102
13219.28350937262
13213.515608157206
13213.515608157206
13211.498369136994
13211.498369136994
13193.11864015313
13193.11864015313
13167.811760435221
13164.676604713104
13132.224732246155
13132.224732246155
13129.810844855214
13111.59312720816
13111.59312720816
13099.348137626243
13083.764532878486
13081.599141200037
13080.697833275404
13080.697833275404
13080.697833275404
13080.697833275404
13073.80381501849
13073.80381501849
13070.684781796099
13070.619876487985
13043.624675760997
13043.624675760997
13043.624675760997
13040.066595962959
13040.066595962959
13035.739511894055
13031.51454226535
13031.51454226535
13027.529744807072
13024.436437937535
13024.436437937535
13018.040009640612
13018.040009640612
13009.22778539878
12996.356323035698
12988.630223387776
12984.453703996829
12975.675399359376
12962.197266750958
12958.475840624935
12958.475840624935
12942.109231693361
12941.893357999435
12941.893357999435
12941.610767851958
12940.22607204935
12940.22607204935
12936.564173509209
12934.379104583379
12934.379104583379
12932.448791686274
12921.508524863844
12921.508524863844
12921.508524863844
12897.922271007252
12891.393364118865
12882.781333642268
12882.781333642268
12882.781333642268
12882.781333642268
12882.781333642268
12882.781333642268
12880.24876467208
12855.429857324098
12837.663933290447
12827.44233198894
12827.44233198894
12827.44233198894
12824.415314731337
12823.169306393032
12823.169306393032
12823.169306393032
12823.169306393032
12823.169306393032
12823.169306393032
12819.449604924814
12819.449604924814
12819.315843126673
12810.728110199661
12804.885611864976
12804.885611864976
12800.830911228195
12797.860751431148
12797.860751431148
12797.860751431148
12797.860751431148
12794.496544645759
12794.496544645759
12794.496544645759
12793.756844502548
12793.756844502548
12793.756844502548
12788.246275888974
12788.246275888974
12783.39953529476
12783.39953529476
12783.39953529476
12783.39953529476
12783.39953529476
12774.950763413082
12774.950763413082
12774.950763413082
12774.950763413082
12771.312787710223
12764.736843147748
12759.479226104306
12742.681917228776
12742.681917228776
12742.681917228776
12740.212391131488
12722.861548283174
12722.861548283174
12709.510013684972
12709.510013684972
12709.510013684972
12692.120619992595
12688.025697423342
12675.477632442096
12675.477632442096
12672.343001150657
12669.923067662798
12668.30771472624
12657.374741404477
12649.588415964452
12649.588415964452
12637.625060045304
12637.625060045304
12637.625060045304
12627.602281563115
12617.040223841446
12605.672444410799
12605.672444410799
12577.497430807143
12574.902191813062
12574.902191813062
12569.052017769664
12565.672290347211
12562.00542081336
12562.00542081336
12562.00542081336
12559.907559544332
12553.597625824816
12553.597625824816
12553.597625824816
12553.597625824816
12553.597625824816
12553.597625824816
12542.188808235058
12542.188808235058
12542.188808235058
12538.210799669203
12538.210799669203
12531.062552558276
12531.062552558276
12529.631414711075
12529.631414711075
12509.70995515357
12501.713033482365
12501.713033482365
12501.36510400727
12501.36510400727
12492.529190829555
12483.446798071149
12483.446798071149
12474.710334813586
12474.710334813586
12474.710334813586
12469.630070276044
12451.263905243904
12451.263905243904
12447.824730452921
12447.824730452921
12447.824730452921
12447.824730452921
12447.824730452921
12446.595778407529
12442.72489335289
12442.72489335289
12442.72489335289
12440.344837187939
12422.219958618702
12404.156399390236
12398.267394120272
12398.267394120272
12398.267394120272
12398.267394120272
12394.807102291725
12392.333291100276
12392.333291100276
12392.333291100276
12383.902556422277
12383.902556422277
12383.902556422277
12367.714566487834
12367.714566487834
12367.714566487834
12367.714566487834
12360.082509744452
12360.082509744452
12344.76121850943
12321.670417569794
12321.670417569794
12310.492450527097
12310.492450527097
12300.734798845042
12291.11294148914
12291.11294148914
12291.11294148914
12291.11294148914
12290.41307179424
12290.41307179424
12289.80046993208
12289.80046993208
12289.80046993208
12286.790781001222
12274.427948910845
12274.427948910845
12273.564562958614
12254.674917826354
12254.674917826354
12248.620852802258
12248.620852802258
12248.620852802258
12248.620852802258
12248.620852802258
12247.582150355303
12247.582150355303
12238.026618484946
12238.026618484946
12238.026618484946
12235.506883238439
12235.506883238439
12226.49465378171
12219.31255688495
12214.451400548453
12201.606506244747
12201.606506244747
12201.606506244747
12173.659505613468
12167.489509006107
12162.542407390745
12157.814854192042
12157.814854192042
12140.862254304755
12132.182103236557
12120.965139414353
12118.898174949227
12111.847506976417
12111.847506976417
12111.847506976417
12102.63025269699
12102.63025269699
12102.63025269699
12102.63025269699
12102.571549262917
12084.431962781438
12081.390299606175
12073.11215288904
12073.11215288904
12073.11215288904
12063.899557067074
12063.899557067074
12063.899557067074
12063.899557067074
12063.899557067074
12063.899557067074
12063.899557067074
12062.644778143745
12060.519833322023
12060.519833322023
12060.519833322023
12047.12879896174
12031.367138471242
12031.367138471242
12021.693791594678
12003.102281892827
11982.171701382726
11973.844061986281
11973.844061986281
11973.844061986281
11970.69978652295
11970.69978652295
11953.882297290158
11953.882297290158
11939.42160711045
11938.596937501088
11929.774932361888
11929.774932361888
11929.774932361888
11929.774932361888
11914.287845203327
11914.287845203327
11905.908405821812
11905.908405821812
11878.36516185865
11866.743740443562
11845.977823639074
11845.977823639074
11845.977823639074
11836.06838482104
11836.06838482104
11827.162660583926
11809.940045044546
11808.046935086415
11807.475079895767
11807.475079895767
11807.475079895767
11807.475079895767
11807.475079895767
11803.591021589447
11803.591021589447
11803.591021589447
11803.591021589447
11803.591021589447
11803.591021589447
11800.58432377869
11789.942488095294
11789.942488095294
11789.942488095294
11789.942488095294
11789.942488095294
11780.863167840038
11777.864875779496
11777.864875779496
11777.864875779496
11756.20161701892
11739.051754116788
11729.647802850248
11726.050352926584
11716.999803776735
11716.999803776735
11714.776066386503
11714.776066386503
11714.704731988804
11714.704731988804
11708.68356693031
11708.68356693031
11708.68356693031
11708.68356693031
11708.68356693031
11696.732597863418
11696.732597863418
11694.873566952336
11694.873566952336
11689.163475475805
11683.886947767185
11683.886947767185
11666.957476120155
11666.957476120155
11666.957476120155
11666.957476120155
11659.565291282792
11654.884051119869
11631.756399684218
11619.131037569958
11619.131037569958
11614.792042208346
11613.794216156808
11600.967136462801
11595.666776169553
11595.34238455076
11595.34238455076
11595.34238455076
11595.34238455076
11590.364480181735
11590.364480181735
11590.364480181735
11579.032876506073
11574.950231538302
11574.950231538302
11573.66547844691
11570.44607694077
11569.07768559269
11569.07768559269
11569.07768559269
11569.07768559269
11556.535933640938
11556.535933640938
11556.535933640938
11556.535933640938
11556.535933640938
11544.825139324183
11539.101012779047
11539.101012779047
11533.473243092307
11533.473243092307
11530.83682425641
11530.83682425641
11530.83682425641
11530.83682425641
11530.83682425641
11530.83682425641
11521.069225676809
11521.069225676809
11501.360628496815
11501.360628496815
11499.238967515874
11489.61904961298
11489.61904961298
11480.985220295122
11480.985220295122
11480.985220295122
11480.985220295122
11470.548724626984
11459.889097580397
11459.889097580397
11459.889097580397
11452.745031503826
11446.664935202636
11439.357884096029
11439.280292501671
11429.418471041792
11423.63418890382
11423.222678439597
11419.595485497044
11419.595485497044
11409.480693796208
11390.678570663791
11390.678570663791
11390.678570663791
11390.678570663791
11390.678570663791
11390.678570663791
11387.147421833779
11387.147421833779
11387.147421833779
11387.147421833779
11387.147421833779
11385.74144816229
11379.47292087753
11370.483156686245
11369.7763261473
11369.7763261473
11369.7763261473
11364.585888140753
11364.585888140753
11364.585888140753
11356.693634933725
11354.420886232896
11341.32636701554
11334.15552281322
11329.86329279044
11323.751395578094
11323.751395578094
11309.909601778374
11301.812318366496
11298.110119246385
11285.847964993696
11274.254117019547
11268.76302646002
11263.08723078018
11263.08723078018
11263.08723078018
11263.08723078018
11263.08723078018
11263.08723078018
11254.562025549672
11254.562025549672
11254.562025549672
11254.562025549672
11252.204514293431
11252.204514293431
11252.204514293431
11252.204514293431
11252.204514293431
11252.204514293431
11252.204514293431
11252.204514293431
11241.512784727704
11227.943800399393
11227.943800399393
11227.943800399393
11227.943800399393
11205.09787074677
11188.737176774031
11188.737176774031
11188.59838736993
11188.59838736993
11168.062580275382
11168.062580275382
11168.062580275382
11151.323970702859
11151.323970702859
11151.323970702859
11130.800633801207
11111.14193368534
11111.14193368534
11111.14193368534
11111.14193368534
11108.598647052588
11100.31588814433
11100.31588814433
11099.100377075432
11096.397942291796
11087.784494313379
11065.916663403577
11065.916663403577
11059.587484786209
11057.547026555712
11057.547026555712
11057.451036356173
11057.451036356173
11057.451036356173
11042.955743361039
11042.955743361039
11042.955743361039
11013.497527099531
11011.318912072134
11011.318912072134
11011.318912072134
11004.72623787552
11004.72623787552
11004.72623787552
10993.591762528322
10993.591762528322
10993.591762528322
10991.150424640738
10991.150424640738
10977.919875792728
10973.767911963901
10971.277510492095
10971.277510492095
10962.636856776688
10962.636856776688
10954.976660818164
10954.976660818164
10948.88717247653
10941.751919877293
10922.645055097604
10922.645055097604
10902.045324709705
10902.045324709705
10900.640862438175
10900.640862438175
10884.863517880021
10872.975489811097
10871.481988261186
10861.010667297985
10849.954834342594
10849.805987435619
10849.805987435619
10834.821288592455
10824.041799891273
10824.041799891273
10824.041799891273
10817.684297840628
10800.68155648449
10792.05825782796
10778.950922199916
10767.19462903538
10767.19462903538
10754.714016469163
10743.885202168745
10736.680945983508
10736.680945983508
10732.569460676352
10718.674699377334
10715.115347263207
10715.115347263207
10706.992640872111
10706.992640872111
10706.992640872111
10694.683278853565
10663.832146496998
10663.832146496998
10663.832146496998
10657.950984337715
10656.23231748919
10656.23231748919
10642.795165733633
10637.572947025496
10636.197779090428
10636.197779090428
10636.197779090428
10636.197779090428
10636.197779090428
10628.768276341845
10628.768276341845
10628.768276341845
10628.768276341845
10619.703271581428
10619.703271581428
10615.389054769785
10615.389054769785
10611.410600696345
10611.410600696345
10611.410600696345
10606.429935586146
10602.324713316986
10602.324713316986
10602.324713316986
10602.324713316986
10597.615839412527
10590.981338786249
10583.945558597674
10579.904323723316
10579.904323723316
10558.059827503244
10558.059827503244
10558.059827503244
10558.059827503244
10558.059827503244
10526.5805298245
10500.385049408007
10497.194792833987
10497.194792833987
10492.52576961599
10492.52576961599
10480.282271054257
10480.282271054257
10462.109454687472
10462.109454687472
10457.75231111933
10452.25805146867
10452.25805146867
10452.25805146867
10444.257282474886
10441.826882287041
10438.57894829645
10431.857761909418
10424.404225307724
10424.404225307724
10424.404225307724
10411.673778194501
10409.57203011437
10409.57203011437
10402.54459623841
10402.54459623841
10402.54459623841
10390.41296192854
10368.850431384724
10347.61360632421
10325.184782550356
10322.101041424383
10315.039017119241
10310.391433127377
10306.002034742682
10306.002034742682
10306.002034742682
10302.050295244555
10292.48375393145
10274.369063377944
10270.315403165469
10270.315403165469
10269.537775032259
10269.537775032259
10264.950122495198
10264.950122495198
10258.349665435098
10258.349665435098
10245.722918944099
10245.722918944099
10245.722918944099
10224.004981096894
10224.004981096894
10224.004981096894
10224.004981096894
10219.99506092966
10219.99506092966
10219.99506092966
10219.99506092966
10186.46075533675
10179.728403318
10179.728403318
10174.362346535774
10174.362346535774
10173.455812099217
10159.14613710527
10159.14613710527
10159.14613710527
10145.785504192205
10145.740184165352
10145.740184165352
10132.920174058318
10128.168091391033
10103.439708588801
10103.439708588801
10103.439708588801
10103.439708588801
10103.439708588801
10103.439708588801
10093.582663585776
10089.170401168254
10089.170401168254
10086.694176886205
10086.694176886205
10086.694176886205
10086.694176886205
10086.694176886205
10076.299472249188
10064.763446875235
10055.16637769187
10041.486954681062
10020.404427096575
10020.404427096575
10013.665077011981
10004.91659135776
10004.91659135776
10004.91659135776
10004.91659135776
10003.408377773734
10003.408377773734
10002.457620647674
9993.90514077915
9976.816685997652
9976.816685997652
9971.786890759253
9965.088422564693
9960.557570014316
9949.395511570754
9939.789817170404
9936.821331105648
9936.071531726398
9928.358536692536
9924.008022306254
9924.008022306254
9924.008022306254
9924.008022306254
9914.885631216872
9909.699393098917
9894.497345896389
9892.032324663502
9892.032324663502
9878.273282325077
9878.273282325077
9855.190073253632
9855.190073253632
9846.203148014092
9845.569660029494
9845.569660029494
9835.204291995733
9835.204291995733
9816.759943590576
9816.759943590576
9816.759943590576
9816.759943590576
9816.759943590576
9816.056541390382
9816.056541390382
9813.191981097301
9813.191981097301
9813.191981097301
9805.974175847627
9805.974175847627
9805.974175847627
9804.485500418821
9803.014784950667
9799.941899997966
9799.247456206469
9799.247456206469
9799.247456206469
9799.247456206469
9793.899277330616
9781.632275502248
9781.632275502248
9781.632275502248
9781.632275502248
9781.632275502248
9767.985534448217
9765.451205402711
9765.451205402711
9759.35229311128
9759.35229311128
9744.262279315099
9738.459201022282
9738.459201022282
9725.187990999333
9715.519349153758
9712.914681461338
9712.914681461338
9705.08305314945
9690.597196317403
9690.597196317403
9690.597196317403
9690.597196317403
9690.597196317403
9690.597196317403
9690.597196317403
9686.687604565468
9678.062095164483
9678.062095164483
9678.062095164483
9674.666613775651
9667.774793926843
9667.774793926843
9667.774793926843
9667.774793926843
9667.774793926843
9659.107032441707
9643.972060949985
9643.972060949985
9627.33784477124
9613.792435910753
9607.26929781848
9598.137596651568
9584.838364134104
9582.026723634848
9582.026723634848
9582.026723634848
9565.76228955473
9565.76228955473
9553.664993735116
9553.664993735116
9553.664993735116
9531.276668258719
9527.03022064152
9527.03022064152
9527.03022064152
9521.221272087358
9517.426612553758
9517.297491949095
9504.597575517588
9504.597575517588
9504.597575517588
9504.597575517588
9504.597575517588
9502.15064470332
9489.553485988421
9474.740308654094
9474.690010030054
9466.016509485526
9465.605161745263
9458.906379706108
9448.8183807244
9433.970360458115
9416.067453574282
9404.703609444965
9404.703609444965
9404.568930204608
9404.568930204608
9404.568930204608
9404.568930204608
9404.568930204608
9404.568930204608
9404.568930204608
9400.25638474446
9396.109983995426
9388.124935482065
9388.124935482065
9385.870373661697
9376.64236733019
9372.077450415136
9367.822877462475
9365.218199842486
9365.218199842486
9365.218199842486
9357.136775872219
9354.802310958465
9354.802310958465
9349.790662144467
9348.737176176031
9348.737176176031
9336.012428233871
9319.150257662724
9316.601646764593
9298.333611698925
9298.333611698925
9298.333611698925
9298.333611698925
9295.029174618383
9281.080081338292
9281.080081338292
9281.080081338292
9276.15492448597
9276.15492448597
9276.15492448597
9276.15492448597
9263.37765223532
9263.37765223532
9257.001502899968
9257.001502899968
9257.001502899968
9256.525921408484
9250.644294485784
9250.644294485784
9229.884964340905
9215.002266993792
9193.356878295359
9193.356878295359
9193.356878295359
9180.100553579137
9180.100553579137
9179.151462851854
9170.175367048734
9170.175367048734
9170.175367048734
9165.898148485103
9163.368806964685
9163.368806964685
9163.368806964685
9155.296066861876
9155.296066861876
9145.5648046405
9135.576679926431
9125.163548880937
9120.736300061264
9111.771595262233
9106.666078488788
9098.35970240672
9098.24312411068
9084.236130344934
9079.590327098822
9079.590327098822
9079.590327098822
9079.590327098822
9079.590327098822
9074.958390833848
9074.958390833848
9071.570468772563
9050.867971615737
9050.867971615737
9050.867971615737
9042.988151580626
9040.107310532698
9029.486653976834
9029.217575008322
9023.636476094092
9023.636476094092
9010.897824978723
9006.281246251267
9002.507404635733
9002.507404635733
8993.41397822955
8993.362366131503
8974.611416986614
8956.450881082019
8956.450881082019
8943.77493990164
8927.313473661361
8924.798745798347
8916.85856301598
8915.782995293055
8915.782995293055
8912.571033063317
8912.571033063317
8912.571033063317
8912.571033063317
8911.71109001094
8911.71109001094
8908.125137017587
8895.620581002904
8893.937405568435
8893.120999267927
8893.120999267927
8887.494121543186
8887.494121543186
8887.494121543186
8878.450806404036
8878.450806404036
8878.450806404036
8862.46239088447
8847.534886852736
8847.534886852736
8827.888978807561
8827.888978807561
8827.888978807561
8827.888978807561
8821.282841677508
8816.092097529705
8799.824943114607
8799.824943114607
8797.418486182054
8797.418486182054
8797.418486182054
8796.751972166645
8796.751972166645
8796.751972166645
8796.751972166645
8796.751972166645
8779.794833781189
8767.834669280295
8767.834669280295
8767.834669280295
8760.90840741283
8747.058979764202
8735.264646996788
8728.527927906178
8728.527927906178
8718.89221114136
8718.89221114136
8718.89221114136
8718.89221114136
8718.89221114136
8718.89221114136
8712.432964801712
8706.527900705889
8698.896628974227
8683.704729747522
8683.704729747522
8683.704729747522
8683.704729747522
8676.000326076082
8671.399849776015
8671.399849776015
8671.399849776015
8669.756720366539
8657.625773894453
8647.891793559691
8639.716925042017
8629.607380727557
8614.86965027978
8614.86965027978
8609.259359718944
8609.259359718944
8609.259359718944
8606.104140233869
8595.716434827089
8580.202822978325
8578.568528555632
8572.713830991908
8565.058240937164
8562.178171901374
8562.178171901374
8554.15683827802
8554.15683827802
8547.024541268442
8545.817850113785
8532.652507491945
8518.620158056347
8511.501806811972
8511.501806811972
8511.501806811972
8511.501806811972
8511.501806811972
8511.189759512115
8511.189759512115
8511.189759512115
8505.107966247913
8505.107966247913
8505.107966247913
8505.107966247913
8505.107966247913
8505.107966247913
8505.107966247913
8500.2458453986
8500.2458453986
8500.2458453986
8492.388265912283
8492.388265912283
8492.388265912283
8478.171789644597
8472.876732644505
8472.876732644505
8468.974741099995
8468.974741099995
8468.974741099995
8462.917218924056
8459.120718523323
8459.120718523323
8459.120718523323
8459.120718523323
8459.120718523323
8459.120718523323
8459.120718523323
8459.120718523323
8439.116584959935
8437.51211848084
8437.51211848084
8435.394058674145
8430.34245234514
8421.255201796017
8421.255201796017
8410.14600928489
8398.752480817328
8398.752480817328
8398.752480817328
8398.752480817328
8398.752480817328
8388.940057660408
8388.79148950938
8388.79148950938
8388.79148950938
8388.79148950938
8388.79148950938
8386.531474716869
8382.907192821289
8376.680646463083
8376.680646463083
8357.56292548448
8347.081295159383
8332.06429358026
8332.06429358026
8328.323251538211
8328.323251538211
8328.323251538211
8325.126092356923
8325.126092356923
8316.207523167432
8316.207523167432
8316.207523167432
8302.762350509405
8297.211094757156
8297.211094757156
8296.005796137002
8288.91774168465
8288.91774168465
8282.087341744224
8282.087341744224
8268.631698067926
8268.631698067926
8268.631698067926
8264.742511556211
8261.695533673748
8261.695533673748
8248.079553278701
8248.079553278701
8240.05076581452
8240.05076581452
8240.05076581452
8235.145804355305
8226.0291510529
8216.574907004424
8216.574907004424
8216.574907004424
8202.492762408523
8202.492762408523
8189.5644697827
8189.5644697827
8179.183303345142
8161.423068474372
8161.423068474372
8149.556999243063
8140.657920235013
8127.201923043538
8127.201923043538
8110.533744532554
8106.577858238814
8106.577858238814
8104.534393766784
8103.477180203491
8103.477180203491
8103.477180203491
8090.438403527623
8084.40085354925
8084.40085354925
8076.672726925666
8076.672726925666
8072.429447739823
8065.38261934975
8065.38261934975
8046.470427171498
8046.470427171498
8042.0925336353985
8042.0925336353985
8042.0925336353985
8037.288976183339
8031.085217860376
8026.694433090419
8026.694433090419
8021.546964502266
8021.546964502266
8002.123741579742
7988.718697751934
7985.517293134944
7985.517293134944
7985.517293134944
7985.517293134944
7977.054876221147
7975.964526753709
7975.964526753709
7975.964526753709
7972.426771563971
7965.239607684089
7960.931105199372
7940.597263190044
7940.597263190044
7940.597263190044
7940.597263190044
7938.969783097778
7931.661674049832
7927.708023309661
7927.708023309661
7927.708023309661
7922.819350469645
7922.819350469645
7922.819350469645
7922.231706392299
7922.231706392299
7922.231706392299
7922.231706392299
7922.231706392299
7918.338382864584
7918.338382864584
7918.338382864584
7918.338382864584
7918.338382864584
7912.518492824194
7912.518492824194
7897.106944752475
7881.889534630507
7877.576589228724
7864.655606563367
7864.655606563367
7864.410254044187
7863.082312448256
7863.082312448256
7863.082312448256
7863.082312448256
7863.082312448256
7849.2142311249245
7849.2142311249245
7849.2142311249245
7849.2142311249245
7849.2142311249245
7849.2142311249245
7843.499644079022
7840.187403388598
7838.106258360987
7830.3392678322
7830.3392678322
7812.638031579201
7812.638031579201
7808.772309280732
7805.005265981246
7796.746318580677
7796.746318580677
7796.746318580677
7796.746318580677
7796.746318580677
7796.746318580677
7789.122702750068
7786.398136347594
7773.983557072205
7758.454934497104
7758.454934497104
7758.454934497104
7758.454934497104
7758.454934497104
7739.705944365288
7739.705944365288
7736.0186242690625
7728.508461177911
7723.600323497109
7723.600323497109
7723.600323497109
7715.621859574723
7715.621859574723
7715.621859574723
7714.079851740169
7714.079851740169
7712.2121302058895
7712.2121302058895
7703.3769124982855
7701.352462155788
7701.352462155788
7701.352462155788
7701.352462155788
7701.352462155788
7699.110198986439
7690.331151943674
7689.018507324836
7689.018507324836
7689.018507324836
7688.942809927695
7688.942809927695
7688.1356852084755
7688.1356852084755
7686.826024742674
7678.9802266118895
7678.9802266118895
7678.9802266118895
7671.374915431307
7671.374915431307
7671.374915431307
7656.420887284893
7656.420887284893
7656.420887284893
7656.420887284893
7649.388058200348
7649.388058200348
7649.388058200348
7649.388058200348
7649.388058200348
7646.189709649143
7646.189709649143
7640.5295236437505
7632.2249900244315
7632.144322455757
7632.144322455757
7632.144322455757
7632.144322455757
7631.131850580174
7631.131850580174
7631.131850580174
7620.113764499962
7620.113764499962
7611.086899124547
7591.838491888078
7582.954290514543
7582.954290514543
7575.470829535608
7574.808480137475
7574.808480137475
7573.910621162609
7572.254188313197
7572.254188313197
7556.728503338822
7553.4727599513
7553.4727599513
7553.424450380494
7550.108740983588
7544.6118670906235
7544.6118670906235
7544.6118670906235
7544.6118670906235
7538.874133296776
7538.874133296776
7538.874133296776
7531.199805789576
7528.234747203018
7528.234747203018
7519.3432518693335
7519.3432518693335
7519.3432518693335
7519.3432518693335
7506.35608273437
7506.35608273437
7506.35608273437
7506.35608273437
7498.958036980208
7498.958036980208
7498.958036980208
7484.176732314463
7480.142844086322
7474.03300593727
7460.669833040215
7460.669833040215
7460.669833040215
7455.885828748872
7455.885828748872
7455.885828748872
7455.885828748872
7454.783367932395
7430.119174469832
7430.119174469832
7423.260105075729
7423.260105075729
7423.260105075729
7423.260105075729
7423.260105075729
7403.908877153737
7398.696088818881
7397.948401889255
7397.948401889255
7397.948401889255
7388.149419351586
7371.082863833329
7370.837894904489
7367.465466611813
7367.465466611813
7366.454107569114
7356.887180413933
7356.887180413933
7356.887180413933
7356.887180413933
7352.465711648559
7340.72453084408
7340.72453084408
7340.72453084408
7340.72453084408
7331.460285607833
7331.460285607833
7331.101377805607
7324.7274968796355
7320.010337686333
7313.556870028923
7313.556870028923
7313.409904034717
7308.558193149096
7308.558193149096
7305.544129907455
7301.523499413613
7301.523499413613
7301.523499413613
7293.570633105617
7290.760065543396
7287.329409542888
7284.637291755145
7282.825521270938
7273.277110640607
7273.277110640607
7264.5831997758305
7260.081763782875
7246.448009613037
7239.760720300277
7239.760720300277
7231.50115915573
7231.50115915573
7230.894746175028
7230.894746175028
7230.894746175028
7230.894746175028
7226.512476776294
7221.229267022537
7219.63924750055
7218.62137595061
7205.8585696466325
7205.8585696466325
7189.7360134255305
7189.7360134255305
7189.7360134255305
7187.085976635764
7187.085976635764
7187.016184940982
7183.859169926171
7180.57823346026
7175.62244022341
7175.62244022341
7175.62244022341
7175.62244022341
7175.62244022341
7175.62244022341
7163.101419441864
7156.222078515558
7155.5701511186235
7154.978648981815
7141.411526012782
7140.891780668924
7134.799775102512
7134.799775102512
7134.799775102512
7134.799775102512
7117.72616533098
7117.72616533098
7113.98938327069
7113.98938327069
7100.703061254757
7098.82612341644
7098.473419023812
7092.214849448431
7077.660217016003
7077.660217016003
7077.660217016003
7073.916669127403
7068.379074495835
7066.650657334525
7058.216298064149
7042.586974196555
7042.586974196555
7042.586974196555
7042.586974196555
7036.997653423315
7017.435118861303
7002.279671277298
6988.140544592118
6986.8830259127535
6980.606802512191
6969.334356849644
6965.809352939117
6957.122410729974
6950.173218784081
6947.904213337733
6947.904213337733
6947.904213337733
6947.904213337733
6929.965404636452
6929.965404636452
6929.965404636452
6928.13146382878
6928.13146382878
6924.817280243166
6916.887848989998
6914.994845147995
6914.994845147995
6914.994845147995
6914.994845147995
6914.994845147995
6914.994845147995
6914.994845147995
6907.639372573056
6898.398234568864
6898.398234568864
6898.398234568864
6892.088099307053
6889.349576804366
6888.514533024223
6888.514533024223
6888.514533024223
6884.113861288025
6868.819534377414
6868.819534377414
6863.7987827174675
6858.341073318175
6848.479039882039
6848.479039882039
6848.479039882039
6837.530356237066
6829.025636943958
6829.025636943958
6829.025636943958
6829.025636943958
6824.415034991342
6824.415034991342
6818.9407947841055
6810.915858706125
6797.995409640814
6793.654171510629
6792.570090905005
6784.385880555163
6775.387441878873
6775.387441878873
6775.387441878873
6770.879151444223
6760.7659758210375
6760.7659758210375
6760.7659758210375
6755.9256762329405
6755.9256762329405
6755.9256762329405
6752.908787167505
6752.908787167505
6752.877780851518
6747.391936821059
6747.391936821059
6739.531881527028
6732.336874400956
6731.960832213971
6731.960832213971
6726.724302021908
6722.621593061133
6714.578610056093
6700.1583853930415
6700.1583853930415
6700.044679313787
6693.693268825476
6693.693268825476
6693.693268825476
6691.419721087974
6691.419721087974
6691.419721087974
6691.419721087974
6691.419721087974
6691.419721087974
6691.419721087974
6682.9898892655465
6676.995213128439
6676.995213128439
6669.179872151161
6669.179872151161
6667.376977934065
6666.07573715452
6661.535167808657
6655.3418161390955
6655.3418161390955
6655.3418161390955
6650.912541009488
6650.912541009488
6647.605215482642
6644.85605688858
6640.989589726969
6629.645532322295
6624.7994024136615
6624.7994024136615
6624.7994024136615
6623.485958846418
6623.485958846418
6614.102671317412
6612.120147115329
6610.357020438192
6605.969694938117
6605.087970948181
6595.246202443713
6592.498226985042
6584.339064729476
6578.490630678477
6578.490630678477
6566.544079937264
6566.544079937264
6555.173257373775
6555.173257373775
6549.390446888465
6549.390446888465
6543.320501555229
6543.320501555229
6543.320501555229
6543.320501555229
6543.320501555229
6543.320501555229
6532.3211193054485
6532.3211193054485
6532.3211193054485
6524.143852868719
6524.143852868719
6516.454182393668
6516.454182393668
6513.536599824998
6513.536599824998
6513.536599824998
6512.832708381384
6512.832708381384
6509.246865648674
6508.326438135036
6507.039005017969
6507.039005017969
6500.913380175759
6500.913380175759
6500.913380175759
6500.913380175759
6500.913380175759
6500.913380175759
6500.913380175759
6500.913380175759
6494.053975292443
6490.850217318483
6483.291876858372
6483.291876858372
6472.1120777587585
6464.296553578756
6448.573210632353
6427.631346040701
6427.631346040701
6424.365401562154
6424.365401562154
6418.011766794605
6418.011766794605
6418.011766794605
6417.146599897551
6417.146599897551
6417.146599897551
6417.146599897551
6417.146599897551
6410.9953867426575
6401.613820723537
6401.013657126883
6395.630988534049
6395.630988534049
6395.630988534049
6394.588235453206
6375.865550961419
6375.244032590036
6375.244032590036
6375.244032590036
6366.79930938875
6366.79930938875
6366.79930938875
6364.516386163579
6355.5779286444795
6355.5779286444795
6355.5779286444795
6351.996088666025
6351.996088666025
6351.996088666025
6348.78661621941
6348.08632623187
6345.988656473851
6339.423082576092
6339.423082576092
6339.423082576092
6325.499648378832
6325.499648378832
6325.499648378832
6325.499648378832
6325.499648378832
6319.071716942131
6317.93706909929
6317.93706909929
6317.93706909929
6306.249834354026
6302.2090994544915
6302.2090994544915
6302.2090994544915
6297.639071393522
6291.703739568043
6291.703739568043
6288.751980799329
6288.751980799329
6288.751980799329
6282.849032805395
6278.773733139091
6273.442064542263
6262.095761704382
6262.095761704382
6255.818260887533
6255.818260887533
6255.818260887533
6255.818260887533
6254.147904251387
6231.900084872653
6231.900084872653
6223.326608867329
6223.326608867329
6223.326608867329
6222.660012656224
6222.660012656224
6222.660012656224
6211.709203264161
6211.709203264161
6211.709203264161
6211.709203264161
6211.709203264161
6211.709203264161
6202.962061635231
6202.962061635231
6202.962061635231
6189.279605142088
6189.279605142088
6189.279605142088
6174.945916800182
6166.375210393252
6160.1253576901445
6151.912650444259
6151.912650444259
6151.912650444259
6150.016448115037
6150.016448115037
6148.2417140164625
6141.146345336193
6141.146345336193
6139.539794284413
6129.259586105631
6129.259586105631
6129.259586105631
6125.837300169244
6125.837300169244
6125.5183259569885
6125.5183259569885
6114.321588468673
6111.826295975462
6108.4520767264685
6108.4520767264685
6108.4520767264685
6108.4520767264685
6108.4520767264685
6108.4520767264685
6108.14793251085
6108.14793251085
6099.400026045226
6092.76227649188
6092.76227649188
6092.76227649188
6087.251515813053
6087.251515813053
6087.251515813053
6087.251515813053
6087.251515813053
6086.792352793513
6086.792352793513
6086.792352793513
6086.674680686112
6078.359183419388
6077.912615960571
6077.912615960571
6077.912615960571
6077.912615960571
6077.912615960571
6073.802158900712
6073.802158900712
6069.723508364388
6069.723508364388
6061.16762604657
6061.16762604657
6059.614840767457
6059.614840767457
6053.889337396808
6053.889337396808
6049.923652170439
6038.504836321752
6038.504836321752
6038.504836321752
6032.779372783711
6025.091231336163
6020.786764660288
6020.786764660288
6016.407262717096
6013.091307334735
6008.085169546665
6008.085169546665
6008.085169546665
6007.873332686011
5997.043167286324
5997.043167286324
5995.169115080531
5995.169115080531
5991.77597357941
5991.77597357941
5991.77597357941
5991.77597357941
5981.450640946353
5969.23586758693
5969.23586758693
5969.23586758693
5960.370003419299
5960.370003419299
5960.370003419299
5960.113704076677
5940.513942391675
5940.513942391675
5939.1205136562785
5937.21424656293
5937.21424656293
5937.21424656293
5937.21424656293
5926.292754264752
5918.285199121609
5918.285199121609
5918.285199121609
5918.285199121609
5916.069738488182
5916.069738488182
5911.251161657595
5911.251161657595
5910.334120350142
5910.334120350142
5901.946076186302
5901.946076186302
5886.915429177397
5886.915429177397
5884.152002420296
5882.5164790201625
5882.5164790201625
5882.33736767058
5871.369034265836
5867.433854037108
5855.0635537943945
5849.847328169004
5847.496686387747
5847.496686387747
5847.496686387747
5847.496686387747
5834.902779154923
5829.065264884326
5829.065264884326
5826.297731216817
5819.218038225326
5810.70421860746
5802.222888089403
5802.222888089403
5797.024288583817
5797.024288583817
5797.024288583817
5797.024288583817
5797.024288583817
5797.024288583817
5793.985906488465
5790.279137865487
5786.29130705735
5784.640545366889
5784.640545366889
5778.061721672045
5778.061721672045
5778.061721672045
5769.372737387496
5768.748726283378
5768.748726283378
5768.748726283378
5768.748726283378
5763.045854215707
5763.045854215707
5763.045854215707
5757.017735440934
5743.078390693958
5743.078390693958
5743.078390693958
5743.078390693958
5742.703527238986
5742.703527238986
5740.302986832571
5740.302986832571
5728.52155733197
5728.52155733197
5717.6473986091905
5707.039541218729
5707.039541218729
5694.743632826665
5694.10145957671
5686.0772072738255
5686.0772072738255
5686.0772072738255
5685.38991222064
5685.38991222064
5685.38991222064
5685.38991222064
5685.38991222064
5685.38991222064
5678.4289841777245
5678.4289841777245
5678.4289841777245
5674.293030925599
5674.293030925599
5674.293030925599
5674.102475951777
5674.102475951777
5674.102475951777
5674.102475951777
5674.102475951777
5668.50313996091
5668.50313996091
5668.50313996091
5661.579709510128
5653.818090960136
5651.22832752598
5651.22832752598
5651.22832752598
5651.22832752598
5651.22832752598
5651.22832752598
5644.811595484832
5643.110034196347
5633.289500466677
5633.289500466677
5633.289500466677
5633.289500466677
5618.697760633753
5613.7836677559335
5603.319762482845
5603.319762482845
5603.319762482845
5603.319762482845
5595.50620855215
5565.008436742404
5564.003808881731
5564.003808881731
5549.479059390219
5545.559848947131
5545.559848947131
5545.559848947131
5545.546540825249
5539.683251195314
5539.683251195314
5534.717728559503
5534.717728559503
5534.39230925306
5531.559332808837
5528.550432583699
5525.550891125763
5525.550891125763
5518.320599717237
5512.595797356861
5512.595797356861
5493.084047622277
5487.513194165145
5481.85975982456
5481.85975982456
5478.039424516583
5478.039424516583
5464.749418760278
5463.528698785642
5463.528698785642
5463.528698785642
5463.528698785642
5462.418940884152
5462.418940884152
5462.418940884152
5462.418940884152
5449.141541015444
5445.509861988763
5438.434635716446
5433.4262972864035
5429.275200779412
5429.275200779412
5429.142350166409
5429.142350166409
5429.142350166409
5429.142350166409
5429.142350166409
5429.142350166409
5429.142350166409
5429.142350166409
5428.807611870836
5422.816679327601
5421.515530801093
5398.32259451521
5398.32259451521
5398.32259451521
5389.519166751469
5389.519166751469
5389.40679686503
5377.906001583873
5377.906001583873
5376.481213005406
5376.481213005406
5368.364794382972
5368.364794382972
5352.572014277895
5352.572014277895
5351.360455970461
5345.887206002017
5337.043563990599
5337.043563990599
5337.043563990599
5334.5325352205855
5329.624429501072
5325.87303372401
5318.678391081435
5318.678391081435
5301.362521202273
5301.06599177018
5301.06599177018
5296.98100084689
5294.539976980259
5292.3300574169925
5292.3300574169925
5278.93651546609
5270.53537082334
5270.53537082334
5262.17588136502
5262.17588136502
5262.114986318389
5262.114986318389
5262.114986318389
5262.114986318389
5262.114986318389
5259.925184135576
5259.925184135576
5259.925184135576
5256.1559749142925
5256.1559749142925
5256.1559749142925
5256.1559749142925
5256.1559749142925
5253.655261259464
5253.655261259464
5249.560806523123
5247.267162655119
5238.96048538878
5238.96048538878
5238.96048538878
5238.96048538878
5238.96048538878
5238.96048538878
5238.96048538878
5238.96048538878
5235.288818088335
5227.703783557805
5227.703783557805
5227.703783557805
5227.703783557805
5226.315082353794
5226.315082353794
5209.495943215045
5193.315405732348
5193.315405732348
5193.315405732348
5193.315405732348
5186.753354901094
5185.55032049325
5185.55032049325
5185.55032049325
5185.55032049325
5176.92731524776
5176.92731524776
5165.949692009946
5161.664725313769
5156.512792617125
5156.512792617125
5156.512792617125
5151.596297094522
5150.912965579538
5148.046574008083
5135.716622376365
5135.716622376365
5129.229100179768
5121.619337346619
5114.308691362812
5110.87244387033
5110.87244387033
5100.197794845693
5100.197794845693
5100.197794845693
5100.197794845693
5100.197794845693
5100.197794845693
5100.197794845693
5100.197794845693
5096.776858657632
5096.776858657632
5096.776858657632
5096.776858657632
5081.452088169641
5081.452088169641
5076.339924657949
5076.339924657949
5074.130438661203
5063.999816030071
5063.999816030071
5063.999816030071
5056.418988748826
5047.7191617167055
5042.569569550987
5036.355777245974
5036.355777245974
5033.326924082544
5026.443593620895
5022.354376319744
5022.354376319744
5022.304417953781
5007.774878179216
5007.774878179216
5007.774878179216
5007.774878179216
4997.340943673924
4994.350486934331
4990.313368011031
4976.720826722858
4969.994761265561
4969.994761265561
4969.994761265561
4969.849871144322
4969.849871144322
4966.249957282298
4962.2199244755375
4962.2199244755375
4962.2199244755375
4962.2199244755375
4962.2199244755375
4960.512561229045
4960.512561229045
4960.512561229045
4956.304009832556
4956.304009832556
4956.304009832556
4946.830586378128
4938.388745053719
4927.852190032037
4924.191990741063
4921.125949257448
4917.741187023568
4917.741187023568
4917.741187023568
4917.741187023568
4917.738669607027
4913.307468940106
4913.307468940106
4913.307468940106
4913.307468940106
4913.307468940106
4908.470421246952
4901.290237412186
4893.673483526698
4881.999504171152
4879.613126975843
4879.613126975843
4875.189323181725
4875.189323181725
4875.189323181725
4863.985900107537
4863.985900107537
4858.794055671626
4858.794055671626
4852.639405030598
4849.854086941429
4843.190090491684
4843.190090491684
4843.190090491684
4840.6285867994875
4830.577484758166
4826.6551274652475
4816.7833938309195
4810.890869387073
4808.875879201399
4808.875879201399
4808.875879201399
4808.875879201399
4808.875879201399
4808.875879201399
4804.382650850938
4804.382650850938
4804.382650850938
4804.382650850938
4797.622189188998
4796.097019509345
4796.097019509345
4795.527771317622
4795.527771317622
4780.202171399526
4780.202171399526
4777.9244455963735
4770.177088633596
4770.177088633596
4770.177088633596
4759.80702288574
4756.778470211335
4749.381938986766
4740.29626808548
4740.29626808548
4740.29626808548
4734.166924488778
4733.892136317792
4731.794249631204
4723.284372285072
4721.478507505873
4721.478507505873
4721.478507505873
4712.752189638842
4711.434845792762
4711.434845792762
4701.206132478223
4692.9080161529355
4686.034065264262
4683.82908927821
4683.82908927821
4683.82908927821
4675.522824624154
4665.408945675363
4665.408945675363
4652.172384799741
4652.172384799741
4652.172384799741
4648.849527067053
4648.849527067053
4646.0183093039595
4645.540421668623
4645.540421668623
4635.366162458295
4629.461333928888
4625.199596295377
4615.719716239079
4615.719716239079
4615.719716239079
4609.355927348275
4609.355927348275
4609.355927348275
4607.531050435268
4599.79127633487
4583.369107060702
4583.369107060702
4583.369107060702
4583.303140215374
4581.122877035246
4573.699996740321
4573.699996740321
4573.699996740321
4567.676132210669
4563.961820821882
4563.961820821882
4549.772473421776
4547.352740273833
4541.384677602578
4541.26327681088
4530.940099396161
4528.603395212398
4524.559413732264
4514.988733948281
4512.185706920039
4512.185706920039
4508.680491415888
4508.680491415888
4506.197468281569
4500.009393053813
4497.725276774701
4494.829152660166
4492.784004831461
4492.784004831461
4492.784004831461
4481.500759605351
4481.500759605351
4481.500759605351
4475.544839694188
4470.93330453231
4470.93330453231
4470.93330453231
4464.2470382902175
4462.109230893525
4456.166916944679
4456.166916944679
4448.672364981525
4448.672364981525
4448.672364981525
4446.832432260427
4442.06054135205
4442.06054135205
4442.06054135205
4432.98093159762
4419.5163639943175
4418.672538817154
4408.841677589335
4408.841677589335
4408.841677589335
4408.841677589335
4408.841677589335
4406.565218882227
4405.6841673298895
4401.167009641505
4401.167009641505
4401.167009641505
4401.167009641505
4401.167009641505
4401.167009641505
4401.167009641505
4393.946787064915
4393.946787064915
4393.946787064915
4393.946787064915
4393.946787064915
4391.781170848797
4391.781170848797
4389.834066995131
4389.834066995131
4377.518422377577
4377.518422377577
4375.854818873579
4375.854818873579
4375.854818873579
4372.510231195038
4372.510231195038
4372.510231195038
4372.510231195038
4372.510231195038
4372.510231195038
4372.510231195038
4363.494925216031
4360.07518062821
4352.733283938705
4346.220723111498
