40085.3342000693
40085.3342000693
40085.3342000693
40045.943909894966
40042.31874267224
40042.31874267224
40040.243094788
40028.699462558216
39995.582428352434
39993.25801615306
39993.25801615306
39993.25801615306
39974.14150749783
39969.06026051124
39963.03309657428
39963.03309657428
39923.783369854485
39871.70603467254
39852.88596771432
39845.225628613145
39845.225628613145
39845.225628613145
39845.225628613145
39832.429249549634
39806.62119487234
39799.40666224767
39799.40666224767
39762.08931474446
39738.5271239678
39738.5271239678
39738.5271239678
39737.965844466904
39731.33413783146
39729.622430621486
39725.8063361228
39725.46965847151
39723.91949758233
39708.65903105345
39708.65903105345
39708.65903105345
39707.825518905425
39707.825518905425
39707.825518905425
39693.625005220005
39693.625005220005
39693.625005220005
39693.625005220005
39693.625005220005
39693.625005220005
39693.625005220005
39693.625005220005
39693.625005220005
39685.95371441146
39685.95371441146
39682.06475460719
39674.74586685508
39630.92829437483
39630.92829437483
39630.34426704571
39612.68663044296
39612.68663044296
39612.68663044296
39612.68663044296
39578.90055259633
39569.47176074451
39532.05033263385
39532.05033263385
39529.62302719698
39502.29739536795
39502.1024733382
39502.1024733382
39502.1024733382
39502.1024733382
39489.366262358206
39489.366262358206
39443.09475112989
39443.09475112989
39410.17916385003
39410.17916385003
39410.17916385003
39410.17916385003
39389.9712350869
39379.1588510065
39379.1588510065
39379.1588510065
39358.389057203574
39332.44809917678
39332.44809917678
39332.44809917678
39332.44809917678
39332.44809917678
39309.74981997766
39307.44264010989
39307.44264010989
39307.44264010989
39292.345122972416
39277.93719299659
39268.52948834846
39246.79141797394
39246.79141797394
39246.79141797394
39232.224787043335
39232.224787043335
39200.201214340035
39200.201214340035
39177.678734893736
39177.678734893736
39177.678734893736
39177.678734893736
39172.848899633726
39153.61386386438
39153.61386386438
39122.87507865936
39122.87507865936
39106.20008537138
39106.20008537138
39072.27569251981
39072.27569251981
39059.6665748803
39051.78063072695
39051.78063072695
39051.78063072695
39051.78063072695
39050.09632956138
39050.09632956138
39034.46475500395
39029.98072381938
39007.444532353176
39007.444532353176
39007.444532353176
38977.214570388074
38973.811693540054
38973.811693540054
38973.811693540054
38973.811693540054
38965.87186851886
38955.751336045556
38955.751336045556
38955.751336045556
38955.751336045556
38955.751336045556
38934.56292563348
38905.35529095537
38886.08588212805
38852.39768433302
38852.39768433302
38814.45292574081
38813.35045650977
38813.35045650977
38813.35045650977
38811.89574785979
38801.865377084534
38764.129235858396
38763.110223407595
38759.6950520001
38759.6950520001
38759.6950520001
38759.6950520001
38749.64611136611
38739.86264097147
38707.11829646446
38679.812805738926
38679.812805738926
38679.812805738926
38658.74487278114
38654.767390569585
38654.767390569585
38621.078614555256
38621.078614555256
38600.880825416294
38597.14638847726
38578.944596571135
38578.944596571135
38563.66114141469
38563.66114141469
38560.08667408501
38541.199019013984
38525.12826617408
38525.12826617408
38525.12826617408
38523.75072474656
38523.75072474656
38523.75072474656
38520.56463711479
38511.732937747336
38510.65684086037
38510.65684086037
38510.65684086037
38510.65684086037
38497.08117205899
38497.08117205899
38473.76996892176
38473.76996892176
38437.47904382086
38435.182248623234
38435.182248623234
38435.182248623234
38435.182248623234
38435.182248623234
38416.37212698238
38390.56974500795
38389.58264701915
38381.9158397353
38353.95348281541
38353.95348281541
38351.22300385269
38351.12660509203
38351.12660509203
38348.66088326639
38339.130210780626
38319.65814966972
38319.65814966972
38319.65814966972
38316.359612722255
38279.39935157644
38261.50881327527
38261.50881327527
38261.50881327527
38261.50881327527
38261.50881327527
38238.328105966466
38238.328105966466
38226.06247119095
38208.424145660756
38194.37596665988
38184.16976017175
38176.342460467684
38150.4587785595
38147.862652258365
38147.862652258365
38147.862652258365
38139.771267657314
38139.771267657314
38138.67008456612
38138.67008456612
38131.314967288046
38118.316982333345
38113.8215406977
38113.8215406977
38113.8215406977
38094.86918294289
38094.86918294289
38085.290771305954
38085.290771305954
38085.290771305954
38080.17449283598
38080.17449283598
38049.91409485476
38025.90383599928
38025.90383599928
38025.90383599928
37999.22688036208
37999.22688036208
37999.22688036208
37999.22688036208
37986.12115662273
37954.05425541196
37946.40337718817
37946.40337718817
37946.40337718817
37946.40337718817
37946.40337718817
37932.26298932567
37932.26298932567
37928.91078305759
37928.91078305759
37928.91078305759
37920.953437437325
37920.953437437325
37920.953437437325
37904.562092544074
37904.562092544074
37877.03650058044
37859.3315135313
37859.3315135313
37821.37158833749
37803.56959620398
37803.56959620398
37798.51980733067
37798.51980733067
37766.201192794586
37748.95003138391
37747.779274896275
37747.779274896275
37740.14847201328
37740.14847201328
37740.14847201328
37740.14847201328
37740.14847201328
37740.14847201328
37740.14847201328
37740.14847201328
37735.36831146136
37729.25799771006
37729.25799771006
37710.083785965246
37710.083785965246
37664.06575863198
37662.54737051401
37652.53417082528
37652.53417082528
37652.53417082528
37645.38227952095
37592.180858945954
37574.96767007602
37556.42469844164
37532.66930164322
37532.66930164322
37518.08428719958
37480.13411323139
37478.20877114739
37478.20877114739
37478.20877114739
37474.622455478755
37474.622455478755
37474.622455478755
37474.622455478755
37471.50415221586
37471.50415221586
37471.50415221586
37433.61744003416
37415.17900411358
37415.17900411358
37415.17900411358
37415.17900411358
37402.6536259524
37402.6536259524
37402.6536259524
37402.6536259524
37402.6536259524
37395.4746650842
37395.12212283591
37395.12212283591
37395.12212283591
37395.12212283591
37395.12212283591
37395.12212283591
37369.292077334045
37369.292077334045
37369.292077334045
37369.292077334045
37369.292077334045
37364.90222763471
37345.81406369615
37336.88923145387
37318.82197881338
37318.82197881338
37297.69473115255
37297.69473115255
37297.69473115255
37279.36958153262
37279.36958153262
37279.36958153262
37278.45274619608
37278.45274619608
37255.278551308555
37255.278551308555
37255.278551308555
37214.83484938404
37185.97072863123
37185.97072863123
37185.45238171406
37185.45238171406
37185.45238171406
37182.43521093756
37182.43521093756
37182.43521093756
37156.436501134995
37141.52447541239
37141.275812108244
37137.70846485729
37137.70846485729
37137.70846485729
37130.29553815599
37100.089760891875
37100.089760891875
37092.50535311672
37091.77524258381
37084.53715071224
37084.53715071224
37084.53715071224
37060.28149657271
37058.148539713126
37058.148539713126
37058.148539713126
37033.24363402274
37033.24363402274
37022.10918844232
37022.10918844232
37022.10918844232
37005.17692490566
36999.713352772924
36995.63273965894
36995.63273965894
36981.17559131721
36977.701338654566
36965.163275792926
36960.51519862884
36960.51519862884
36960.51519862884
36960.51519862884
36951.36949721817
36935.899584837716
36921.36848144968
36918.420691938176
36908.184212718545
36908.184212718545
36908.184212718545
36908.184212718545
36860.45755558318
36860.45755558318
36844.45478010395
36844.45478010395
36839.71591639561
36838.27971291188
36835.83522519944
36816.26971696334
36816.26971696334
36816.26971696334
36816.26971696334
36793.875460830735
36776.841342971165
36776.841342971165
36741.30743413482
36741.30743413482
36741.30743413482
36741.30743413482
36741.30743413482
36730.50270711578
36730.50270711578
36730.50270711578
36707.71913389974
36707.71913389974
36700.48806912339
36687.1285607985
36687.1285607985
36687.1285607985
36679.94638037775
36664.46532185636
36664.46532185636
36664.46532185636
36659.66021050133
36659.66021050133
36659.66021050133
36654.619565720976
36654.619565720976
36623.191256744976
36623.191256744976
36623.191256744976
36618.974029136436
36591.038352562835
36591.038352562835
36587.210910287926
36587.210910287926
36587.210910287926
36579.695008767645
36579.695008767645
36552.183053830995
36552.183053830995
36550.92264254981
36550.92264254981
36550.92264254981
36550.92264254981
36550.92264254981
36516.80056034624
36474.474318487
36474.474318487
36474.474318487
36472.36658042794
36470.79825169493
36470.79825169493
36447.24434462696
36439.91294551764
36439.91294551764
36421.62004213292
36421.62004213292
36421.62004213292
36383.21101296917
36383.21101296917
36356.580965247704
36353.16858765361
36347.756741204736
36320.50074640096
36283.033344197334
36273.80766787378
36234.173395754726
36223.70281881082
36220.88975441522
36206.6727676935
36202.566073754686
36182.353468082845
36170.43077427583
36166.85660495704
36166.85660495704
36166.85660495704
36165.210216712505
36145.19574564007
36111.713190919145
36111.713190919145
36079.30906350281
36051.564312269664
36024.47550042854
36017.25147702125
36017.25147702125
36003.62732509663
35999.31668220493
35991.908597220354
35991.908597220354
35991.908597220354
35979.26751786063
35968.3983913369
35968.3983913369
35968.3983913369
35951.43580920487
35946.84932189708
35914.80423822725
35908.985527509496
35874.326617874045
35859.69734254208
35854.74760103309
35852.8173549646
35852.8173549646
35838.74753189216
35838.74753189216
35838.74753189216
35838.74753189216
35838.46510282052
35838.46510282052
35806.39719755809
35806.39719755809
35806.39719755809
35788.03544073838
35788.03544073838
35778.74768644417
35778.74768644417
35778.74768644417
35728.38529810057
35728.38529810057
35716.131849778685
35696.75838125332
35696.75838125332
35696.75838125332
35696.75838125332
35674.637952588186
35674.637952588186
35663.87978724088
35647.31425244208
35647.31425244208
35610.99138876651
35610.99138876651
35608.31631674605
35608.31631674605
35600.55822120253
35558.24597435721
35528.18239891354
35528.18239891354
35513.84179349922
35485.12442643321
35475.72668198793
35475.1382893142
35474.04894115889
35455.21958733987
35455.21958733987
35451.619306030414
35451.619306030414
35451.619306030414
35451.619306030414
35451.619306030414
35451.619306030414
35451.619306030414
35432.4058183955
35412.17990103191
35412.17990103191
35402.93675621738
35357.624588183004
35329.54825444564
35308.03946304454
35307.437321586556
35293.19948822738
35293.19948822738
35293.19948822738
35293.19948822738
35293.19948822738
35267.93880366348
35267.93880366348
35260.57564461167
35243.700347792896
35221.50333371599
35214.83222362749
35201.481199928756
35201.481199928756
35201.481199928756
35201.481199928756
35170.71713105296
35170.71713105296
35170.71713105296
35170.71713105296
35136.398949690956
35136.398949690956
35128.226857211055
35128.226857211055
35105.29294645174
35084.08162252685
35084.08162252685
35084.08162252685
35037.969912355315
35025.17814215316
35025.17814215316
35002.477396767994
34999.36894643019
34999.36894643019
34999.36894643019
34990.08065566824
34981.85208207282
34981.85208207282
34976.94459905679
34969.9532935311
34969.9532935311
34969.9532935311
34969.9532935311
34966.12163122686
34966.12163122686
34961.16840774309
34958.66577291391
34940.078456658055
34940.078456658055
34940.078456658055
34922.05545212426
34918.00326760854
34918.00326760854
34918.00326760854
34897.29244487382
34886.92901962677
34876.92980893657
34876.92980893657
34856.75140521158
34856.75140521158
34856.75140521158
34856.75140521158
34856.75140521158
34831.492700718365
34831.492700718365
34831.492700718365
34831.492700718365
34822.95866638215
34810.18588083307
34810.18588083307
34807.449953428426
34807.449953428426
34783.026530042174
34783.026530042174
34783.026530042174
34783.026530042174
34783.026530042174
34749.31360410301
34749.31360410301
34749.31360410301
34730.87476552698
34730.87476552698
34715.70789687982
34715.70789687982
34695.5745282709
34685.438715110984
34685.438715110984
34668.849185810235
34668.849185810235
34641.19253689736
34626.24725590143
34626.24725590143
34626.24725590143
34592.01264233287
34592.01264233287
34565.002292829464
34565.002292829464
34560.630808976326
34552.38606790387
34552.30316653597
34549.880302980186
34541.24526181061
34541.24526181061
34541.24526181061
34539.77253229012
34539.77253229012
34503.69835188683
34503.69835188683
34483.380072430075
34483.380072430075
34479.145924036406
34479.145924036406
34470.968683364095
34470.968683364095
34433.75700697593
34415.15945299553
34407.70663798997
34401.40748769337
34401.40748769337
34399.41165450108
34399.41165450108
34393.10265961391
34393.10265961391
34388.69817605439
34388.69817605439
34388.69817605439
34388.69817605439
34388.69817605439
34388.69817605439
34388.69817605439
34388.69817605439
34388.69817605439
34378.310711739585
34373.47987494855
34364.33309827004
34364.33309827004
34364.33309827004
34352.07642283127
34345.41629895358
34345.41629895358
34345.41629895358
34345.21435176908
34345.21435176908
34340.09166046246
34332.767243695474
34332.767243695474
34328.87724968012
34328.87724968012
34328.87724968012
34328.39305823261
34298.95464095329
34298.95464095329
34296.458360562356
34288.18386447494
34278.5399513926
34278.5399513926
34269.35753120425
34257.09589263737
34252.86319065347
34235.16615783809
34213.48202090317
34211.05709643143
34211.05709643143
34190.98966936004
34190.98966936004
34190.98966936004
34190.98966936004
34160.679721307875
34160.679721307875
34160.679721307875
34160.679721307875
34157.803548515774
34149.361906165235
34136.611634991394
34136.611634991394
34136.611634991394
34118.34699614401
34118.34699614401
34103.53418105966
34102.329619436
34102.329619436
34102.329619436
34095.75852722541
34095.75852722541
34095.75852722541
34069.865531713964
34065.94330519661
34027.92451704951
34027.92451704951
34027.92451704951
33998.52977335296
33988.66553486557
33942.28367179581
33942.28367179581
33942.28367179581
33942.28367179581
33911.27676682675
33911.27676682675
33891.80107710906
33888.439069031396
33884.28188825273
33870.78660187362
33870.78448320335
33870.78448320335
33843.04921613422
33843.04921613422
33843.04921613422
33843.04921613422
33829.29747138989
33829.29747138989
33829.29747138989
33814.4032540943
33802.15470128812
33802.15470128812
33802.15470128812
33802.15470128812
33802.15470128812
33802.15470128812
33802.15470128812
33802.15470128812
33793.16909211018
33739.77449949445
33739.77449949445
33719.88288736358
33711.92009546816
33711.92009546816
33711.92009546816
33711.92009546816
33697.89783976014
33697.89783976014
33682.615575522526
33682.615575522526
33676.97237212357
33676.97237212357
33659.672358089454
33659.672358089454
33659.672358089454
33659.672358089454
33659.672358089454
33659.26542331979
33659.26542331979
33659.26542331979
33659.26542331979
33659.26542331979
33659.26542331979
33644.42533609956
33644.42533609956
33642.139461327766
33600.582717488265
33585.225203552334
33565.015399191616
33565.015399191616
33564.60636068245
33564.60636068245
33544.097855569555
33515.28508776348
33515.28508776348
33504.13178718955
33504.13178718955
33504.13178718955
33495.5507261577
33495.5507261577
33495.5507261577
33491.152893728904
33491.152893728904
33491.152893728904
33491.152893728904
33474.37101026545
33461.11137467783
33461.11137467783
33461.11137467783
33447.260614302206
33438.01767204725
33407.733539565656
33407.733539565656
33407.733539565656
33374.03936320698
33363.25577619703
33362.093009293625
33353.4518773441
33335.882495686106
33335.882495686106
33333.23222863435
33333.23222863435
33333.23222863435
33324.63332949814
33293.001818300916
33286.50114202681
33286.50114202681
33272.21437411009
33272.21437411009
33272.21437411009
33265.25982588955
33261.17546519892
33261.17546519892
33241.29960946757
33241.29960946757
33241.29960946757
33241.29960946757
33241.29960946757
33225.74699858589
33225.74699858589
33225.74699858589
33225.74699858589
33225.74699858589
33205.878135653715
33205.878135653715
33205.878135653715
33205.878135653715
33205.878135653715
33205.878135653715
33205.878135653715
33205.878135653715
33180.71098906418
33177.58548511414
33169.0410455835
33169.0410455835
33169.0410455835
33169.0410455835
33152.380067492144
33099.82309919707
33099.82309919707
33076.934199045005
33076.934199045005
33076.934199045005
33073.03977415862
33043.46263391334
33035.41218989165
33035.41218989165
33035.41218989165
33022.24394097192
33022.24394097192
33022.24394097192
33004.724082687346
33004.724082687346
33004.724082687346
33004.724082687346
32984.49759743842
32973.753787654125
32941.98715473797
32935.229507738666
32935.229507738666
32913.82771696634
32913.82771696634
32904.645292393005
32886.31305462528
32883.593314387785
32868.512420780506
32868.512420780506
32868.512420780506
32861.18846611369
32861.18846611369
32855.5086526889
32846.284382691
32846.284382691
32842.01335138267
32841.115195398896
32839.20674012371
32839.20674012371
32815.35357183074
32813.96972315543
32792.32410031486
32787.234650613376
32787.234650613376
32787.234650613376
32787.234650613376
32787.234650613376
32787.234650613376
32779.55620657288
32779.55620657288
32779.55620657288
32748.99927251868
32748.99927251868
32745.076017043557
32745.076017043557
32733.11267173871
32718.18359689163
32718.18359689163
32718.18359689163
32700.12573287555
32689.577109930404
32671.175621806444
32671.175621806444
32671.175621806444
32671.175621806444
32671.175621806444
32637.43815509995
32634.858231369522
32634.858231369522
32633.805321017535
32626.709783909893
32626.709783909893
32623.416732956903
32623.416732956903
32623.416732956903
32622.32904393297
32620.94080566866
32620.94080566866
32601.157933712395
32601.157933712395
32601.157933712395
32599.198076333694
32599.198076333694
32565.47973994101
32565.47973994101
32555.989328813885
32555.989328813885
32555.989328813885
32547.74331467915
32547.74331467915
32540.17319621927
32532.99245103104
32532.99245103104
32532.99245103104
32511.932060808867
32511.932060808867
32511.932060808867
32511.932060808867
32493.07643460783
32493.07643460783
32493.07643460783
32493.07643460783
32493.07643460783
32478.12225604555
32459.971105221815
32459.971105221815
32459.971105221815
32445.124283489644
32445.124283489644
32429.702299174798
32429.702299174798
32419.06724461514
32388.255003424572
32388.255003424572
32368.33974523309
32361.14180563987
32345.406244414695
32345.406244414695
32345.406244414695
32345.406244414695
32345.406244414695
32321.28863725858
32321.28863725858
32321.28863725858
32310.45974102483
32254.754168457006
32238.19830563223
32238.19830563223
32238.19830563223
32238.19830563223
32238.19830563223
32230.69130037795
32219.205703419233
32208.399474578688
32208.399474578688
32208.399474578688
32197.290382299012
32195.18368565655
32195.18368565655
32188.42365752225
32168.630209726864
32168.630209726864
32150.97202296591
32136.153933335798
32136.153933335798
32136.153933335798
32130.615777776304
32130.615777776304
32113.882785754042
32103.831213687685
32095.867211384742
32095.867211384742
32090.17542705674
32090.17542705674
32048.575518938364
32018.222838414855
32018.222838414855
32009.42349284724
31984.39734919734
31955.904480343583
31955.54117720105
31950.631452359943
31950.631452359943
31949.427633261694
31949.427633261694
31949.427633261694
31949.427633261694
31949.427633261694
31930.534383439677
31899.87329726115
31899.87329726115
31884.039246013275
31884.039246013275
31872.501356240486
31872.501356240486
31872.501356240486
31872.501356240486
31872.501356240486
31872.501356240486
31872.501356240486
31859.013794606686
31851.154938220214
31851.154938220214
31851.154938220214
31834.335765063297
31815.13761802332
31815.13761802332
31788.72546340184
31788.72546340184
31786.61119438802
31786.61119438802
31768.217968896628
31768.217968896628
31768.217968896628
31768.217968896628
31768.217968896628
31746.910614951736
31746.910614951736
31746.910614951736
31745.60011368662
31745.60011368662
31745.60011368662
31745.60011368662
31745.60011368662
31745.60011368662
31712.685277546734
31690.216168548373
31680.62320625453
31680.62320625453
31680.62320625453
31664.730703649402
31653.723453322873
31653.723453322873
31653.723453322873
31646.679521830196
31646.679521830196
31635.6166558171
31635.6166558171
31631.2478194179
31614.608620634302
31614.608620634302
31590.254385795353
31590.254385795353
31590.254385795353
31590.254385795353
31574.290580596527
31574.290580596527
31562.794956561585
31549.63810660202
31549.63810660202
31542.697195542918
31542.697195542918
31532.608628406262
31532.608628406262
31532.608628406262
31532.608628406262
31532.608628406262
31532.608628406262
31532.608628406262
31505.657875831144
31505.657875831144
31489.18110474068
31489.18110474068
31489.18110474068
31480.500481818086
31480.500481818086
31480.500481818086
31448.538307266805
31448.538307266805
31448.151946302118
31448.151946302118
31417.643600320385
31417.643600320385
31417.643600320385
31410.401583430117
31406.2690969215
31406.2690969215
31406.2690969215
31406.2690969215
31406.2690969215
31406.2690969215
31406.2690969215
31395.381549832095
31395.381549832095
31395.381549832095
31395.381549832095
31375.969242224674
31371.247235173505
31371.247235173505
31347.48937458258
31347.48937458258
31342.114269054153
31342.114269054153
31342.114269054153
31338.20579096011
31336.688124156808
31336.688124156808
31334.84465406194
31334.84465406194
31334.84465406194
31316.771365005996
31301.71188068959
31301.71188068959
31293.073457498464
31293.073457498464
31293.073457498464
31293.073457498464
31286.732878921455
31263.255589959816
31245.956685105164
31245.956685105164
31245.956685105164
31245.956685105164
31237.28079298848
31222.768401647158
31216.12938518352
31216.12938518352
31216.126275465864
31216.126275465864
31216.126275465864
31216.126275465864
31216.126275465864
31191.99789063652
31191.99789063652
31172.215177884835
31172.215177884835
31172.215177884835
31158.365612118025
31153.301639070814
31153.301639070814
31152.37043409519
31152.37043409519
31152.37043409519
31152.37043409519
31152.37043409519
31152.37043409519
31152.37043409519
31143.57393840734
31135.031663824084
31129.93958834964
31123.460157292862
31123.460157292862
31123.460157292862
31089.743103819088
31075.022756276252
31075.022756276252
31068.60254085774
31068.60254085774
31068.60254085774
31068.60254085774
31068.60254085774
31052.46615428998
31030.90144267253
31030.90144267253
31030.90144267253
31030.90144267253
31023.315639644206
31023.315639644206
31022.28520343447
31022.28520343447
30990.179981818335
30990.179981818335
30979.441044324747
30970.03778490043
30970.03778490043
30970.03778490043
30953.63628139113
30946.278829987743
30946.278829987743
30946.278829987743
30946.278829987743
30946.278829987743
30930.244954822363
30930.244954822363
30930.244954822363
30930.244954822363
30930.244954822363
30930.244954822363
30930.244954822363
30923.780518086292
30923.780518086292
30923.780518086292
30916.710067801665
30882.87720671749
30878.47084442223
30859.27508681993
30843.70951982777
30843.70951982777
30843.70951982777
30826.193709327872
30822.482925704688
30822.482925704688
30818.61765114118
30818.61765114118
30800.949377938534
30796.38980315767
30796.38980315767
30775.772936722304
30775.772936722304
30752.942202303915
30752.942202303915
30752.942202303915
30752.942202303915
30752.942202303915
30748.42415883721
30718.76987058536
30718.76987058536
30717.714499723523
30715.094839918307
30710.74622387128
30684.40121132034
30672.11458384723
30654.47161251629
30654.47161251629
30653.532360525136
30635.944593108332
30634.322578643994
30625.484290453434
30590.533939816465
30590.533939816465
30590.533939816465
30563.70239599168
30543.66187438807
30543.60642167757
30532.490651871776
30532.490651871776
30512.885492920985
30512.885492920985
30512.885492920985
30512.885492920985
30488.026543950815
30469.27623766762
30469.27623766762
30469.27623766762
30447.630574091654
30447.630574091654
30447.630574091654
30447.630574091654
30447.630574091654
30426.16468303268
30426.16468303268
30398.251251449634
30398.251251449634
30398.251251449634
30398.251251449634
30374.866500865905
30363.597481967005
30363.597481967005
30363.597481967005
30355.17225059813
30320.334365329574
30320.253210770526
30320.253210770526
30320.253210770526
30307.21966628895
30277.34408582249
30277.34408582249
30268.24333893059
30244.348313725222
30241.74868051058
30241.74868051058
30215.704702748673
30201.377930039045
30188.628876241368
30144.877550390167
30121.990002469465
30121.8795587909
30106.21059744652
30106.21059744652
30089.338159877
30041.836415620874
30041.836415620874
30041.836415620874
30041.836415620874
30041.836415620874
30041.836415620874
30023.11882581717
30023.11882581717
30023.11882581717
30018.451618856176
30015.794279014135
29999.97571139963
29984.85233481075
29975.291814341494
29975.291814341494
29975.291814341494
29975.291814341494
29975.291814341494
29965.458358842956
29965.458358842956
29949.62884933264
29949.62884933264
29949.62884933264
29949.62884933264
29907.30377755135
29887.762737699464
29887.762737699464
29869.943573381777
29862.353682083616
29862.353682083616
29862.353682083616
29838.80929441812
29838.80929441812
29838.80929441812
29838.80929441812
29838.80929441812
29838.80929441812
29838.80929441812
29837.520515692508
29837.520515692508
29837.520515692508
29827.22980901855
29827.22980901855
29827.22980901855
29827.22980901855
29819.977189019777
29816.768982342484
29800.0032901511
29800.0032901511
29800.0032901511
29780.845916856055
29780.845916856055
29759.139660130088
29759.139660130088
29755.255167692314
29754.911785446842
29725.86255585843
29725.86255585843
29725.86255585843
29725.86255585843
29725.86255585843
29724.155886287856
29724.155886287856
29705.894518094356
29701.16789484988
29671.374412298934
29671.374412298934
29671.374412298934
29669.69559749737
29666.5200486063
29658.256741461493
29645.06358155288
29645.06358155288
29602.589821876536
29602.589821876536
29574.915380085025
29573.735078709964
29573.735078709964
29573.735078709964
29573.735078709964
29573.735078709964
29562.81085380928
29562.81085380928
29531.432320013068
29478.288991459347
29478.288991459347
29475.726666430695
29475.726666430695
29475.726666430695
29469.159521401907
29456.42882850125
29456.42882850125
29426.857100879955
29426.40652791119
29406.214279035714
29406.214279035714
29395.21653518046
29395.21653518046
29395.21653518046
29387.285116558873
29387.285116558873
29364.467068254995
29364.467068254995
29355.348035387444
29355.348035387444
29348.61924766111
29347.657761330993
29342.923192963728
29342.923192963728
29342.923192963728
29342.923192963728
29342.923192963728
29342.923192963728
29319.93478736845
29314.840591771776
29314.840591771776
29314.840591771776
29302.01786781063
29273.65987699762
29262.319523790546
29262.319523790546
29237.573242139104
29237.22106516504
29237.22106516504
29207.853278632665
29207.853278632665
29204.57354537135
29204.57354537135
29201.235392695206
29159.88302586689
29149.082791400884
29138.15604085666
29099.611891434382
29099.611891434382
29087.89624657006
29074.358173789602
29061.7151446944
29056.902929357402
29054.8155845913
29036.004243794654
29036.004243794654
29032.347312661386
29032.347312661386
29032.347312661386
29016.98483689476
29016.98483689476
29016.98483689476
29016.98483689476
28996.591401749414
28970.29550932138
28970.29550932138
28970.29550932138
28970.29550932138
28945.447372110466
28925.4695901118
28914.88529092388
28914.88529092388
28914.88529092388
28913.03227897998
28913.03227897998
28913.03227897998
28913.03227897998
28913.03227897998
28913.03227897998
28906.249582234675
28904.895387998262
28900.92141351258
28888.451893995243
28888.451893995243
28882.66900886531
28882.66900886531
28882.66900886531
28882.66900886531
28882.66900886531
28882.66900886531
28882.66900886531
28871.579645863963
28867.700920857802
28867.700920857802
28862.596771430046
28861.082344709786
28861.082344709786
28861.082344709786
28861.082344709786
28850.46012343902
28846.05908631481
28842.756969235536
28837.467328380157
28837.467328380157
28805.047627828
28775.499814109156
28763.89820346849
28763.89820346849
28763.89820346849
28763.89820346849
28763.89820346849
28742.422831251148
28733.24251553613
28728.27848386189
28728.27848386189
28725.05761675206
28725.05761675206
28725.05761675206
28725.05761675206
28707.204382254873
28707.204382254873
28707.204382254873
28707.204382254873
28703.90797530793
28678.629385135366
28678.629385135366
28676.171796505063
28673.98181675473
28673.98181675473
28673.98181675473
28671.125895848116
28671.125895848116
28654.384808876355
28634.78096191241
28614.55871657259
28614.55871657259
28603.28795444262
28595.883825562963
28576.56951108014
28576.56951108014
28576.56951108014
28543.329409645
28527.829669282317
28519.084825669328
28518.60726192527
28512.3381701058
28512.3381701058
28490.016188584854
28477.99212481655
28457.69979655925
28457.69979655925
28437.052541669913
28437.052541669913
28409.128927737147
28409.128927737147
28409.128927737147
28374.424346197244
28374.424346197244
28374.424346197244
28374.424346197244
28374.424346197244
28374.424346197244
28374.424346197244
28374.424346197244
28374.424346197244
28359.257347383882
28359.257347383882
28344.951313964102
28340.287798733618
28329.211572992444
28297.117696727557
28297.117696727557
28297.117696727557
28291.616432140847
28291.616432140847
28291.616432140847
28266.917599890792
28266.917599890792
28266.917599890792
28258.646430409306
28258.646430409306
28238.28903065113
28233.33961777369
28233.33961777369
28233.33961777369
28229.92965743879
28229.323959473528
28211.384727338223
28211.384727338223
28206.973556336023
28205.8332096114
28205.8332096114
28205.8332096114
28185.2117781201
28184.730487996654
28169.985997303796
28169.985997303796
28158.879253493542
28148.769686700416
28139.4842941247
28135.95282022236
28135.95282022236
28135.95282022236
28135.95282022236
28121.9019107484
28119.051140114698
28105.351506401057
28105.351506401057
28105.351506401057
28105.351506401057
28105.351506401057
28097.968235800425
28078.064854002645
28078.064854002645
28078.064854002645
28060.285997496998
28046.048532918387
28034.678368526547
28034.678368526547
28034.678368526547
28021.395439282598
28015.218480340085
28015.218480340085
28015.218480340085
27993.527814063415
27993.527814063415
27993.527814063415
27993.527814063415
27993.527814063415
27993.527814063415
27983.409386415038
27973.190797653286
27973.190797653286
27973.190797653286
27973.190797653286
27973.190797653286
27973.190797653286
27953.479469099573
27953.479469099573
27953.479469099573
27953.479469099573
27953.479469099573
27920.023768306302
27910.809797288042
27907.09870321162
27897.302284158126
27897.302284158126
27873.296168966684
27873.296168966684
27873.296168966684
27873.296168966684
27873.296168966684
27873.296168966684
27873.296168966684
27873.296168966684
27843.50106804163
27823.255994935458
27791.163933068343
27783.810818823913
27783.810818823913
27761.805220527483
27761.176228066666
27761.176228066666
27748.956532714088
27748.956532714088
27748.956532714088
27748.956532714088
27748.956532714088
27720.633033528946
27713.25882939984
27712.055994362883
27700.690761101494
27700.690761101494
27681.106271974804
27681.106271974804
27668.72400647531
27668.72400647531
27668.050786171676
27668.050786171676
27666.008446005573
27666.008446005573
27666.008446005573
27656.264451306142
27647.325699066012
27647.325699066012
27615.949086500525
27612.66703255146
27600.38559060048
27580.40391563537
27580.40391563537
27580.40391563537
27533.802012502118
27533.802012502118
27508.6734555175
27498.596546034405
27487.261313936968
27480.950762446577
27480.950762446577
27472.366710387596
27445.545199863096
27445.545199863096
27445.545199863096
27445.545199863096
27440.107448571274
27409.583419947223
27409.583419947223
27409.583419947223
27407.94147129498
27407.94147129498
27396.235813570733
27396.15418082903
27396.15418082903
27377.655096734663
27368.546337875334
27356.50355486804
27330.961365760504
27313.75738862116
27313.75738862116
27313.75738862116
27283.971388146914
27283.971388146914
27263.988064440746
27249.81186942179
27247.41774088143
27247.41774088143
27247.41774088143
27242.88068153153
27242.88068153153
27234.39516607253
27222.304446788683
27214.830261316863
27205.113239051105
27205.113239051105
27205.113239051105
27202.875821926176
27190.74740308387
27190.50847130735
27186.468960688308
27186.2962307837
27186.2962307837
27186.2962307837
27186.2962307837
27161.83857371152
27161.83857371152
27159.02201449026
27159.02201449026
27159.02201449026
27136.442394216425
27136.442394216425
27136.442394216425
27129.073339151466
27110.260009802387
27097.90255408071
27091.519136147894
27074.962525984032
27070.919516280446
27070.919516280446
27070.278283758
27070.278283758
27070.278283758
27070.278283758
27069.823006624694
27069.823006624694
27064.303365534517
27064.303365534517
27056.123961848552
27056.123961848552
27056.123961848552
27056.123961848552
27049.700369715414
27036.61249122273
27030.70567536892
27030.64544185995
27030.64544185995
27030.64544185995
27030.64544185995
27022.976466832464
27000.68008044822
27000.68008044822
27000.68008044822
27000.68008044822
26997.185916384908
26997.185916384908
26985.480204909007
26983.59646401016
26983.59646401016
26970.134236605678
26930.8623207067
26915.15329423534
26872.89637550691
26850.808689772934
26850.808689772934
26850.808689772934
26844.61875938424
26844.61875938424
26833.94907700209
26833.94907700209
26803.90980383639
26788.137994859666
26788.137994859666
26788.137994859666
26788.137994859666
26785.777197060994
26785.777197060994
26785.777197060994
26785.777197060994
26784.62655750196
26784.62655750196
26782.9418186885
26782.9418186885
26776.246440929353
26776.246440929353
26776.128999563
26776.128999563
26776.128999563
26776.128999563
26766.25759015704
26757.359975956664
26753.52346304819
26753.52346304819
26753.52346304819
26736.034598582075
26711.06246856447
26711.06246856447
26711.06246856447
26711.06246856447
26711.06246856447
26699.272600755154
26699.272600755154
26699.272600755154
26699.272600755154
26699.272600755154
26699.272600755154
26699.272600755154
26674.758007515396
26674.758007515396
26667.389558223083
26667.389558223083
26667.389558223083
26637.002853453152
26637.002853453152
26627.59822436059
26609.210737988564
26596.88595590036
26583.885977221435
26553.161720880362
26524.09792134663
26524.09792134663
26503.19633267817
26498.29372162826
26490.345004007148
26485.074805858243
26482.07141446088
26482.07141446088
26482.07141446088
26445.259842680764
26444.353512362195
26444.353512362195
26423.89213806139
26390.032216395
26390.032216395
26390.032216395
26384.781361978865
26384.781361978865
26384.781361978865
26384.781361978865
26384.781361978865
26370.975361793684
26358.34468675253
26348.97045171024
26324.629645822206
26303.884522092296
26303.884522092296
26303.884522092296
26303.884522092296
26301.944937848035
26289.697604417965
26271.50079482545
26271.50079482545
26271.50079482545
26271.50079482545
26271.50079482545
26268.64394545
26268.64394545
26258.96776637782
26244.077127485518
26238.916268199668
26238.916268199668
26213.273308730157
26213.273308730157
26213.273308730157
26206.376724694346
26188.0717859684
26186.368432951334
26170.031374163955
26170.031374163955
26170.031374163955
26170.031374163955
26164.483133953214
26162.056361996543
26162.056361996543
26162.056361996543
26157.690719015376
26157.264561793054
26153.19414471311
26153.19414471311
26153.19414471311
26144.87916816929
26144.87916816929
26132.54120487391
26109.00424778617
26078.741880148395
26078.741880148395
26073.203696135733
26071.949949924987
26071.949949924987
26071.949949924987
26065.4543066609
26065.4543066609
26065.4543066609
26065.4543066609
26065.4543066609
26065.4543066609
26065.4543066609
26049.972170825175
26049.972170825175
26043.362690487826
26043.362690487826
26043.362690487826
26020.87010454967
26020.87010454967
26020.87010454967
25999.745441170257
25999.745441170257
25999.745441170257
25969.951631402666
25962.91110598298
25933.503136917498
25914.177485110577
25900.599277698595
25875.234363654235
25851.151070716132
25851.151070716132
25851.151070716132
25838.652677176666
25838.652677176666
25820.970335287788
25802.683894339836
25781.427485793105
25775.34075270328
25775.34075270328
25768.041776950457
25743.814835370256
25743.814835370256
25743.814835370256
25743.814835370256
25743.814835370256
25735.543981258637
25735.543981258637
25735.543981258637
25709.781285048746
25709.781285048746
25698.63385506544
25666.415643429078
25660.364826725323
25658.951713876366
25625.81459919159
25593.96129660499
25593.96129660499
25577.027223735244
25577.027223735244
25553.06318751104
25546.736976671044
25545.356242164973
25527.194532998128
25525.477905105818
25525.477905105818
25525.477905105818
25525.477905105818
25508.988000194262
25508.988000194262
25508.988000194262
25501.381208081857
25501.381208081857
25501.381208081857
25501.381208081857
25495.205626843894
25495.205626843894
25487.11620646022
25487.11620646022
25487.11620646022
25455.850659109154
25455.850659109154
25440.942439125363
25440.942439125363
25440.942439125363
25435.619526553113
25414.758811668205
25414.758811668205
25374.743239019994
25358.96018211087
25358.96018211087
25358.96018211087
25358.800492819882
25325.7805197763
25325.7805197763
25325.7805197763
25325.7805197763
25325.7805197763
25325.7805197763
25325.7805197763
25325.7805197763
25310.62945666171
25306.20510527616
25306.20510527616
25306.20510527616
25306.20510527616
25306.20510527616
25306.20510527616
25304.844658314098
25304.844658314098
25282.317712094627
25282.317712094627
25256.410280892374
25256.410280892374
25253.22278955261
25238.5100202265
25231.19398329919
25231.19398329919
25211.952548836663
25178.544495183614
25178.544495183614
25174.453775649494
25174.453775649494
25174.453775649494
25174.453775649494
25163.723579205656
25163.723579205656
25163.723579205656
25147.47961858406
25147.47961858406
25147.47961858406
25145.584119751977
25145.584119751977
25133.64709903106
25133.64709903106
25133.64709903106
25133.64709903106
25133.64709903106
25133.64709903106
25125.14643789696
25108.99009105739
25078.04745240501
25078.04745240501
25078.04745240501
25068.89835686931
25068.89835686931
25068.89835686931
25048.2152754485
25031.448418238666
25031.448418238666
25031.448418238666
25031.448418238666
25015.301425743906
25001.821389619054
25001.821389619054
24990.028114442917
24990.028114442917
24976.589238555967
24976.589238555967
24976.589238555967
24949.65669051198
24939.01866686397
24928.234746132854
24917.58457924014
24911.35986859294
24911.35986859294
24911.35986859294
24911.35986859294
24911.35986859294
24893.96821966954
24869.6778267599
24861.292712065395
24857.03542842197
24854.39096620101
24854.39096620101
24840.811981341227
24840.811981341227
24840.811981341227
24823.858028241542
24821.252531162052
24821.252531162052
24821.252531162052
24797.71263136645
24797.71263136645
24775.660539453707
24775.660539453707
24775.660539453707
24775.660539453707
24775.660539453707
24758.007079370724
24758.007079370724
24758.007079370724
24758.007079370724
24757.192468796828
24757.192468796828
24744.784766410998
24736.12753885248
24718.06085106815
24711.966567974116
24686.788853699374
24686.788853699374
24684.35622899291
24659.026177342785
24659.026177342785
24659.026177342785
24640.467322544107
24640.467322544107
24640.467322544107
24617.68862519393
24617.580785941995
24617.580785941995
24611.340510837963
24611.340510837963
24611.340510837963
24599.3677575602
24585.481990584314
24581.733425752864
24581.733425752864
24581.733425752864
24581.733425752864
24560.972112563304
24541.48927654998
24520.21953082353
24507.182861913432
24504.926639775185
24504.926639775185
24490.245272339802
24490.245272339802
24488.91886468054
24488.91886468054
24488.91886468054
24488.315734346812
24488.315734346812
24467.61184031383
24454.474757000135
24446.793473314843
24441.41350308988
24441.41350308988
24441.41350308988
24441.41350308988
24441.41350308988
24441.41350308988
24441.41350308988
24433.185610310218
24433.185610310218
24432.298824442732
24432.298824442732
24411.97558266347
24396.798681756667
24361.38151469282
24359.67497710301
24359.67497710301
24343.856509364894
24343.856509364894
24337.125453695102
24328.775337687453
24313.783007266135
24313.783007266135
24297.91450696864
24297.91450696864
24292.005943791657
24292.005943791657
24287.07553884173
24285.398259173173
24280.019949095717
24269.510978495066
24251.060825095898
24251.060825095898
24225.378495810906
24225.378495810906
24225.378495810906
24225.378495810906
24200.500245337455
24200.500245337455
24190.25719506679
24167.172918265456
24167.172918265456
24167.172918265456
24167.172918265456
24162.019420412653
24162.019420412653
24142.3663748458
24125.50979929767
24125.50979929767
24116.19712675935
24116.19712675935
24116.19712675935
24081.050378672793
24068.330195958337
24068.330195958337
24033.863063148277
24007.703480169286
23984.79428447318
23978.315317519
23978.315317519
23965.48976999682
23965.48976999682
23965.48976999682
23965.48976999682
23963.925081045687
23963.925081045687
23963.925081045687
23963.925081045687
23963.925081045687
23961.152719946895
23942.208981772612
23942.208981772612
23936.252665795077
23936.252665795077
23936.252665795077
23936.252665795077
23936.252665795077
23925.732984451282
23911.865873979972
23904.558092002928
23904.558092002928
23897.416153032602
23897.416153032602
23890.79537358016
23890.79537358016
23890.79537358016
23890.79537358016
23890.79537358016
23890.79537358016
23890.79537358016
23879.814525802103
23867.28886319062
23867.28886319062
23851.98002225154
23851.98002225154
23849.396009232867
23831.15410192732
23812.251613406577
23812.215154989266
23796.25759265901
23791.212040708146
23779.435077400107
23779.435077400107
23779.435077400107
23766.41486539977
23766.41486539977
23766.41486539977
23764.775970430062
23750.436990291593
23750.436990291593
23750.436990291593
23726.363443670394
23720.43807361576
23715.420477925556
23715.420477925556
23703.33957428707
23703.33957428707
23703.33957428707
23700.24394099892
23677.01428370237
23677.01428370237
23639.34554631284
23639.34554631284
23633.904960320473
23611.93688095542
23611.93688095542
23611.93688095542
23602.33315849721
23602.33315849721
23602.33315849721
23602.33315849721
23593.749709618663
23583.80534832321
23583.80534832321
23583.80534832321
23570.15145833867
23549.187633882684
23549.187633882684
23549.187633882684
23549.187633882684
23549.187633882684
23549.187633882684
23549.187633882684
23548.440305790584
23548.440305790584
23543.778173228442
23527.467727389234
23527.467727389234
23520.639177491623
23520.639177491623
23511.570537941763
23509.870146860947
23509.870146860947
23509.870146860947
23478.0759472708
23473.38578460599
23454.11717280424
23454.11717280424
23449.185590079283
23425.885490263347
23425.885490263347
23425.885490263347
23421.39440504081
23421.39440504081
23421.39440504081
23421.39440504081
23421.39440504081
23410.56972811855
23410.56972811855
23397.50831558957
23397.50831558957
23397.50831558957
23382.61986966848
23358.18120664306
23358.18120664306
23358.18120664306
23351.743987837308
23351.743987837308
23351.743987837308
23323.167483326564
23323.167483326564
23323.167483326564
23298.500140122105
23298.500140122105
23298.500140122105
23287.32304893098
23263.29982373124
23263.29982373124
23257.77515180576
23239.993149232676
23212.469421888254
23209.66168703355
23209.66168703355
23209.66168703355
23209.011439801845
23181.494074215418
23178.59514232299
23145.322495142194
23137.253084651045
23137.253084651045
23137.253084651045
23137.253084651045
23125.780198805605
23096.52204159871
23093.89441274788
23083.473737680317
23083.473737680317
23075.16736303214
23075.16736303214
23070.35266846322
23066.742940371958
23064.87095028946
23045.32716169364
23045.32716169364
23043.49521651089
23016.877682709946
23016.45429667097
23011.745016903616
23011.745016903616
23008.3148084934
23008.3148084934
23008.3148084934
22977.666454224956
22969.977151775718
22961.76930995294
22961.76930995294
22961.76930995294
22930.617384403977
22924.72182121077
22913.246938547258
22913.246938547258
22913.246938547258
22913.246938547258
22913.246938547258
22912.206521657034
22912.206521657034
22912.206521657034
22912.206521657034
22906.568956245923
22899.851333779905
22899.851333779905
22880.487529886916
22880.487529886916
22859.46320918169
22859.46320918169
22855.709422869088
22855.709422869088
22855.709422869088
22844.535172006632
22817.143681519934
22813.545478765274
22813.545478765274
22804.589037375416
22804.589037375416
22804.589037375416
22803.493362913458
22801.515159283088
22801.515159283088
22783.237074086926
22764.686159978846
22764.686159978846
22741.227217591735
22737.597733268813
22717.77244788979
22717.77244788979
22717.77244788979
22717.77244788979
22717.0729459289
22684.512557016016
22673.063083445108
22673.063083445108
22651.561293625837
22647.18122836583
22647.18122836583
22647.18122836583
22647.18122836583
22647.18122836583
22647.18122836583
22619.478734041124
22619.478734041124
22619.478734041124
22619.478734041124
22619.478734041124
22619.478734041124
22619.478734041124
22619.478734041124
22606.593904702047
22606.593904702047
22606.593904702047
22606.593904702047
22606.593904702047
22606.593904702047
22606.593904702047
22606.593904702047
22599.4335722205
22599.4335722205
22599.4335722205
22599.046146262863
22599.046146262863
22599.046146262863
22599.046146262863
22599.046146262863
22599.046146262863
22599.046146262863
22596.18702534366
22579.236856365314
22579.236856365314
22579.236856365314
22579.236856365314
22579.236856365314
22579.236856365314
22559.55668893992
22546.701810237584
22521.474876008586
22508.87059374779
22508.87059374779
22502.525707362547
22484.43578787611
22484.43578787611
22483.08312398532
22467.30207667991
22429.75486103168
22409.86866613746
22409.86866613746
22406.856069313933
22398.89480025803
22398.89480025803
22398.89480025803
22396.497697539326
22396.497697539326
22396.497697539326
22396.497697539326
22384.978240948876
22384.978240948876
22384.978240948876
22384.978240948876
22374.159900375696
22369.819325530494
22369.819325530494
22369.819325530494
22369.819325530494
22369.819325530494
22369.819325530494
22367.810316842682
22367.42838047175
22367.42838047175
22354.76925821876
22344.984244543557
22344.984244543557
22324.215128598502
22324.215128598502
22324.191750088285
22318.31996991861
22318.31996991861
22318.31996991861
22318.31996991861
22297.368906150372
22296.672128802016
22296.672128802016
22287.18193580438
22273.170054578364
22242.522735978222
22242.522735978222
22223.763131871074
22208.91778439147
22208.91778439147
22201.911860446482
22183.328746522944
22183.328746522944
22183.328746522944
22183.328746522944
22183.22224739481
22169.62612029673
22169.62612029673
22168.027359303735
22168.027359303735
22168.027359303735
22168.027359303735
22168.027359303735
22168.027359303735
22168.027359303735
22160.631059726235
22152.92966799025
22152.92966799025
22147.48160622277
22147.48160622277
22147.48160622277
22147.48160622277
22141.167782492914
22141.167782492914
22139.098245197118
22138.43892367658
22127.730496095563
22127.730496095563
22120.83594688313
22120.83594688313
22103.141069310524
22103.141069310524
22095.522993969393
22095.522993969393
22066.457143712232
22064.3267187053
22060.6885060791
22048.123272341727
22042.765487762703
22039.620285094326
22037.654422776763
22037.654422776763
22037.654422776763
22032.136025125215
22032.136025125215
22032.136025125215
22032.136025125215
22032.136025125215
22032.136025125215
22032.136025125215
22032.136025125215
22032.136025125215
22009.963270521075
22009.963270521075
22005.681493051685
21994.04575416608
21988.51297263898
21988.51297263898
21988.51297263898
21988.51297263898
21988.51297263898
21970.93208664738
21970.93208664738
21969.82734993725
21969.82734993725
21929.807501030235
21918.393550655186
21903.276981193558
21898.555058615322
21898.555058615322
21898.555058615322
21898.555058615322
21878.61950018959
21878.61950018959
21858.43857775469
21850.64783598252
21847.081506032533
21839.450865908864
21839.450865908864
21826.8787540678
21821.075427397536
21801.10752492942
21801.10752492942
21783.95418775483
21768.044351514156
21744.470369251536
21740.955290748476
21734.70926679472
21734.70926679472
21734.70926679472
21734.70926679472
21715.492870504637
21715.492870504637
21708.877017622974
21705.585540104858
21705.585540104858
21695.48092722695
21671.513554319055
21670.90926160982
21669.32325845763
21665.50339782637
21662.789103557043
21648.262358518667
21648.262358518667
21648.262358518667
21644.890197781715
21644.890197781715
21635.83580307446
21635.83580307446
21635.83580307446
21621.354444607092
21621.354444607092
21621.354444607092
21621.354444607092
21613.608176956986
21613.608176956986
21612.208088002804
21612.208088002804
21604.336282961216
21598.385348749896
21581.844062870285
21581.844062870285
21581.844062870285
21581.78466707047
21581.78466707047
21578.910686925286
21578.910686925286
21578.910686925286
21568.55615648388
21568.55615648388
21544.290953890457
21526.19859799516
21521.167097593163
21521.167097593163
21506.0813912794
21500.04864668724
21480.22980327231
21480.22980327231
21480.22980327231
21480.22980327231
21456.701524622797
21453.947116140967
21453.947116140967
21453.947116140967
21452.202498654184
21442.2463188717
21437.91495774764
21437.91495774764
21431.721989542795
21431.721989542795
21412.90924808538
21412.90924808538
21411.25395295597
21409.891231931015
21409.891231931015
21404.927551397795
21404.927551397795
21392.40773456027
21365.618168591012
21335.336799202167
21329.829685233777
21329.829685233777
21325.411381930047
21325.411381930047
21325.411381930047
21325.31544454122
21310.820269772066
21302.671474202867
21278.622233267783
21263.478394772734
21263.478394772734
21263.478394772734
21250.217649226095
21249.8681717375
21249.8681717375
21249.8681717375
21242.64694174408
21242.64694174408
21242.64694174408
21222.135300694583
21222.135300694583
21222.135300694583
21220.505201788303
21219.49207405514
21216.58077112396
21199.31606769898
21193.320122723504
21193.320122723504
21193.320122723504
21193.320122723504
21180.055836540487
21170.035202588977
21170.035202588977
21161.277152471896
21150.31404843913
21150.31404843913
21140.014682548466
21135.9203337231
21127.914034657137
21111.270040399086
21111.270040399086
21111.270040399086
21111.270040399086
21111.270040399086
21111.270040399086
21101.087733823788
21101.087733823788
21101.087733823788
21089.357909597104
21087.150622927773
21077.869305403652
21073.87333626081
21073.87333626081
21047.09227373058
21047.09227373058
21034.819942595284
21015.524583380895
21005.329409642112
21005.329409642112
21005.329409642112
21005.329409642112
20974.64219245023
20974.64219245023
20960.192165753353
20957.380018886997
20957.380018886997
20957.380018886997
20938.52065266154
20938.52065266154
20926.89078149648
20920.447637676083
20903.280302808325
20903.280302808325
20897.410623095573
20887.008568147117
20886.384132217914
20886.384132217914
20864.40303155514
20864.40303155514
20864.40303155514
20861.56259485832
20861.56259485832
20861.56259485832
20855.290439237087
20855.290439237087
20855.290439237087
20853.364225374222
20853.263052349816
20853.263052349816
20853.263052349816
20840.73252792552
20825.51257981204
20825.51257981204
20825.51257981204
20804.72323530365
20793.096392759602
20793.096392759602
20793.096392759602
20785.319309461436
20764.611567262975
20738.59583081211
20733.766149560674
20733.766149560674
20733.766149560674
20733.121704191723
20704.66075071963
20695.580773278103
20683.780446081117
20675.558258597557
20673.51091978472
20666.85376447594
20666.85376447594
20653.680974219464
20650.68754084731
20650.68754084731
20650.68754084731
20648.677568383304
20647.17739771188
20647.17739771188
20647.17739771188
20647.17739771188
20647.17739771188
20647.17739771188
20647.17739771188
20647.17739771188
20645.53851504117
20642.612667861777
20642.612667861777
20642.612667861777
20629.38054678875
20615.238096674882
20615.238096674882
20615.238096674882
20612.33998064435
20610.384105518016
20608.3063187846
20608.3063187846
20605.273616400398
20573.133277392553
20573.133277392553
20555.212161596814
20555.212161596814
20547.183678045618
20547.183678045618
20547.183678045618
20539.87400794111
20539.87400794111
20532.506767255032
20531.392755845594
20523.295214031892
20523.295214031892
20523.295214031892
20523.295214031892
20523.295214031892
20519.93824498494
20507.013615084885
20491.226716930254
20491.226716930254
20491.226716930254
20491.226716930254
20484.608274038277
20469.687844807413
20469.687844807413
20469.687844807413
20469.687844807413
20469.687844807413
20469.687844807413
20469.687844807413
20469.687844807413
20469.687844807413
20469.194657847693
20465.73419931255
20465.73419931255
20465.73419931255
20453.588015629633
20446.863174472128
20439.10215288136
20439.10215288136
20420.031372632868
20411.622298142353
20411.622298142353
20388.223190354965
20388.223190354965
20387.34721196
20387.34721196
20362.025303079794
20362.025303079794
20339.74045243579
20329.97862260706
20317.255151996284
20317.255151996284
20317.255151996284
20317.255151996284
20304.76231448069
20299.922135329674
20275.286676018928
20275.286676018928
20254.33606688385
20251.881923171757
20251.881923171757
20245.09120471906
20241.941229752993
20241.941229752993
20228.47755275722
20228.47755275722
20228.47755275722
20228.47755275722
20228.47755275722
20207.434296739397
20203.13308153105
20176.767576238173
20167.267820536505
20167.267820536505
20167.267820536505
20147.240831282714
20147.240831282714
20147.240831282714
20147.240831282714
20141.07673384232
20141.07673384232
20136.063585617998
20136.063585617998
20136.063585617998
20125.08202728113
20125.08202728113
20116.53134390303
20110.7272017765
20092.670089682768
20073.799321891216
20073.799321891216
20065.294241557032
20051.80048777737
20051.80048777737
20042.51545725409
20035.667027286403
20026.959670932494
20026.959670932494
20010.528190873873
20010.528190873873
19990.847652224194
19990.847652224194
19990.847652224194
19990.847652224194
19973.55304683821
19951.9294301544
19948.843831971943
19938.160927094275
19938.160927094275
19938.160927094275
19932.439062163525
19924.340244689833
19924.340244689833
19924.340244689833
19906.548840121068
19906.548840121068
19906.548840121068
19901.650061163986
19888.555337564554
19888.555337564554
19888.555337564554
19888.555337564554
19879.949380535225
19878.32294732817
19876.884701793257
19876.884701793257
19855.10934682389
19832.339999330005
19831.08770859288
19831.08770859288
19818.655064776216
19810.405607772926
19800.326522519917
19800.326522519917
19790.85428322941
19783.835560656094
19783.835560656094
19783.835560656094
19783.835560656094
19783.835560656094
19775.303273726593
19775.303273726593
19775.303273726593
19775.303273726593
19767.57741250828
19748.751389024244
19719.78244956243
19705.13507521319
19705.13507521319
19700.029284381177
19698.5031474578
19698.5031474578
19696.518896006124
19696.518896006124
19696.518896006124
19678.708981129606
19674.39591356887
19674.39591356887
19671.37074813504
19671.37074813504
19654.302168764
19654.302168764
19654.302168764
19643.985403957267
19630.789024882208
19630.789024882208
19625.145022683817
19619.153502929934
19619.153502929934
19619.153502929934
19614.81179918694
19603.21304899423
19603.21304899423
19603.21304899423
19603.21304899423
19603.21304899423
19603.21304899423
19600.077652882395
19600.077652882395
19594.982254791732
19594.982254791732
19582.221127189925
19562.409147483166
19562.409147483166
19545.397924603723
19545.397924603723
19545.397924603723
19545.397924603723
19542.68745125883
19535.585445775316
19535.585445775316
19528.10215221281
19499.641731656673
19475.630777411654
19475.630777411654
19455.783327654957
19455.783327654957
19447.2194831471
19442.888931972306
19441.308191777327
19441.308191777327
19433.581362180357
19422.453068523795
19409.289987685683
19405.97606898539
19405.97606898539
19405.97606898539
19393.617714318854
19393.617714318854
19393.617714318854
19382.565501190125
19377.908929757123
19374.077804878852
19374.077804878852
19354.52613057092
19334.774367204423
19328.941236100276
19308.776724344603
19308.776724344603
19308.776724344603
19308.776724344603
19290.247157615526
19273.627935627217
19273.627935627217
19273.627935627217
19273.627935627217
19262.252283949852
19262.252283949852
19262.252283949852
19262.252283949852
19255.82689085801
19248.51312012894
19248.51312012894
19245.71790082514
19220.43734265104
19220.43734265104
19218.20062895283
19213.489329112388
19210.853147380425
19190.36460738985
19190.36460738985
19190.36460738985
19190.36460738985
19182.430942537743
19166.368814988855
19157.8781033395
19153.882712336905
19133.28273295654
19133.28273295654
19133.28273295654
19133.28273295654
19133.28273295654
19133.28273295654
19129.612379755596
19129.612379755596
19097.074112585367
19091.81481765927
19074.43179846974
19049.063982062085
19049.063982062085
19049.063982062085
19049.063982062085
19044.507880358742
19044.507880358742
19040.938351373636
19040.938351373636
19040.938351373636
19029.899695723456
19029.899695723456
19022.69232540744
19022.69232540744
19022.69232540744
19022.69232540744
19018.914900500327
19018.914900500327
18998.161502094335
18998.161502094335
18998.161502094335
18998.161502094335
18998.161502094335
18996.077565577947
18982.436910800996
18981.590454959467
18981.590454959467
18965.87992334827
18963.166724057875
18963.166724057875
18942.286324158944
18938.230522189508
18938.230522189508
18925.885071042176
18925.885071042176
18911.105191302202
18911.105191302202
18911.105191302202
18907.178277082014
18907.178277082014
18898.928549315253
18889.734722952046
18888.445060293976
18881.070008041333
18880.96072355346
18873.18318229489
18857.050960652803
18854.461047779743
18837.75253863352
18835.690700829236
18824.653577249952
18822.21606593574
18822.21606593574
18822.21606593574
18807.67132755916
18805.58132357672
18785.67291082127
18785.67291082127
18785.67291082127
18783.07703279035
18776.804793720792
18760.426399774893
18760.426399774893
18760.426399774893
18755.21222930555
18734.674019443413
18734.674019443413
18734.674019443413
18721.70192541036
18721.70192541036
18721.70192541036
18716.880113189756
18699.741792339435
18684.83202771971
18680.425027353045
18650.76681505954
18625.449294975522
18583.818873614902
18567.612988014946
18565.20034001503
18536.233133597685
18534.680785834345
18534.051924766885
18507.230956540196
18507.230956540196
18494.086282678265
18494.086282678265
18494.086282678265
18469.640413785568
18469.640413785568
18468.100030457936
18467.425551202457
18466.507170965986
18450.741597633623
18444.964505245367
18444.964505245367
18444.964505245367
18444.964505245367
18438.956667233164
18434.52818304838
18434.52818304838
18434.52818304838
18422.473081563374
18420.957369097454
18410.188035952484
18397.358139910022
18390.51408383284
18378.26403992986
18362.120267647333
18362.120267647333
18354.55942450795
18354.55942450795
18354.55942450795
18354.55942450795
18354.55942450795
18354.55942450795
18354.55942450795
18354.55942450795
18340.400992130235
18332.914403607694
18332.914403607694
18332.914403607694
18312.65156122034
18308.58815787012
18306.060253300195
18306.060253300195
18296.805596254468
18286.65584523701
18272.420215204198
18258.687388988135
18258.687388988135
18251.11894572036
18251.11894572036
18234.886147738136
18234.886147738136
18229.87617430772
18229.87617430772
18229.87617430772
18225.264120187294
18225.264120187294
18225.264120187294
18225.264120187294
18214.581497904957
18202.47806049257
18195.515030159266
18187.18912402639
18183.977835258298
18183.977835258298
18183.977835258298
18177.59915422652
18174.116771029792
18174.116771029792
18165.903605623833
18163.258427879726
18163.258427879726
18143.445583080556
18143.445583080556
18143.445583080556
18124.41400081624
18102.333875125114
18102.333875125114
18093.413340780728
18073.105300256782
18073.105300256782
18073.105300256782
18059.718457832503
18059.718457832503
18059.718457832503
18059.718457832503
18031.377692164166
18031.377692164166
18017.604907761503
18011.077065892376
18008.307384182786
18008.307384182786
17990.345203087465
17982.100794704013
17982.100794704013
17982.100794704013
17962.31379955765
17962.31379955765
17945.900695009645
17932.918585394364
17927.17762882974
17927.17762882974
17927.17762882974
17909.69566666956
17901.350548139242
17888.406645918705
17887.164263053728
17887.164263053728
17884.617611478025
17884.617611478025
17882.842226544744
17882.842226544744
17864.605633793923
17861.33666550746
17851.4265842748
17846.84194428099
17840.14681942068
17840.14681942068
17840.14681942068
17840.14681942068
17806.106523706218
17803.719214309254
17803.719214309254
17790.458923553728
17790.458923553728
17786.18352922818
17786.18352922818
17786.18352922818
17784.732716435337
17784.732716435337
17784.732716435337
17781.069685151208
17777.79367177666
17777.79367177666
17772.24327891188
17766.698465280864
17745.327241674568
17714.631112848438
17714.338223197334
17703.8869488649
17703.8869488649
17700.346475952978
17700.346475952978
17700.346475952978
17700.346475952978
17685.723630810877
17685.723630810877
17685.723630810877
17677.324105792024
17670.935546706238
17670.935546706238
17670.935546706238
17641.50581268991
17635.367075235612
17635.367075235612
17635.367075235612
17626.079565517506
17624.063690246152
17592.7827803437
17581.731010206116
17580.591260593952
17580.591260593952
17573.906467343197
17573.906467343197
17571.13449385886
17571.13449385886
17571.13449385886
17557.461415120877
17557.461415120877
17548.346690547118
17540.22047144076
17540.22047144076
17538.28004422583
17535.025341369248
17535.025341369248
17528.104047003177
17523.96425954939
17521.718901637825
17516.422742083236
17516.422742083236
17509.25920791541
17509.25920791541
17500.78950578191
17486.63983098478
17485.28401794086
17485.28401794086
17481.67914448101
17481.67914448101
17481.67914448101
17481.67914448101
17481.67914448101
17469.566741267587
17459.908408168398
17459.908408168398
17459.908408168398
17459.908408168398
17459.908408168398
17459.908408168398
17459.908408168398
17459.908408168398
17459.908408168398
17459.908408168398
17459.908408168398
17454.02202348162
17454.02202348162
17430.637534430818
17430.637534430818
17421.32573005759
17419.07921322016
17419.07921322016
17416.158110441545
17416.158110441545
17407.643734059588
17404.269715082602
17392.173009375525
17392.173009375525
17392.173009375525
17392.173009375525
17392.173009375525
17380.79100151761
17380.79100151761
17380.79100151761
17380.167094976176
17376.62772462143
17376.62772462143
17376.62772462143
17366.30758184683
17366.30758184683
17366.30758184683
17362.702532158117
17354.92383389849
17352.922207997944
17347.6454558423
17318.10237513546
17318.10237513546
17318.10237513546
17318.10237513546
17299.01855166672
17298.851114052723
17298.851114052723
17298.519285984436
17298.25576846662
17297.159366975437
17297.159366975437
17289.402495794595
17289.402495794595
17268.699253170125
17268.699253170125
17268.699253170125
17268.699253170125
17268.699253170125
17268.699253170125
17249.228104615264
17249.228104615264
17232.247094510818
17209.674729333725
17209.674729333725
17192.66079522165
17192.66079522165
17192.66079522165
17180.09370112242
17170.771810362356
17170.771810362356
17168.194510573892
17168.194510573892
17168.194510573892
17151.11757335243
17133.052578140447
17114.80085395152
17114.80085395152
17098.763492481958
17095.389621216455
17087.369159967297
17075.163135373896
17075.163135373896
17075.163135373896
17075.163135373896
17070.683706730866
17065.869899409845
17065.869899409845
17063.573878381536
17063.573878381536
17042.731883256736
17042.731883256736
17042.731883256736
17042.731883256736
17030.777213124613
17030.777213124613
17006.94004552957
17001.696311919237
17001.696311919237
17001.696311919237
16982.384875974196
16979.27356626415
16979.27356626415
16979.27356626415
16979.27356626415
16979.27356626415
16967.26603693539
16964.197380476093
16964.197380476093
16961.184371488267
16961.184371488267
16932.265046358025
16932.265046358025
16932.265046358025
16932.265046358025
16932.265046358025
16928.87596838754
16920.33534472845
16920.33534472845
16911.61800753663
16907.518910279094
16905.896422758553
16905.896422758553
16905.896422758553
16896.48682989957
16896.48682989957
16895.57366366517
16895.57366366517
16890.73205300704
16874.00673759491
16862.985234506166
16862.985234506166
16849.647173883466
16849.647173883466
16843.568532684476
16843.568532684476
16833.41514997077
16833.264498322555
16833.264498322555
16833.264498322555
16833.264498322555
16833.264498322555
16826.24106635901
16826.24106635901
16824.82839562323
16823.19035231631
16823.19035231631
16823.19035231631
16823.19035231631
16823.19035231631
16823.19035231631
16823.19035231631
16797.96569943511
16797.96569943511
16788.394030895837
16788.394030895837
16788.394030895837
16785.91670356578
16769.116856767472
16760.7168155364
16758.401109509454
16756.914827106222
16756.914827106222
16742.75395598176
16731.805749428542
16731.739977450372
16711.782339506026
16711.782339506026
16711.782339506026
16706.20499346529
16706.20499346529
16704.221622577796
16700.878909880914
16700.878909880914
16700.878909880914
16700.878909880914
16700.046215511866
16700.046215511866
16700.046215511866
16698.913618500468
16698.913618500468
16681.41411918707
16669.056823368268
16656.68524360861
16656.68524360861
16655.270310594802
16655.270310594802
16655.270310594802
16647.419492560388
16647.419492560388
16643.46073715031
16643.46073715031
16623.32078192747
16604.090820513735
16590.61633388686
16590.61633388686
16590.61633388686
16584.075859376124
16584.075859376124
16584.075859376124
16584.075859376124
16584.075859376124
16573.37374100268
16566.20555830485
16566.20555830485
16564.387398964875
16548.26961761867
16545.758739175108
16540.24051124859
16540.24051124859
16540.24051124859
16538.34457908423
16513.85107236473
16504.548624927476
16504.548624927476
16504.548624927476
16504.548624927476
16504.548624927476
16504.548624927476
16504.548624927476
16488.683933521534
16484.244937288688
16484.244937288688
16480.634640557248
16480.634640557248
16480.634640557248
16480.634640557248
16479.740391242438
16479.740391242438
16460.864749055305
16460.864749055305
16447.540898773586
16442.40681445641
16417.351732410974
16417.351732410974
16417.351732410974
16395.964846304076
16395.964846304076
16395.065276772988
16395.065276772988
16395.065276772988
16384.880084568893
16374.930259297202
16352.216610172016
16351.108250450885
16351.108250450885
16351.108250450885
16342.745754552147
16336.672955529793
16331.834644767488
16331.834644767488
16331.834644767488
16317.312337710691
16300.800893355117
16300.800893355117
16300.800893355117
16294.177026838373
16294.177026838373
16294.177026838373
16277.926162221069
16277.926162221069
16277.926162221069
16277.926162221069
16277.926162221069
16277.926162221069
16273.875225406178
16267.838068755804
16267.838068755804
16267.838068755804
16267.838068755804
16267.838068755804
16267.838068755804
16267.838068755804
16256.736215695179
16253.936729164203
16249.42484975046
16249.42484975046
16249.42484975046
16231.964816376545
16223.870429338487
16220.341225593675
16220.341225593675
16210.464671499049
16210.464671499049
16210.464671499049
16209.52728187838
16197.310741433903
16183.40054418305
16183.40054418305
16178.990163786622
16173.445273736384
16172.505886353762
16172.505886353762
16165.258814326957
16146.24005809239
16146.24005809239
16139.070408793204
16139.070408793204
16139.070408793204
16125.160949429166
16111.91853701933
16111.91853701933
16111.91853701933
16111.91853701933
16091.002712501402
16091.002712501402
16081.14438853987
16081.14438853987
16081.14438853987
16078.135854442975
16078.135854442975
16057.664683242721
16057.664683242721
16057.664683242721
16057.664683242721
16045.709387697058
16042.898385979091
16032.257244476006
16032.257244476006
16032.257244476006
16028.001768050148
16025.894429893533
16025.894429893533
16023.476937715273
16023.476937715273
16023.476937715273
16016.367767742948
16006.492829376164
15993.956557907688
15993.956557907688
15993.956557907688
15993.956557907688
15970.91088945263
15961.131077943204
15960.255722257127
15960.255722257127
15960.255722257127
15960.255722257127
15949.338699010197
15942.30287908182
15934.10349163631
15934.10349163631
15928.62866559423
15916.04730673322
15916.04730673322
15908.631521303447
15908.631521303447
15908.631521303447
15908.631521303447
15886.683419321183
15880.113122711364
15880.113122711364
15880.113122711364
15880.113122711364
15880.113122711364
15870.165456368224
15869.009998414676
15869.009998414676
15869.009998414676
15869.009998414676
15850.486901138414
15847.71766684216
15847.71766684216
15847.71766684216
15845.296372280762
15845.296372280762
15833.950360871944
15833.950360871944
15833.950360871944
15823.686408779584
15785.426227211417
15785.426227211417
15785.426227211417
15785.426227211417
15785.426227211417
15785.426227211417
15785.426227211417
15776.868525539092
15760.304705955481
15760.304705955481
15749.07409938395
15744.403915150204
15744.403915150204
15722.83049996071
15722.83049996071
15722.83049996071
15722.83049996071
15722.83049996071
15713.592231436804
15713.592231436804
15704.06859164383
15704.06859164383
15704.06859164383
15686.860541176668
15686.860541176668
15686.860541176668
15670.509105058352
15670.509105058352
15670.509105058352
15670.509105058352
15670.509105058352
15668.701998870722
15664.70956175035
15654.530657588022
15654.530657588022
15654.530657588022
15654.530657588022
15653.939933357
15653.939933357
15648.081127665793
15646.143045404633
15646.143045404633
15635.926291923639
15635.926291923639
15635.926291923639
15629.583930924628
15629.583930924628
15629.583930924628
15627.208939941516
15601.118612883753
15595.07251041029
15588.693017511443
15586.751978925382
15569.900921279235
15555.179212251569
15555.179212251569
15551.607569391545
15535.86492386666
15535.86492386666
15529.389257044442
15529.389257044442
15527.041231404082
15526.514696800434
15514.459087601817
15514.459087601817
15496.702080168
15490.643365545124
15490.643365545124
15490.643365545124
15482.133768231588
15482.133768231588
15456.773106005714
15456.773106005714
15456.773106005714
15440.691784526665
15417.68894836226
15407.484103130997
15407.484103130997
15403.761696821422
15392.514722942797
15392.514722942797
15367.903324271047
15362.36964869584
15362.36964869584
15344.918143811725
15344.918143811725
15344.918143811725
15343.60855950806
15343.60855950806
15337.91507106042
15325.318156003268
15325.318156003268
15319.742371022641
15319.742371022641
15317.747026204399
15317.747026204399
15317.747026204399
15314.488143371866
15314.488143371866
15282.85226459645
15282.85226459645
15282.85226459645
15282.776425168035
15282.776425168035
15249.288646884099
15249.288646884099
15239.828921504815
15230.73243412863
15230.73243412863
15218.178005111502
15211.265086941688
15201.839070935515
15201.839070935515
15201.839070935515
15187.814427035475
15187.814427035475
15187.814427035475
15180.77419023149
15180.77419023149
15177.574183151937
15177.574183151937
15166.441100801383
15166.441100801383
15165.096167090202
15163.396700997095
15163.396700997095
15163.396700997095
15151.634489107744
15125.47966623315
15123.76450416153
15103.387673221609
15103.387673221609
15103.387673221609
15103.387673221609
15103.387673221609
15084.439561023575
15070.340221576946
15070.340221576946
15070.340221576946
15062.17361778697
15062.17361778697
15062.17361778697
15045.281657554395
15045.281657554395
15034.954938314246
15034.954938314246
15031.582051598465
15031.582051598465
15031.582051598465
15031.582051598465
15020.275057787696
15015.048831352588
15006.881281133617
15006.881281133617
15000.684286620635
15000.684286620635
14998.300720001385
14998.300720001385
14992.145644915421
14986.536855269482
14979.69919116639
14970.811916614119
14953.160435402111
14953.160435402111
14942.063061180845
14942.063061180845
14942.063061180845
14933.741808759092
14933.741808759092
14925.130666036897
14925.130666036897
14917.47977382183
14917.47977382183
14896.463573390165
14890.209223401875
14890.209223401875
14871.42321484513
14871.42321484513
14871.28742182776
14867.637252395261
14867.637252395261
14867.637252395261
14854.833253980309
14854.833253980309
14836.871757383356
14836.871757383356
14836.871757383356
14836.871757383356
14836.871757383356
14836.871757383356
14836.871757383356
14828.352192442957
14828.352192442957
14828.352192442957
14828.352192442957
14804.110977719312
14804.110977719312
14804.110977719312
14804.110977719312
14804.110977719312
14804.110977719312
14804.110977719312
14793.239298011698
14785.053652270753
14780.089058296882
14780.089058296882
14774.939552679896
14774.939552679896
14766.205600589241
14764.274034421316
14764.274034421316
14764.274034421316
14764.274034421316
14764.274034421316
14761.575888972184
14753.186705335986
14753.186705335986
14753.186705335986
14753.186705335986
14750.777782618952
14750.777782618952
14750.777782618952
14743.829550313376
14743.829550313376
14743.829550313376
14743.829550313376
14743.829550313376
14743.829550313376
14743.829550313376
14735.804844591283
14735.804844591283
14735.804844591283
14735.804844591283
14735.804844591283
14735.804844591283
14735.804844591283
14735.804844591283
14735.804844591283
14722.748496173568
14715.437269848519
14715.437269848519
14696.424175926873
14692.97633312096
14692.97633312096
14692.97633312096
14692.97633312096
14692.97633312096
14685.183671609255
14685.183671609255
14669.961314369348
14669.961314369348
14669.961314369348
14669.961314369348
14665.69541573285
14665.69541573285
14650.883631603512
14630.72081965934
14630.665532872845
14630.528930722427
14630.528930722427
14630.528930722427
14620.381511931913
14620.381511931913
14620.381511931913
14599.165308203823
14579.880857416158
14579.880857416158
14574.637073945607
14560.6312092701
14555.46169539662
14555.46169539662
14548.896400391364
14536.357999186235
14505.468097372002
14490.799848348128
14475.175581330175
14472.951752672865
14472.951752672865
14472.951752672865
14472.951752672865
14472.951752672865
14458.38265596724
14458.38265596724
14452.197538411468
14442.26193026642
14442.26193026642
14436.343031252225
14436.343031252225
14404.522381403898
14402.021543867166
14402.021543867166
14402.021543867166
14384.114111293053
14374.610872703963
14369.660693234537
14344.864898147162
14340.42324429998
14340.42324429998
14340.42324429998
14340.42324429998
14340.42324429998
14322.207176991295
14314.525620140046
14286.045541651018
14286.045541651018
14271.030239007665
14271.030239007665
14266.12714808201
14254.305652940167
14246.27852100747
14232.30194311248
14232.30194311248
14232.30194311248
14232.30194311248
14231.400899345019
14221.300365885454
14221.300365885454
14221.300365885454
14198.078048165451
14190.030611160382
14171.674147442294
14171.674147442294
14168.165249027632
14145.222931957058
14145.222931957058
14145.222931957058
14145.222931957058
14145.222931957058
14131.434207703353
14117.715732751547
14114.900979442456
14114.900979442456
14114.86232428124
14114.237898188345
14114.237898188345
14101.716942854291
14090.741542923535
14087.115338382422
14087.115338382422
14087.115338382422
14087.115338382422
14077.79512210121
14062.466316179261
14048.701678800213
14048.701678800213
14043.65338189587
14030.470327897852
14030.470327897852
14012.524836034094
14012.524836034094
14012.524836034094
14005.731169875447
14005.731169875447
13989.141691292365
13974.404773487759
13966.453031386991
13949.999450040772
13949.999450040772
13949.080268537811
13949.080268537811
13948.7000375901
13948.7000375901
13928.943168304768
13928.943168304768
13928.943168304768
13928.943168304768
13925.840259827879
13911.490598094244
13911.490598094244
13911.490598094244
13910.884639995396
13910.884639995396
13904.944862789609
13904.944862789609
13904.944862789609
13895.265478165356
13895.265478165356
13877.823418557971
13877.823418557971
13877.663128093445
13877.663128093445
13877.663128093445
13877.663128093445
13877.663128093445
13873.804249658231
13873.804249658231
13873.804249658231
13873.804249658231
13873.551139937414
13873.551139937414
13873.551139937414
13873.551139937414
13864.804592171959
13843.556247853596
13842.61356535755
13842.61356535755
13842.61356535755
13831.906010866956
13831.906010866956
13831.906010866956
13805.016812583874
13805.016812583874
13796.764655592986
13796.764655592986
13796.764655592986
13796.764655592986
13790.037438835034
13777.554920793767
13777.554920793767
13777.554920793767
13777.554920793767
13777.554920793767
13765.699155736565
13756.291464312879
13756.291464312879
13752.871576865633
13752.871576865633
13752.871576865633
13739.206281650237
13739.206281650237
13728.829686196515
13726.534895247405
13726.534895247405
13723.83025773305
13708.163159601536
13708.163159601536
13708.163159601536
13690.684208079325
13660.951170582255
13658.991155105456
13655.320895963692
13648.655222964038
13648.655222964038
13643.209978811714
13643.209978811714
13643.209978811714
13642.689814867384
13642.689814867384
13632.656306123068
13632.656306123068
13604.511778173104
13603.539441957922
13590.630039524684
13590.630039524684
13579.624198593243
13579.624198593243
13565.096949971094
13550.641461455782
13534.062572228246
13534.062572228246
13520.782600231949
13520.782600231949
13520.782600231949
13517.27997828565
13513.6298285093
13504.869757432829
13504.869757432829
13488.178445571202
13488.178445571202
13488.178445571202
13488.178445571202
13482.45854295106
13482.45854295106
13482.45854295106
13482.45854295106
13471.697800353508
13471.697800353508
13471.697800353508
13461.52568106213
13461.305941362401
13461.305941362401
13461.305941362401
13458.630157232124
13458.630157232124
13458.630157232124
13458.630157232124
13458.630157232124
13452.128921460582
13441.780046404629
13441.780046404629
13441.780046404629
13441.780046404629
13441.780046404629
13441.600316737617
13441.600316737617
13429.54929228119
13429.54929228119
13429.54929228119
13429.54929228119
13429.54929228119
13429.54929228119
13429.54929228119
13429.54929228119
13424.596180373772
13423.666527239086
13423.666527239086
13412.876121697438
13404.227150622206
13404.227150622206
13396.794872333345
13396.794872333345
13383.103342988215
13382.041615896986
13382.041615896986
13378.14988570746
13378.14988570746
13376.13927980499
13365.276331270275
13365.276331270275
13351.75322706875
13351.75322706875
13351.75322706875
13351.75322706875
13337.67195011278
13337.67195011278
13320.334097376393
13318.124466571402
13318.124466571402
13318.124466571402
13318.124466571402
13310.60611397856
13310.60611397856
13305.585506384756
13305.585506384756
13301.289626736434
13301.289626736434
13301.289626736434
13273.827373990955
13264.209050231058
13258.604925884682
13258.604925884682
13258.604925884682
13258.604925884682
13253.738115117498
13250.197016013652
13250.197016013652
13228.066764530884
13228.066764530884
13221.947997389656
13221.947997389656
13221.947997389656
13219.781722623233
13219.781722623233
13219.781722623233
13212.94721854533
13212.94721854533
13194.44948941706
13191.071079481391
13186.86601121144
13186.86601121144
13186.86601121144
13182.88515739114
13179.95572084316
13179.95572084316
13178.548320693299
13178.548320693299
13175.449196386753
13160.12186314781
13153.378934871525
13143.489213598565
13143.489213598565
13143.489213598565
13143.489213598565
13143.489213598565
13123.269533030876
13123.269533030876
13123.269533030876
13123.269533030876
13123.269533030876
13113.013452861098
13112.549886720664
13098.261722444699
13098.261722444699
13098.261722444699
13098.261722444699
13098.261722444699
13098.261722444699
13097.68036440143
13097.68036440143
13097.46791279228
13091.349557415366
13091.349557415366
13080.817479136804
13077.640330144988
13077.640330144988
13077.640330144988
13077.640330144988
13077.640330144988
13077.640330144988
13077.640330144988
13077.640330144988
13077.640330144988
13077.640330144988
13072.634024141382
13070.20095768972
13070.20095768972
13066.99494055477
13066.99494055477
13059.895491093874
13057.699683614519
13039.19270052405
13027.169835875997
13027.169835875997
13027.169835875997
13026.348005573247
13022.816204523322
13006.675518428798
12997.919875311807
12997.316430983348
12997.316430983348
12997.316430983348
12991.201014093944
12991.201014093944
12991.201014093944
12965.248784493073
12956.882599868735
12956.882599868735
12956.882599868735
12956.882599868735
12956.882599868735
12950.946349185811
12940.96834942539
12930.986357640159
12930.986357640159
12928.13238538864
12924.008953990411
12924.008953990411
12918.409756599041
12900.08558410271
12887.530107352894
12884.126223470535
12884.126223470535
12884.126223470535
12884.126223470535
12877.645792774954
12868.131700226455
12868.131700226455
12868.131700226455
12868.131700226455
12848.889966681027
12848.889966681027
12848.889966681027
12842.194654154267
12842.194654154267
12842.194654154267
12826.351333931148
12824.284108706233
12815.103309797378
12803.577533736225
12789.650388054104
12789.650388054104
12789.650388054104
12789.650388054104
12789.2198960958
12789.2198960958
12788.659658423458
12788.659658423458
12788.659658423458
12788.659658423458
12776.433990581552
12764.343349642371
12764.343349642371
12764.343349642371
12751.551067725015
12751.551067725015
12751.551067725015
12741.660921023466
12738.044760433511
12734.898653628712
12719.681046957816
12719.681046957816
12691.157242974143
12691.157242974143
12675.356621560964
12674.457477773856
12674.457477773856
12656.923509042846
12656.923509042846
12656.923509042846
12654.95921306131
12654.95921306131
12654.95921306131
12654.95921306131
12650.126103163808
12649.203924752235
12649.203924752235
12648.910954101582
12627.480295761627
12627.480295761627
12627.480295761627
12620.277713989246
12600.143013130622
12592.890049130612
12592.890049130612
12583.359884874617
12583.359884874617
12562.369832868517
12544.797052621861
12533.67479693998
12533.67479693998
12533.67479693998
12530.114174124701
12530.114174124701
12530.114174124701
12517.181301248776
12517.181301248776
12511.38975473375
12508.78804306549
12508.78804306549
12506.000602883285
12506.000602883285
12495.289256229576
12482.727883811569
12468.839297620067
12459.873176104937
12459.873176104937
12444.804144286036
12444.804144286036
12444.804144286036
12444.804144286036
12426.531083377917
12422.687426749262
12422.687426749262
12410.446642578043
12410.446642578043
12410.446642578043
12388.198869854321
12382.229193487508
12382.229193487508
12377.319338131998
12377.319338131998
12370.34900186676
12366.356302367429
12366.356302367429
12363.365707095081
12341.188001886721
12341.188001886721
12330.383949548006
12319.503834522187
12319.503834522187
12318.194594744671
12318.194594744671
12318.194594744671
12318.194594744671
12315.378475137806
12315.378475137806
12315.378475137806
12310.627743792027
12299.607049012486
12296.958908489747
12296.958908489747
12290.848691110516
12283.105303153443
12263.144333810234
12258.980867859644
12258.980867859644
12246.213404957074
12246.213404957074
12246.213404957074
12230.18145758389
12230.18145758389
12230.18145758389
12230.18145758389
12205.710694541365
12205.710694541365
12192.743219761922
12186.959327707507
12186.959327707507
12170.923822176046
12170.923822176046
12170.923822176046
12170.923822176046
12158.526133646747
12151.168447943863
12138.199342070515
12124.06511711684
12124.06511711684
12115.729979303755
12115.237467519944
12111.888861624946
12111.888861624946
12109.900396379846
12109.900396379846
12109.900396379846
12107.872912893139
12099.167240812823
12094.408612849218
12094.408612849218
12094.408612849218
12092.758361371947
12092.758361371947
12092.758361371947
12085.120915321953
12064.874063980698
12063.536333218042
12063.536333218042
12051.663385143573
12035.86094824365
12035.86094824365
12035.86094824365
12026.936705520697
12026.936705520697
12026.936705520697
12026.936705520697
12026.936705520697
12026.936705520697
12023.527722943301
12023.527722943301
12018.23996257432
12018.23996257432
12010.035189937169
12010.035189937169
12010.035189937169
12006.51733852354
12000.482989470835
12000.482989470835
12000.482989470835
12000.482989470835
12000.482989470835
11992.837234422424
11980.245460654436
11978.865747133881
11978.865747133881
11972.959381544559
11964.310961688752
11963.67874033119
11956.267388990093
11956.267388990093
11956.267388990093
11953.24500831772
11953.24500831772
11953.24500831772
11949.375932892623
11949.375932892623
11949.375932892623
11949.375932892623
11947.779594287582
11926.054249494216
11926.054249494216
11926.054249494216
11920.472077022532
11920.472077022532
11920.472077022532
11905.015217351458
11886.936803921582
11886.936803921582
11886.936803921582
11885.68914438873
11885.626093501143
11863.026182751793
11856.152787311868
11830.37014179944
11823.841787313875
11820.634301852542
11819.491614660235
11819.491614660235
11810.679768623673
11810.679768623673
11810.679768623673
11810.679768623673
11801.518683294693
11779.435971609813
11756.14367888081
11756.14367888081
11756.14367888081
11746.688296916042
11746.688296916042
11746.688296916042
11746.688296916042
11746.688296916042
11746.688296916042
11746.688296916042
11746.688296916042
11743.636631581277
11723.334404719582
11723.334404719582
11723.334404719582
11723.334404719582
11710.669819906714
11710.669819906714
11698.711591520261
11688.37192028026
11675.75959210312
11675.75959210312
11675.75959210312
11675.75959210312
11675.603911747397
11675.603911747397
11664.959596685976
11664.959596685976
11664.959596685976
11664.959596685976
11645.396867460782
11645.396867460782
11645.396867460782
11644.815606944028
11644.815606944028
11644.815606944028
11635.038295407789
11635.038295407789
11635.038295407789
11635.038295407789
11635.038295407789
11633.17444269984
11630.647854463286
11630.583774292134
11630.583774292134
11630.583774292134
11619.967661653605
11614.407151291549
11614.407151291549
11614.407151291549
11614.407151291549
11614.407151291549
11613.270540468528
11611.606896023766
11605.529767198777
11605.529767198777
11599.20967562259
11576.743174730136
11576.743174730136
11569.3802351171
11569.3802351171
11559.949528393254
11557.187907462565
11545.567960525037
11539.028963317607
11531.705632119567
11515.25622371048
11515.25622371048
11515.25622371048
11515.25622371048
11515.25622371048
11506.188989002254
11493.976129136245
11493.976129136245
11493.976129136245
11493.976129136245
11493.976129136245
11493.976129136245
11493.976129136245
11493.976129136245
11493.976129136245
11476.269694610894
11476.269694610894
11476.269694610894
11467.784585335054
11467.784585335054
11467.784585335054
11466.484429526052
11452.157685544844
11452.157685544844
11437.297340001069
11437.297340001069
11432.840292260289
11425.830060920145
11417.715312862698
11417.715312862698
11417.715312862698
11417.715312862698
11417.715312862698
11417.715312862698
11417.715312862698
11392.068839644704
11385.520564253748
11385.520564253748
11385.520564253748
11382.732233798553
11376.629287651996
11376.629287651996
11371.874849568156
11371.874849568156
11371.874849568156
11357.170262117219
11328.301733517175
11327.135895250818
11322.953526049756
11314.008435734524
11308.06124340289
11300.15432337013
11292.98346361908
11292.98346361908
11283.94117954119
11283.94117954119
11283.94117954119
11277.021963227742
11276.832095010896
11276.832095010896
11276.832095010896
11276.832095010896
11276.832095010896
11262.716962898809
11262.716962898809
11262.716962898809
11262.716962898809
11259.847375429952
11245.643740532418
11241.43000455674
11224.9204563922
11220.418824982535
11195.753372599444
11195.753372599444
11191.20898587305
11191.20898587305
11181.886440123837
11181.886440123837
11179.940983555958
11179.873728746106
11179.873728746106
11179.873728746106
11175.215878565385
11172.22548405603
11163.129855432146
11163.129855432146
11163.129855432146
11154.153586599678
11154.153586599678
11149.133891605245
11131.327976504232
11131.327976504232
11131.327976504232
11131.327976504232
11131.327976504232
11120.456469130677
11111.790625757378
11111.790625757378
11110.459682934998
11110.459682934998
11110.459682934998
11083.585929733965
11083.585929733965
11074.068797470103
11068.887420452504
11063.274145776191
11047.43323327373
11047.43323327373
11047.43323327373
11036.961762749403
11019.830298231116
11019.830298231116
11019.830298231116
11019.830298231116
10999.273830848717
10992.894868667372
10992.894868667372
10992.894868667372
10990.08861664874
10988.132851258582
10967.319687294608
10967.319687294608
10960.50479124428
10955.957135878427
10954.597418930762
10954.597418930762
10954.597418930762
10954.597418930762
10954.597418930762
10954.597418930762
10954.597418930762
10948.839959237479
10948.839959237479
10943.776250625662
10943.776250625662
10943.754838788835
10939.919800849237
10939.919800849237
10939.919800849237
10939.919800849237
10939.919800849237
10939.919800849237
10939.919800849237
10939.919800849237
10939.919800849237
10939.919800849237
10939.919800849237
10939.919800849237
10939.919800849237
10926.125173123544
10922.692601396318
10922.692601396318
10908.211926067437
10901.95318286856
10896.209075713787
10891.66328372481
10888.467685287438
10880.585366913541
10880.585366913541
10880.585366913541
10861.628993586373
10860.910420853437
10860.910420853437
10854.555725383889
10854.555725383889
10848.18521170862
10846.307009143284
10846.307009143284
10846.307009143284
10846.307009143284
10846.307009143284
10844.228531144836
10837.582435329916
10837.582435329916
10837.582435329916
10836.044785017195
10821.42191734708
10821.42191734708
10816.05348717333
10809.05541725371
10809.05541725371
10807.188655052403
10783.367366177405
10777.672004497701
10777.672004497701
10753.489289390795
10747.71309643676
10738.39085513698
10737.834116029017
10737.78233056227
10737.78233056227
10737.78233056227
10737.78233056227
10737.78233056227
10736.447839332079
10736.447839332079
10736.447839332079
10711.339859071406
10711.339859071406
10711.339859071406
10711.339859071406
10711.339859071406
10711.339859071406
10711.339859071406
10710.127363943308
10710.127363943308
10688.369298855516
10688.369298855516
10688.369298855516
10688.369298855516
10670.055341901763
10667.841769422179
10667.841769422179
10667.841769422179
10660.803685366836
10653.970118741176
10653.970118741176
10653.970118741176
10653.970118741176
10635.516825288792
10635.516825288792
10631.740658120223
10629.112228742719
10629.112228742719
10629.112228742719
10620.492234455289
10600.105922110995
10585.488424683854
10574.557055661426
10574.557055661426
10574.557055661426
10559.670451278289
10559.670451278289
10558.719379811238
10556.151345843315
10553.172880865419
10544.295150561027
10518.451144116509
10496.363455740857
10496.363455740857
10496.363455740857
10484.966806200599
10484.966806200599
10484.966806200599
10484.966806200599
10484.966806200599
10484.966806200599
10484.966806200599
10473.254736627401
10462.644437605235
10462.644437605235
10458.084525077276
10458.084525077276
10458.063335133638
10446.931116837999
10442.20202288237
10436.610519728689
10436.610519728689
10431.572728352947
10425.45375952858
10425.45375952858
10425.45375952858
10416.166828238072
10416.166828238072
10416.166828238072
10416.166828238072
10416.166828238072
10416.166828238072
10398.122729009048
10396.993375340218
10396.993375340218
10375.038355229766
10375.038355229766
10375.038355229766
10375.038355229766
10374.076205561596
10363.916601109664
10355.221977072522
10347.480019671175
10347.480019671175
10334.109856228344
10324.86381288118
10324.86381288118
10315.620338583945
10306.982358438332
10306.982358438332
10306.982358438332
10306.688557798268
10305.163807921239
10305.163807921239
10300.050661351843
10300.050661351843
10300.050661351843
10300.04404732439
10300.04404732439
10297.802212345608
10297.802212345608
10289.232879387586
10289.232879387586
10289.232879387586
10289.232879387586
10280.54390523503
10278.944628628517
10278.944628628517
10275.105606202447
10265.88957962231
10265.88957962231
10251.93617569325
10251.93617569325
10241.715358916183
10241.715358916183
10238.51295636891
10204.767946055159
10194.034697756058
10174.429755642695
10174.429755642695
10172.06634517932
10172.06634517932
10168.1334481117
10162.029505695686
10151.604134452058
10132.34922002611
10132.34922002611
10132.34922002611
10130.395774482546
10130.395774482546
10130.395774482546
