3209.6462422433906
3209.6462422433906
3208.7789711178757
3205.1169846194907
3193.6654827038533
3193.6654827038533
3193.6654827038533
3193.17588165728
3192.736069043332
3192.736069043332
3192.736069043332
3188.3262700434598
3188.3262700434598
3188.3262700434598
3188.3262700434598
3185.310304925916
3185.310304925916
3175.7582648867447
3175.7582648867447
3175.7582648867447
3173.8488502178484
3173.8488502178484
3172.7885074139303
3172.7885074139303
3165.4042257735646
3160.6472314494035
3160.6472314494035
3160.6472314494035
3155.9866425051005
3155.9866425051005
3155.9866425051005
3155.9866425051005
3150.3313261791063
3149.5273562122597
3147.094281586401
3136.635464491199
3136.635464491199
3136.635464491199
3136.635464491199
3135.5999127308614
3135.5999127308614
3130.2269077412693
3128.8440501923706
3128.8440501923706
3126.359834562808
3126.359834562808
3122.0476963805486
3113.4189698982364
3113.4189698982364
3103.962695470189
3101.56279442267
3101.56279442267
3099.759824204301
3099.759824204301
3099.2663752799644
3099.2663752799644
3099.2663752799644
3099.062213564245
3099.062213564245
3099.062213564245
3099.062213564245
3099.062213564245
3098.1514807683134
3093.813338362639
3093.3858076934903
3093.3858076934903
3089.653372384473
3081.713408762464
3081.713408762464
3081.713408762464
3078.6791417717614
3065.980595239449
3065.781474596162
3065.781474596162
3065.781474596162
3064.3030940755257
3063.1409360749476
3062.1539662128025
3060.4963936227123
3060.4963936227123
3055.0770630331263
3055.0770630331263
3055.0770630331263
3041.330920955943
3041.330920955943
3041.0678573121095
3041.0678573121095
3041.0678573121095
3041.0678573121095
3041.0678573121095
3041.0678573121095
3041.0678573121095
3031.087622497406
3030.4123015011264
3027.5605036813827
3027.5605036813827
3027.5605036813827
3027.5605036813827
3027.5605036813827
3027.5605036813827
3024.6883352438604
3021.5473114851748
3021.5473114851748
3021.5473114851748
3016.1145367831914
3016.1145367831914
3016.1145367831914
3007.3606217302945
3002.462417029862
2997.2511873068024
2996.595655319457
2996.595655319457
2995.921262990896
2995.921262990896
2995.921262990896
2995.921262990896
2995.921262990896
2995.921262990896
2992.320392183704
2978.073838261908
2978.073838261908
2972.173729887899
2972.173729887899
2969.20199954658
2969.20199954658
2969.20199954658
2966.639678279378
2966.639678279378
2961.1986526120663
2961.1986526120663
2961.1986526120663
2956.756609802148
2946.9732809734264
2946.9732809734264
2940.9834729410004
2940.9834729410004
2940.9834729410004
2935.342608943995
2927.600526670949
2924.847120435612
2914.6160772825488
2914.3549268629713
2914.123134769818
2912.387048657063
2906.6398745842107
2900.818007718389
2900.2817015817454
2900.2817015817454
2890.8047166130273
2890.8047166130273
2890.8047166130273
2887.6670042985625
2882.2898909215337
2882.2898909215337
2869.848538311599
2869.848538311599
2869.848538311599
2869.848538311599
2857.400675231858
2857.400675231858
2857.400675231858
2857.400675231858
2855.3802630851633
2848.336332076202
2848.336332076202
2848.336332076202
2847.193276117373
2847.193276117373
2843.8530613902853
2838.172197064203
2837.083373825465
2837.083373825465
2837.083373825465
2837.083373825465
2835.1805358982574
2835.1805358982574
2835.1805358982574
2835.1805358982574
2834.5221928255983
2834.5221928255983
2834.5221928255983
2834.5221928255983
2834.5221928255983
2834.5221928255983
2834.5221928255983
2834.5221928255983
2834.5221928255983
2834.5221928255983
2834.5221928255983
2831.8408696870456
2823.484679682473
2815.9762766764443
2813.370267283022
2813.1750471041837
2813.1750471041837
2813.1750471041837
2813.000204501656
2808.8578711612995
2801.987475294593
2801.987475294593
2801.987475294593
2801.987475294593
2801.987475294593
2801.987475294593
2801.7301348761844
2801.7301348761844
2798.582279429596
2798.582279429596
2794.759580971167
2791.9171586075286
2791.9171586075286
2791.9171586075286
2791.9171586075286
2788.7887191209697
2788.7887191209697
2788.7887191209697
2784.988170599519
2784.988170599519
2784.988170599519
2784.988170599519
2782.8893219281085
2776.5280102399215
2774.1807267168133
2774.1807267168133
2771.8332777914607
2770.613471691465
2770.613471691465
2763.21897890364
2763.21897890364
2757.9754510538514
2757.9754510538514
2756.6018896627183
2756.0975690665427
2756.0975690665427
2755.5946582020215
2747.345688612975
2747.345688612975
2744.830309595461
2737.6570461463198
2737.6570461463198
2737.6570461463198
2737.6570461463198
2737.6570461463198
2737.6570461463198
2734.1022938918877
2731.913429308285
2731.913429308285
2724.123849488956
2724.123849488956
2720.5517734472164
2711.9354471682814
2709.325522567653
2704.445577068067
2702.754030928376
2702.754030928376
2695.6460840371487
2695.6460840371487
2694.497167910954
2692.4508835095867
2689.728748334422
2689.728748334422
2683.7453113960205
2679.6957134067507
2679.6957134067507
2677.242633356135
2674.7539291883277
2674.7539291883277
2671.151187710356
2664.2641304894332
2663.0190589719514
2663.0190589719514
2653.8557786220726
2653.8557786220726
2653.8557786220726
2649.155049431929
2647.6982633859293
2647.6982633859293
2647.6982633859293
2647.6982633859293
2647.6982633859293
2644.131389013952
2644.131389013952
2643.4508005364173
2643.4508005364173
2640.474780624424
2640.474780624424
2640.474780624424
2639.017935379884
2639.017935379884
2639.017935379884
2639.017935379884
2626.4809639809837
2618.6186014432833
2616.465682404092
2605.767019186616
2605.767019186616
2605.767019186616
2600.5612229981703
2600.5612229981703
2595.8132972553694
2595.8132972553694
2595.8132972553694
2592.647197446986
2582.891780000775
2582.891780000775
2582.891780000775
2581.949408760135
2581.949408760135
2581.949408760135
2581.949408760135
2581.949408760135
2581.949408760135
2579.612822720144
2579.612822720144
2576.272967589236
2574.520983346192
2574.520983346192
2574.520983346192
2571.9376800990244
2571.9376800990244
2571.9376800990244
2570.440105140415
2569.4465444295556
2569.4465444295556
2569.4465444295556
2567.9721704245057
2567.9721704245057
2567.0661614191104
2567.0661614191104
2567.0661614191104
2567.0661614191104
2562.2534380860966
2562.2534380860966
2558.940861125482
2558.783608637895
2558.783608637895
2558.783608637895
2555.8736947621237
2555.8736947621237
2555.8736947621237
2555.243071728115
2555.243071728115
2555.243071728115
2555.243071728115
2553.151704399244
2553.151704399244
2553.151704399244
2553.151704399244
2553.151704399244
2547.6380031716317
2547.6380031716317
2547.6380031716317
2547.6380031716317
2547.6380031716317
2545.6810349073407
2539.394635810583
2535.923231990194
2535.923231990194
2531.8301159543953
2531.8301159543953
2531.8301159543953
2531.8301159543953
2531.8301159543953
2531.8301159543953
2526.8723260533343
2526.8723260533343
2526.8723260533343
2526.8723260533343
2516.758746367236
2516.758746367236
2516.758746367236
2515.1152594004543
2504.8278139622003
2504.8278139622003
2504.8278139622003
2500.290471454058
2500.290471454058
2500.290471454058
2499.010926501671
2491.36403001479
2485.743097848622
2481.2468684476585
2481.2468684476585
2465.8064163618546
2465.8064163618546
2463.488474537078
2461.2727907550875
2461.2727907550875
2461.2727907550875
2456.6816364370707
2454.033194556294
2454.033194556294
2452.2486497258064
2445.237056838062
2442.605896811719
2442.605896811719
2433.3356213368247
2433.3356213368247
2430.249657678574
2428.232185087385
2428.232185087385
2428.232185087385
2428.086663000611
2428.086663000611
2428.086663000611
2424.386047383902
2424.386047383902
2423.6380404753118
2423.6380404753118
2423.6380404753118
2422.05525000503
2422.05525000503
2420.533528638444
2420.533528638444
2416.209178724992
2405.007160090033
2404.573733090594
2404.573733090594
2402.965060163685
2402.965060163685
2400.4093603424644
2399.3534936281394
2399.3534936281394
2397.0890547871963
2388.1572766454547
2388.1572766454547
2388.1572766454547
2382.916621554594
2374.298253750856
2370.597629529877
2370.597629529877
2365.2341939634543
2361.847010116294
2358.15680998734
2358.15680998734
2351.5710882880135
2351.5710882880135
2351.5710882880135
2351.5710882880135
2351.5710882880135
2351.5710882880135
2351.5710882880135
2351.5710882880135
2347.521373267552
2347.521373267552
2347.521373267552
2342.1779810290273
2342.1779810290273
2340.76673156013
2320.8767159720514
2320.8767159720514
2320.626042217885
2313.412332257619
2313.412332257619
2313.412332257619
2305.2284730791953
2300.555958767047
2298.1935144601384
2294.761857953823
2288.281561835578
2288.281561835578
2288.281561835578
2288.281561835578
2288.281561835578
2288.281561835578
2283.2298092514206
2283.2298092514206
2281.1613443154965
2281.1613443154965
2281.1613443154965
2281.1613443154965
2274.893397783292
2274.893397783292
2273.869833613119
2267.375759282592
2265.6798721931336
2261.1731987621843
2261.1731987621843
2261.1731987621843
2261.1731987621843
2261.1731987621843
2261.1731987621843
2261.1731987621843
2261.1731987621843
2260.9227248521433
2260.9227248521433
2249.8856867372288
2246.8368103134426
2242.814831226547
2233.7663357354786
2233.7663357354786
2224.192010923653
2224.192010923653
2223.7288420224736
2223.7288420224736
2223.7288420224736
2223.7288420224736
2223.7288420224736
2214.8341823917767
2214.8341823917767
2214.8341823917767
2214.8341823917767
2214.5911133843565
2208.6639607779516
2208.6639607779516
2206.3662674801
2204.5401564786475
2204.5401564786475
2204.5401564786475
2204.5401564786475
2204.5391926054976
2201.1054642055615
2201.1054642055615
2194.701698125131
2194.5413495426533
2189.719155677187
2181.4783389417325
2181.4783389417325
2181.4783389417325
2174.3805182665556
2173.629157370117
2173.629157370117
2170.623580267802
2169.358082418545
2169.358082418545
2167.034895210583
2164.643598745014
2164.643598745014
2164.643598745014
2164.643598745014
2164.643598745014
2152.485679528113
2152.326629663666
2151.064289634826
2151.064289634826
2151.064289634826
2151.064289634826
2148.52829822459
2148.52829822459
2148.52829822459
2148.52829822459
2144.340796297393
2143.5107573875825
2133.0971774970562
2132.1169001257003
2127.295594998191
2127.295594998191
2127.295594998191
2122.738875015794
2113.764166504326
2113.764166504326
2113.764166504326
2113.764166504326
2109.743209658627
2106.5520386631115
2105.2357398293184
2105.2357398293184
2104.094452366341
2104.094452366341
2102.2904146856345
2101.9847966706125
2101.9847966706125
2101.9847966706125
2101.9847966706125
2101.9847966706125
2101.9847966706125
2101.9847966706125
2101.9847966706125
2101.9847966706125
2099.102737941009
2099.102737941009
2093.486128512688
2093.486128512688
2081.685280389231
2081.685280389231
2081.685280389231
2077.885130347671
2075.5427834888606
2061.9301462012813
2055.8712376677286
2052.995399613451
2051.257193614612
2048.0746526414923
2048.0746526414923
2048.0746526414923
2048.0746526414923
2048.0746526414923
2043.473079335075
2043.473079335075
2038.6072254315793
2038.6072254315793
2038.6072254315793
2038.6072254315793
2034.0432775611948
2034.0432775611948
2034.0432775611948
2031.7443672875106
2031.7443672875106
2031.7443672875106
2023.543370677161
2023.205405842276
2021.7891654635016
2021.7891654635016
2016.2571709911267
2016.2571709911267
2015.8489652305934
2015.8489652305934
2015.8489652305934
2011.0166474227037
2010.0591615645267
2007.144169057577
2007.144169057577
2007.144169057577
2006.393984768229
2006.393984768229
2004.2629200732679
2003.9466665859472
2003.6155943864815
2002.3249645631497
2002.3249645631497
2002.231926617318
2002.231926617318
2002.231926617318
2002.231926617318
2002.231926617318
2002.231926617318
1999.5954551223397
1999.5954551223397
1999.0835820936463
1994.4784923220045
1993.497939337786
1989.7560880180986
1989.7560880180986
1989.0601641807616
1989.0601641807616
1986.79674831784
1986.79674831784
1986.478851802551
1986.478851802551
1983.9970880753801
1979.6273126642277
1978.0935851176196
1978.0935851176196
1978.0935851176196
1978.0935851176196
1978.0935851176196
1976.7505606505047
1973.3755778850746
1973.2910141874804
1973.2910141874804
1973.2910141874804
1970.1550384350198
1967.7233920674466
1967.7233920674466
1967.7233920674466
1967.7233920674466
1965.4336821956724
1965.4336821956724
1965.0037803028908
1965.0037803028908
1965.0037803028908
1965.0037803028908
1960.157562061589
1951.1452901917362
1951.1452901917362
1944.0915243484378
1941.7560706112558
1941.7560706112558
1938.6476269939694
1938.6476269939694
1935.7722526307225
1935.7722526307225
1935.7722526307225
1935.7100425160813
1933.3868914691166
1933.3868914691166
1933.3868914691166
1933.3868914691166
1933.3868914691166
1933.3868914691166
1933.3868914691166
1933.3868914691166
1928.7087583522691
1924.4289952199674
1924.4289952199674
1924.4289952199674
1923.3278935459157
1923.3278935459157
1923.2823577614822
1923.2823577614822
1923.2823577614822
1922.3516856427832
1922.3516856427832
1921.835759054566
1921.835759054566
1921.835759054566
1921.835759054566
1920.0464677984296
1915.1760432646354
1912.866156840037
1910.9840559990116
1910.9840559990116
1907.7302558662702
1907.7302558662702
1907.7302558662702
1901.9106468808911
1899.3004417863385
1888.9130374701997
1888.9130374701997
1888.9130374701997
1888.4352744285914
1888.4352744285914
1885.1018115616464
1885.1018115616464
1885.1018115616464
1885.1018115616464
1885.1018115616464
1885.1018115616464
1885.1018115616464
1885.1018115616464
1885.1018115616464
1880.2637447979491
1872.002053880482
1869.4472914931516
1869.4472914931516
1869.4472914931516
1865.3133031018533
1864.06032057432
1864.06032057432
1862.8888002105718
1862.8596076402464
1852.9424782806336
1848.6809734263745
1847.6864450099492
1847.6864450099492
1846.857538991614
1845.3178480873817
1843.9236189687413
1842.3984885167151
1842.3984885167151
1840.4374388945246
1832.2472635569072
1830.6811515460504
1830.6811515460504
1827.975775070567
1825.0415095877597
1825.0415095877597
1825.0415095877597
1822.0277058813158
1818.744529645789
1818.744529645789
1818.744529645789
1818.744529645789
1818.744529645789
1818.744529645789
1811.6642519066268
1808.9706042296589
1808.9706042296589
1803.876294648761
1796.9920054031659
1796.9920054031659
1795.197365800982
1791.5459531611905
1790.1255135155975
1790.1255135155975
1785.546422151091
1783.1307560496098
1783.1307560496098
1780.9468755594758
1779.5080029065873
1779.5080029065873
1776.3222022976797
1772.1454211993814
1770.3231864309569
1770.3231864309569
1763.3980099649834
1763.3980099649834
1763.3980099649834
1760.071921936852
1760.071921936852
1760.071921936852
1760.071921936852
1758.198356243333
1758.198356243333
1757.9531577800124
1757.9531577800124
1757.9531577800124
1757.9531577800124
1757.0946444308822
1757.0946444308822
1757.0946444308822
1757.0946444308822
1757.0946444308822
1756.8076822742041
1751.5612876703813
1743.4042220909732
1742.115532672514
1739.4113406976062
1736.4440424360819
1730.6788140725448
1730.6788140725448
1730.6788140725448
1724.911580867914
1722.160878405259
1722.160878405259
1719.624825453047
1719.526575568695
1719.526575568695
1719.526575568695
1719.233730254936
1719.233730254936
1715.1730746952126
1714.309785360302
1713.757580007572
1713.757580007572
1713.6373594790762
1711.6445321499755
1711.6445321499755
1711.6445321499755
1711.6445321499755
1711.6445321499755
1710.4549896380731
1710.4549896380731
1710.4549896380731
1710.4549896380731
1710.4549896380731
1708.9343992366626
1704.7055019772474
1701.4825003388125
1701.4825003388125
1699.9870790423352
1699.0500950264845
1695.9351032299303
1692.7227634901733
1690.3868688653347
1690.3868688653347
1690.3868688653347
1690.3868688653347
1690.3868688653347
1690.3868688653347
1682.699520807434
1678.7239545506418
1678.7239545506418
1674.2376137185215
1671.306464110347
1671.306464110347
1667.3857513140115
1667.3857513140115
1666.5045750233653
1659.3718076749767
1659.3718076749767
1659.3718076749767
1659.3718076749767
1659.3718076749767
1659.3718076749767
1658.7757729838836
1656.0386366773932
1656.0386366773932
1656.0386366773932
1656.0386366773932
1653.9503596899417
1649.830450965726
1648.35186520681
1648.35186520681
1646.3008740703897
1646.3008740703897
1646.3008740703897
1644.5981682456922
1644.5981682456922
1644.5981682456922
1644.5981682456922
1644.5981682456922
1638.664678798865
1632.9309426586788
1630.4493122724407
1629.0057579776073
1626.817117034868
1622.8796194495656
1622.8796194495656
1622.8796194495656
1616.9846674297305
1616.9846674297305
1616.9846674297305
1616.9846674297305
1615.759934228521
1615.759934228521
1614.9654258016171
1614.9654258016171
1613.6452285724624
1613.6452285724624
1613.6452285724624
1609.3935091881608
1600.6880365515785
1600.6880365515785
1600.6880365515785
1598.0250843648312
1591.6159926082073
1585.6182283200678
1585.6182283200678
1585.6182283200678
1585.6182283200678
1585.6182283200678
1585.6182283200678
1576.3384620779198
1574.9538485149865
1574.9538485149865
1572.6180749575467
1572.6180749575467
1572.6180749575467
1569.0585034118521
1569.0585034118521
1569.0585034118521
1569.0585034118521
1569.0585034118521
1569.0585034118521
1562.8236727008648
1561.0589157921077
1556.9843535212285
1556.9843535212285
1555.8489959901076
1555.8489959901076
1555.154229327463
1554.3424494859973
1554.3424494859973
1553.371401953571
1553.371401953571
1553.371401953571
1550.7881530526702
1550.7881530526702
1545.5844500490202
1545.5844500490202
1545.3181026808818
1542.9397156171724
1541.362166347104
1540.1695455392994
1536.9822347810589
1536.9822347810589
1536.9822347810589
1536.9822347810589
1536.9822347810589
1534.8006042311083
1534.8006042311083
1534.8006042311083
1529.808349264786
1528.9704793040205
1523.2497717063409
1522.057582571189
1522.057582571189
1522.057582571189
1522.057582571189
1521.5903973946736
1521.5903973946736
1514.911880451362
1514.911880451362
1514.911880451362
1509.8753793210524
1509.2969844530298
1505.2365425203786
1504.4464840711369
1504.4464840711369
1504.4464840711369
1504.4464840711369
1501.3543492809135
1501.3543492809135
1501.3543492809135
1501.3543492809135
1500.2443209100647
1500.2443209100647
1500.2443209100647
1491.304520380637
1491.304520380637
1491.304520380637
1486.6321301152934
1486.6321301152934
1486.6321301152934
1476.4855508582536
1476.4855508582536
1476.4855508582536
1476.4855508582536
1476.4855508582536
1473.0703502455171
1473.0703502455171
1473.0703502455171
1469.630084337678
1469.630084337678
1468.4526891807513
1468.4526891807513
1464.2645996990286
1464.2645996990286
1464.2645996990286
1463.2351240343369
1462.3001504725792
1458.4914122004284
1453.0460480431755
1453.0460480431755
1453.0460480431755
1453.0460480431755
1453.0460480431755
1453.0460480431755
1452.4686709510802
1450.4109845312153
1450.4109845312153
1449.3724486223398
1449.3724486223398
1444.8401242123289
1444.8401242123289
1444.8401242123289
1440.685000699502
1440.0977655479635
1438.0554343542155
1438.0554343542155
1433.905304929711
1433.905304929711
1430.2731997534852
1424.7181319053338
1424.1250878320511
1424.1250878320511
1422.846290291189
1421.7762812543904
1415.8936970893797
1415.8936970893797
1411.1818560875354
1410.823095921108
1408.8746723228269
1407.8064796610126
1401.1538218730466
1400.0726316506762
1399.0126042417176
1398.7731470154918
1396.0355399273299
1392.5986100297187
1392.1797533677495
1391.2237938362173
1391.2237938362173
1391.2237938362173
1386.1622722808684
1380.4046410845074
1375.5353226584957
1375.5353226584957
1375.5353226584957
1369.8540268286663
1369.8540268286663
1369.8540268286663
1365.4700544569139
1362.8341273874025
1362.8341273874025
1362.8341273874025
1362.8341273874025
1362.8341273874025
1355.3789420899257
1355.3789420899257
1355.3789420899257
1355.2488935687572
1347.9215206899876
1343.9458356443154
1342.8255709184757
1342.8255709184757
1338.1297877202126
1335.440339497557
1335.440339497557
1335.440339497557
1335.440339497557
1329.370156422456
1329.370156422456
1323.8181123286859
1316.7646846953628
1316.7646846953628
1316.7646846953628
1311.9105900700029
1311.9105900700029
1306.5506732384752
1306.0482586147984
1306.0482586147984
1305.4550754473871
1305.4075270930327
1304.336415399687
1301.5241652709663
1301.5241652709663
1301.349012571046
1301.349012571046
1301.349012571046
1301.349012571046
1301.349012571046
1301.349012571046
1300.5237782968907
1300.5237782968907
1300.5237782968907
1300.5237782968907
1300.5237782968907
1300.4342952366326
1300.4342952366326
1295.7568149182641
1288.514435840198
1288.514435840198
1288.514435840198
1288.514435840198
1288.514435840198
1288.514435840198
1283.8410523217826
1282.7197499264978
1282.7197499264978
1282.7197499264978
1282.7197499264978
1282.7197499264978
1281.8696499919683
1281.8696499919683
1281.8696499919683
1281.8696499919683
1281.8696499919683
1281.8696499919683
1281.8696499919683
1277.5666312821588
1277.5666312821588
1277.5666312821588
1276.6157434680551
1276.6157434680551
1276.6157434680551
1275.9857319831103
1275.8894552720774
1270.864858785887
1270.864858785887
1264.3465871668068
1264.3465871668068
1263.0680416402208
1263.0680416402208
1258.91602265871
1258.91602265871
1258.91602265871
1258.91602265871
1258.91602265871
1255.8527267490026
1255.8527267490026
1255.8527267490026
1251.3103915354427
1251.3103915354427
1251.3103915354427
1250.8009051104902
1250.8009051104902
1250.8009051104902
1250.8009051104902
1248.9325460844484
1248.9325460844484
1248.9325460844484
1248.9325460844484
1248.9325460844484
1248.9325460844484
1248.9325460844484
1248.9325460844484
1248.9325460844484
1248.9325460844484
1248.9325460844484
1248.3001481360811
1245.254569397427
1245.254569397427
1245.254569397427
1238.9625623928519
1237.1501765641992
1237.1501765641992
1234.387944071724
1234.387944071724
1234.3688112781256
1233.0145573844472
1233.0145573844472
1232.5138660870134
1232.5138660870134
1232.5138660870134
1229.448151158314
1228.782912815087
1228.3517748876307
1228.3517748876307
1228.3517748876307
1225.8088029179262
1223.1684043405562
1223.1684043405562
1218.4266017126445
1214.3227240377387
1214.3227240377387
1214.3227240377387
1213.4807290377698
1212.8931023706978
1212.8931023706978
1212.4084348437996
1212.4084348437996
1210.1763710183623
1208.7487888269204
1208.7487888269204
1205.0474060615938
1205.0474060615938
1205.0474060615938
1205.0474060615938
1200.597377741245
1197.7418983651562
1195.1265808851604
1195.1265808851604
1190.6666762816972
1190.0393991885373
1190.0393991885373
1190.0393991885373
1190.0393991885373
1190.0393991885373
1186.0628114721414
1184.5951741459812
1184.5951741459812
1184.5951741459812
1184.5951741459812
1184.5951741459812
1184.5951741459812
1179.0531313829256
1175.3966874287603
1173.092866786579
1166.4275231576453
1166.4275231576453
1166.4275231576453
1166.4275231576453
1158.4307759852888
1158.094288413075
1154.7684158019374
1154.7684158019374
1154.0246041024557
1152.1524255626796
1152.1524255626796
1152.1524255626796
1149.6200006528868
1148.6987016454627
1146.742466926121
1145.8813169021116
1141.3610471303596
1141.3610471303596
1141.3610471303596
1139.5584701501184
1135.9701790958989
1132.9157924936194
1132.9157924936194
1132.9157924936194
1132.9157924936194
1132.9157924936194
1132.9157924936194
1130.363830634012
1130.363830634012
1130.363830634012
1130.363830634012
1129.2195361730642
1129.2195361730642
1129.2195361730642
1129.2195361730642
1129.2195361730642
1126.953828427576
1126.953828427576
1120.733022609749
1120.733022609749
1120.733022609749
1115.9891659304749
1115.9891659304749
1113.7798592363001
1113.7798592363001
1109.8803001531003
1106.4522824503092
1106.4522824503092
1106.4522824503092
1106.4522824503092
1106.4522824503092
1102.8030342930883
1099.7284275616025
1098.0626127676614
1091.8140530450878
1091.8140530450878
1089.9422828988475
1088.9738814281477
1088.158516618332
1088.158516618332
1088.158516618332
1087.027240178297
1082.3533960009686
1081.9635244138772
1081.9635244138772
1081.9635244138772
1077.5503238753993
1075.8696258867271
1075.8493180452926
1075.8493180452926
1071.5930730939228
1071.5930730939228
1068.9890076418264
1068.0780873476247
1064.054107009717
1058.2716864431027
1058.2716864431027
1058.2716864431027
1056.6241049731877
1056.6241049731877
1055.7171481666394
1054.1224768962013
1051.3771428772172
1048.6822221804837
1048.6822221804837
1048.6822221804837
1045.7304827622509
1045.7304827622509
1045.7304827622509
1043.6821885379586
1042.6463633775581
1042.4493343849456
1042.4493343849456
1041.9675571296411
1039.781656695941
1039.781656695941
1036.8690219862979
1036.8690219862979
1034.4299195408078
1034.4299195408078
1034.4299195408078
1034.4299195408078
1034.4299195408078
1034.08192359143
1034.08192359143
1034.08192359143
1033.9784916203816
1033.9784916203816
1033.9784916203816
1033.3638312392263
1033.3638312392263
1033.3638312392263
1032.1133196959318
1031.1435453963963
1025.9645835747042
1025.9645835747042
1023.6610974306323
1023.6610974306323
1022.2812036062309
1022.2812036062309
1022.1363702804229
1018.1461444304829
1016.0051303730895
1016.0051303730895
1012.4716801454784
1007.8401168937512
999.4303358839711
998.6471566561289
998.6471566561289
998.6471566561289
998.2226667858622
996.72812295645
995.2291262820411
995.2291262820411
995.2291262820411
993.9356743287229
988.1786770228177
984.9130380158042
984.5870374381118
981.6374154054439
981.6374154054439
981.6374154054439
981.6346451414693
981.6346451414693
981.6346451414693
981.6346451414693
981.6346451414693
972.2881491085609
972.2881491085609
972.2881491085609
972.2881491085609
970.6878958843345
968.2825674654146
968.2348555658568
965.3824023473908
965.3824023473908
965.3824023473908
965.3171730037095
965.3171730037095
959.2728578616058
955.2642126151728
951.7645833273518
947.546890144094
947.546890144094
947.546890144094
947.546890144094
947.546890144094
944.3244918872798
939.5387796000522
939.5387796000522
935.9606891767886
935.9606891767886
934.2305934918111
934.2305934918111
932.50236978578
932.50236978578
932.50236978578
932.50236978578
932.50236978578
932.50236978578
932.50236978578
931.8304394058982
931.8304394058982
931.6300932823751
928.9937908903931
926.8138280492828
926.8138280492828
926.8138280492828
926.8138280492828
924.9664839749335
923.0417535847118
918.2670971871996
918.2670971871996
918.2670971871996
916.4480335050107
910.2150181328152
907.0472436447069
902.7067476943964
902.7067476943964
900.378696623729
897.3270700476028
893.3280542666886
892.6986330806565
890.7078908044095
890.7078908044095
890.2839940151244
890.2839940151244
890.2839940151244
890.2839940151244
890.2839940151244
885.9891821901493
885.9891821901493
885.972872867821
880.7380396058985
878.7479105527427
878.7479105527427
876.9044001142679
875.8518725587644
875.8518725587644
874.3178535041968
872.8648839795071
872.8648839795071
872.8648839795071
872.8648839795071
869.4361865089859
869.4361865089859
864.8028916871954
862.593260641228
859.7727918422952
852.72738702237
852.72738702237
852.72738702237
851.2121676197075
851.2121676197075
851.2121676197075
851.2121676197075
850.824900742612
848.9632692617308
845.1163867157373
845.1163867157373
845.1163867157373
845.1163867157373
837.9540707676639
834.1949510518341
834.1949510518341
834.1949510518341
834.1949510518341
834.1949510518341
833.7878649783697
833.7878649783697
829.0186116031559
829.0186116031559
828.0021410950687
828.0021410950687
828.0021410950687
826.6248901117743
823.5526408136323
823.5526408136323
823.5257931710617
820.5795107727024
818.9866449715274
818.9866449715274
818.9866449715274
818.9866449715274
818.9866449715274
818.2753527198417
818.1038951103087
816.9730390396874
815.2908817719858
815.2908817719858
814.5856341058388
810.3111611161864
810.1646534054355
810.1646534054355
810.1646534054355
806.4536015419845
802.4687889745264
802.0557271004607
802.0557271004607
798.5093680917331
798.5093680917331
798.5093680917331
798.5093680917331
798.4223168630378
795.6715581472603
795.6715581472603
793.299091491807
786.5330153333655
784.5604974303017
784.5604974303017
784.5604974303017
783.0309177617437
783.0309177617437
779.5729724601604
776.8596944946787
774.1544179032514
773.7875304237249
770.751712653057
770.751712653057
769.5878506359437
768.1602004292564
765.268373333136
765.268373333136
760.0496733578419
759.8743876854742
754.377336291708
749.0229749053739
749.0229749053739
748.882247696323
748.882247696323
747.8355772067687
743.4538646758191
742.0862537438512
742.0862537438512
742.0862537438512
736.0726800637968
736.0726800637968
734.8149544518093
734.8149544518093
734.8149544518093
734.7308981999574
732.6115847904462
730.639211126191
730.639211126191
729.4915583260159
729.4915583260159
729.4915583260159
729.4915583260159
728.0706867030887
728.0706867030887
728.0706867030887
728.0706867030887
728.0706867030887
728.0706867030887
728.0706867030887
725.848227287453
725.848227287453
723.7216255226483
723.7216255226483
723.7216255226483
721.1803452311697
721.1803452311697
721.1803452311697
721.1803452311697
721.1803452311697
720.5697070051951
720.5697070051951
717.4657256033784
717.4657256033784
714.8889324878554
714.8889324878554
708.3480732049964
708.3480732049964
705.617992396043
705.617992396043
702.0764861160505
702.0764861160505
700.5942055906427
700.5942055906427
700.5942055906427
700.5942055906427
700.5942055906427
697.9261738109592
696.4191827979417
695.631773079841
695.631773079841
695.631773079841
694.4762437962223
693.874529460343
693.4452961641815
693.4452961641815
693.4452961641815
693.4452961641815
692.9395452892536
692.9395452892536
692.9395452892536
690.0360089434494
690.0360089434494
684.2071930960324
680.0556557679877
680.0556557679877
680.0556557679877
680.0556557679877
678.5910528978203
677.0140681800199
677.0140681800199
677.0140681800199
677.0140681800199
677.0140681800199
674.0667339299059
674.0667339299059
670.6611937520764
669.5063690212729
669.5063690212729
667.6752077706451
667.0187567425905
665.8732976553251
659.9855315755203
658.2404041355823
655.468425846416
655.468425846416
655.1656128087143
655.1656128087143
655.1656128087143
655.1656128087143
655.1656128087143
651.5783988728924
649.0947198975391
647.5827890795307
646.4039098981598
646.4039098981598
646.4039098981598
645.7420630045757
645.7420630045757
640.1725811460987
639.7684078970515
639.7684078970515
638.3356169071433
638.3356169071433
638.3356169071433
632.7362196871129
631.1537575536131
631.1537575536131
631.1537575536131
631.1537575536131
627.0442860793291
627.0442860793291
625.9823655407655
623.760061691306
623.760061691306
623.760061691306
621.1884055949575
621.1884055949575
621.1884055949575
616.8207863549482
616.8207863549482
615.3121429930173
615.3121429930173
611.7930450721873
611.6473967974766
609.2781841398646
609.2781841398646
609.2781841398646
609.2781841398646
609.2781841398646
609.2781841398646
608.5927312346164
608.5927312346164
604.9539403768654
603.699058592378
602.6276912240651
601.9222286969924
599.0658984697257
596.5179079768044
596.5179079768044
595.7594250683242
594.3270898053904
590.2914372436821
590.2914372436821
590.2914372436821
590.2914372436821
590.2914372436821
590.2914372436821
589.503422807082
588.7268176537298
588.7268176537298
588.7268176537298
588.7268176537298
588.7268176537298
587.0647536361014
586.973242823154
585.32347549138
585.32347549138
585.32347549138
585.2285117704444
585.2285117704444
582.7366577082666
579.743487017859
576.1431639492747
576.1431639492747
574.7247832178973
573.7195666306123
570.9464156050659
570.9464156050659
570.9464156050659
567.8307927695957
567.8307927695957
567.8307927695957
567.5761180452489
567.5761180452489
567.26127686022
562.3684692388356
561.4870835132112
561.4870835132112
561.4870835132112
561.4870835132112
559.1432345935427
559.1432345935427
559.1432345935427
558.8778049445748
558.8778049445748
555.9176668968921
555.7802575015914
554.7467661590516
554.7467661590516
554.7467661590516
554.4267441343069
554.4267441343069
554.4267441343069
552.8600817857223
552.8600817857223
552.0807582344501
549.5415280273774
549.5415280273774
549.5415280273774
548.7293079886335
548.7293079886335
548.7293079886335
548.7293079886335
548.7293079886335
547.3299669236654
547.3299669236654
547.3299669236654
545.0429679808294
543.3521264318274
538.6594827301032
538.6594827301032
538.6594827301032
538.6594827301032
536.4664144336473
534.8647798846728
528.379742468631
528.379742468631
528.379742468631
527.4406313992822
527.4406313992822
526.0045550319855
526.0045550319855
524.3165304938
523.9759820427332
520.5200256167504
520.5200256167504
519.9267805774055
519.9267805774055
518.7028331689503
516.0082853333734
515.814385433779
515.814385433779
512.7777665965612
512.7777665965612
512.7777665965612
512.7777665965612
512.3122702828261
511.8229836109074
511.8229836109074
511.3037573567508
511.3037573567508
510.81017787680844
510.81017787680844
510.81017787680844
510.81017787680844
510.81017787680844
510.61169273152234
510.5650989104816
510.08107171235906
510.08107171235906
508.99828974788784
508.99828974788784
508.99828974788784
507.4420859378388
507.4420859378388
507.3623022840714
507.3623022840714
507.05460413497406
507.05460413497406
505.83333729569335
505.6157328005695
505.44890254727125
505.44890254727125
502.47068177643746
501.2630375345512
501.2630375345512
499.7795091107025
499.7795091107025
497.2528398823596
497.2528398823596
495.9730304743705
495.9730304743705
491.1071436693337
488.3502930725714
488.1224077188589
487.28746663196875
484.10726508420686
483.08672800289446
481.6877677578417
481.6877677578417
481.6877677578417
479.6216803645061
479.4955103310841
479.4955103310841
479.14895719791195
478.36668154096134
478.36668154096134
478.36668154096134
478.0518521716528
476.16509154035583
476.16509154035583
475.82432906936526
475.82432906936526
475.82432906936526
475.65936525727494
475.601400022308
474.87432287976094
474.0529942485799
474.0529942485799
474.0529942485799
473.00198406888353
473.00198406888353
473.00198406888353
473.00198406888353
473.00198406888353
473.00198406888353
469.4405378406476
469.4405378406476
468.9438866534306
467.0287033026507
465.32618503654317
463.3606027179251
461.4610726846074
461.1764474986742
459.2892241472468
459.1557223744941
459.1557223744941
459.1557223744941
457.2718954768194
455.65058339530856
455.0345911166405
455.0345911166405
455.0345911166405
453.5676726535424
452.80401183559866
452.80401183559866
452.80401183559866
448.8201286899645
448.8201286899645
448.2868602759826
446.69248705165154
446.69248705165154
446.69248705165154
446.69248705165154
444.83578865594137
443.68659698173553
441.0659873454979
439.37309318921035
438.70461268962794
437.47797216427347
434.59035281570925
432.738365292449
432.4936804902853
432.4936804902853
432.4936804902853
432.4936804902853
430.6219651115704
430.6219651115704
430.6219651115704
429.47853262024364
428.81439299389604
427.57001578385245
427.36819645518005
427.36819645518005
427.36819645518005
427.36819645518005
424.4346205741617
423.0882560264919
423.0882560264919
423.0882560264919
423.0882560264919
423.0882560264919
422.9472750336129
422.6683931185242
422.04613588450843
422.04613588450843
421.4663085058757
420.28570836586334
420.28570836586334
420.28570836586334
420.28570836586334
413.96904179772383
413.96904179772383
411.84324210931663
411.84324210931663
411.84324210931663
411.84324210931663
410.9109756831478
410.9109756831478
410.9109756831478
410.9109756831478
408.43147907040475
407.2029634073593
407.2029634073593
406.49146692591535
405.62338836481814
405.183004033085
405.183004033085
404.2445519620149
401.3151937441671
397.8176892614854
397.8176892614854
396.8651785089785
394.0451874227771
392.55233449485183
392.55233449485183
392.55233449485183
392.55233449485183
392.55233449485183
392.55233449485183
390.39975764581044
390.39975764581044
388.05663693952147
385.8362047600755
382.428622103199
382.3417062987925
379.7265730893037
379.7265730893037
377.20219428874054
377.20219428874054
377.20219428874054
376.022566807588
373.8810809156834
370.85897660306637
370.85897660306637
369.88938707067297
369.88938707067297
369.88938707067297
369.88938707067297
369.88938707067297
369.88938707067297
369.00524019757995
367.9901854749161
365.299290652412
363.1209311497718
363.1209311497718
361.3255352203337
360.47260872199263
359.65633841731204
357.65177647936645
356.5806196167488
355.21248241273736
355.21248241273736
351.33552733549834
349.47151809881876
349.47151809881876
349.47151809881876
349.47151809881876
349.47151809881876
349.47151809881876
349.47151809881876
349.47151809881876
349.47151809881876
349.47151809881876
349.47151809881876
348.0376064317876
346.65311299900816
346.25992157548274
346.25992157548274
345.0993525334352
342.917829374851
342.917829374851
340.6835577657839
340.2294817854455
337.438892699427
333.3525971833881
333.32197378422234
333.32197378422234
332.42923395926584
330.20634219700526
328.808001303547
328.808001303547
328.808001303547
326.84160303734666
323.95670826296623
321.4357994744584
321.4357994744584
321.4357994744584
321.4357994744584
321.4357994744584
321.4357994744584
321.4357994744584
316.9488651463938
315.38759738105875
313.49344005850793
312.2857466092343
310.2562943631099
310.2562943631099
310.2562943631099
308.7884214542715
308.7884214542715
308.7884214542715
308.7884214542715
308.7884214542715
306.0935184534789
306.0935184534789
305.34805283633995
305.229093497377
304.824548132899
304.53290650340165
304.53290650340165
304.2764112064139
304.2733578356923
304.2733578356923
302.2935762156394
299.7686403993315
299.7686403993315
299.7686403993315
299.12247185147004
299.12247185147004
298.4893798607015
298.4893798607015
298.4893798607015
296.5894757929019
296.5894757929019
295.05633391397623
294.912102936976
294.0984332622904
293.83935076804414
292.1134026751502
291.1926172755318
291.1926172755318
290.9023179904882
289.9237157381306
289.9237157381306
287.82435852056165
286.17508004221827
284.26613550657584
283.3274724402931
282.2019380372144
279.87313528891275
279.87313528891275
276.9756745248981
276.0193348968796
274.79421242002013
274.79421242002013
274.79421242002013
272.38434275768117
272.38434275768117
269.8190807496105
267.16198621772253
267.16198621772253
266.869867589468
266.6173315066121
266.6173315066121
266.6173315066121
266.6173315066121
265.0367270999802
265.0367270999802
265.0367270999802
265.0367270999802
265.0367270999802
265.0367270999802
265.0367270999802
264.6267134649131
264.6267134649131
264.6267134649131
263.67249429466233
263.65317941453884
263.65317941453884
263.5460768257007
263.5460768257007
262.4970276928978
259.8518827345748
259.23491045915495
259.23491045915495
257.5991611706876
257.5991611706876
257.5991611706876
256.96015560034647
256.96015560034647
256.5628671254367
255.66771850611326
255.0685960087295
255.0685960087295
253.68855236221748
253.68855236221748
252.46387533732533
252.46387533732533
252.46387533732533
252.46387533732533
248.9406578835672
248.9406578835672
248.9406578835672
248.9406578835672
247.89144227283705
245.8694261530506
245.8694261530506
243.56282069255914
243.56282069255914
243.56282069255914
243.56282069255914
241.80798333242296
241.80798333242296
241.80798333242296
241.80798333242296
241.80798333242296
240.13563058416403
240.13563058416403
239.13397460186752
239.13397460186752
238.4775657988539
238.29303510443557
238.1737540597293
238.1737540597293
238.1737540597293
237.14102763706623
236.92076102408703
236.92076102408703
236.34945747974257
236.15028185474682
235.93100902987217
235.93100902987217
235.93100902987217
235.93100902987217
235.93100902987217
233.28579038082802
233.28579038082802
232.57392107154726
232.57392107154726
231.8795881501082
231.8795881501082
231.16814909136008
231.16814909136008
228.66226645745706
228.41184692628948
228.41184692628948
228.41184692628948
227.71641409436612
227.71641409436612
227.71641409436612
227.10287914396255
226.7274102513964
226.7274102513964
224.29682920065898
224.29682920065898
223.14556605026945
223.14556605026945
223.14556605026945
222.72965536654468
222.72965536654468
222.07028566897566
222.07028566897566
221.62542684870547
221.62542684870547
221.62542684870547
220.4155568697708
219.570855794159
218.19875267328612
218.19875267328612
218.19875267328612
216.00349716044002
213.42400599353883
211.4261242854435
210.14294797037215
210.14294797037215
207.89978970369583
207.26254372708644
207.26254372708644
206.2173954296485
203.67525564214645
203.0030006486271
203.0030006486271
203.0030006486271
202.40696103888206
202.40696103888206
202.40696103888206
202.40696103888206
200.83911996768222
200.83911996768222
200.2083440911171
199.91797431369207
198.83091816920555
198.83091816920555
198.59230819756263
198.59230819756263
198.59230819756263
197.16807585337858
196.67111384626207
196.67111384626207
196.67111384626207
196.4118747275426
195.87076630385855
195.87076630385855
195.5167667834318
195.5167667834318
193.42085344789368
192.87069504167962
192.87069504167962
192.82776798903814
190.7426710604184
190.7426710604184
190.32996922348545
188.38102831031506
188.25676171579593
188.25676171579593
188.25676171579593
188.25676171579593
188.08110931739736
188.08110931739736
184.804261700944
182.2183751452989
182.2183751452989
182.2183751452989
182.2183751452989
181.83670499248214
180.9064962799842
180.9064962799842
180.82503975536372
180.82503975536372
180.82503975536372
180.82503975536372
179.55791965639798
179.55791965639798
179.55791965639798
177.95849316537272
177.95849316537272
177.74268884527729
176.82752307668662
176.82752307668662
176.82752307668662
176.82752307668662
176.73831323886873
176.71283947034885
176.6439733777177
176.33336875028482
176.33336875028482
176.33336875028482
175.26819248291292
173.47561280691536
173.47561280691536
173.47561280691536
173.47561280691536
173.47561280691536
173.47561280691536
172.52132794626988
170.12045071079086
167.656206180637
166.88067271540808
166.8172075146151
166.8172075146151
166.8172075146151
166.75437580323594
166.75437580323594
165.03281890893504
165.03281890893504
162.09716485703026
162.09716485703026
161.16825214313312
161.16825214313312
161.16825214313312
161.16825214313312
161.16825214313312
159.46690851687032
159.46690851687032
159.16757579360947
159.02169342901183
158.64778469109928
156.69370194568685
156.69370194568685
156.69370194568685
155.82953578338962
155.82953578338962
155.51819906967577
155.51819906967577
155.51819906967577
154.69101436308128
154.69101436308128
154.62173903282462
153.50568984597277
153.50568984597277
153.14941450219925
152.96161960486202
152.12299910465111
151.27464157262648
151.27464157262648
151.27464157262648
150.73965943787505
149.89395777367096
148.89078796212044
147.56539801335475
147.27893714739082
147.27893714739082
146.8580102132683
145.40717066611307
144.67603871720178
144.67603871720178
144.67603871720178
142.9711454981001
142.9711454981001
142.9711454981001
142.7248439701008
141.32122764943824
141.32122764943824
141.32122764943824
141.32122764943824
139.88294119370948
139.88294119370948
139.28209597379464
139.28209597379464
138.1620824155218
137.083979473741
135.20834818721204
135.20834818721204
135.20834818721204
134.57404114696448
134.28486614493602
132.93713939253564
132.5499107327831
130.68604687495525
130.68604687495525
130.68604687495525
129.71575743895843
129.2409622404317
129.2409622404317
129.18089620807677
127.30930657443216
126.9806010079891
124.21217077858273
124.21217077858273
122.69240692559393
122.69240692559393
122.69240692559393
120.77974705205784
120.77974705205784
120.77974705205784
120.77974705205784
120.71986346482932
119.76441321028362
119.76441321028362
119.76441321028362
118.61722635219795
118.61722635219795
118.51887995397624
117.62167933877139
116.68034783449727
116.68034783449727
114.99250003602279
114.13697030380415
114.13697030380415
114.13697030380415
114.13697030380415
113.81158248135554
113.81158248135554
112.43619428643413
111.55887096424124
110.57190698907058
110.57190698907058
110.57190698907058
110.36314185036903
110.36314185036903
110.36314185036903
109.83315574598443
108.93752772956128
108.53655702142318
106.98308875902391
106.98308875902391
106.98308875902391
106.98308875902391
106.98308875902391
105.54630116660552
105.54630116660552
105.54630116660552
103.97320909261154
103.20269290463588
103.20269290463588
103.20269290463588
103.20269290463588
102.59625831693282
101.58885320361668
100.89774973145168
100.85478917532403
100.85478917532403
100.75102243421401
100.75102243421401
100.07711646457966
99.55035356042181
98.8967791503664
98.8967791503664
97.74568248442036
97.74568248442036
96.24161924556755
96.24161924556755
96.24161924556755
95.47351143975729
94.79934478787449
94.79934478787449
94.79934478787449
94.79934478787449
93.1693182010196
92.65937932648026
92.65937932648026
90.70133076614557
90.70133076614557
90.70133076614557
90.51859134353815
89.08687142275578
88.96097669567597
88.67612048449402
88.67612048449402
88.33196888012897
88.33196888012897
88.33196888012897
87.73419737079736
86.47168198378345
86.40943241853083
86.00405189878677
85.71396297536842
84.37118321864922
84.37118321864922
83.7512699588481
83.13832693931869
83.1364748415698
83.1364748415698
83.1364748415698
82.40191284180936
81.79864940119118
81.43575610582036
81.43575610582036
80.61351972944679
80.61351972944679
80.61351972944679
79.28836683465352
78.36445814999847
76.88679579344918
76.88679579344918
76.88679579344918
76.88679579344918
76.39591949371798
76.2838277075239
76.19010772906148
76.19010772906148
75.93797020123392
75.93797020123392
74.94912299473975
74.94912299473975
74.94912299473975
74.484077504608
74.08973807228558
74.08973807228558
74.06695611830948
73.28634757352086
73.10076949561216
73.10076949561216
73.10076949561216
72.23650953930856
72.23650953930856
72.23650953930856
72.23650953930856
72.23650953930856
69.64914978368967
69.64914978368967
69.58458435963372
69.58458435963372
69.46210742400952
67.91227516057643
67.91227516057643
65.91353805734845
65.91353805734845
65.91353805734845
65.44950985001793
65.44950985001793
64.76631812971505
64.76631812971505
64.76631812971505
64.76631812971505
63.48597473703954
62.896378894581
62.42349502898472
62.22017322558095
61.918767363792455
61.918767363792455
61.918767363792455
61.918767363792455
61.918767363792455
61.918767363792455
61.918767363792455
61.918767363792455
61.62843919334236
61.62843919334236
60.6328706298047
60.6328706298047
60.6328706298047
60.6328706298047
59.867634574569266
59.867634574569266
58.54668429717428
57.394354757923345
57.394354757923345
57.394354757923345
57.394354757923345
56.545073830891866
56.545073830891866
56.545073830891866
56.545073830891866
56.545073830891866
56.545073830891866
56.545073830891866
56.545073830891866
56.545073830891866
56.00532027854469
56.00532027854469
56.00532027854469
55.34108917817149
55.34108917817149
55.34108917817149
55.34108917817149
55.34108917817149
54.0464517996353
54.0464517996353
53.159373363222684
52.666068232749666
52.284582763969965
52.284582763969965
52.284582763969965
52.170781948440066
51.10327579736934
50.739904340971535
50.739904340971535
50.06870350320531
49.37850650272688
49.37850650272688
49.12382973634422
49.083233877192214
48.654262773415056
48.654262773415056
48.654262773415056
48.44196260306495
48.200146679810324
47.95279507188165
46.87358185837402
46.87358185837402
46.87358185837402
46.87358185837402
46.82457871719521
46.82457871719521
46.82457871719521
46.04631800022206
46.04631800022206
46.04631800022206
46.04631800022206
45.684773771915616
45.42198151890341
44.95181586216931
44.61230122294814
44.56664485503083
44.4206273960138
44.07385607752079
44.07385607752079
44.07385607752079
44.07385607752079
44.07385607752079
43.94790036591553
43.94790036591553
43.292989381325086
43.114814126951515
41.8390105455883
41.139704235624414
41.108256431920736
41.108256431920736
39.80934254130581
39.80934254130581
39.781283165261684
39.197014555552045
38.768956234731306
38.768956234731306
38.31658759421765
38.174779121786734
38.174779121786734
38.174779121786734
37.59400515701722
37.577703020825496
37.577703020825496
37.577703020825496
36.75357440273591
36.700265847051085
36.700265847051085
36.449494636284754
36.449494636284754
35.931012853583994
35.931012853583994
35.57453493838537
35.57453493838537
35.57453493838537
35.57453493838537
34.943126414744945
34.943126414744945
34.943126414744945
34.943126414744945
34.53805174969895
34.35816451300149
33.4394368646928
33.4394368646928
33.34235030041752
33.34235030041752
33.34235030041752
33.251567182718006
33.251567182718006
33.251567182718006
33.05107310047284
33.05107310047284
33.05107310047284
33.05107310047284
32.536971931759325
31.948010374893464
31.524370282874532
31.524370282874532
30.96410874491764
30.712236872733307
30.712236872733307
30.712236872733307
29.70944641262801
29.66687133302723
29.66687133302723
29.29184760366581
29.29184760366581
28.99739955547591
28.822215766557292
28.822215766557292
28.589411762118807
28.3173995282218
28.3173995282218
27.585092311843482
27.24396135529662
26.80862113041194
26.80862113041194
26.803991410901983
26.438830344751747
26.438830344751747
25.56196768735358
25.56196768735358
24.98978489473511
24.847686597949647
24.60337293155191
24.330179045445117
24.330179045445117
24.330179045445117
23.836863130925806
23.836863130925806
23.836863130925806
22.55747697129326
22.55747697129326
21.441064334475016
20.87850581355376
20.504775568862783
20.504775568862783
20.504775568862783
20.271153971269296
20.271153971269296
20.271153971269296
19.651792167679062
19.651792167679062
19.505714007673554
18.899889816353568
18.899889816353568
18.899889816353568
18.899889816353568
18.441374865835854
18.081666076256337
18.081666076256337
17.92101590733981
17.92101590733981
17.592106902318662
17.592106902318662
17.543515610834103
17.543515610834103
16.923656762552806
16.923656762552806
16.923656762552806
16.072858773128697
16.072858773128697
15.871218873014179
15.74861176306095
15.674037640122847
15.674037640122847
15.674037640122847
15.499843352075638
15.499843352075638
15.499843352075638
15.195581227586551
15.195581227586551
15.195581227586551
15.195581227586551
14.68922428241497
14.60110561064241
14.60110561064241
14.586258522135179
14.586258522135179
14.268833758437346
14.268833758437346
14.268833758437346
14.268833758437346
14.153571947102064
13.87988091573986
13.665772849621138
13.0629823729553
13.0629823729553
13.027664741248097
13.027664741248097
13.027664741248097
13.027664741248097
13.027664741248097
13.027664741248097
12.99047110853359
12.968400789580633
12.499488853456795
12.341938143846088
12.312752083497408
12.171830125705053
11.806032161882028
11.532008578866705
11.532008578866705
11.262477473246282
10.90063418573512
10.680398829219518
10.029135411663873
9.719335196947915
9.719335196947915
9.719335196947915
9.719335196947915
9.719335196947915
9.719335196947915
9.719335196947915
9.719335196947915
9.719335196947915
9.45950090382726
8.966099826750066
8.955590751808682
8.955590751808682
8.955590751808682
8.955590751808682
8.940085379871569
8.774461465204457
8.219825972567767
7.848360643207834
7.848360643207834
7.585716440759382
7.499018871829703
7.499018871829703
7.34498630656743
7.340593591547243
7.3364771015631325
7.3364771015631325
7.3364771015631325
7.3364771015631325
7.323848919234182
7.153467559626351
6.979870338388598
6.979870338388598
6.838146641161124
6.526395444591731
6.526395444591731
6.362066000548017
6.334159777727718
6.026991364395914
5.999561441654437
5.925152070129011
5.769440450344013
5.309438422550655
5.309438422550655
5.309438422550655
5.274607454105675
5.155433277943239
5.0717222888734605
5.0717222888734605
5.0717222888734605
5.0717222888734605
5.0717222888734605
5.0717222888734605
5.050752250033632
5.050752250033632
4.504377815247008
4.504377815247008
4.271290806418564
4.271290806418564
4.100036409202493
3.937983012592677
3.937983012592677
3.8016562707134245
3.8016562707134245
3.8016562707134245
3.8016562707134245
3.8016562707134245
3.8016562707134245
3.6944315659075526
3.6944315659075526
3.5923685252648596
3.5923685252648596
3.5923685252648596
3.1748454470342615
2.7956911758660667
2.735834201154807
2.735834201154807
2.735834201154807
2.7238156351801064
2.7238156351801064
2.496518552489294
2.496518552489294
2.496518552489294
2.488482493023714
2.488482493023714
2.141051370018143
2.141051370018143
2.141051370018143
2.1362956740161745
2.1362956740161745
2.1362956740161745
2.0859041205192215
1.9359521348451836
1.7532024188606234
1.7532024188606234
1.593302266823244
1.593302266823244
1.593302266823244
1.593302266823244
1.593302266823244
1.4988616889476862
1.450533482006938
1.450533482006938
1.450533482006938
1.450533482006938
1.4167063172415069
1.4167063172415069
1.4167063172415069
1.4167063172415069
1.4167063172415069
1.2546445862014082
1.2400531498411735
1.2400531498411735
1.2400531498411735
1.0545907565438615
1.0461464009173664
0.8863621794311122
0.8479024825422407
0.8479024825422407
0.8101588185107844
0.8101588185107844
0.8101588185107844
0.7485871637218416
0.7485871637218416
0.7485871637218416
0.7485871637218416
0.7027604032061424
0.7027604032061424
0.7027604032061424
0.7027604032061424
0.7027604032061424
0.6049157984135616
0.6049157984135616
0.6049157984135616
0.6049157984135616
0.5617595535584762
0.5360862679474315
0.5360862679474315
0.4743625368524116
0.3613495978056783
0.3613495978056783
0.3613495978056783
0.3613495978056783
0.3613495978056783
0.3613495978056783
0.3613495978056783
0.3613495978056783
0.26892243017111495
0.26892243017111495
0.21553901826890592
0.21553901826890592
0.21553901826890592
0.21553901826890592
0.21553901826890592
0.21553901826890592
0.21553901826890592
0.21553901826890592
0.21553901826890592
0.21553901826890592
0.21553901826890592
0.159590537777077
0.159590537777077
0.159590537777077
0.159590537777077
0.159590537777077
0.159590537777077
0.159590537777077
0.159590537777077
0.159590537777077
0.159590537777077
0.13688716959668218
0.13688716959668218
0.13688716959668218
0.13688716959668218
0.11884166124978318
0.11884166124978318
0.11884166124978318
0.11884166124978318
0.11884166124978318
0.11884166124978318
0.10380037063097233
0.0950167306627989
0.0950167306627989
0.0950167306627989
0.0950167306627989
0.08605348812041437
0.08605348812041437
0.08605348812041437
0.08605348812041437
0.08605348812041437
0.08605348812041437
0.08416028283548836
0.08416028283548836
0.08416028283548836
0.08416028283548836
0.08416028283548836
0.08416028283548836
0.06887547280324227
0.06887547280324227
0.06887547280324227
0.06887547280324227
0.06887547280324227
0.06887547280324227
0.06887547280324227
0.06887547280324227
0.06887547280324227
0.06741938545715868
0.06741938545715868
0.06741938545715868
0.06741938545715868
0.06741938545715868
0.06741938545715868
0.06741938545715868
0.027591054240436418
0.027591054240436418
0.027591054240436418
0.027591054240436418
0.027591054240436418
0.027591054240436418
0.027591054240436418
0.027591054240436418
0.027591054240436418
0.027591054240436418
0.01758024832981118
0.01758024832981118
0.01758024832981118
0.01758024832981118
0.01758024832981118
0.01758024832981118
0.01758024832981118
0.01758024832981118
0.01758024832981118
0.01758024832981118
0.01758024832981118
0.01758024832981118
0.01758024832981118
0.01758024832981118
0.01758024832981118
0.01758024832981118
0.01758024832981118
0.01758024832981118
0.01758024832981118
0.01758024832981118
0.01758024832981118
0.01758024832981118
0.01758024832981118
0.01558121758801496
0.01558121758801496
0.01558121758801496
0.01558121758801496
0.01558121758801496
0.01077624355221785
0.01077624355221785
0.01077624355221785
0.01077624355221785
0.01077624355221785
0.01077624355221785
0.01077624355221785
0.01077624355221785
0.01077624355221785
0.01077624355221785
0.01077624355221785
0.01077624355221785
0.01077624355221785
0.01077624355221785
0.01077624355221785
0.01077624355221785
0.01077624355221785
0.01077624355221785
0.01077624355221785
0.01077624355221785
0.01077624355221785
0.01077624355221785
0.01077624355221785
0.01077624355221785
0.01077624355221785
0.01077624355221785
0.01077624355221785
0.01077624355221785
0.01077624355221785
0.01077624355221785
0.01077624355221785
0.01077624355221785
0.01077624355221785
0.01077624355221785
0.01077624355221785
0.01077624355221785
0.01077624355221785
0.01077624355221785
0.01077624355221785
0.01077624355221785
0.01077624355221785
0.01077624355221785
0.01077624355221785
0.01077624355221785
0.01077624355221785
0.01077624355221785
0.01077624355221785
0.01077624355221785
0.01077624355221785
0.01077624355221785
0.01077624355221785
0.01077624355221785
0.01077624355221785
0.01077624355221785
0.01077624355221785
0.01077624355221785
0.01077624355221785
0.01077624355221785
0.01077624355221785
0.01077624355221785
0.01077624355221785
0.01077624355221785
0.01077624355221785
0.01077624355221785
0.01077624355221785
0.01077624355221785
0.01077624355221785
0.01077624355221785
0.01077624355221785
0.01077624355221785
0.01077624355221785
0.01077624355221785
0.01077624355221785
0.01077624355221785
0.01077624355221785
0.01077624355221785
0.01077624355221785
0.01077624355221785
0.01077624355221785
0.01077624355221785
0.01077624355221785
0.01077624355221785
0.01077624355221785
0.01077624355221785
0.01077624355221785
0.01077624355221785
0.01077624355221785
0.01077624355221785
0.01077624355221785
0.01077624355221785
0.01077624355221785
0.01077624355221785
0.01077624355221785
0.01077624355221785
0.01077624355221785
0.01077624355221785
0.01077624355221785
0.01077624355221785
0.01077624355221785
0.01077624355221785
0.01077624355221785
0.01077624355221785
0.01077624355221785
0.01077624355221785
0.01077624355221785
0.01077624355221785
0.01077624355221785
0.01077624355221785
0.01077624355221785
0.01077624355221785
0.01077624355221785
0.01077624355221785
0.01077624355221785
0.01077624355221785
0.01077624355221785
0.01077624355221785
0.01077624355221785
0.01077624355221785
0.01077624355221785
0.01077624355221785
0.01077624355221785
0.01077624355221785
0.01077624355221785
0.01077624355221785
0.01077624355221785
0.01077624355221785
0.01077624355221785
0.01077624355221785
0.01077624355221785
0.01077624355221785
0.01077624355221785
0.01077624355221785
0.01077624355221785
0.01077624355221785
0.01077624355221785
0.01077624355221785
0.01077624355221785
0.01077624355221785
0.01077624355221785
0.01077624355221785
0.01077624355221785
0.01077624355221785
0.01077624355221785
0.01077624355221785
0.01077624355221785
0.01077624355221785
0.01077624355221785
0.01077624355221785
0.01077624355221785
0.01077624355221785
0.01077624355221785
0.01077624355221785
0.01077624355221785
0.01077624355221785
0.01077624355221785
0.01077624355221785
0.01077624355221785
0.01077624355221785
0.01077624355221785
0.01077624355221785
0.01077624355221785
0.008143844586779293
0.008143844586779293
0.008143844586779293
0.008143844586779293
0.008143844586779293
0.008143844586779293
0.008143844586779293
0.008143844586779293
0.008143844586779293
0.008143844586779293
0.008143844586779293
0.008143844586779293
0.008143844586779293
0.008143844586779293
0.008143844586779293
0.008143844586779293
0.008143844586779293
0.008143844586779293
0.008143844586779293
0.008143844586779293
0.008143844586779293
0.008143844586779293
0.008143844586779293
0.008143844586779293
0.008143844586779293
0.008143844586779293
0.008143844586779293
0.008143844586779293
0.008143844586779293
0.008143844586779293
0.008143844586779293
0.008143844586779293
0.008143844586779293
0.008143844586779293
0.008143844586779293
0.008143844586779293
0.008143844586779293
0.008143844586779293
0.008143844586779293
0.008143844586779293
0.008143844586779293
0.008143844586779293
0.008143844586779293
0.008143844586779293
0.008143844586779293
0.008143844586779293
0.008143844586779293
0.008143844586779293
0.008143844586779293
0.008143844586779293
0.008143844586779293
0.008143844586779293
0.008143844586779293
0.008143844586779293
0.008143844586779293
0.008143844586779293
0.008143844586779293
0.008143844586779293
0.008143844586779293
0.008143844586779293
0.008143844586779293
0.008143844586779293
0.008143844586779293
0.008143844586779293
0.008143844586779293
0.008143844586779293
0.008143844586779293
0.008143844586779293
0.008143844586779293
0.008143844586779293
0.008143844586779293
0.008143844586779293
0.008143844586779293
0.008143844586779293
0.008143844586779293
0.008143844586779293
0.008143844586779293
0.008143844586779293
0.008143844586779293
0.008143844586779293
0.008143844586779293
0.008143844586779293
0.008143844586779293
0.008143844586779293
0.008143844586779293
0.008143844586779293
0.008143844586779293
0.008143844586779293
0.008143844586779293
0.008143844586779293
0.008143844586779293
0.008143844586779293
0.008143844586779293
0.008143844586779293
0.008143844586779293
0.008143844586779293
0.008143844586779293
0.008143844586779293
0.008143844586779293
0.008143844586779293
0.008143844586779293
0.008143844586779293
0.008143844586779293
0.008143844586779293
0.008143844586779293
0.008143844586779293
0.008143844586779293
0.008143844586779293
0.008143844586779293
0.008143844586779293
0.008143844586779293
0.008143844586779293
0.008143844586779293
0.008143844586779293
0.008143844586779293
0.008143844586779293
0.008143844586779293
0.008143844586779293
0.008143844586779293
0.008143844586779293
0.008143844586779293
0.008143844586779293
0.008143844586779293
0.008143844586779293
0.008143844586779293
0.008143844586779293
0.008143844586779293
0.008143844586779293
0.008143844586779293
0.008143844586779293
0.008143844586779293
0.008143844586779293
0.008143844586779293
0.008143844586779293
0.008143844586779293
0.008143844586779293
0.008143844586779293
0.008143844586779293
0.008143844586779293
0.008143844586779293
0.008143844586779293
0.008143844586779293
0.008143844586779293
0.008143844586779293
0.008143844586779293
0.008143844586779293
0.008143844586779293
0.008143844586779293
0.008143844586779293
0.008143844586779293
0.008143844586779293
0.008143844586779293
0.008143844586779293
0.008143844586779293
0.008143844586779293
0.008143844586779293
0.008143844586779293
0.008143844586779293
0.008143844586779293
0.008143844586779293
0.008143844586779293
0.008143844586779293
0.008143844586779293
0.008143844586779293
0.008143844586779293
0.008143844586779293
0.008143844586779293
0.008143844586779293
0.008143844586779293
0.008143844586779293
0.008143844586779293
0.008143844586779293
0.008143844586779293
0.008143844586779293
0.008143844586779293
0.008143844586779293
0.008143844586779293
0.008143844586779293
0.008143844586779293
0.008143844586779293
0.008143844586779293
0.008143844586779293
0.008143844586779293
0.008143844586779293
0.008143844586779293
0.008143844586779293
0.008143844586779293
0.008143844586779293
0.008143844586779293
0.008143844586779293
0.008143844586779293
0.008143844586779293
0.008143844586779293
0.008143844586779293
0.008143844586779293
0.008143844586779293
0.008143844586779293
0.008143844586779293
0.008143844586779293
0.008143844586779293
0.008143844586779293
0.008143844586779293
0.008143844586779293
0.008143844586779293
0.008143844586779293
0.008143844586779293
0.008143844586779293
0.008143844586779293
0.008143844586779293
0.008143844586779293
0.008143844586779293
0.008143844586779293
0.008143844586779293
0.0038915072876688868
0.0038915072876688868
0.0038915072876688868
0.0038915072876688868
0.0038915072876688868
0.0038915072876688868
0.0038915072876688868
0.0038915072876688868
0.0038915072876688868
0.0038915072876688868
0.0038915072876688868
0.0038915072876688868
0.0038915072876688868
0.0038915072876688868
0.0038915072876688868
0.0038915072876688868
0.0038915072876688868
0.0038915072876688868
0.0038915072876688868
0.0038915072876688868
0.0038915072876688868
0.0038915072876688868
0.0038915072876688868
0.0038915072876688868
0.0038915072876688868
0.0038915072876688868
0.0038915072876688868
0.0038915072876688868
0.0038915072876688868
0.0038915072876688868
0.0038915072876688868
0.0038915072876688868
0.0038915072876688868
0.0038915072876688868
0.0038915072876688868
0.0038915072876688868
0.0038915072876688868
0.0038915072876688868
0.0038915072876688868
0.0038915072876688868
0.0038915072876688868
0.0038915072876688868
0.0038915072876688868
0.0038915072876688868
0.0038915072876688868
0.0038915072876688868
0.0038915072876688868
0.0038915072876688868
0.0038915072876688868
0.0038915072876688868
0.0038915072876688868
0.0038915072876688868
0.0038915072876688868
0.0038915072876688868
0.0038915072876688868
0.0038915072876688868
0.0038915072876688868
0.0038915072876688868
0.0038915072876688868
0.0038915072876688868
0.0038915072876688868
0.0038915072876688868
0.0038915072876688868
0.0038915072876688868
0.0038915072876688868
0.0038915072876688868
0.0038915072876688868
0.0038915072876688868
0.0038915072876688868
0.0038915072876688868
0.0038915072876688868
0.0038915072876688868
0.0038915072876688868
0.0038915072876688868
0.0038915072876688868
0.0038915072876688868
0.0038915072876688868
0.0038915072876688868
0.0038915072876688868
0.0038915072876688868
0.0038915072876688868
0.0038915072876688868
0.0038915072876688868
0.0038915072876688868
0.0038915072876688868
0.0038915072876688868
0.0038915072876688868
0.0038915072876688868
0.0038915072876688868
0.0038915072876688868
0.0038915072876688868
0.0038915072876688868
0.0038915072876688868
0.0038915072876688868
0.0038915072876688868
0.0038915072876688868
0.0038915072876688868
0.0038915072876688868
0.0038915072876688868
0.0038915072876688868
0.0038915072876688868
0.0038915072876688868
0.0038915072876688868
0.0038915072876688868
0.0038915072876688868
0.0038915072876688868
0.0038915072876688868
0.0038915072876688868
0.0038915072876688868
0.0038915072876688868
0.0038915072876688868
0.0038915072876688868
0.0038915072876688868
0.0038915072876688868
0.0038915072876688868
0.0038915072876688868
0.0038915072876688868
0.0038915072876688868
0.0038915072876688868
0.0038915072876688868
0.0038915072876688868
0.0038915072876688868
0.0038915072876688868
0.0038915072876688868
0.0038915072876688868
0.0038915072876688868
0.0038915072876688868
0.0038915072876688868
0.0038915072876688868
0.0038915072876688868
0.0038915072876688868
0.0038915072876688868
0.0038915072876688868
0.0038915072876688868
0.0038915072876688868
0.0038915072876688868
0.0038915072876688868
0.0038915072876688868
0.0038915072876688868
0.0038915072876688868
0.0038915072876688868
0.0038915072876688868
0.0038915072876688868
0.0038915072876688868
0.0038915072876688868
0.0038915072876688868
0.0038915072876688868
0.0038915072876688868
0.0038915072876688868
0.0038915072876688868
0.0038915072876688868
0.0038915072876688868
0.0038915072876688868
0.0038915072876688868
0.0038915072876688868
0.0038915072876688868
0.0038915072876688868
0.0038915072876688868
0.0038915072876688868
0.0038915072876688868
0.0038915072876688868
0.0038915072876688868
0.0038915072876688868
0.0038915072876688868
0.0038915072876688868
0.0038915072876688868
0.0038915072876688868
0.0038915072876688868
0.0038915072876688868
0.0038915072876688868
0.0038915072876688868
0.0038915072876688868
0.0038915072876688868
0.0038915072876688868
0.0038915072876688868
0.0038915072876688868
0.0038915072876688868
0.0038915072876688868
0.0038915072876688868
0.0038915072876688868
0.0038915072876688868
0.0038915072876688868
0.0038915072876688868
0.0038915072876688868
0.0038915072876688868
0.0038915072876688868
0.0038915072876688868
0.0038915072876688868
0.0038915072876688868
0.0038915072876688868
0.0038915072876688868
0.0038915072876688868
0.0038915072876688868
0.0038915072876688868
0.0038915072876688868
0.0038915072876688868
0.0038915072876688868
0.0038915072876688868
0.0038915072876688868
0.0038915072876688868
0.0038915072876688868
0.0038915072876688868
0.0038915072876688868
0.0038915072876688868
0.0038915072876688868
0.0038915072876688868
0.0038915072876688868
0.0038915072876688868
0.0038915072876688868
0.0038915072876688868
0.0038915072876688868
0.0038915072876688868
0.0038915072876688868
0.0038915072876688868
0.0038915072876688868
0.0038915072876688868
0.0038915072876688868
0.0038915072876688868
0.0038915072876688868
0.0038915072876688868
0.0038915072876688868
0.0038915072876688868
0.0038915072876688868
0.0038915072876688868
0.0038915072876688868
0.0038915072876688868
0.0038915072876688868
0.0038915072876688868
0.0038915072876688868
0.0038915072876688868
0.0038915072876688868
0.0038915072876688868
0.0038915072876688868
0.0038915072876688868
0.0038915072876688868
0.0038915072876688868
0.0038915072876688868
0.0038915072876688868
0.0038915072876688868
0.0038915072876688868
0.0038915072876688868
0.0038915072876688868
0.0038915072876688868
0.0038915072876688868
0.0038915072876688868
0.0038915072876688868
0.0038915072876688868
0.0038915072876688868
0.0038915072876688868
0.0038915072876688868
0.0038915072876688868
0.0038915072876688868
0.0038915072876688868
0.0038915072876688868
0.0038915072876688868
0.0038915072876688868
0.0038915072876688868
0.0038915072876688868
0.0038915072876688868
0.0038915072876688868
0.0038915072876688868
0.0038915072876688868
0.0038915072876688868
0.0038915072876688868
0.0038915072876688868
0.0038915072876688868
0.0038915072876688868
0.0038915072876688868
0.0038915072876688868
0.0038915072876688868
0.0038915072876688868
0.0038915072876688868
0.0038915072876688868
0.0038915072876688868
0.0038915072876688868
0.0038915072876688868
0.0038915072876688868
0.0038915072876688868
0.0038915072876688868
0.0029877666654933334
0.0029877666654933334
0.0029877666654933334
0.0029877666654933334
0.0029877666654933334
0.0029877666654933334
0.0029877666654933334
0.0029877666654933334
0.0029877666654933334
0.0029877666654933334
0.0029877666654933334
0.0029877666654933334
0.0029877666654933334
0.0029877666654933334
0.0029877666654933334
0.0029877666654933334
0.0029877666654933334
0.0029877666654933334
0.0029877666654933334
0.0029877666654933334
0.0029877666654933334
0.0029877666654933334
0.0029877666654933334
0.0029877666654933334
0.0029877666654933334
0.0029877666654933334
0.0029877666654933334
0.0029877666654933334
0.0029877666654933334
0.0029877666654933334
0.0029877666654933334
0.0029877666654933334
0.0029877666654933334
0.0029877666654933334
0.0029877666654933334
0.0029877666654933334
0.0029877666654933334
0.0029877666654933334
0.0029877666654933334
0.0029877666654933334
0.0029877666654933334
0.0029877666654933334
0.0029877666654933334
0.0029877666654933334
0.0029877666654933334
0.0029877666654933334
0.0029877666654933334
0.0029877666654933334
0.0029877666654933334
0.0029877666654933334
0.0029877666654933334
0.0029877666654933334
0.0029877666654933334
0.0029877666654933334
0.0029877666654933334
0.0029877666654933334
0.0029877666654933334
0.0029877666654933334
0.0029877666654933334
0.0029877666654933334
0.0029877666654933334
0.0029877666654933334
0.0029877666654933334
0.0029877666654933334
0.0029877666654933334
0.0029877666654933334
0.0029877666654933334
0.0029877666654933334
0.0029877666654933334
0.0029877666654933334
0.0029877666654933334
0.0029877666654933334
0.0029877666654933334
0.0029877666654933334
0.0029877666654933334
0.0029877666654933334
0.0029877666654933334
0.0029877666654933334
0.0029877666654933334
0.0029877666654933334
0.0029877666654933334
0.0029877666654933334
0.0029877666654933334
0.0029877666654933334
0.0029877666654933334
0.0029877666654933334
0.0029877666654933334
0.0029877666654933334
0.0029877666654933334
0.0029877666654933334
0.0029877666654933334
0.0029877666654933334
0.0029877666654933334
0.0029877666654933334
0.0029877666654933334
0.0029877666654933334
0.0029877666654933334
0.0029877666654933334
0.0029877666654933334
0.0029877666654933334
0.0029877666654933334
0.0029877666654933334
0.0029877666654933334
0.0029877666654933334
0.0029877666654933334
0.0029877666654933334
0.0029877666654933334
0.0029877666654933334
0.0029877666654933334
0.0029877666654933334
0.0029877666654933334
0.0029877666654933334
0.0029877666654933334
0.0029877666654933334
0.0029877666654933334
0.0029877666654933334
0.0029877666654933334
0.0029877666654933334
0.0029877666654933334
0.0029877666654933334
0.0029877666654933334
0.0029877666654933334
0.0029877666654933334
0.0029877666654933334
0.0029877666654933334
0.0029877666654933334
0.0029877666654933334
0.0029877666654933334
0.0029877666654933334
0.0029877666654933334
0.0029877666654933334
0.0029877666654933334
0.0029877666654933334
0.0029877666654933334
0.0029877666654933334
0.0029877666654933334
0.0029877666654933334
0.0029877666654933334
0.0029877666654933334
0.0029877666654933334
0.0029877666654933334
0.0029877666654933334
0.0029877666654933334
0.0029877666654933334
0.0029877666654933334
0.0029877666654933334
0.0029877666654933334
0.0029877666654933334
0.0029877666654933334
0.0029877666654933334
0.0029877666654933334
0.0029877666654933334
0.0029877666654933334
0.0029877666654933334
0.0029877666654933334
0.0029877666654933334
0.0029877666654933334
0.0029877666654933334
0.0029877666654933334
0.0029877666654933334
0.0029877666654933334
0.0029877666654933334
0.0029877666654933334
0.0029877666654933334
0.0029877666654933334
0.0029877666654933334
0.0029877666654933334
0.0029877666654933334
0.0029877666654933334
0.0029877666654933334
0.0029877666654933334
0.0029877666654933334
0.0029877666654933334
0.0029877666654933334
0.0029877666654933334
0.0029877666654933334
0.0029877666654933334
0.0029877666654933334
0.0029877666654933334
0.0029877666654933334
0.0029877666654933334
0.0029877666654933334
0.0029877666654933334
0.0029877666654933334
0.0029877666654933334
0.0029877666654933334
0.0029877666654933334
0.0029877666654933334
0.0029877666654933334
0.0029877666654933334
0.0029877666654933334
0.0029877666654933334
0.0029877666654933334
0.0029877666654933334
0.0029877666654933334
0.0029877666654933334
0.0029877666654933334
0.0029877666654933334
0.0029877666654933334
0.0029877666654933334
0.0029877666654933334
0.0029877666654933334
0.0029877666654933334
0.0029877666654933334
0.0029877666654933334
0.0029877666654933334
0.0029877666654933334
0.0029877666654933334
0.0029877666654933334
0.0029877666654933334
0.0029877666654933334
0.0029877666654933334
0.0029877666654933334
0.0029877666654933334
0.0029877666654933334
0.0029877666654933334
0.0029877666654933334
0.0029877666654933334
0.0029877666654933334
0.0029877666654933334
0.0029877666654933334
0.0029877666654933334
0.0029877666654933334
0.0029877666654933334
0.0029877666654933334
0.0029877666654933334
0.0029877666654933334
0.0029877666654933334
0.0029877666654933334
0.0029877666654933334
0.0029877666654933334
0.0029877666654933334
0.0029877666654933334
0.0029877666654933334
0.0029877666654933334
0.0029877666654933334
0.0029877666654933334
0.0029877666654933334
0.0029877666654933334
0.0029877666654933334
0.0029877666654933334
0.0029877666654933334
0.0029877666654933334
0.0029877666654933334
0.0029877666654933334
0.0029877666654933334
0.0029877666654933334
0.0029877666654933334
0.0029877666654933334
0.0029877666654933334
0.0029877666654933334
0.0029877666654933334
0.0029877666654933334
0.0029877666654933334
0.0029877666654933334
0.0029877666654933334
0.0029877666654933334
0.0029877666654933334
0.0029877666654933334
0.0029877666654933334
0.0029877666654933334
0.0029877666654933334
0.0029877666654933334
0.0029877666654933334
0.0029877666654933334
0.0029877666654933334
0.0029877666654933334
0.0029877666654933334
0.0029877666654933334
0.0029877666654933334
0.0029877666654933334
0.0029877666654933334
0.0029877666654933334
0.0029877666654933334
0.0029877666654933334
0.0029877666654933334
0.0029877666654933334
0.0029877666654933334
0.0029877666654933334
0.0029877666654933334
0.0029877666654933334
0.0029877666654933334
0.0029877666654933334
0.0029877666654933334
0.0029877666654933334
0.0029877666654933334
0.0029877666654933334
0.0029877666654933334
0.0029877666654933334
0.0029877666654933334
0.0029877666654933334
0.0029877666654933334
0.0029877666654933334
0.0029877666654933334
0.0029877666654933334
0.0029877666654933334
0.0029877666654933334
0.0029877666654933334
0.0029877666654933334
0.0029877666654933334
0.0029877666654933334
0.0029877666654933334
0.0029877666654933334
0.0029877666654933334
0.0029877666654933334
0.0029877666654933334
0.0029877666654933334
0.0029877666654933334
0.0029877666654933334
0.0029877666654933334
0.0029877666654933334
0.0029877666654933334
0.0029877666654933334
0.0029877666654933334
0.0029877666654933334
0.0029877666654933334
0.0029877666654933334
0.0029877666654933334
0.0029877666654933334
0.0029877666654933334
0.0029877666654933334
0.0029877666654933334
0.0029877666654933334
0.0029877666654933334
0.0029877666654933334
0.0029877666654933334
0.0029877666654933334
0.0029877666654933334
0.0029877666654933334
0.0029877666654933334
0.0029877666654933334
0.0029877666654933334
0.0029877666654933334
0.0029877666654933334
0.0029877666654933334
0.0029877666654933334
0.0029877666654933334
0.0029877666654933334
0.0029877666654933334
0.0029877666654933334
0.0029877666654933334
0.0029877666654933334
0.0029877666654933334
0.0029877666654933334
0.0029877666654933334
0.0029877666654933334
0.0029877666654933334
0.0029877666654933334
0.0029877666654933334
0.0029877666654933334
0.0029877666654933334
0.0029877666654933334
0.0029877666654933334
0.0029877666654933334
0.0029877666654933334
0.0029877666654933334
0.0029877666654933334
0.0029877666654933334
0.0029877666654933334
0.0029877666654933334
0.0029877666654933334
0.0029877666654933334
0.0029877666654933334
0.0029877666654933334
0.0029877666654933334
0.0029877666654933334
0.0029877666654933334
0.0029877666654933334
0.0029877666654933334
0.0029877666654933334
0.0029877666654933334
0.0029877666654933334
0.0029877666654933334
0.0029877666654933334
0.0029877666654933334
0.0029877666654933334
0.0029877666654933334
0.0029877666654933334
0.0029877666654933334
0.0029877666654933334
0.0029877666654933334
0.0029877666654933334
0.0029877666654933334
0.0029877666654933334
0.0029877666654933334
0.0029877666654933334
0.0029877666654933334
0.0029877666654933334
0.0029877666654933334
0.0029877666654933334
0.0029877666654933334
0.0029877666654933334
0.0029877666654933334
0.0029877666654933334
0.0029877666654933334
0.0029877666654933334
0.0029877666654933334
0.0029877666654933334
0.0029877666654933334
0.0029877666654933334
0.0029877666654933334
0.0029877666654933334
0.0029877666654933334
0.0029877666654933334
0.0029877666654933334
0.0029877666654933334
0.0029877666654933334
0.0029877666654933334
0.0029877666654933334
0.0029877666654933334
0.0029877666654933334
0.0029877666654933334
0.0029877666654933334
0.0029877666654933334
0.0029877666654933334
0.0029877666654933334
0.0029877666654933334
0.0029877666654933334
0.0029877666654933334
0.0029877666654933334
0.0029877666654933334
0.0029877666654933334
0.0029877666654933334
0.0029877666654933334
0.0029877666654933334
0.0029877666654933334
0.0029877666654933334
0.0029877666654933334
0.0029877666654933334
0.0029877666654933334
0.0029877666654933334
0.0029877666654933334
0.0029877666654933334
0.0029877666654933334
0.0029877666654933334
0.0029877666654933334
0.0029877666654933334
0.0029877666654933334
0.0029877666654933334
0.0029877666654933334
0.0029877666654933334
0.0029877666654933334
0.0029877666654933334
0.0029877666654933334
0.0029877666654933334
0.0029877666654933334
0.0029877666654933334
0.0029877666654933334
0.0029877666654933334
0.0029877666654933334
0.0029877666654933334
0.0029877666654933334
0.0029877666654933334
0.0029877666654933334
0.0029877666654933334
0.0029877666654933334
0.0029877666654933334
0.0029877666654933334
0.0029877666654933334
0.0029877666654933334
0.0029877666654933334
0.0029877666654933334
0.0029877666654933334
0.0029877666654933334
0.0029877666654933334
0.0029877666654933334
0.0029877666654933334
0.0029877666654933334
0.0029877666654933334
0.0029877666654933334
0.0029877666654933334
0.0029877666654933334
0.0029877666654933334
0.0029877666654933334
0.0029877666654933334
0.0029877666654933334
0.0029877666654933334
0.0029877666654933334
0.0029877666654933334
0.0029877666654933334
0.0029877666654933334
0.0029877666654933334
0.0029877666654933334
0.0029877666654933334
0.0029877666654933334
0.0029877666654933334
0.0029877666654933334
0.0029877666654933334
0.0029877666654933334
0.0029877666654933334
0.0029877666654933334
0.0029877666654933334
0.0029877666654933334
0.0029877666654933334
0.0029877666654933334
0.0029877666654933334
0.0029877666654933334
0.0029877666654933334
0.0029877666654933334
0.0029877666654933334
0.0029877666654933334
0.0029877666654933334
0.0029877666654933334
0.0029877666654933334
0.0029877666654933334
0.0029877666654933334
0.0029877666654933334
0.0029877666654933334
0.0029877666654933334
0.0029877666654933334
0.0029877666654933334
0.0029877666654933334
0.0029877666654933334
0.0029877666654933334
0.0029877666654933334
0.0029877666654933334
0.0029877666654933334
0.0029877666654933334
0.0029877666654933334
0.0029877666654933334
0.0029877666654933334
0.0029877666654933334
0.0029877666654933334
0.0029877666654933334
0.0029877666654933334
0.0029877666654933334
0.0029877666654933334
0.0029877666654933334
0.0029877666654933334
0.0029877666654933334
0.0029877666654933334
0.0029877666654933334
0.0029877666654933334
0.0029877666654933334
0.0029877666654933334
0.0029877666654933334
0.0029877666654933334
0.0029877666654933334
0.0029877666654933334
0.0029877666654933334
0.0029877666654933334
0.0029877666654933334
0.0029877666654933334
0.0029877666654933334
0.0029877666654933334
0.0029877666654933334
0.0029877666654933334
0.0029877666654933334
0.0029877666654933334
0.0029877666654933334
0.0029877666654933334
0.0029877666654933334
0.0029877666654933334
0.0029877666654933334
0.0029877666654933334
0.0029877666654933334
0.0029877666654933334
0.0029877666654933334
0.0029877666654933334
0.0029877666654933334
0.0029877666654933334
0.0029877666654933334
0.0029877666654933334
0.0029877666654933334
0.0029877666654933334
0.0029877666654933334
0.0029877666654933334
0.0029877666654933334
0.0029877666654933334
0.0029877666654933334
0.0029877666654933334
0.0029877666654933334
0.0029877666654933334
0.0029877666654933334
0.0029877666654933334
0.0029877666654933334
0.0029877666654933334
0.0029877666654933334
0.0029877666654933334
0.0029877666654933334
0.0029877666654933334
0.0029877666654933334
0.0029877666654933334
0.0029877666654933334
0.0029877666654933334
0.0029877666654933334
0.0029877666654933334
0.0029877666654933334
0.0029877666654933334
0.0029877666654933334
0.0029877666654933334
0.0029877666654933334
0.0029877666654933334
0.0029877666654933334
0.0029877666654933334
0.0029877666654933334
0.0029877666654933334
0.0029877666654933334
0.0029877666654933334
0.0029877666654933334
0.0029877666654933334
0.0029877666654933334
0.0029877666654933334
0.0029877666654933334
0.0029877666654933334
0.0029877666654933334
0.0029877666654933334
0.0029877666654933334
0.0029877666654933334
0.0029877666654933334
0.0029877666654933334
0.0029877666654933334
0.0029877666654933334
0.0029877666654933334
0.0029877666654933334
0.0029877666654933334
0.0029877666654933334
0.0029877666654933334
0.0029877666654933334
0.0029877666654933334
0.0029877666654933334
0.0029877666654933334
0.0029877666654933334
0.0029877666654933334
0.0029877666654933334
0.0029877666654933334
0.0029877666654933334
0.0029877666654933334
0.0029877666654933334
0.0029877666654933334
0.0029877666654933334
0.0029877666654933334
0.0029877666654933334
0.0029877666654933334
0.0029877666654933334
0.0029877666654933334
0.0029877666654933334
0.0029877666654933334
0.0029877666654933334
0.0029877666654933334
0.0029877666654933334
0.0029877666654933334
0.0029877666654933334
0.0029877666654933334
0.0029877666654933334
0.0029877666654933334
0.0029877666654933334
0.0029877666654933334
0.0029877666654933334
0.0029877666654933334
0.0029877666654933334
0.0029877666654933334
0.0029877666654933334
0.0029877666654933334
0.0029877666654933334
0.0029877666654933334
0.0029877666654933334
0.0029877666654933334
0.0029877666654933334
0.0029877666654933334
0.0029877666654933334
0.0029877666654933334
0.0029877666654933334
0.0029877666654933334
0.0029877666654933334
0.0029877666654933334
0.0029877666654933334
0.0029877666654933334
0.0029877666654933334
0.0029877666654933334
0.0029877666654933334
0.0029877666654933334
0.0029877666654933334
0.0029877666654933334
0.0029877666654933334
0.0029877666654933334
0.0029877666654933334
0.0029877666654933334
0.0029877666654933334
0.0029877666654933334
0.0029877666654933334
0.0029877666654933334
0.0029877666654933334
0.0029877666654933334
0.0029877666654933334
0.0029877666654933334
0.0029877666654933334
0.0029877666654933334
0.0029877666654933334
0.0029877666654933334
0.0029877666654933334
0.0029877666654933334
0.0029877666654933334
0.0029877666654933334
0.0029877666654933334
0.0029877666654933334
0.0029877666654933334
0.0029877666654933334
0.0029877666654933334
0.0029877666654933334
0.0029877666654933334
0.0029877666654933334
0.0029877666654933334
0.0029877666654933334
0.0029877666654933334
0.0029877666654933334
0.0029877666654933334
0.0029877666654933334
0.0029877666654933334
0.0029877666654933334
0.0029877666654933334
0.0029877666654933334
0.0029877666654933334
0.0029877666654933334
0.0029877666654933334
0.0029877666654933334
0.0029877666654933334
0.0029877666654933334
0.0029877666654933334
0.0029877666654933334
0.0029877666654933334
0.0029877666654933334
0.0029877666654933334
0.0029877666654933334
0.0029877666654933334
0.0029877666654933334
0.0029877666654933334
0.0029877666654933334
0.0029877666654933334
0.0029877666654933334
0.0029877666654933334
0.0029877666654933334
0.0029877666654933334
0.0029877666654933334
0.0029877666654933334
0.0029877666654933334
0.0029877666654933334
0.0029877666654933334
0.0029877666654933334
0.0029877666654933334
0.0029877666654933334
0.0029877666654933334
0.0029877666654933334
0.0029877666654933334
0.0029877666654933334
0.0029877666654933334
0.0029877666654933334
0.0029877666654933334
0.0029877666654933334
0.0029877666654933334
0.0029877666654933334
0.0029877666654933334
0.0029877666654933334
0.0029877666654933334
0.0029877666654933334
0.0029877666654933334
0.0029877666654933334
0.0029877666654933334
0.0029877666654933334
0.0029877666654933334
0.0029877666654933334
0.0029877666654933334
0.0029877666654933334
0.0029877666654933334
0.0029877666654933334
0.0029877666654933334
0.0029877666654933334
0.0029877666654933334
0.0029877666654933334
0.0029877666654933334
0.0029877666654933334
0.0029877666654933334
0.0029877666654933334
0.0029877666654933334
0.0029877666654933334
0.0029877666654933334
0.0029877666654933334
0.0029877666654933334
0.0029877666654933334
0.0029877666654933334
0.0029877666654933334
0.0029877666654933334
0.0029877666654933334
0.0029877666654933334
0.0029877666654933334
0.0029877666654933334
0.0029877666654933334
0.0029877666654933334
0.0029877666654933334
0.0029877666654933334
0.0029877666654933334
0.0029877666654933334
0.0029877666654933334
0.0029877666654933334
0.0029877666654933334
0.0029877666654933334
0.0029877666654933334
0.0029877666654933334
0.0029877666654933334
0.0029877666654933334
0.0029877666654933334
0.0029877666654933334
0.0029877666654933334
0.0029877666654933334
0.0029877666654933334
0.0029877666654933334
0.0029877666654933334
0.0029877666654933334
0.0029877666654933334
0.0029877666654933334
0.0029877666654933334
0.0029877666654933334
0.0029877666654933334
0.0029877666654933334
0.0029877666654933334
0.0029877666654933334
0.0029877666654933334
0.0029877666654933334
0.0029877666654933334
0.0029877666654933334
0.0029877666654933334
0.0029877666654933334
0.0029877666654933334
0.0029877666654933334
0.0029877666654933334
0.0029877666654933334
0.0029877666654933334
0.0029877666654933334
0.0029877666654933334
0.0029877666654933334
0.0029877666654933334
0.0029877666654933334
0.0029877666654933334
0.0029877666654933334
0.0029877666654933334
0.0029877666654933334
0.0029877666654933334
0.0029877666654933334
0.0029877666654933334
0.0029877666654933334
0.0029877666654933334
0.0029877666654933334
0.0029877666654933334
0.0029877666654933334
0.0029877666654933334
0.0029877666654933334
0.0029877666654933334
0.0029877666654933334
0.0029877666654933334
0.0029877666654933334
0.0029877666654933334
0.0029877666654933334
0.0029877666654933334
0.0029877666654933334
0.0029877666654933334
0.0029877666654933334
0.0029877666654933334
0.0029877666654933334
0.0029877666654933334
0.0029877666654933334
0.0029877666654933334
0.0029877666654933334
0.0029877666654933334
0.0029877666654933334
0.0029877666654933334
0.0029877666654933334
0.0029877666654933334
0.0029877666654933334
0.0029877666654933334
0.0029877666654933334
0.0029877666654933334
0.0029877666654933334
0.0029877666654933334
0.0029877666654933334
0.0029877666654933334
0.0029877666654933334
0.0029877666654933334
0.0029877666654933334
0.0029877666654933334
0.0029877666654933334
0.0029877666654933334
0.0029877666654933334
0.0029877666654933334
0.0029877666654933334
0.0029877666654933334
0.0029877666654933334
0.0029877666654933334
0.0029877666654933334
0.0029877666654933334
0.0029877666654933334
0.0029877666654933334
0.0029877666654933334
0.0029877666654933334
0.0029877666654933334
0.0029877666654933334
0.0029877666654933334
0.0029877666654933334
0.0029877666654933334
0.0029877666654933334
0.0029877666654933334
0.0029877666654933334
0.0029877666654933334
0.0029877666654933334
0.0029877666654933334
0.0029877666654933334
0.0029877666654933334
0.0029877666654933334
0.0029877666654933334
0.0029877666654933334
0.0029877666654933334
0.0029877666654933334
0.0029877666654933334
0.0029877666654933334
0.0029877666654933334
0.0029877666654933334
0.0029877666654933334
0.0029877666654933334
0.0029877666654933334
0.0029877666654933334
0.0029877666654933334
0.0029877666654933334
0.0029877666654933334
0.0029877666654933334
0.0029877666654933334
0.0029877666654933334
0.0029877666654933334
0.0029877666654933334
0.0029877666654933334
0.0029877666654933334
0.0029877666654933334
0.0029877666654933334
0.0029877666654933334
0.0029877666654933334
0.0029877666654933334
0.0029877666654933334
0.0029877666654933334
0.0029877666654933334
0.0029877666654933334
0.0029877666654933334
0.0029877666654933334
0.0029877666654933334
0.0029877666654933334
0.0029877666654933334
0.0029877666654933334
0.0029877666654933334
0.0029877666654933334
0.0029877666654933334
0.0029877666654933334
0.0029877666654933334
0.0029877666654933334
0.0029877666654933334
0.0029877666654933334
0.0029877666654933334
0.0029877666654933334
0.0029877666654933334
0.0029877666654933334
0.0029877666654933334
0.0029877666654933334
0.0029877666654933334
0.0029877666654933334
0.0029877666654933334
0.0029877666654933334
0.0029877666654933334
0.0029877666654933334
0.0029877666654933334
0.0029877666654933334
0.0029877666654933334
0.0029877666654933334
0.0029877666654933334
0.0029877666654933334
0.0029877666654933334
0.0029877666654933334
0.0029877666654933334
0.0029877666654933334
0.0029877666654933334
0.0029877666654933334
0.0029877666654933334
0.0029877666654933334
0.0029877666654933334
0.0029877666654933334
0.0029877666654933334
0.0029877666654933334
0.0029877666654933334
0.0029877666654933334
0.0029877666654933334
0.0029877666654933334
0.0029877666654933334
0.0029877666654933334
0.0029877666654933334
0.0029877666654933334
0.0029877666654933334
0.0029877666654933334
0.0029877666654933334
0.0029877666654933334
0.0029877666654933334
0.0029877666654933334
0.0029877666654933334
0.0029877666654933334
0.0029877666654933334
0.0029877666654933334
0.0029877666654933334
0.0029877666654933334
0.0029877666654933334
0.0029877666654933334
0.0029877666654933334
0.0029877666654933334
0.0029877666654933334
0.0029877666654933334
0.0029877666654933334
0.0029877666654933334
0.0029877666654933334
0.0029877666654933334
0.0029877666654933334
0.0029877666654933334
0.0029877666654933334
0.0029877666654933334
0.0029877666654933334
0.0029877666654933334
0.0029877666654933334
0.0029877666654933334
0.0029877666654933334
0.0029877666654933334
0.0029877666654933334
0.0029877666654933334
0.0029877666654933334
0.0029877666654933334
0.0029877666654933334
0.0029877666654933334
0.0029877666654933334
0.0029877666654933334
0.0029877666654933334
0.0029877666654933334
0.0029877666654933334
0.0029877666654933334
0.0029877666654933334
0.0029877666654933334
0.0029877666654933334
0.0029877666654933334
0.0029877666654933334
0.0029877666654933334
0.0029877666654933334
0.0029877666654933334
0.0029877666654933334
0.0029877666654933334
0.0029877666654933334
0.0029877666654933334
0.0029877666654933334
0.0029877666654933334
0.0029877666654933334
0.0029877666654933334
0.0029877666654933334
0.0029877666654933334
0.0029877666654933334
0.0029877666654933334
0.0029877666654933334
0.0029877666654933334
0.0029877666654933334
0.0029877666654933334
0.0029877666654933334
0.0029877666654933334
0.0029877666654933334
0.0029877666654933334
0.0029877666654933334
0.0029877666654933334
0.0029877666654933334
0.0029877666654933334
0.0029877666654933334
0.0029877666654933334
0.0029877666654933334
0.0029877666654933334
0.0029877666654933334
0.0029877666654933334
0.0029877666654933334
0.0029877666654933334
0.0029877666654933334
0.0029877666654933334
0.0029877666654933334
0.0029877666654933334
0.0029877666654933334
0.0029877666654933334
0.0029877666654933334
0.0029877666654933334
0.0029877666654933334
0.0029877666654933334
0.0029877666654933334
0.0029877666654933334
0.0029877666654933334
0.0029877666654933334
0.0029877666654933334
0.0029877666654933334
0.0029877666654933334
0.0029877666654933334
0.0029877666654933334
0.0029877666654933334
0.0029877666654933334
0.0029877666654933334
0.0029877666654933334
0.0029877666654933334
0.0029877666654933334
0.0029877666654933334
0.0029877666654933334
0.0029877666654933334
0.0029877666654933334
0.0029877666654933334
0.0029877666654933334
0.0029877666654933334
0.0029877666654933334
0.0029877666654933334
0.0029877666654933334
0.0029877666654933334
0.0029877666654933334
0.0029877666654933334
0.0029877666654933334
0.0029877666654933334
0.0029877666654933334
0.0029877666654933334
0.0029877666654933334
0.0029877666654933334
0.0029877666654933334
0.0029877666654933334
0.0029877666654933334
0.0029877666654933334
0.0029877666654933334
0.0029877666654933334
0.0029877666654933334
0.0029877666654933334
0.0029877666654933334
0.0029877666654933334
0.0029877666654933334
0.0029877666654933334
0.0029877666654933334
0.0029877666654933334
0.0029877666654933334
0.0029877666654933334
0.0029877666654933334
0.0029877666654933334
0.0029877666654933334
0.0029877666654933334
0.0029877666654933334
0.0029877666654933334
0.0029877666654933334
0.0029877666654933334
0.0029877666654933334
0.0029877666654933334
0.0029877666654933334
0.0029877666654933334
0.0029877666654933334
0.0029877666654933334
0.0029877666654933334
0.0029877666654933334
0.0029877666654933334
0.0029877666654933334
0.0029877666654933334
0.0029877666654933334
0.0029877666654933334
0.0029877666654933334
0.0029877666654933334
0.0029877666654933334
0.0029877666654933334
0.0029877666654933334
0.0029877666654933334
0.0029877666654933334
0.0029877666654933334
0.0029877666654933334
0.0029877666654933334
0.0029877666654933334
0.0029877666654933334
0.0029877666654933334
0.0029877666654933334
0.0029877666654933334
0.0029877666654933334
0.0029877666654933334
0.0029877666654933334
0.0029877666654933334
0.0029877666654933334
0.0029877666654933334
0.0029877666654933334
0.0029877666654933334
0.0029877666654933334
0.0029877666654933334
0.0029877666654933334
0.0029877666654933334
0.0029877666654933334
0.0029877666654933334
0.0029877666654933334
0.0029877666654933334
0.0029877666654933334
0.0029877666654933334
0.0029877666654933334
0.0029877666654933334
0.0029877666654933334
0.0029877666654933334
0.0029877666654933334
0.0029877666654933334
0.0029877666654933334
0.0029877666654933334
0.0029877666654933334
0.0029877666654933334
0.0029877666654933334
0.0029877666654933334
0.0029877666654933334
0.0029877666654933334
0.0029877666654933334
0.0029877666654933334
0.0029877666654933334
0.0029877666654933334
0.0029877666654933334
0.0029877666654933334
0.0029877666654933334
0.0029877666654933334
0.0029877666654933334
0.0029877666654933334
0.0029877666654933334
0.0029877666654933334
0.0029877666654933334
0.0029877666654933334
0.0029877666654933334
0.0029877666654933334
0.0029877666654933334
0.0029877666654933334
0.0029877666654933334
0.0029877666654933334
0.0029877666654933334
0.0029877666654933334
0.0029877666654933334
0.0029877666654933334
0.0029877666654933334
0.0029877666654933334
0.0029877666654933334
0.0029877666654933334
0.0029877666654933334
0.0029877666654933334
0.0029877666654933334
0.0029877666654933334
0.0029877666654933334
0.0029877666654933334
0.0029877666654933334
0.0029877666654933334
0.0029877666654933334
0.0029877666654933334
0.0029877666654933334
0.0029877666654933334
0.0029877666654933334
0.0029877666654933334
0.0029877666654933334
0.0029877666654933334
0.0029877666654933334
0.0029877666654933334
0.0029877666654933334
0.0029877666654933334
0.0029877666654933334
0.0029877666654933334
0.0029877666654933334
0.0029877666654933334
0.0029877666654933334
0.0029877666654933334
0.0029877666654933334
0.0029877666654933334
0.0029877666654933334
0.0029877666654933334
0.0029877666654933334
0.0029877666654933334
0.0029877666654933334
0.0029877666654933334
0.0029877666654933334
0.0029877666654933334
0.0029877666654933334
0.0029877666654933334
0.0029877666654933334
0.0029877666654933334
0.0029877666654933334
0.0029877666654933334
0.0029877666654933334
0.0029877666654933334
0.0029877666654933334
0.0029877666654933334
0.0029877666654933334
0.0029877666654933334
0.0029877666654933334
0.0029877666654933334
0.0029877666654933334
0.0029877666654933334
0.0029877666654933334
0.0029877666654933334
0.0029877666654933334
0.0029877666654933334
0.0029877666654933334
0.0029877666654933334
0.0029877666654933334
0.0029877666654933334
0.0029877666654933334
0.0029877666654933334
0.0029877666654933334
0.0029877666654933334
0.0029877666654933334
0.0029877666654933334
0.0029877666654933334
0.0029877666654933334
0.0029877666654933334
0.0029877666654933334
0.0029877666654933334
0.0029877666654933334
0.0029877666654933334
0.0029877666654933334
0.0029877666654933334
0.0029877666654933334
0.0029877666654933334
0.0029877666654933334
0.0029877666654933334
0.0029877666654933334
0.0029877666654933334
0.0029877666654933334
0.0029877666654933334
0.0029877666654933334
0.0029877666654933334
0.0029877666654933334
0.0029877666654933334
0.0029877666654933334
0.0029877666654933334
0.0029877666654933334
0.0029877666654933334
0.0029877666654933334
0.0029877666654933334
0.0029877666654933334
0.0029877666654933334
0.0029877666654933334
0.0029877666654933334
0.0029877666654933334
0.0029877666654933334
0.0029877666654933334
0.0029877666654933334
0.0029877666654933334
0.0029877666654933334
0.0029877666654933334
0.0029877666654933334
0.0029877666654933334
0.0029877666654933334
0.0029877666654933334
0.0029877666654933334
0.0029877666654933334
0.0029877666654933334
0.0029877666654933334
0.0029877666654933334
0.0029877666654933334
0.0029877666654933334
0.0029877666654933334
0.0029877666654933334
0.0029877666654933334
0.0029877666654933334
0.0029877666654933334
0.0029877666654933334
0.0029877666654933334
0.0029877666654933334
0.0029877666654933334
0.0029877666654933334
0.0029877666654933334
0.0029877666654933334
0.0029877666654933334
0.0029877666654933334
0.0029877666654933334
0.0029877666654933334
0.0029877666654933334
0.0029877666654933334
0.0029877666654933334
