16012.57586973863
15994.7816263704
15992.736443589894
15986.395538594414
15983.482538963066
15968.178852540423
15968.178852540423
15961.885408109489
15961.885408109489
15951.835753775538
15940.769375238366
15940.769375238366
15940.769375238366
15940.769375238366
15940.769375238366
15940.769375238366
15940.769375238366
15933.537606795235
15919.69314766649
15919.69314766649
15919.69314766649
15910.391381991645
15889.325302215379
15877.782366817997
15877.782366817997
15877.782366817997
15877.782366817997
15874.958899703919
15874.958899703919
15874.679002604225
15874.679002604225
15867.90790443746
15867.90790443746
15852.878963307314
15852.878963307314
15852.878963307314
15835.89907381295
15835.89907381295
15835.89907381295
15835.89907381295
15835.89907381295
15835.89907381295
15798.495753816562
15777.52577264148
15777.52577264148
15777.52577264148
15767.36048587854
15767.36048587854
15767.36048587854
15761.375762773116
15757.183909164612
15755.019442059938
15744.545288891813
15744.545288891813
15717.620732044881
15700.889281860816
15698.917711895258
15683.82496170695
15665.034382640313
15648.675084977955
15643.9790082751
15634.343270258061
15634.343270258061
15629.9246895794
15612.304638064774
15612.304638064774
15612.304638064774
15612.304638064774
15590.414333317945
15589.158582141754
15589.158582141754
15562.601953379353
15560.7366782874
15556.086333653131
15551.283683199095
15541.680183181514
15541.680183181514
15541.680183181514
15532.88585269054
15531.970225091163
15526.592325033118
15526.592325033118
15526.592325033118
15493.883525657728
15490.177584506984
15488.491741200218
15476.601330943353
15476.601330943353
15476.601330943353
15465.086528883163
15440.248685004837
15435.993574434826
15431.715655470076
15424.504747063107
15424.504747063107
15422.834442174604
15422.834442174604
15422.834442174604
15419.440219135698
15408.973469509192
15408.973469509192
15408.973469509192
15406.987789103152
15396.142069479643
15382.168484116797
15378.433465110893
15378.433465110893
15367.462771486304
15362.982669145002
15362.982669145002
15360.742664645179
15360.742664645179
15360.742664645179
15360.742664645179
15341.424861167812
15333.01670789375
15333.01670789375
15324.072748283728
15316.439883493316
15316.439883493316
15316.439883493316
15306.462907240395
15306.462907240395
15306.462907240395
15306.462907240395
15306.274620643098
15290.51458988727
15290.51458988727
15286.390244924085
15286.390244924085
15286.390244924085
15286.390244924085
15286.390244924085
15286.390244924085
15268.260644604648
15246.441754615893
15246.441754615893
15246.441754615893
15231.700378312558
15221.31034317673
15203.49799537288
15193.250402349262
15191.243035063848
15171.946191866835
15162.662861635003
15162.662861635003
15152.778842115446
15152.778842115446
15144.57673463704
15144.57673463704
15144.57673463704
15142.339790478265
15129.179037196043
15129.179037196043
15100.460556624814
15083.085958315894
15083.085958315894
15068.589337142099
15059.994011911029
15059.994011911029
15059.994011911029
15059.994011911029
15058.878292734182
15054.404266464438
15051.632897203806
15051.632897203806
15051.632897203806
15051.632897203806
15051.632897203806
15042.375197004103
15042.375197004103
15030.690945258637
15016.660238590006
15016.660238590006
15015.64011082502
15015.64011082502
15015.37163075269
15011.377295732023
15011.377295732023
14994.604089825294
14994.604089825294
14986.386631485639
14986.386631485639
14971.349286989236
14965.364655754664
14949.613420824042
14938.659361495722
14938.659361495722
14936.477292945794
14936.477292945794
14936.477292945794
14936.477292945794
14911.71466429033
14911.71466429033
14909.67836265758
14909.67836265758
14903.05232570739
14903.05232570739
14903.05232570739
14902.794020717109
14898.448755451356
14898.448755451356
14898.448755451356
14898.448755451356
14898.448755451356
14891.914659606276
14891.914659606276
14891.914659606276
14891.914659606276
14882.807717665608
14882.807717665608
14882.807717665608
14882.807717665608
14882.807717665608
14876.406155257064
14873.879461089115
14865.378506040153
14861.583702316686
14861.583702316686
14861.583702316686
14861.583702316686
14856.300191777433
14856.300191777433
14856.300191777433
14856.300191777433
14852.718785742974
14843.588515570958
14843.588515570958
14830.295345053933
14815.237786402668
14815.237786402668
14789.214174651945
14789.214174651945
14789.214174651945
14772.036772586664
14763.893892556822
14763.893892556822
14757.974129369817
14757.303224076115
14744.901770794244
14728.128460023469
14728.128460023469
14709.162402650207
14709.162402650207
14692.297688364035
14692.297688364035
14686.402723514484
14668.154736441826
14659.960613062318
14659.960613062318
14655.03692104953
14654.440400161837
14641.550882225245
14641.550882225245
14638.174186753164
14632.533177300844
14624.0154458858
14624.0154458858
14624.0154458858
14610.813533483646
14610.813533483646
14610.813533483646
14610.813533483646
14601.655865268318
14601.655865268318
14592.143165623853
14568.061115139928
14568.061115139928
14560.751378308896
14560.751378308896
14533.00998443524
14533.00998443524
14532.605225386169
14510.855182171315
14510.855182171315
14510.855182171315
14490.541574413615
14490.541574413615
14479.020309084422
14479.020309084422
14479.020309084422
14478.038452363839
14475.988042009078
14474.84271074687
14449.98741729511
14449.98741729511
14435.260717366466
14430.338464480648
14430.338464480648
14411.242630411783
14404.776854822754
14392.708802906496
14392.708802906496
14389.724093507331
14389.724093507331
14389.724093507331
14389.724093507331
14384.645055669738
14371.248743822336
14364.500168401235
14361.909422943474
14361.909422943474
14361.909422943474
14347.213893250639
14341.67070845479
14334.643316834514
14315.44694709906
14315.44694709906
14300.399624472242
14293.34059705095
14282.422660057293
14251.199405316653
14251.199405316653
14251.199405316653
14251.199405316653
14251.199405316653
14246.40515571776
14246.40515571776
14235.125324412827
14233.604121057151
14231.690838652381
14231.690838652381
14231.690838652381
14231.690838652381
14231.690838652381
14231.690838652381
14231.690838652381
14231.690838652381
14231.690838652381
14221.396259188903
14213.208073339178
14213.208073339178
14209.699295775321
14197.965631897769
14189.940840410065
14188.097529687939
14188.097529687939
14171.242428124431
14171.242428124431
14171.242428124431
14171.242428124431
14171.242428124431
14153.013391053364
14153.013391053364
14153.013391053364
14153.013391053364
14152.940149698485
14120.216233939778
14105.636310696103
14105.636310696103
14105.636310696103
14096.018206715959
14096.018206715959
14096.018206715959
14096.018206715959
14089.626525835818
14081.965281710856
14081.965281710856
14076.492702902226
14065.877223417563
14059.216383850915
14052.381903079138
14046.371987158405
14045.587958857872
14045.587958857872
14045.587958857872
14045.587958857872
14044.39032429271
14044.39032429271
14040.197254940205
14040.197254940205
14040.197254940205
14040.197254940205
14040.197254940205
14040.197254940205
14040.197254940205
14025.476201649411
14016.914684781908
14016.914684781908
14009.593964355428
14009.593964355428
14009.593964355428
13994.01934434475
13972.808981672773
13965.454399710035
13960.377406716041
13954.17880942741
13954.17880942741
13954.17880942741
13940.15917106757
13940.15917106757
13914.91946352263
13914.91946352263
13914.91946352263
13914.91946352263
13914.91946352263
13914.91946352263
13914.91946352263
13914.91946352263
13914.840164717543
13903.321147574658
13903.321147574658
13903.321147574658
13903.321147574658
13903.321147574658
13903.321147574658
13903.321147574658
13900.730971392315
13900.730971392315
13886.83571887767
13886.83571887767
13884.708614790146
13879.020038604494
13856.715797687404
13855.71686646881
13855.71686646881
13849.191868142028
13849.191868142028
13848.305871673389
13831.291876476247
13831.291876476247
13827.660352944662
13827.660352944662
13827.660352944662
13827.660352944662
13817.872710934453
13817.872710934453
13817.872710934453
13817.872710934453
13817.872710934453
13817.872710934453
13817.872710934453
13817.872710934453
13817.872710934453
13809.625592109518
13809.625592109518
13805.577573443905
13801.010167056207
13801.010167056207
13799.36397675763
13791.044848828908
13791.044848828908
13791.044848828908
13788.173614650246
13775.954606493022
13775.954606493022
13756.840821709106
13756.840821709106
13753.317917395949
13740.737749691869
13740.737749691869
13732.761685734738
13732.761685734738
13728.305733659407
13728.305733659407
13728.305733659407
13725.2302567915
13725.2302567915
13725.2302567915
13725.2302567915
13723.691019887496
13722.831651981662
13718.784686807967
13713.511032641647
13710.739652594959
13701.598001510789
13701.598001510789
13701.598001510789
13692.984191293748
13689.37322742356
13689.37322742356
13682.21014227835
13676.549292260212
13676.549292260212
13672.050902323905
13667.969988411469
13665.181094976146
13663.70537185133
13663.70537185133
13663.70537185133
13659.501961239459
13659.501961239459
13645.755898118045
13645.755898118045
13645.755898118045
13633.371956038893
13623.675744073584
13615.448903533825
13592.96971065793
13582.061991655662
13582.061991655662
13577.3217476002
13559.436009875013
13559.436009875013
13559.436009875013
13559.436009875013
13552.011353952917
13552.011353952917
13540.093757053808
13528.885923969106
13528.885923969106
13528.885923969106
13528.885923969106
13524.115514183797
13524.115514183797
13524.115514183797
13510.048766685011
13479.493162131748
13474.982715385098
13473.367452112347
13473.367452112347
13461.354965979137
13461.354965979137
13460.672072637852
13460.672072637852
13456.327061892314
13441.959137584749
13433.953705964272
13433.953705964272
13433.953705964272
13415.153398521139
13415.153398521139
13402.501045204039
13383.460322477607
13368.97958364527
13368.97958364527
13366.467159196265
13366.467159196265
13366.467159196265
13364.985810834227
13364.985810834227
13364.985810834227
13364.985810834227
13359.013019400287
13359.013019400287
13350.64827352153
13331.227945658193
13331.227945658193
13321.433350620491
13310.837924708938
13310.837924708938
13310.837924708938
13310.837924708938
13310.837924708938
13308.265571786776
13308.265571786776
13308.265571786776
13308.265571786776
13308.265571786776
13305.295903044256
13286.508602028514
13274.582074244376
13268.207297035218
13268.207297035218
13268.207297035218
13256.061234470806
13256.061234470806
13256.061234470806
13256.061234470806
13250.334911848357
13245.80767983522
13238.91000324178
13221.780290693176
13208.994306291652
13208.994306291652
13190.744820444632
13190.744820444632
13183.91244902335
13183.91244902335
13179.280664177044
13177.656932506668
13177.656932506668
13166.866598080831
13166.866598080831
13166.866598080831
13161.465986358355
13161.465986358355
13160.33080966516
13154.989658199576
13154.989658199576
13154.787526534281
13154.787526534281
13150.03444374627
13150.03444374627
13150.03444374627
13116.874934447813
13116.679145610015
13106.19628494221
13095.920023872717
13090.568680335264
13090.568680335264
13090.568680335264
13088.018252525511
13088.018252525511
13088.018252525511
13088.018252525511
13084.00399298251
13084.00399298251
13079.845070175934
13075.761448672109
13061.55730731293
13061.55730731293
13061.55730731293
13061.55730731293
13061.55730731293
13051.03321705272
13051.03321705272
13051.03321705272
13051.03321705272
13051.03321705272
13045.330525468518
13045.330525468518
13038.972996700068
13038.972996700068
13022.79971646352
13009.180379105732
12991.707685800931
12991.707685800931
12991.707685800931
12986.375287798484
12965.78994674966
12965.78994674966
12965.78994674966
12965.78994674966
12965.78994674966
12965.78994674966
12965.78994674966
12964.859555367148
12964.859555367148
12964.859555367148
12964.859555367148
12964.859555367148
12956.244390165508
12956.244390165508
12956.244390165508
12949.306355540644
12949.306355540644
12940.316569521096
12940.316569521096
12940.316569521096
12940.316569521096
12940.316569521096
12930.89706415762
12930.89706415762
12929.096590783942
12912.019818594124
12900.71715115456
12900.71715115456
12900.71715115456
12900.71715115456
12893.784289394755
12893.784289394755
12893.784289394755
12893.784289394755
12888.251439160704
12888.251439160704
12888.251439160704
12875.833695418041
12875.833695418041
12875.833695418041
12870.365138556617
12848.808060852512
12848.808060852512
12846.166123983889
12824.638838684119
12818.643458197932
12810.716362007579
12800.428968677745
12800.428968677745
12800.428968677745
12793.692398371626
12776.126969071001
12776.126969071001
12776.126969071001
12776.126969071001
12776.126969071001
12773.79358590893
12773.79358590893
12773.79358590893
12768.379889721908
12768.379889721908
12755.767335202752
12755.767335202752
12755.767335202752
12751.923477610902
12746.10481326477
12746.10481326477
12744.853915423091
12727.448361135139
12727.448361135139
12719.532971781133
12706.563830944327
12687.83797564005
12687.83797564005
12673.923004664186
12673.923004664186
12673.923004664186
12673.923004664186
12673.923004664186
12673.923004664186
12673.923004664186
12673.923004664186
12673.923004664186
12672.287427852756
12660.921111003197
12660.921111003197
12660.921111003197
12640.465989205843
12637.998295748443
12636.512502988491
12623.593577291553
12623.593577291553
12621.622257486772
12613.192921785057
12610.542736613997
12610.542736613997
12593.457948394382
12585.060370681913
12582.502660742874
12582.502660742874
12578.575225764607
12578.575225764607
12578.575225764607
12576.513169749678
12576.513169749678
12570.93233122415
12570.755248213325
12570.755248213325
12561.358456571807
12561.358456571807
12561.358456571807
12561.358456571807
12549.048173659765
12546.678167201475
12546.678167201475
12540.347482770721
12531.694783270885
12531.694783270885
12531.694783270885
12528.219446041408
12528.219446041408
12516.89160013144
12516.89160013144
12512.969839412104
12501.720932233084
12501.720932233084
12492.81613893829
12489.188539125453
12489.188539125453
12489.188539125453
12489.188539125453
12465.94014914206
12460.876174487372
12452.555818606796
12429.579826944684
12420.120915612833
12413.073703414719
12413.073703414719
12409.85999883757
12409.85999883757
12409.85999883757
12396.833851760746
12396.833851760746
12381.499662453614
12381.499662453614
12380.39663564639
12339.119368835574
12325.053676642636
12321.226910388057
12309.621485438802
12309.621485438802
12309.621485438802
12309.621485438802
12298.815044046418
12275.829775341037
12275.829775341037
12275.829775341037
12262.791945284185
12257.041736127345
12257.041736127345
12254.22072683727
12240.407668885378
12240.407668885378
12229.528715035396
12229.528715035396
12229.528715035396
12229.528715035396
12211.485620572586
12199.368188991237
12196.16405290471
12189.56448471959
12181.193951951556
12181.193951951556
12176.199567292653
12162.161122318503
12162.161122318503
12162.161122318503
12158.72755145965
12158.72755145965
12146.644706034218
12146.644706034218
12136.405183451152
12136.405183451152
12136.405183451152
12136.405183451152
12127.698565831126
12120.019287754021
12120.019287754021
12120.019287754021
12120.019287754021
12116.708616058868
12095.44078069534
12095.44078069534
12083.377586567216
12070.650348211127
12070.650348211127
12070.650348211127
12070.650348211127
12070.650348211127
12070.650348211127
12069.79462699914
12051.079812831958
12033.82060500568
12033.82060500568
12033.82060500568
12033.82060500568
12017.509865226408
12017.509865226408
11995.81403065357
11995.81403065357
11987.230689694255
11976.23620938512
11961.33226853236
11961.33226853236
11961.33226853236
11939.947806291677
11939.947806291677
11939.947806291677
11939.947806291677
11933.341191224426
11931.620137518761
11924.584352847365
11924.185682877724
11901.676664691347
11888.727769157209
11885.344349682187
11885.344349682187
11885.344349682187
11879.424335898504
11879.424335898504
11879.424335898504
11855.92547127172
11855.92547127172
11851.686972178331
11851.686972178331
11838.226853078875
11837.61722846243
11837.61722846243
11820.320644574294
11820.320644574294
11817.152161168391
11804.332385414618
11804.332385414618
11795.276644427833
11795.098673570714
11786.961614523036
11775.267899666678
11775.267899666678
11771.78774434958
11771.78774434958
11771.78774434958
11765.586601285597
11765.586601285597
11756.766173967606
11756.766173967606
11756.455480979748
11756.455480979748
11756.455480979748
11756.455480979748
11756.455480979748
11756.455480979748
11754.056072019574
11747.863826466848
11742.77783651599
11742.77783651599
11734.062337271962
11725.404185375866
11725.404185375866
11711.245588724167
11710.862972971665
11701.648555305692
11694.184427199989
11694.184427199989
11694.184427199989
11677.489993386938
11668.821409891882
11660.95609467057
11660.95609467057
11660.95609467057
11660.95609467057
11660.95609467057
11660.95609467057
11650.193239308304
11639.901641841205
11639.901641841205
11639.901641841205
11639.901641841205
11637.490702300003
11621.864765143171
11617.73335762437
11612.530884691672
11612.530884691672
11612.530884691672
11612.530884691672
11612.530884691672
11612.530884691672
11609.835696226148
11597.778210988437
11597.778210988437
11597.778210988437
11597.778210988437
11585.17711496059
11585.17711496059
11579.25027134787
11579.25027134787
11572.923233107424
11572.923233107424
11572.923233107424
11566.995351610123
11566.995351610123
11566.995351610123
11566.995351610123
11558.831925653392
11558.831925653392
11546.377631474596
11537.9541364298
11532.215349152812
11532.215349152812
11528.088044777513
11517.91255589163
11508.559582845595
11508.559582845595
11508.093212076657
11508.093212076657
11508.093212076657
11508.093212076657
11490.857617887905
11488.670068434703
11488.670068434703
11488.670068434703
11488.022344998288
11488.022344998288
11488.022344998288
11466.910680952764
11444.528811900356
11425.27396712884
11425.27396712884
11417.701949924549
11411.006488188397
11411.006488188397
11404.331427229703
11404.331427229703
11404.331427229703
11404.331427229703
11404.331427229703
11385.962857368126
11375.639265666658
11363.30951897055
11363.30951897055
11363.30951897055
11354.49161568966
11354.49161568966
11343.757350640444
11343.757350640444
11343.757350640444
11331.43705340162
11331.43705340162
11326.66465220007
11326.66465220007
11313.198872777524
11313.198872777524
11313.198872777524
11313.198872777524
11313.198872777524
11300.624669470393
11300.624669470393
11295.053676142283
11295.053676142283
11295.053676142283
11295.053676142283
11280.770183746981
11280.770183746981
11280.432692154061
11280.432692154061
11277.820532452834
11277.820532452834
11274.973545777426
11260.429679783632
11260.429679783632
11260.429679783632
11260.429679783632
11260.429679783632
11254.449347800979
11254.449347800979
11246.270932194819
11234.33321786782
11234.257452288703
11234.257452288703
11224.690787500478
11207.962244460385
11207.962244460385
11205.811556027831
11188.10511783905
11172.9168008156
11162.397034604328
11152.238239073631
11152.238239073631
11149.505701415059
11149.505701415059
11135.403959600759
11135.403959600759
11135.403959600759
11134.299057232913
11134.299057232913
11134.299057232913
11134.299057232913
11134.299057232913
11134.299057232913
11133.750097909633
11133.449117421029
11123.377071613484
11113.60837726924
11113.60837726924
11113.60837726924
11109.858531676819
11104.137527762137
11104.137527762137
11102.925823220496
11087.927269376505
11087.927269376505
11087.927269376505
11087.927269376505
11087.927269376505
11087.927269376505
11082.815450987471
11082.815450987471
11063.894841325175
11051.895584568683
11051.157404535512
11051.157404535512
11051.157404535512
11043.701224378963
11043.701224378963
11043.315341860482
11043.315341860482
11037.22380515673
11028.0697161148
11028.0697161148
11026.930095095857
11019.315712792148
11000.11426989886
11000.11426989886
10997.627302516135
10995.984090509237
10995.984090509237
10979.846255441547
10970.629086342653
10954.958027850062
10954.958027850062
10954.958027850062
10952.583400634916
10949.455229152334
10932.992700427618
10932.992700427618
10932.992700427618
10932.992700427618
10932.992700427618
10929.621268472469
10915.886821244092
10900.875732681852
10899.613044417354
10882.358095468167
10866.974169478704
10855.94687323041
10855.94687323041
10855.94687323041
10847.61410698634
10835.425840208725
10835.425840208725
10825.314739024598
10825.314739024598
10814.214412330175
10814.214412330175
10814.214412330175
10814.214412330175
10814.214412330175
10812.838958347334
10796.557408972756
10791.739907443423
10791.739907443423
10781.404446275008
10772.35227843604
10772.35227843604
10752.965989699529
10752.965989699529
10752.965989699529
10752.965989699529
10752.965989699529
10752.965989699529
10752.965989699529
10743.748089830258
10743.748089830258
10743.748089830258
10739.949036284657
10739.949036284657
10724.844370724199
10722.78592367904
10722.78592367904
10722.78592367904
10720.12700605234
10720.12700605234
10720.12700605234
10712.192593036489
10712.192593036489
10712.192593036489
10709.763527365358
10693.818493649087
10693.818493649087
10680.899949691931
10680.899949691931
10680.899949691931
10669.371614820398
10669.371614820398
10669.371614820398
10669.371614820398
10648.715120318273
10648.715120318273
10628.87509694402
10628.87509694402
10628.87509694402
10607.484820886235
10602.38044354501
10596.032097046706
10592.30479338629
10592.30479338629
10589.043107233756
10589.043107233756
10582.71950830839
10578.865381353895
10577.444700463991
10577.444700463991
10577.444700463991
10569.196538355029
10569.196538355029
10569.196538355029
10569.196538355029
10569.196538355029
10569.196538355029
10565.527386070231
10565.527386070231
10565.527386070231
10565.527386070231
10565.527386070231
10565.527386070231
10565.527386070231
10564.074686366535
10564.074686366535
10564.074686366535
10564.074686366535
10561.613675492628
10561.1965931275
10561.1965931275
10561.1965931275
10561.1965931275
10561.1965931275
10561.1965931275
10544.430863299005
10544.430863299005
10538.377691748894
10530.010922243406
10528.741417786552
10528.741417786552
10528.741417786552
10524.609535595602
10507.597014828265
10498.324437870237
10480.202863900713
10478.18363529005
10478.18363529005
10478.18363529005
10478.18363529005
10474.992531401687
10463.133958419683
10452.642602098018
10452.642602098018
10452.642602098018
10442.034623845866
10435.955291887974
10435.955291887974
10435.955291887974
10435.955291887974
10430.293555940103
10422.34762930237
10413.422066642668
10413.422066642668
10406.495462325085
10401.667818787048
10397.785905577484
10397.785905577484
10397.785905577484
10377.96237252108
10376.35944298865
10376.35944298865
10367.426592445265
10367.426592445265
10356.610400274241
10356.610400274241
10356.610400274241
10356.610400274241
10356.610400274241
10343.617322576894
10337.784283391813
10337.784283391813
10337.784283391813
10337.784283391813
10336.463254725866
10336.463254725866
10327.796331665708
10324.640337228826
10324.640337228826
10299.024820541059
10288.661707223857
10285.225124647526
10285.225124647526
10284.758599791618
10280.51979290479
10270.925231581412
10270.114376134557
10270.114376134557
10258.14382175869
10258.14382175869
10258.14382175869
10258.14382175869
10258.14382175869
10249.992695720224
10249.992695720224
10248.246197300285
10248.246197300285
10244.931201413432
10244.931201413432
10234.076699658875
10234.076699658875
10234.076699658875
10228.078169673734
10221.754492968845
10221.679084399153
10205.142327439615
10205.142327439615
10201.630469219268
10196.794845176642
10189.29080757686
10189.29080757686
10189.29080757686
10189.29080757686
10180.961333345604
10180.961333345604
10171.803501108598
10171.803501108598
10171.803501108598
10154.91373521864
10150.769175074953
10145.901394852926
10126.445048567495
10109.235154804448
10091.782276792164
10088.81495505341
10088.81495505341
10084.071678662098
10076.787144461669
10047.375524749179
10037.687968750159
10027.57987571963
10020.659457070698
10020.659457070698
10020.659457070698
10016.306801966753
10016.306801966753
9997.173889013104
9997.173889013104
9997.173889013104
9990.306758900282
9988.165354949175
9984.684703813293
9984.684703813293
9983.624086190644
9983.624086190644
9983.624086190644
9982.54424333429
9975.365194052329
9965.398211009318
9965.398211009318
9965.398211009318
9965.398211009318
9965.398211009318
9965.398211009318
9965.398211009318
9948.078881764977
9948.078881764977
9948.078881764977
9947.373125787824
9947.373125787824
9947.373125787824
9947.373125787824
9940.6317901828
9918.188451361926
9918.188451361926
9907.622148778108
9906.671229600051
9895.044670339112
9895.044670339112
9888.560306410542
9888.560306410542
9888.560306410542
9888.560306410542
9874.257584017934
9874.257584017934
9874.257584017934
9874.257584017934
9874.257584017934
9874.257584017934
9856.61355757926
9856.61355757926
9846.777247237833
9832.628961463977
9832.628961463977
9825.635986201722
9821.648318320405
9821.648318320405
9820.359657366065
9820.359657366065
9820.359657366065
9813.482522095444
9806.53135167807
9806.53135167807
9806.53135167807
9805.434715096288
9804.712363580948
9796.45584145076
9791.308396489598
9791.308396489598
9777.393098293494
9777.393098293494
9777.393098293494
9763.710937352796
9763.710937352796
9760.593637234339
9760.593637234339
9759.203030848821
9759.203030848821
9752.559282876724
9752.342766285401
9746.504729937893
9744.893112840467
9735.380387363219
9735.380387363219
9729.724676794727
9714.396607501536
9713.128099204881
9709.494543443676
9706.876254199888
9700.981560359498
9700.981560359498
9700.981560359498
9673.414322423914
9673.414322423914
9669.72819546571
9669.72819546571
9667.234686702132
9667.234686702132
9661.326703259161
9655.687925205975
9655.687925205975
9650.718016884846
9640.947865398804
9640.947865398804
9638.635931896042
9632.7085983271
9632.7085983271
9625.323735586479
9625.323735586479
9624.505353969882
9624.505353969882
9618.932060341167
9618.389800273173
9595.737684635498
9595.737684635498
9590.92175270199
9590.92175270199
9590.92175270199
9590.92175270199
9590.92175270199
9581.92237363244
9581.92237363244
9581.92237363244
9581.92237363244
9581.92237363244
9581.92237363244
9581.92237363244
9579.496492324823
9579.496492324823
9579.496492324823
9579.496492324823
9576.626427780175
9576.626427780175
9576.626427780175
9573.229907105873
9572.673528979023
9564.304938969883
9560.764194346906
9555.917090275301
9555.917090275301
9555.917090275301
9539.543919410002
9529.616906451054
9509.766035224391
9509.766035224391
9503.085054578867
9498.790905080927
9497.749895175291
9497.749895175291
9491.7630322866
9486.127335459187
9486.127335459187
9475.91274001242
9475.91274001242
9450.14822838699
9450.14822838699
9447.47668127233
9447.47668127233
9447.47668127233
9445.766292215443
9437.595856066138
9433.60084533878
9433.60084533878
9433.60084533878
9433.60084533878
9433.60084533878
9417.972110655504
9417.972110655504
9417.972110655504
9417.972110655504
9397.448187372083
9397.448187372083
9397.448187372083
9397.448187372083
9392.380205680336
9386.38817983195
9374.77457899845
9374.77457899845
9372.595253549685
9372.595253549685
9366.563428527192
9366.563428527192
9366.563428527192
9358.250154485166
9354.457992745161
9354.457992745161
9354.457992745161
9345.842952985036
9335.733767349255
9335.733767349255
9332.475370253067
9328.782481247337
9327.036906898982
9313.582064358134
9313.582064358134
9313.582064358134
9308.815229953552
9302.476968748848
9299.795983007996
9290.441595960074
9286.975053239556
9282.416355836975
9280.27435899873
9280.27435899873
9280.27435899873
9280.27435899873
9278.567808116157
9275.721431221467
9261.008238159167
9261.008238159167
9261.008238159167
9261.008238159167
9261.008238159167
9250.897267562048
9249.136113400671
9249.136113400671
9246.790142063386
9246.790142063386
9246.612168374713
9244.86006923085
9243.120037752464
9243.120037752464
9243.120037752464
9240.282893179354
9240.282893179354
9229.259446430331
9229.259446430331
9227.086071193058
9216.843518804006
9216.47566076801
9204.981292374036
9204.981292374036
9200.190752179158
9200.190752179158
9200.190752179158
9200.190752179158
9200.190752179158
9189.514818681275
9189.514818681275
9189.514818681275
9187.223552925241
9180.30590211596
9179.27507119183
9179.27507119183
9166.114021251129
9157.709924970066
9157.709924970066
9157.709924970066
9140.957615465544
9140.363450300287
9140.363450300287
9129.086445049941
9118.236775705938
9114.858581424847
9114.858581424847
9114.858581424847
9106.266295726033
9106.266295726033
9100.726828220306
9100.726828220306
9100.726828220306
9098.697040589526
9082.336880352826
9080.43479779259
9070.220051810706
9070.220051810706
9070.220051810706
9070.220051810706
9070.220051810706
9056.621640336047
9056.621640336047
9047.554548213417
9031.116812420389
9031.116812420389
9031.116812420389
9024.439167143066
9024.439167143066
9024.439167143066
9020.957493991884
9020.957493991884
9014.289895811127
9012.362558285307
9009.452535137774
9009.452535137774
9009.452535137774
9009.452535137774
9003.459238940148
8989.386387487195
8988.261789837106
8988.261789837106
8988.261789837106
8978.7188714493
8978.59148508454
8978.59148508454
8978.59148508454
8970.034875960082
8969.261922296706
8963.640328898822
8961.9691425637
8955.13750600416
8941.59203918155
8919.199450141403
8919.199450141403
8919.199450141403
8919.199450141403
8919.199450141403
8912.757679882501
8912.757679882501
8912.757679882501
8912.757679882501
8902.636246316206
8899.599695298693
8895.446667748503
8894.584705226765
8891.678432191431
8891.478876968587
8887.010727127292
8887.010727127292
8870.447225521964
8870.447225521964
8870.447225521964
8868.368726340255
8860.386422191768
8854.372926265565
8854.372926265565
8846.420103363507
8840.37573196917
8840.37573196917
8840.37573196917
8840.37573196917
8834.39393160029
8826.686685516357
8826.686685516357
8826.686685516357
8820.194230094434
8814.583348972405
8797.477486855516
8788.131535797653
8788.131535797653
8788.131535797653
8777.7938740419
8772.138233947879
8769.54778532322
8760.866605902787
8760.866605902787
8747.340750708809
8747.340750708809
8747.340750708809
8743.930415165209
8743.930415165209
8743.930415165209
8736.914593649855
8736.914593649855
8729.242309991716
8716.123152180735
8715.519842683185
8712.188807097173
8703.62788111991
8703.62788111991
8703.62788111991
8703.234494009917
8703.234494009917
8696.94659993373
8686.818118164429
8669.412980401472
8669.412980401472
8669.412980401472
8669.412980401472
8667.563136369636
8658.681705275425
8658.681705275425
8658.681705275425
8658.681705275425
8658.681705275425
8658.681705275425
8647.477838070716
8647.477838070716
8647.477838070716
8647.477838070716
8643.039373810716
8643.039373810716
8642.260497133348
8642.260497133348
8642.260497133348
8642.260497133348
8636.681955904527
8636.681955904527
8634.101517655718
8634.101517655718
8634.101517655718
8623.331719725045
8623.331719725045
8623.331719725045
8622.191006224044
8615.4742345901
8598.704903376603
8598.704903376603
8598.704903376603
8598.704903376603
8598.704903376603
8598.704903376603
8598.704903376603
8596.313845690685
8578.169430427004
8578.169430427004
8578.169430427004
8570.846399258327
8566.241814326617
8565.791394481725
8565.791394481725
8565.791394481725
8562.518629689275
8562.518629689275
8562.518629689275
8562.518629689275
8560.303595001908
8560.303595001908
8547.55471054073
8547.55471054073
8535.727056321055
8535.727056321055
8533.892366298907
8533.892366298907
8533.892366298907
8530.32605236999
8522.547885291355
8522.547885291355
8522.547885291355
8522.547885291355
8520.915392023591
8520.915392023591
8513.054267234666
8513.054267234666
8506.881908430702
8499.966802698
8499.966802698
8499.966802698
8499.966802698
8490.746476566856
8484.718280972524
8484.718280972524
8484.718280972524
8484.718280972524
8484.718280972524
8484.718280972524
8469.828986355426
8459.407947203455
8459.407947203455
8458.494004714585
8458.494004714585
8458.065356233585
8451.679248997305
8451.679248997305
8451.679248997305
8443.003595809882
8443.003595809882
8443.003595809882
8432.76969414013
8429.36725633871
8429.36725633871
8428.570386664745
8428.570386664745
8428.570386664745
8428.570386664745
8428.570386664745
8428.570386664745
8425.467536114327
8425.467536114327
8418.98078779698
8415.630126935426
8415.630126935426
8406.18715998817
8392.954691004928
8392.954691004928
8392.954691004928
8379.931222630954
8377.619234785338
8377.619234785338
8377.619234785338
8377.619234785338
8376.139079012823
8376.139079012823
8376.139079012823
8374.438193903612
8368.039878838892
8368.039878838892
8368.039878838892
8365.392688198579
8364.196335210647
8364.196335210647
8364.196335210647
8364.196335210647
8363.519964196945
8363.519964196945
8363.519964196945
8363.519964196945
8360.413068995133
8360.413068995133
8360.413068995133
8360.413068995133
8360.413068995133
8354.770893952526
8351.285296025402
8351.285296025402
8351.285296025402
8351.285296025402
8346.621249208483
8338.23265309685
8328.073381734195
8314.1988643688
8314.1988643688
8314.1988643688
8308.398161122457
8308.398161122457
8299.342547538585
8299.342547538585
8293.60787856996
8293.60787856996
8282.364112834028
8282.364112834028
8282.364112834028
8282.364112834028
8281.254866888621
8280.504066121288
8280.504066121288
8275.644088966124
8273.691797640306
8251.766533691334
8251.766533691334
8251.766533691334
8246.69207338454
8246.69207338454
8239.811686930707
8234.049470810818
8234.049470810818
8234.049470810818
8234.049470810818
8232.081696761346
8232.081696761346
8232.081696761346
8223.168419683238
8223.168419683238
8220.340948105015
8220.340948105015
8220.340948105015
8220.340948105015
8218.05418858044
8210.83452617298
8192.12899412606
8192.12899412606
8178.793724334017
8175.273872056049
8167.655138337833
8159.344914868046
8156.5620868075575
8149.674638203241
8142.4413285001565
8141.599519208562
8138.114323291398
8138.114323291398
8127.995315605376
8120.457988781401
8120.457988781401
8120.457988781401
8120.457988781401
8120.457988781401
8118.711546395878
8118.711546395878
8107.751333584669
8107.751333584669
8107.751333584669
8103.252005193187
8100.852861950749
8100.852861950749
8100.852861950749
8100.852861950749
8100.852861950749
8100.852861950749
8095.9373714610865
8095.9373714610865
8095.9373714610865
8095.9373714610865
8095.9373714610865
8095.9373714610865
8094.941679812465
8094.941679812465
8084.69900464166
8084.69900464166
8071.9664199356275
8054.9507369078065
8054.9507369078065
8054.9507369078065
8031.135895988367
8031.135895988367
8022.39948997518
8021.621145000062
8017.535396323446
8010.7483037598795
8010.7483037598795
8010.7483037598795
8004.132132090584
8004.132132090584
8000.151454393502
7992.530347970084
7992.530347970084
7968.942899636858
7968.942899636858
7968.942899636858
7956.962899352431
7954.28093978706
7952.282119846583
7952.282119846583
7952.282119846583
7952.282119846583
7942.460952914092
7938.273876191433
7929.798920476163
7929.798920476163
7928.273281007353
7928.273281007353
7928.273281007353
7928.273281007353
7928.273281007353
7928.273281007353
7928.273281007353
7928.273281007353
7928.273281007353
7928.273281007353
7928.273281007353
7908.898049517696
7903.486575568106
7896.992109950126
7896.992109950126
7896.992109950126
7896.992109950126
7896.992109950126
7896.992109950126
7894.557974897118
7894.557974897118
7894.557974897118
7888.9204573584
7882.637247569045
7882.637247569045
7874.757152291178
7866.854336224437
7866.854336224437
7866.854336224437
7855.560583826436
7855.560583826436
7855.560583826436
7850.124639093227
7850.124639093227
7850.124639093227
7850.124639093227
7849.709178018765
7849.709178018765
7836.828878423862
7836.828878423862
7836.828878423862
7836.828878423862
7835.529574161037
7821.146666516255
7821.146666516255
7814.954279262904
7814.954279262904
7813.155816114493
7812.53308735675
7808.041275884219
7807.9481168775155
7798.656366435412
7798.656366435412
7794.448785349752
7794.448785349752
7786.792628311438
7786.792628311438
7781.211306966451
7781.211306966451
7781.09248554943
7775.1872771132785
7766.2349978349075
7765.350272171137
7762.97762101537
7745.704152086954
7733.76595416676
7733.76595416676
7732.063284209011
7721.372290539806
7715.511245541297
7715.511245541297
7715.511245541297
7708.891389700771
7708.891389700771
7708.891389700771
7708.810811406677
7698.07549425704
7698.07549425704
7698.07549425704
7698.07549425704
7698.07549425704
7698.07549425704
7698.07549425704
7686.769087760379
7676.405929020109
7665.441953346004
7648.840751410754
7648.57322202817
7648.57322202817
7648.57322202817
7642.5560544051905
7640.015578525094
7640.015578525094
7636.547900694216
7628.522473656258
7627.891955925762
7617.100243436365
7617.100243436365
7617.100243436365
7612.3321001719305
7612.3321001719305
7612.3321001719305
7608.09616644811
7595.859490557696
7595.859490557696
7587.975900564986
7587.975900564986
7576.919775904007
7576.919775904007
7555.098882444169
7542.760274742698
7527.194472713987
7527.194472713987
7522.888407180512
7522.888407180512
7517.381849211555
7502.815240550515
7502.815240550515
7502.815240550515
7494.188226019309
7488.674159008526
7470.771275408597
7461.3889108560825
7461.3889108560825
7445.802009618846
7445.802009618846
7445.802009618846
7445.802009618846
7445.159214307991
7429.124370672111
7429.124370672111
7429.124370672111
7427.185374697381
7420.110894413422
7410.261109250918
7410.261109250918
7410.261109250918
7410.261109250918
7410.261109250918
7407.9676946496165
7391.935411358663
7387.65828894597
7378.763415780493
7378.763415780493
7374.316417937768
7365.617888503294
7365.617888503294
7365.617888503294
7365.617888503294
7365.617888503294
7365.617888503294
7349.017081806884
7328.620837351845
7315.134298527538
7311.5078132614
7311.5078132614
7310.0038300353735
7310.0038300353735
7303.626895213094
7295.820066233604
7295.820066233604
7288.336613387886
7286.292161817336
7284.991010320818
7280.563763330061
7280.563763330061
7280.563763330061
7261.239799996627
7256.572428134924
7256.346672989472
7256.346672989472
7256.346672989472
7239.175395081751
7239.175395081751
7239.175395081751
7239.175395081751
7239.175395081751
7239.175395081751
7232.297246824103
7232.297246824103
7232.297246824103
7232.297246824103
7232.241001722103
7219.894093802831
7219.894093802831
7219.894093802831
7219.894093802831
7219.894093802831
7219.894093802831
7212.158973857861
7199.406263451464
7199.406263451464
7183.615419181179
7183.615419181179
7183.615419181179
7179.793650097272
7176.99254119779
7163.144867124653
7160.824608177948
7160.824608177948
7160.824608177948
7160.824608177948
7160.824608177948
7154.840656610945
7145.989523638328
7145.989523638328
7145.989523638328
7145.701399924862
7140.536691308951
7140.536691308951
7137.230218464856
7128.19846737129
7128.19846737129
7128.19846737129
7122.920934795182
7120.3113126828475
7120.3113126828475
7120.3113126828475
7119.938989644217
7113.981622490213
7113.981622490213
7105.672701010042
7097.29900060458
7091.62990312001
7083.267148957177
7059.762964885454
7059.335903445632
7056.362014476359
7056.362014476359
7056.362014476359
7054.3891721770615
7054.3891721770615
7054.3891721770615
7045.325045426914
7040.338609444802
7040.338609444802
7040.338609444802
7040.338609444802
7040.338609444802
7040.338609444802
7040.338609444802
7040.338609444802
7030.361141849223
7030.361141849223
7030.361141849223
7030.361141849223
7030.361141849223
7030.361141849223
7025.633471557301
7025.633471557301
7015.408420495021
7015.408420495021
7015.408420495021
7015.408420495021
7015.408420495021
7015.408420495021
7015.408420495021
7015.408420495021
7011.636315967449
7004.897916718882
7004.897916718882
6997.7913334695695
6997.7913334695695
6984.781829912609
6984.781829912609
6978.307912105148
6974.464755004359
6974.439558214511
6974.439558214511
6974.439558214511
6974.439558214511
6969.247196883578
6969.247196883578
6969.247196883578
6969.247196883578
6965.854934324954
6965.854934324954
6963.588694262702
6963.588694262702
6963.588694262702
6963.588694262702
6963.588694262702
6956.168135462977
6952.023396368839
6952.023396368839
6952.023396368839
6949.901693829152
6943.341246135011
6943.341246135011
6943.341246135011
6936.951940749541
6929.145151637538
6925.883911340985
6916.660374592416
6908.307196855442
6907.922947085422
6905.920448295847
6905.920448295847
6891.538450385208
6870.4847592208
6860.786569220906
6857.555976133521
6844.148374391011
6836.020966346005
6836.020966346005
6829.622179098343
6829.622179098343
6824.396966751296
6824.396966751296
6821.323055189596
6808.987654332839
6808.987654332839
6802.398984944193
6795.9189205343855
6795.9189205343855
6795.9189205343855
6788.032258290784
6788.032258290784
6774.402277506233
6774.402277506233
6768.471449264754
6768.471449264754
6768.471449264754
6768.471449264754
6762.032186082511
6750.979296301215
6750.979296301215
6750.979296301215
6750.979296301215
6741.787611296133
6730.113966705903
6720.740576759377
6720.740576759377
6720.740576759377
6709.033599316864
6709.033599316864
6706.775162895525
6697.1275162536185
6690.010901211815
6690.010901211815
6684.775083000888
6684.775083000888
6677.277178348705
6676.7597710381015
6676.7597710381015
6676.7597710381015
6676.7597710381015
6676.7597710381015
6676.7597710381015
6665.937023489115
6660.650260645525
6660.650260645525
6660.650260645525
6660.650260645525
6660.650260645525
6660.362517815447
6660.362517815447
6660.362517815447
6656.904142999118
6655.829023253527
6648.914085641595
6648.914085641595
6637.5358536178
6635.599923483922
6630.322457230519
6630.322457230519
6630.322457230519
6625.1805891288
6625.1805891288
6621.098046810219
6621.098046810219
6621.098046810219
6621.098046810219
6621.098046810219
6609.144222425504
6609.144222425504
6609.144222425504
6605.380215985724
6599.320020175073
6583.917741818642
6583.917741818642
6583.917741818642
6583.917741818642
6583.917741818642
6583.917741818642
6583.323211037586
6583.323211037586
6583.234217778079
6582.141252458756
6582.141252458756
6578.897717428595
6565.653306569047
6565.653306569047
6565.653306569047
6560.191803994931
6557.621091259354
6557.245166710024
6557.245166710024
6547.274987885067
6533.3238236866955
6533.3238236866955
6522.4098247052625
6513.067507845841
6513.067507845841
6513.067507845841
6508.102445554064
6508.102445554064
6508.102445554064
6508.102445554064
6508.102445554064
6507.516299711402
6507.289614391777
6507.289614391777
6507.289614391777
6502.308017792172
6502.308017792172
6502.308017792172
6502.308017792172
6502.308017792172
6502.308017792172
6493.8973684876755
6493.8973684876755
6493.8973684876755
6493.8973684876755
6490.622459042788
6488.0851836447155
6488.0851836447155
6488.0851836447155
6483.4643229377425
6483.4643229377425
6464.6891295912
6464.6891295912
6463.599214272194
6461.915738557128
6461.915738557128
6461.915738557128
6461.915738557128
6447.852889264872
6447.852889264872
6447.852889264872
6447.852889264872
6428.889087269426
6428.889087269426
6428.889087269426
6428.889087269426
6425.42401950326
6425.42401950326
6425.42401950326
6425.42401950326
6425.202785429124
6425.202785429124
6425.202785429124
6423.688407190672
6419.840955831485
6415.1167542031735
6415.1167542031735
6408.933461066358
6408.933461066358
6394.871123462353
6393.61244602013
6393.61244602013
6393.61244602013
6383.465720094795
6383.465720094795
6374.883788145339
6374.883788145339
6374.883788145339
6374.883788145339
6361.243026461951
6361.243026461951
6361.243026461951
6361.243026461951
6361.243026461951
6361.243026461951
6361.243026461951
6361.243026461951
6361.243026461951
6356.214690629106
6354.634991733181
6351.711996899808
6351.5491268545375
6351.5491268545375
6351.5491268545375
6351.5491268545375
6351.5491268545375
6351.5491268545375
6338.010537748316
6331.614779893051
6325.582934882081
6325.582934882081
6323.223120318294
6323.223120318294
6322.899986769125
6322.899986769125
6322.899986769125
6302.2421743959785
6302.2421743959785
6300.723437078863
6284.80493810678
6284.80493810678
6284.80493810678
6278.232072144007
6274.375676397808
6252.838402333184
6249.929639482266
6249.929639482266
6249.929639482266
6249.929639482266
6243.29976776555
6242.034808663403
6233.877157042264
6233.877157042264
6233.877157042264
6231.064482259504
6228.689599800295
6228.689599800295
6218.340598286389
6207.171788378013
6206.7258588031345
6198.236500545892
6194.218956273604
6194.218956273604
6193.604009265054
6193.604009265054
6193.604009265054
6193.229433785467
6188.098247704093
6188.098247704093
6188.098247704093
6188.098247704093
6188.098247704093
6188.098247704093
6186.743170615113
6184.820901028889
6184.820901028889
6178.334865015205
6178.334865015205
6178.334865015205
6173.081586970734
6165.704028230311
6165.704028230311
6149.099560734178
6142.606768798542
6134.06110100787
6131.753425183658
6123.474966306338
6123.474966306338
6123.474966306338
6123.474966306338
6123.474966306338
6123.474966306338
6123.474966306338
6123.474966306338
6123.474966306338
6116.677856607627
6116.677856607627
6116.677856607627
6116.677856607627
6113.043474187859
6108.480618545304
6103.180006463144
6103.180006463144
6102.660584755441
6102.660584755441
6092.991716186693
6092.991716186693
6092.991716186693
6089.564869093144
6089.564869093144
6089.564869093144
6085.611159547176
6085.611159547176
6080.135034431111
6074.814484332918
6074.814484332918
6073.838043264416
6063.749743849552
6061.323477358711
6061.323477358711
6061.323477358711
6048.576621140571
6048.576621140571
6044.881740877678
6039.190989395525
6039.190989395525
6039.190989395525
6035.257910918031
6019.53726766401
6019.53726766401
6019.53726766401
6019.53726766401
6019.53726766401
6019.53726766401
6019.53726766401
6016.060305993681
6016.060305993681
6016.060305993681
6016.060305993681
6007.577632517013
5994.348288821971
5994.348288821971
5994.348288821971
5982.40582439677
5980.442824329211
5980.442824329211
5980.442824329211
5980.442824329211
5977.293630693929
5973.193134987802
5969.743071564097
5969.743071564097
5969.743071564097
5969.743071564097
5964.892731358601
5964.892731358601
5959.965391397962
5953.0412746546
5944.986714603641
5944.986714603641
5944.986714603641
5928.791330871244
5927.058443881617
5926.956613584649
5926.956613584649
5907.154190594781
5900.773198283316
5900.773198283316
5899.412056715808
5881.422085571641
5881.422085571641
5881.422085571641
5881.422085571641
5881.422085571641
5874.629447588062
5874.629447588062
5870.550193708387
5870.550193708387
5870.550193708387
5860.442879195945
5860.442879195945
5860.442879195945
5850.273608305587
5850.273608305587
5843.921594206071
5830.511264222409
5817.358797544649
5817.358797544649
5817.358797544649
5817.358797544649
5811.515309060724
5811.515309060724
5811.515309060724
5810.873056209364
5805.421869911253
5796.838775935276
5796.838775935276
5795.937943614707
5795.937943614707
5787.411169424505
5787.411169424505
5778.318266172508
5766.107040042619
5766.107040042619
5759.676401047903
5759.676401047903
5758.368689582071
5753.917046369164
5753.807499407667
5753.807499407667
5753.807499407667
5747.623852278992
5747.623852278992
5746.4414563480295
5736.178724684394
5736.178724684394
5736.178724684394
5736.178724684394
5730.445893945834
5726.443216559002
5715.777115774673
5710.386926438272
5710.386926438272
5710.386926438272
5710.386926438272
5710.386926438272
5710.386926438272
5706.68275507493
5706.209970161291
5706.209970161291
5700.25342015349
5693.346339732641
5693.346339732641
5693.346339732641
5693.346339732641
5688.903797523088
5688.903797523088
5685.5528693885
5685.5528693885
5684.913407537235
5684.913407537235
5683.883080346121
5675.273648380514
5665.701989950588
5665.701989950588
5665.701989950588
5665.701989950588
5665.701989950588
5663.09004266125
5658.928939584678
5655.297707574332
5651.030393947669
5651.030393947669
5651.030393947669
5651.030393947669
5639.405861541327
5636.78549502703
5636.78549502703
5627.0568924316885
5627.0568924316885
5621.8582446959645
5621.8582446959645
5618.548179737438
5616.807252880354
5615.746889669222
5612.885391146912
5612.885391146912
5612.885391146912
5612.885391146912
5605.619171397893
5605.619171397893
5605.619171397893
5605.619171397893
5601.105702172595
5596.872898715586
5590.580017620816
5588.597694132574
5588.597694132574
5578.903539144073
5568.024165059271
5568.024165059271
5568.024165059271
5554.449506719426
5554.449506719426
5554.449506719426
5547.919257043778
5544.089939856946
5544.089939856946
5538.531220923541
5534.865361612485
5534.865361612485
5534.865361612485
5534.865361612485
5534.865361612485
5534.865361612485
5534.865361612485
5534.865361612485
5534.865361612485
5534.865361612485
5534.865361612485
5534.865361612485
5532.034498837999
5529.566058992021
5520.328791283379
5520.328791283379
5520.167570582409
5515.813679206262
5515.813679206262
5512.511193020872
5503.884802089659
5500.948875141563
5500.948875141563
5492.988097513688
5492.988097513688
5489.820769178305
5489.820769178305
5489.820769178305
5489.820769178305
5489.820769178305
5489.820769178305
5489.356042881052
5477.635833685133
5465.968114886842
5465.968114886842
5465.968114886842
5458.94126209963
5458.94126209963
5458.94126209963
5457.035439030418
5457.035439030418
5455.009445551578
5451.789815237136
5451.789815237136
5444.8958068125385
5444.8958068125385
5444.8958068125385
5444.8958068125385
5444.8958068125385
5442.528020758593
5439.46675467345
5439.46675467345
5435.888427219877
5432.674125548756
5425.246474366053
5424.630018540687
5424.630018540687
5424.630018540687
5424.630018540687
5420.227092014132
5417.552968901921
5417.552968901921
5417.552968901921
5406.991390634233
5401.946218861161
5396.861325028839
5396.861325028839
5389.315405578521
5383.922303791206
5383.922303791206
5383.922303791206
5383.922303791206
5383.922303791206
5382.270715193372
5382.270715193372
5381.01319103176
5381.01319103176
5381.01319103176
5381.01319103176
5374.386094035203
5365.118727814758
5362.4773665322355
5354.230156916374
5349.046808977991
5349.046808977991
5349.046808977991
5349.046808977991
5349.046808977991
5337.064819419295
5337.064819419295
5337.064819419295
5336.101513340447
5328.937557132517
5328.937557132517
5328.937557132517
5318.90002721615
5318.90002721615
5318.90002721615
5312.786504340678
5305.32488703243
5305.32488703243
5305.32488703243
5305.32488703243
5297.6182622946235
5297.6182622946235
5297.6182622946235
5295.489826233201
5294.414932819681
5294.414932819681
5290.015482129573
5290.015482129573
5290.015482129573
5284.520911283372
5284.520911283372
5279.783052045548
5279.783052045548
5279.783052045548
5272.851788507928
5272.851788507928
5272.851788507928
5270.504947117591
5270.504947117591
5270.504947117591
5270.504947117591
5270.504947117591
5269.813818849783
5269.813818849783
5256.231602361308
5240.612477455255
5238.92349752155
5235.610646668999
5234.59828094552
5234.59828094552
5216.134493442364
5216.134493442364
5215.199034823202
5215.199034823202
5214.053017605401
5211.876588450789
5211.876588450789
5205.041090676483
5201.426179383439
5201.426179383439
5200.482452752753
5198.209838551231
5196.618515801208
5196.618515801208
5196.618515801208
5195.8186759843375
5183.969223030755
5173.45435060794
5171.335306759879
5167.3957185566405
5167.3957185566405
5167.3957185566405
5158.181672498081
5158.181672498081
5156.930014978465
5156.44610278966
5156.44610278966
5154.794868921726
5147.580006567421
5141.040845576493
5141.040845576493
5140.333241291828
5125.529305766957
5125.529305766957
5125.529305766957
5120.049183308723
5109.989916947997
5101.171793063303
5095.006451169199
5095.006451169199
5095.006451169199
5095.006451169199
5095.006451169199
5095.006451169199
5085.296287110828
5085.296287110828
5076.221130735355
5072.71124520738
5067.563164368719
5059.092770831847
5059.092770831847
5052.8933684717695
5047.295605543444
5043.026921563038
5043.026921563038
5043.026921563038
5034.455419419361
5034.455419419361
5034.455419419361
5034.455419419361
5034.455419419361
5029.742972870206
5017.733518018641
5017.733518018641
5017.733518018641
5016.230127702282
5013.3864663520735
5013.3864663520735
5008.118213205258
5008.118213205258
5008.118213205258
4998.096556514441
4998.096556514441
4998.096556514441
4998.096556514441
4998.096556514441
4992.116307399816
4991.2473243837885
4989.122986975026
4989.122986975026
4989.122986975026
4989.122986975026
4981.00063800042
4978.055240940595
4978.055240940595
4973.713363208463
4964.151698692937
4961.453110132437
4955.671745475259
4955.671745475259
4954.162190948284
4954.162190948284
4947.101167053767
4942.178149994102
4939.106278750594
4939.106278750594
4930.938442734989
4929.303725742137
4917.877995168934
4910.102957931216
4910.102957931216
4910.102957931216
4910.102957931216
4898.667373888188
4898.667373888188
4897.731829817222
4897.731829817222
4897.731829817222
4891.5486421970745
4887.832354948593
4887.107515403142
4878.003874271308
4875.551364841844
4875.551364841844
4858.583380716753
4847.075636873073
4847.075636873073
4847.075636873073
4840.556668081877
4830.650284477188
4830.650284477188
4830.650284477188
4830.650284477188
4824.081295472744
4812.773238822629
4812.773238822629
4811.977920740785
4811.977920740785
4799.4692823641
4782.906545543837
4782.906545543837
4782.906545543837
4782.906545543837
4769.811923525151
4766.527895853352
4754.375237251762
4746.975696528475
4746.975696528475
4746.975696528475
4746.975696528475
4731.792093283547
4731.792093283547
4730.591705100664
4730.591705100664
4728.2816509237155
4713.711736053843
4713.711736053843
4692.109643574843
4692.109643574843
4685.968248620871
4685.968248620871
4684.436427362263
4684.436427362263
4670.816151031058
4664.6820473232065
4664.6820473232065
4661.479387648859
4661.479387648859
4661.479387648859
4661.08923747937
4661.08923747937
4661.08923747937
4661.08923747937
4661.08923747937
4661.08923747937
4659.694927779126
4659.694927779126
4659.694927779126
4659.694927779126
4659.694927779126
4659.694927779126
4648.393949243464
4647.230763270043
4642.227568484369
4642.227568484369
4642.227568484369
4642.227568484369
4637.030080493125
4637.030080493125
4637.030080493125
4637.030080493125
4630.244902478163
4630.244902478163
4630.244902478163
4630.244902478163
4630.244902478163
4609.016708009827
4604.431615942784
4604.431615942784
4593.45213198497
4587.498314841298
4587.498314841298
4587.498314841298
4587.498314841298
4578.104924407264
4578.104924407264
4569.130056216274
4569.130056216274
4569.130056216274
4569.130056216274
4569.130056216274
4569.130056216274
4557.632122380948
4557.632122380948
4556.02328336203
4556.02328336203
4530.768497760675
4530.768497760675
4527.355755699765
4515.200217454686
4510.698956899487
4500.5125113688655
4500.5125113688655
4498.107496618925
4481.853177451365
4480.825131480681
4476.909087337732
4476.909087337732
4468.193539799665
4461.937785243963
4450.143924757948
4449.133721452547
4435.006408469326
4430.62763897935
4429.891103121658
4422.1914961122575
4415.8287320605505
4415.8287320605505
4415.8287320605505
4415.8287320605505
4411.06725501096
4401.48039791115
4401.48039791115
4401.48039791115
4401.48039791115
4401.251916499083
4399.545737515712
4398.917215017096
4383.8878361199895
4383.8878361199895
4381.736772540724
4381.736772540724
4381.736772540724
4379.3767142310535
4375.702239573824
4375.702239573824
4375.702239573824
4371.7771155874125
4367.899045531458
4367.899045531458
4362.671957077768
4358.590958927235
4358.590958927235
4358.590958927235
4357.360059842123
4350.697502964386
4343.038146744654
4343.038146744654
4343.038146744654
4343.038146744654
4337.303080813859
4333.152631682793
4332.136369815974
4329.073405281603
4323.827523050579
4323.153299451917
4323.153299451917
4313.315115524728
4307.422446603711
4302.687661939868
4302.687661939868
4302.687661939868
4302.687661939868
4302.687661939868
4299.194368501761
4297.563707920823
4297.563707920823
4297.563707920823
4297.563707920823
4297.309936117051
4297.309936117051
4292.960106325045
4281.7120370858975
4281.7120370858975
4281.139948022646
4281.139948022646
4278.92368524555
4278.92368524555
4276.589285113381
4274.087260316637
4274.087260316637
4274.087260316637
4274.087260316637
4274.087260316637
4274.087260316637
4274.087260316637
4270.610981681143
4270.610981681143
4268.292824225974
4268.292824225974
4268.292824225974
4261.207237554503
4261.207237554503
4261.207237554503
4255.628212062037
4253.854488604292
4253.854488604292
4253.854488604292
4253.854488604292
4253.854488604292
4253.854488604292
4253.154412255065
4253.154412255065
4247.9131793081815
4247.9131793081815
4247.9131793081815
4247.9131793081815
4247.9131793081815
4247.9131793081815
4247.9131793081815
4247.9131793081815
4247.9131793081815
4247.9131793081815
4247.9131793081815
4247.9131793081815
4247.9131793081815
4247.9131793081815
4247.9131793081815
4245.671016947905
4233.615689704785
4233.615689704785
4233.615689704785
4225.547760098414
4219.8806351449975
4219.8806351449975
4219.8806351449975
4217.39227618175
4214.361310518164
4210.517049528134
4210.517049528134
4210.517049528134
4207.6158403621985
4206.501216951456
4206.501216951456
4203.0090635498655
4200.29821547082
4200.29821547082
4193.46903575558
4193.46903575558
4193.46903575558
4193.46903575558
4190.841157634088
4190.841157634088
4189.734271803079
4185.38331987562
4177.915127688847
4177.915127688847
4177.915127688847
4175.710728624098
4175.710728624098
4166.21074771054
4166.21074771054
4166.21074771054
4166.21074771054
4146.324987342782
4146.324987342782
4142.124130575099
4142.124130575099
4125.31457900212
4123.58005125112
4117.106788373075
4117.106788373075
4103.506965429098
4093.8914927645683
4093.8914927645683
4093.8914927645683
4093.8914927645683
4093.8914927645683
4093.837321268531
4093.837321268531
4093.837321268531
4093.837321268531
4092.7675697511936
4092.7675697511936
4092.7675697511936
4085.887418161913
4076.6032089214223
4076.6032089214223
4076.6032089214223
4076.6032089214223
4072.3461191798237
4069.158313881668
4069.158313881668
4060.893187248659
4051.863369140681
4051.863369140681
4047.7114945267836
4043.564627027463
4043.564627027463
4043.564627027463
4035.82727534254
4030.608572318612
4030.608572318612
4027.1671158472627
4027.1671158472627
4027.1671158472627
4022.709284313382
4022.709284313382
4021.1361445813577
4017.9389010996515
4017.9389010996515
4017.9389010996515
4017.9389010996515
4016.7991861065802
4008.7370627419173
4000.174091300717
4000.174091300717
3994.7143261461524
3994.0840259609136
3994.0840259609136
3994.0840259609136
3994.0840259609136
3994.0840259609136
3980.2037076611014
3975.7561272448734
3975.7561272448734
3971.1359411512753
3960.9227684652324
3960.9227684652324
3959.519855776169
3956.1572065974533
3956.1572065974533
3948.0212546929997
3948.0212546929997
3948.0212546929997
3948.0212546929997
3945.122551741867
3934.764408677981
3930.6507041442555
3925.6044939858675
3925.6044939858675
3925.6044939858675
3925.6044939858675
3925.5015536029155
3925.346574473403
3922.6228543184097
3922.6228543184097
3922.6228543184097
3920.5811776177425
3920.5811776177425
3914.6587051684123
3910.9820914491565
3910.9820914491565
3910.9820914491565
3906.709129987162
3906.4738596069255
3898.0813553210123
3898.0813553210123
3898.0813553210123
3887.9822388181046
3880.72171921736
3871.282353116732
3871.282353116732
3867.527946693486
3853.916189746065
3853.916189746065
3845.921486091715
3840.632325366005
3840.632325366005
3838.1477232854077
3830.9168203871823
3830.9168203871823
3819.560921150401
3819.560921150401
3819.560921150401
3814.8054091644767
3812.1459789270198
3811.9354110345557
3810.7655763959237
3802.568203371688
3802.568203371688
3800.8708459954128
3797.075004059408
3797.075004059408
3797.075004059408
3792.7684381308495
3792.7684381308495
3792.7684381308495
3792.7684381308495
3787.9584246270124
3787.9584246270124
3787.9584246270124
3777.085364930656
3772.3153519279417
3767.920770276767
3767.920770276767
3760.777888888678
3755.4697326998694
3755.4697326998694
3755.4697326998694
3750.05002221863
3750.05002221863
3750.05002221863
3745.987714814013
3738.596224592505
3738.596224592505
3735.661022074659
3735.661022074659
3729.173689811247
3724.78446985403
3719.9604217900564
3719.9604217900564
3719.9604217900564
3719.9604217900564
3719.9604217900564
3712.41212959925
3712.41212959925
3712.41212959925
3709.5710807163723
3703.423231638924
3691.033132768662
3682.6118030266875
3681.987302027116
3675.6734653130316
3675.6734653130316
3675.6734653130316
3675.6734653130316
3671.2849920813555
3671.2849920813555
3668.2942177773175
3663.0330949794243
3663.0330949794243
3663.0330949794243
3660.13978059078
3655.9258606495373
3653.7345747950735
3651.726211171392
3650.1829602971115
3641.0916192707828
3640.832510893592
3640.832510893592
3630.3808984526327
3630.3808984526327
3626.544320270501
3624.476340851398
3622.2983526583434
3614.7067205429016
3614.7067205429016
3614.7067205429016
3599.432160197172
3599.432160197172
3589.4617347957505
3589.4617347957505
3581.179386365279
3571.5843026857933
3571.5843026857933
3564.8544384574766
3564.8544384574766
3552.104722960663
3552.104722960663
3552.104722960663
3552.104722960663
3544.3147028467115
3544.3147028467115
3544.3147028467115
3535.456846635858
3526.4885728277645
3522.8123709978067
3522.8123709978067
3522.8123709978067
3522.8123709978067
3522.602224322867
3519.1123832288863
3514.979467682924
3514.979467682924
3514.979467682924
3512.55487337303
3512.55487337303
3512.55487337303
3507.221418799179
3507.221418799179
3507.221418799179
3506.0962711891475
3505.8450368848753
3502.5600248720957
3502.5600248720957
3502.5600248720957
3502.5600248720957
3502.5600248720957
3500.828468954702
3500.828468954702
3500.828468954702
3500.828468954702
3490.6405413871043
3483.7417837460844
3477.2391745467603
3473.129998811141
3473.129998811141
3473.129998811141
3473.129998811141
3473.129998811141
3465.3871153176565
3465.3871153176565
3452.3877011133536
3452.3877011133536
3452.3877011133536
3452.3877011133536
3452.3877011133536
3444.6707524334897
3444.6707524334897
3444.6707524334897
3443.1859380042497
3443.1859380042497
3443.1859380042497
3436.051893332594
3436.051893332594
3436.051893332594
3434.72820583843
3434.72820583843
3431.2508116382205
3423.3196270859253
3421.0249318613246
3415.3761733018323
3415.3761733018323
3397.9569377649136
3396.5828184395436
3396.5828184395436
3396.5828184395436
3396.5828184395436
3392.4407984897393
3392.4407984897393
3392.4407984897393
3392.4407984897393
3392.4407984897393
3388.250257803208
3388.250257803208
3388.250257803208
3388.250257803208
3382.5890039788815
3380.151369819541
3376.350265897814
3374.044688107935
3374.044688107935
3368.6561320625956
3355.2717591342935
3349.602065764218
3348.4723942964
3346.6461659923225
3346.6461659923225
3346.6461659923225
3346.6461659923225
3344.1520655928166
3337.955191511309
3337.6614830025774
3332.042130067436
3332.042130067436
3332.042130067436
3331.9095593387756
3331.9095593387756
3331.102630941921
3328.2487250419817
3328.2487250419817
3328.2487250419817
3322.131365351087
3322.131365351087
3316.603126759142
3313.275946908059
3313.275946908059
3313.275946908059
3313.275946908059
3313.275946908059
3313.275946908059
3313.275946908059
3312.7782414876583
3312.7782414876583
3305.5077605903443
3305.5077605903443
3305.5077605903443
3305.5077605903443
3305.5077605903443
3305.5077605903443
3305.5077605903443
3305.5077605903443
3305.5077605903443
3299.439077750783
3299.439077750783
3293.1508560869506
3287.365177530784
3284.324510223055
3281.498723150273
3266.730753769035
3266.730753769035
3266.438111296566
3263.9158894043076
3250.786911172859
3247.848873109451
3247.848873109451
3234.067613989429
3234.067613989429
3230.818814971539
3230.818814971539
3230.818814971539
3216.0419895754367
3214.2194719807735
3213.961964825761
3205.2214612225976
3205.2214612225976
3203.020698741864
3201.2639281953675
3201.2639281953675
3191.078843248183
3191.078843248183
3189.4896493048577
3189.4896493048577
3188.4283693105435
3188.4283693105435
3178.131298486326
3163.487734343898
3163.487734343898
3163.487734343898
3163.487734343898
3150.4592934722436
3149.119866261324
3141.5651655717534
3141.5651655717534
3141.5651655717534
3141.5651655717534
3141.5651655717534
3141.5651655717534
3135.814608678982
3131.565996462569
3131.565996462569
3125.4493595204826
3125.4493595204826
3125.4493595204826
3125.4493595204826
3119.615388227341
3119.615388227341
3119.615388227341
3119.615388227341
3119.615388227341
3119.0231287396373
3119.0231287396373
3119.0231287396373
3119.0231287396373
3116.994689507802
3116.994689507802
3116.994689507802
3114.8751099726323
3114.8751099726323
3113.1849040697252
3112.895498994148
3112.895498994148
3105.9497135153065
3105.9497135153065
3105.9497135153065
3105.9497135153065
3105.9497135153065
3104.7267636124025
3100.3050633649837
3100.3050633649837
3100.284829744622
3098.763747892118
3098.763747892118
3094.788678411215
3090.9182192290737
3083.8333384875646
3083.8333384875646
3083.8333384875646
3081.022872242076
3077.8746180260596
3077.8746180260596
3076.660546987983
3076.660546987983
3076.5859062196937
3070.1395631433775
3065.9441981412747
3064.0955388955836
3064.0955388955836
3057.158219185269
3052.338992695126
3051.0721417669088
3051.0721417669088
3045.607914859705
3045.5879160359186
3045.5879160359186
3043.126283302225
3043.126283302225
3043.126283302225
3043.126283302225
3043.126283302225
3043.126283302225
3043.126283302225
3043.126283302225
3043.126283302225
3041.1583386727784
3036.5810278346576
3034.1864841524634
3026.1107939735634
3024.44275944568
3012.984390862594
3007.5621372188193
3007.5621372188193
3007.5621372188193
3005.863539564455
2998.248541190598
2994.990677615731
2987.54885358087
2987.54885358087
2983.175417839796
2983.175417839796
2982.724103702678
2982.724103702678
2981.070091102716
2981.070091102716
2981.070091102716
2981.070091102716
2979.4430607174772
2971.4628720388905
2965.696839065274
2965.696839065274
2963.083004585646
2963.083004585646
2959.3991569674686
2957.392237060987
2957.392237060987
2957.392237060987
2957.392237060987
2953.1296628380396
2953.1296628380396
2953.1296628380396
2953.1296628380396
2953.1296628380396
2949.691259011139
2946.736881869599
2946.736881869599
2946.736881869599
2942.5126911082402
2942.1896342517857
2942.1896342517857
2937.7914775400404
2933.5486647974844
2925.7506639105973
2925.5669959630372
2921.771811274997
2921.771811274997
2921.771811274997
2918.4939265501675
2918.4939265501675
2916.3667256957024
2912.718671943723
2912.718671943723
2912.718671943723
2912.718671943723
2912.718671943723
2911.0371578196296
2909.159254549731
2908.3018393505004
2908.3018393505004
2908.3018393505004
2904.8147338187564
2899.653566367476
2895.0863227572363
2895.0863227572363
2895.0863227572363
2895.0863227572363
2883.4716031071594
2883.4716031071594
2883.4716031071594
2883.4716031071594
2873.477927705716
2873.477927705716
2862.1998986816957
2858.0139725097165
2847.9566679909626
2847.9566679909626
2847.9566679909626
2845.827221619052
2844.875462400165
2835.373707905719
2835.373707905719
2835.373707905719
2835.373707905719
2834.8053575405265
2834.8053575405265
2834.8053575405265
2834.8053575405265
2834.8053575405265
2834.8053575405265
2832.11771656996
2831.82856275193
2831.82856275193
2831.82856275193
2831.82856275193
2827.7607078456763
2820.8958784526367
2820.8958784526367
2820.0981616790014
2820.0981616790014
2813.787327289095
2809.825193458077
2809.169321588172
2804.84654405865
2804.84654405865
2804.84654405865
2801.5563020607497
2800.463063136522
2792.9103923684715
2792.9103923684715
2792.9103923684715
2792.9103923684715
2787.806351895836
2787.806351895836
2787.806351895836
2785.816872633168
2785.816872633168
2783.2837800111392
2781.467875080573
2774.161212275114
2772.6634848667854
2772.6634848667854
2770.770963843339
2769.810428159472
2769.810428159472
2769.810428159472
2768.6705781222295
2768.6705781222295
2762.6519341104477
2759.964204515417
2759.964204515417
2759.964204515417
2759.964204515417
2759.964204515417
2759.964204515417
2754.083078164033
2754.083078164033
2749.7292967703925
2747.641903239009
2747.641903239009
2741.6639566978856
2741.6639566978856
2741.6639566978856
2741.6639566978856
2741.082266099747
2741.082266099747
2741.082266099747
2733.500556338945
2729.6551558239235
2727.3715142029814
2727.3715142029814
2727.3715142029814
2722.0401075056543
2719.768285934261
2719.768285934261
2713.4417263941286
2708.1103474964284
2708.1103474964284
2702.3479419222285
2702.3479419222285
2702.3479419222285
2696.183992286672
2696.183992286672
2696.183992286672
2696.183992286672
2695.5700130193554
2695.5700130193554
2695.5700130193554
2695.5700130193554
2691.327966452444
2691.327966452444
2691.327966452444
2691.2709099920444
2687.945562657237
2687.3188492216495
2687.3188492216495
2687.3188492216495
2684.511124186593
2684.511124186593
2680.701802440461
2675.306858635244
2668.109420254472
2668.109420254472
2668.109420254472
2663.413973215084
2657.184455996546
2653.2904713813555
2653.2904713813555
2640.5060341488424
2629.5843066780794
2626.960383149133
2626.960383149133
2626.960383149133
2626.960383149133
2626.960383149133
2626.960383149133
2626.960383149133
2619.027437139152
2619.027437139152
2618.7119919416696
2617.2837376687175
2617.2837376687175
2615.020401730899
2615.020401730899
2608.3479955770713
2607.379620899629
2604.307150384711
2601.5506080163063
2601.5506080163063
2601.5506080163063
2597.923337675235
2597.923337675235
2594.128714015539
2594.128714015539
2594.128714015539
2590.6060909173643
2590.6060909173643
2590.6060909173643
2589.153365093956
2585.8861595356284
2585.8861595356284
2585.8861595356284
2582.532796391555
2582.532796391555
2582.532796391555
2579.481988043365
2577.009973941016
2576.542033387069
2576.542033387069
2575.3351890706817
2575.3351890706817
2575.06428881837
2575.06428881837
2571.088323328492
2571.088323328492
2569.545824866708
2569.545824866708
2568.615320047246
2568.615320047246
2565.4077044406586
2564.4965161170203
2557.620369080694
2553.243462682093
2552.3305036375837
2552.3305036375837
2552.1961871975077
2552.1961871975077
2552.1961871975077
2551.835597314931
2551.835597314931
2551.835597314931
2547.399617297871
2547.399617297871
2547.399617297871
2540.916160509943
2540.916160509943
2540.916160509943
2535.738326351022
2535.738326351022
2535.738326351022
2535.738326351022
2535.738326351022
2535.738326351022
2531.368409477096
2531.368409477096
2524.538134844382
2519.6636286552084
2518.9298579402075
2518.9298579402075
2518.109116277529
2515.342151920705
2515.342151920705
2514.087454959998
2512.8418319554903
2512.8418319554903
2512.8418319554903
2512.8418319554903
2506.471859613931
2491.7710957019863
2491.7710957019863
2491.7710957019863
2491.7710957019863
2491.7710957019863
2491.7710957019863
2491.7710957019863
2488.2577668348576
2482.446732958958
2478.5141598778573
2476.6449879172724
2476.6449879172724
2473.1974923441207
2473.1974923441207
2473.0469516933686
2471.556555932777
2471.556555932777
2468.222227819719
2468.222227819719
2464.4544174371426
2464.4544174371426
2464.4544174371426
2461.8368797218304
2461.8368797218304
2458.434293656912
2458.2453530773605
2458.2453530773605
2454.6463927372724
2452.726224492025
2452.726224492025
2449.1317010659623
2449.1317010659623
2440.7448608394393
2440.7448608394393
2440.7448608394393
2440.7448608394393
2440.7448608394393
2434.164181931772
2432.293141133021
2432.293141133021
2432.293141133021
2431.8719722936567
2430.3578273322823
2430.3578273322823
2430.3578273322823
2421.042726143606
2421.042726143606
2419.1813105244387
2419.1813105244387
2416.1620717442584
2408.4975933994597
2407.502852900363
2398.2888961470762
2397.6687861616415
2392.0400105642248
2385.8020960360714
2383.1869099302758
2379.9179450882048
2379.9179450882048
2378.9327795696877
2376.9500730175596
2376.9500730175596
2376.9500730175596
2375.893517580818
2372.0356119223743
2372.0356119223743
2372.0356119223743
2369.4940691703177
2369.4940691703177
2366.6036406658322
2366.6036406658322
2366.6036406658322
2360.0108414629703
2358.5830808796036
2358.5830808796036
2358.5830808796036
2358.5830808796036
2358.5830808796036
2356.7630732417915
2355.0533012137357
2355.0533012137357
2355.0533012137357
2352.4909851315824
2352.4909851315824
2349.7708661364427
2349.2491177346606
2347.730514426528
2347.730514426528
2345.4656674467556
2342.1539265133156
2342.1539265133156
2342.1539265133156
2342.1539265133156
2331.5954084626705
2329.979949993177
2327.101969753709
2325.1056333001015
2321.019093268123
2321.019093268123
2320.3181483476337
2320.3181483476337
2320.3181483476337
2320.3181483476337
2318.6510967049776
2315.202417884769
2309.2545308562367
2309.163505774076
2307.1175121275232
2301.756894617365
2301.756894617365
2301.756894617365
2299.5057663379057
2297.273296626301
2293.2675111583444
2286.777935875318
2280.503932418136
2278.678497050668
2274.2769172222374
2274.2769172222374
2274.2769172222374
2261.4723337037335
2261.4723337037335
2260.4889185958446
2260.4889185958446
2258.865526280316
2258.865526280316
2253.915272229061
2245.7124794554534
2238.377443382496
2236.7699562211646
2229.610398430587
2229.610398430587
2227.713891393982
2227.713891393982
2227.713891393982
2223.3215363012846
2219.8771398519784
2206.432267278392
2205.571995201752
2205.571995201752
2205.571995201752
2205.571995201752
2202.9482195270366
2193.1874872501517
2193.1874872501517
2193.1874872501517
2190.535563217367
2190.535563217367
2189.5334920062687
2187.7051737203606
2183.494514005086
2182.2388744395193
2179.7402170482205
2179.424670026525
2174.509340877423
2174.509340877423
2174.509340877423
2170.489471475823
2170.489471475823
2170.489471475823
2165.03270748726
2161.4253631878746
2161.4253631878746
2159.173407666501
2154.664646998054
2149.573737882095
2149.573737882095
2146.6742316781597
2146.6742316781597
2146.6742316781597
2140.3308537246467
2140.3308537246467
2136.0698429733616
2136.0698429733616
2136.0698429733616
2131.7502134969573
2131.7502134969573
2131.7502134969573
2131.7502134969573
2127.5118952405955
2124.3334723552366
2122.7270633824023
2122.7270633824023
2121.741636745002
2117.045921065818
2117.045921065818
2113.321164954905
2113.321164954905
2113.321164954905
2113.321164954905
2113.321164954905
2113.321164954905
2113.321164954905
2113.321164954905
2110.424593428876
2110.424593428876
2107.9882110180984
2107.9882110180984
2107.4258077056775
2107.4258077056775
2102.539820753899
2098.8283322033412
2098.8283322033412
2098.8283322033412
2098.8283322033412
2093.641983209223
2093.641983209223
2093.641983209223
2093.641983209223
2092.014699184233
2092.014699184233
2084.747060305512
2084.5214863656797
2081.899691079107
2081.899691079107
2081.6625922268304
2081.017633935952
2076.0506461036216
2075.984982122116
2073.554536759474
2073.554536759474
2073.554536759474
2070.05790918975
2070.05790918975
2070.05790918975
2070.05790918975
2070.05790918975
2070.05790918975
2062.652250791746
2056.8043646191413
2055.7720692578423
2055.7720692578423
2055.7720692578423
2050.5619042452836
2048.2295347989198
2045.3744185020787
2042.3647585300537
2041.5293039217904
2041.5293039217904
2038.1091900821395
2035.6141026499376
2035.6141026499376
2035.6141026499376
2029.035942213644
2029.035942213644
2029.035942213644
2024.637204937165
2020.6571930845864
2020.6571930845864
2017.491896404021
2017.491896404021
2017.491896404021
2017.0197236692588
2013.0951014095644
2013.0951014095644
2013.0951014095644
2012.3543983135335
2004.1511051456828
2004.1511051456828
2002.5827848273198
2000.7430826867262
2000.7430826867262
2000.7430826867262
1992.8087923900664
1986.7999947038236
1986.7999947038236
1986.7999947038236
1985.3258282364216
1982.8098235667421
1982.8098235667421
1982.8098235667421
1978.9995705088766
1978.9995705088766
1978.6759701328597
1973.1681480390614
1966.0114509392758
1966.0114509392758
1966.0114509392758
1966.0114509392758
1966.0114509392758
1962.725694716658
1962.725694716658
1962.725694716658
1962.725694716658
1962.725694716658
1962.725694716658
1958.4329891916218
1958.4329891916218
1958.4329891916218
1958.4329891916218
1951.8366597142694
1951.366295757495
1951.366295757495
1951.366295757495
1947.655502237341
1947.1423884915398
1947.1423884915398
1944.2868983022147
1937.0115135905744
1937.0115135905744
1934.9719887310218
1934.9719887310218
1933.5637694975221
1933.3110199904042
1933.3110199904042
1926.978235520334
1926.978235520334
1925.9879164556428
1925.9879164556428
1925.3460463760493
1925.3460463760493
1916.7383532652163
1916.7383532652163
1915.5656986507759
1913.8000896386184
1911.9921789431628
1911.9921789431628
1911.9921789431628
1911.882262144646
1911.882262144646
1911.882262144646
1910.4510989102687
1909.2113990510545
1904.8466431117795
1904.8466431117795
1904.8466431117795
1903.9012627415302
1903.9012627415302
1903.9012627415302
1903.9012627415302
1903.616876670212
1903.616876670212
1900.93779111628
1900.93779111628
1900.93779111628
1900.93779111628
1900.93779111628
1900.4382974026869
1895.9412403146202
1895.8742422208315
1895.8742422208315
1895.3605310714906
1895.3605310714906
1891.4761201358438
1890.580798205615
1890.580798205615
1890.580798205615
1887.0277246400312
1887.0277246400312
1878.7738584448864
1876.2953930195747
1876.2953930195747
1876.2953930195747
1870.287252038681
1870.287252038681
1867.2764019001518
1867.2764019001518
1860.4926534891881
1860.4926534891881
1860.4926534891881
1860.4926534891881
1860.4926534891881
1859.2365498008842
1852.0788042941506
1847.9296834133909
1845.5318445900193
1844.2382669995588
1837.527921794476
1836.1461819967847
1836.1461819967847
1836.1461819967847
1836.1461819967847
1836.1461819967847
1835.1332295065688
1833.3953671518964
1833.3953671518964
1833.3953671518964
1833.3953671518964
1833.3953671518964
1833.3953671518964
1830.2915696338143
1824.5595273214417
1824.5595273214417
1824.5595273214417
1824.1170360073654
1819.4205084965965
1819.4205084965965
1819.4205084965965
1819.4205084965965
1819.4205084965965
1811.7642694383385
1811.7642694383385
1810.8970564425301
1810.8970564425301
1810.8970564425301
1810.8970564425301
1810.8970564425301
1806.8233899275292
1798.668605446967
1798.1259456547887
1795.745921004877
1795.745921004877
1789.9120479620935
1783.3230659477013
1782.7137488196702
1782.6807194435692
1782.6807194435692
1782.6807194435692
1782.6807194435692
1782.6807194435692
1782.6807194435692
1779.7738173954613
1779.7738173954613
1779.7738173954613
1778.366748302194
1774.6263679573399
1774.6080171029953
1770.9885159952992
1770.9885159952992
1770.549860560735
1770.549860560735
1768.7483567081263
1761.8561766107996
1761.8561766107996
1761.8561766107996
1760.6821024822684
1759.8865386868592
1759.8865386868592
1759.8865386868592
1753.276640612329
1753.276640612329
1753.276640612329
1753.276640612329
1753.276640612329
1753.276640612329
1750.8587975117425
1750.8587975117425
1749.5370782063023
1749.5370782063023
1749.5370782063023
1749.5370782063023
1746.5868630374139
1746.5868630374139
1742.6302493756814
1738.19820250237
1738.19820250237
1734.6719866133712
1733.654124085855
1733.2313425490393
1723.2305525212091
1723.2305525212091
1719.2994034896017
1719.2994034896017
1714.2922355001356
1712.9157611967626
1712.9157611967626
1707.922840778778
1707.922840778778
1707.922840778778
1707.922840778778
1707.922840778778
1707.922840778778
1707.1451729356781
1707.1451729356781
1707.1451729356781
1702.434552312034
1699.8900749028578
1699.8900749028578
1692.7394780350778
1692.7394780350778
1692.7394780350778
1692.7394780350778
1692.7394780350778
1692.7394780350778
1689.9000813713026
1684.5787075504272
1684.5787075504272
1682.0042822785715
1681.8369958826395
1681.8369958826395
1680.9377897195593
1679.8321864845002
1678.438046704716
1678.438046704716
1676.4919410051593
1676.4919410051593
1675.611032610017
1675.611032610017
1675.611032610017
1672.7594288149703
1671.5342791089406
1671.5342791089406
1671.5342791089406
1671.5342791089406
1669.560600661998
1669.2794729910713
1669.2794729910713
1665.6818489404761
1664.7499445994472
1661.1920698880276
1661.1920698880276
1660.9370564052115
1656.8413010981658
1656.0823563479873
1656.0823563479873
1656.0823563479873
1652.223969153173
1652.0380667875686
1650.7469807817884
1650.6376461586842
1650.6376461586842
1650.6376461586842
1650.6376461586842
1648.4477842137283
1648.4477842137283
1648.4477842137283
1648.4477842137283
1648.4477842137283
1648.4477842137283
1643.3395573029022
1640.7550914184847
1640.7550914184847
1640.595925316426
1640.595925316426
1636.272044201846
1633.3430620438592
1632.112081025216
1632.112081025216
1632.112081025216
1632.112081025216
1626.676916602893
1626.676916602893
1626.676916602893
1626.676916602893
1626.676916602893
1626.349724130187
1620.2572097335378
1620.2572097335378
1620.2572097335378
1620.2572097335378
1620.2572097335378
1620.2572097335378
1619.3119515419608
1619.3119515419608
1619.3119515419608
1613.5615966852583
1613.5615966852583
1613.5615966852583
1613.5615966852583
1613.5615966852583
1613.5615966852583
1610.6277374400393
1610.6277374400393
1610.6277374400393
1610.6277374400393
1610.6277374400393
1609.7685521763497
1605.3665256364377
1601.1805212721385
1601.1805212721385
1601.1805212721385
1601.1805212721385
1601.1805212721385
1601.1805212721385
1601.1805212721385
1597.1791977376029
1597.1791977376029
1596.8777706780597
1589.4445325574532
1589.3751681950514
1587.9563102607008
1587.9563102607008
1587.9563102607008
1587.9563102607008
1587.9563102607008
1587.1546536534577
1586.3289345975993
1586.3289345975993
1581.8083385202863
1581.8083385202863
1581.8083385202863
1581.8083385202863
1578.0962761345709
1578.0962761345709
1577.7430929777324
1570.9010636038893
1567.3930723818664
1567.3930723818664
1565.1323756345607
1562.4348551769795
1559.562263156062
1559.562263156062
1559.562263156062
1558.6409808389678
1558.6409808389678
1556.9142345491168
1556.9142345491168
1555.95456631756
1552.5945185616742
1550.2369917447772
1550.1592569744248
1550.1592569744248
1550.1592569744248
1549.760580992809
1546.6378702376496
1543.2930720754678
1540.276730286165
1540.276730286165
1539.824486713105
1539.824486713105
1537.4233739007027
1537.4233739007027
1537.4233739007027
1537.4233739007027
1536.1173737438703
1536.1173737438703
1536.1173737438703
1536.1173737438703
1536.1173737438703
1536.1173737438703
1536.1173737438703
1534.7293703618666
1532.6840479223517
1532.6840479223517
1532.6840479223517
1532.6840479223517
1532.5605211814177
1532.5605211814177
1532.5605211814177
1531.225912216665
1531.225912216665
1531.225912216665
1529.1422246934478
1529.1422246934478
1524.7647261871045
1524.7647261871045
1524.7647261871045
1520.6468019684746
1520.6468019684746
1520.5041818545471
1519.2867008280305
1519.2867008280305
1518.6363048755798
1518.6363048755798
1517.752213441725
1517.752213441725
1517.752213441725
1517.752213441725
1507.3564131498406
1502.5724488306282
1502.5724488306282
1502.5724488306282
1500.7334192533483
1500.7334192533483
1498.089573332929
1498.089573332929
1498.089573332929
1495.259229706934
1488.8367048864031
1488.8367048864031
1478.1995915743955
1478.1995915743955
1477.710777940722
1477.710777940722
1477.710777940722
1477.710777940722
1476.64080804258
1473.3296801921026
1473.3296801921026
1473.3296801921026
1473.3296801921026
1469.5161396237966
1466.609483626559
1466.609483626559
1466.609483626559
1466.0677925634304
1466.0677925634304
1466.0677925634304
1466.0677925634304
1466.0677925634304
1466.0677925634304
1466.0677925634304
1466.0677925634304
1462.1950566962983
1460.8410895964428
1460.8410895964428
1460.8410895964428
1460.8410895964428
1460.8410895964428
1455.893990305295
1455.893990305295
1451.5826441253464
1451.5826441253464
1451.5826441253464
1445.012019093843
1438.5410141145965
1432.6987111716408
1432.6987111716408
1432.6987111716408
1430.6992089492383
1430.6992089492383
1425.7891992582952
1421.1745933028526
1414.9735570899772
1414.9735570899772
1412.023094133073
1412.023094133073
1412.023094133073
1409.7333165612474
1409.7333165612474
1402.2405968063536
1401.873355655903
1401.280852181453
1397.3725157067609
1394.6630450134553
1394.522804662412
1389.3852851846386
1389.3747309335524
1386.9324247739733
1386.9324247739733
1386.9324247739733
1386.9324247739733
1384.5211056266303
1384.5211056266303
1382.4797855302882
1381.8963909787524
1377.6724866180275
1373.844722777976
1373.844722777976
1373.844722777976
1373.844722777976
1373.844722777976
1373.44027472166
1373.44027472166
1372.1300165207228
1372.1300165207228
1372.1300165207228
1372.1300165207228
1372.1300165207228
1371.8348706829404
1371.0370061112276
1370.3350748697653
1370.0176691761726
1370.0176691761726
1367.454957971438
1367.454957971438
1364.8900962481455
1360.881631261836
1360.5607586906067
1360.5607586906067
1360.5607586906067
1359.5152762858652
1353.9177803782277
1347.5114786536435
1346.283975073409
1346.283975073409
1341.6449134936854
1341.6449134936854
1341.6449134936854
1341.6449134936854
1341.6449134936854
1341.6449134936854
1341.6449134936854
1341.387432648864
1341.387432648864
1340.8736017249228
1337.6154657249822
1332.208338299882
1332.208338299882
1332.208338299882
1329.9154300787789
1322.4327309360074
1322.4327309360074
1322.4327309360074
1319.9719832447126
1317.5095678325877
1317.5095678325877
1317.5095678325877
1312.0910714034687
1311.4103603643498
1311.4103603643498
1308.0903130901454
1308.0903130901454
1308.0903130901454
1308.0903130901454
1307.1804702678535
1307.1804702678535
1307.1804702678535
1301.21254425319
1301.21254425319
1301.21254425319
1299.654571009462
1299.5179019664236
1299.5179019664236
1295.8708242760858
1290.0450764090554
1290.0450764090554
1290.0450764090554
1286.9052725020222
1282.0803371746267
1280.7361235076562
1279.2564583680273
1279.2564583680273
1271.174113431552
1271.174113431552
1271.174113431552
1266.936072223382
1265.7439032987652
1260.3547091978257
1256.7070952167944
1255.072115113071
1252.55057070507
1252.55057070507
1252.55057070507
1249.809533291181
1249.809533291181
1249.0613895637173
1249.0613895637173
1249.0613895637173
1246.1770325668292
1246.1770325668292
1244.3793173972492
1244.0694870528353
1240.4770407164906
1232.870594638896
1232.870594638896
1231.9419370934509
1222.8345000257325
1222.8345000257325
1222.8345000257325
1221.2381010215217
1218.5578101407461
1217.7257148784893
1217.3600645952495
1213.95080050121
1212.3491448195332
1212.3491448195332
1208.2873505373448
1206.7727851347424
1206.7727851347424
1206.7727851347424
1206.7727851347424
1206.7727851347424
1206.192472597795
1203.9249496108737
1200.8586509110553
1193.4690286060256
1188.8741268681972
1188.8741268681972
1182.171737561477
1179.4873117032057
1179.4873117032057
1178.4856300745846
1178.4856300745846
1178.4856300745846
1174.801166443511
1171.4534818595637
1166.310689751774
1164.849141512852
1164.849141512852
1160.6629066944763
1160.6629066944763
1158.1688369906883
1158.1688369906883
1158.1688369906883
1158.1688369906883
1158.1688369906883
1153.3982410058447
1153.3982410058447
1147.034043577778
1147.034043577778
1142.972500383731
1142.972500383731
1142.972500383731
1142.972500383731
1141.7549575300952
1141.7549575300952
1141.7549575300952
1141.7549575300952
1141.7549575300952
1141.7549575300952
1139.2375013692545
1129.3823236929493
1127.7614953288219
1127.1915104089192
1127.1915104089192
1127.1915104089192
1121.8298346837344
1121.8298346837344
1121.8298346837344
1121.601628415077
1121.601628415077
1119.2818829112823
1119.2818829112823
1119.2818829112823
1119.2818829112823
1118.5935523362034
1118.5935523362034
1116.2619890684746
1116.2619890684746
1116.2619890684746
1116.2619890684746
1111.4003962400184
1111.4003962400184
1109.80633757616
1107.2387963499918
1107.2387963499918
1105.5744835224139
1103.6861809789318
1103.6861809789318
1103.6861809789318
1103.6861809789318
1103.6861809789318
1094.8650047449137
1094.8650047449137
1093.5412657211164
1093.5412657211164
1092.293605458041
1092.293605458041
1089.33217432086
1089.33217432086
1088.3579188095036
1085.1816461471894
1085.1816461471894
1084.9171434361879
1083.0951903440573
1080.8000064233793
1078.4976532144078
1077.3946831092137
1073.5660353740896
1073.5660353740896
1073.5660353740896
1071.2465985167144
1069.0172518126064
1066.5359510701242
1062.357482969071
1062.357482969071
1062.021164308047
1062.021164308047
1061.0256991863514
1060.556330535193
1060.556330535193
1060.556330535193
1060.556330535193
1060.556330535193
1060.556330535193
1055.240020616078
1055.240020616078
1055.240020616078
1055.240020616078
1055.240020616078
1051.2399700040298
1050.6814576984398
1047.9753006996473
1045.4380510913888
1045.4380510913888
1044.826678697531
1037.2476372439382
1034.5346820355348
1034.5346820355348
1033.5681956060623
1033.5681956060623
1030.916601270683
1030.916601270683
1030.916601270683
1030.916601270683
1029.72853128472
1029.310453997369
1029.310453997369
1028.8285922471339
1026.845217650625
1026.845217650625
1026.845217650625
1026.845217650625
1026.0856740817826
1023.1863626347572
1020.3203283058298
1018.1944435109432
1018.1944435109432
1018.1944435109432
1016.1353994650385
1016.1353994650385
1016.1353994650385
1015.3528416351787
1015.3528416351787
1015.3528416351787
1015.2812465863101
1015.2812465863101
1012.3428198135265
1011.2551528259936
1009.6842327815322
1009.6198915752159
1007.3760076224736
1007.3760076224736
1007.3760076224736
1006.5573363298217
1006.5573363298217
1006.5573363298217
1006.5573363298217
1006.5573363298217
1002.513798006592
1002.513798006592
1002.513798006592
1002.513798006592
1001.6969819619375
997.6324794734026
997.6324794734026
997.6324794734026
997.5939047863145
997.5939047863145
996.9983360421296
996.9983360421296
996.9983360421296
996.9983360421296
996.9983360421296
990.4911844735501
989.8457356267186
989.8457356267186
989.8457356267186
987.7239047069033
987.7239047069033
987.7239047069033
987.7239047069033
986.5800497884999
986.5800497884999
979.6517055538038
976.8198810243689
976.8198810243689
974.749374117157
972.8840465806222
972.8840465806222
972.8840465806222
971.4064847132865
971.4064847132865
970.1234932451553
970.1234932451553
970.1234932451553
965.5616749555265
959.8705010677853
959.8705010677853
958.469610245979
958.469610245979
958.469610245979
954.8281759078297
954.8281759078297
952.525081479437
952.3521947076784
948.8261141765742
948.8261141765742
948.8261141765742
947.9936099361768
947.9936099361768
947.9936099361768
943.0527215663901
937.3158848881371
937.3158848881371
933.7664075075872
932.8768375567379
930.3959785671601
930.3959785671601
930.3959785671601
927.6453644903124
927.6453644903124
927.6453644903124
927.395871515516
923.7160246841651
923.7160246841651
923.7160246841651
920.5627747604958
920.5627747604958
920.5627747604958
920.5627747604958
916.5615418470558
916.5615418470558
916.5615418470558
912.7196869954089
907.8028982564549
907.8028982564549
906.4309087645105
906.0101385585776
903.8316119604114
903.8316119604114
901.6038014843163
897.5753637910639
897.2944546414195
895.8980376120186
895.0123727725131
894.8740825026105
894.3631537485853
894.3631537485853
892.4055455343087
891.7108723516446
890.7080037484953
890.7080037484953
890.7080037484953
887.9545287249557
887.9545287249557
887.9545287249557
887.4294308900335
884.5950271140159
882.8189657413676
882.8189657413676
882.2781172492168
882.2781172492168
882.2781172492168
882.2781172492168
882.2781172492168
880.5439887857749
877.7685370204845
872.9082932049987
866.227473154226
863.5655244326742
863.0447345446764
861.1191144622194
859.1671378810713
858.4891347952773
858.4891347952773
858.4891347952773
858.4891347952773
857.5483776575045
857.5483776575045
856.1762004934676
856.1762004934676
854.3077517255618
854.3077517255618
849.0874782355382
849.0874782355382
849.0874782355382
849.0874782355382
849.0874782355382
849.0874782355382
845.9721493454284
845.9721493454284
845.9721493454284
845.9721493454284
845.9721493454284
845.9721493454284
845.9721493454284
845.9721493454284
845.9721493454284
842.4332019900878
840.653834799809
840.653834799809
