23656.548362920483
23522.154308489608
23167.028464282615
23167.028464282615
23027.83551357388
22860.093175180922
22845.07039318784
22845.07039318784
22845.07039318784
22845.07039318784
22810.87567470985
22810.87567470985
22810.87567470985
22810.87567470985
22810.87567470985
22750.819456094367
22673.185492180593
22569.693645600808
22548.401957041857
22548.401957041857
22548.401957041857
22389.25566575128
22389.25566575128
22325.080367136703
22226.337813678172
22226.337813678172
22226.337813678172
22226.337813678172
22084.43656419544
22084.43656419544
21795.748029000995
21795.748029000995
21690.70781007318
21690.70781007318
21690.70781007318
21603.63992812997
21495.717420220084
21455.889237093535
21369.767829942735
21363.471053251564
21363.471053251564
21281.076118333647
21151.251742211778
21151.251742211778
20864.779701224317
20727.939300408474
20616.804219293757
20616.804219293757
20616.804219293757
20553.125863162837
20553.125863162837
20354.953709267113
20215.04777201429
20124.231010995372
20124.231010995372
20124.231010995372
20124.231010995372
19984.26866307073
19984.26866307073
19952.43696970919
19891.23948384521
19749.632398314843
19749.632398314843
19749.632398314843
19749.632398314843
19615.242988630052
19516.743162098774
19516.743162098774
19450.738146197673
19450.738146197673
19257.413284056063
18832.740772357054
18712.306871991506
18539.431795700417
18448.268016486407
18448.268016486407
18448.268016486407
18448.268016486407
18448.268016486407
18448.268016486407
18448.268016486407
18319.228877615857
18319.228877615857
18085.77439021862
17980.57419299931
17784.35482010481
17784.35482010481
17784.26575718904
17784.26575718904
17653.273504312987
17449.936912715693
17217.462645099306
17217.462645099306
16997.817148529088
16767.059705062755
16767.059705062755
16767.059705062755
16767.059705062755
16765.7668444155
16765.7668444155
16674.75469187438
16665.899537871315
16582.163087410227
16582.163087410227
16505.55703970948
16505.55703970948
16505.55703970948
16490.037521932325
16402.985755553036
16324.264333948393
16324.264333948393
16324.264333948393
16324.264333948393
16324.264333948393
16282.523837494165
16282.523837494165
16150.219614371334
16150.219614371334
16150.219614371334
15906.189046002222
15906.189046002222
15906.189046002222
15846.067046680018
15846.067046680018
15846.067046680018
15804.041474373393
15773.27813305243
15582.911922371803
15497.847420931648
15497.847420931648
15497.847420931648
15497.847420931648
15419.078190724107
15419.078190724107
15419.078190724107
15290.290969599506
15284.66965830594
15119.846638111954
15119.846638111954
15085.955502922092
15085.955502922092
15085.955502922092
15085.955502922092
15085.955502922092
15085.955502922092
15085.955502922092
14801.796698409931
14558.861333373618
14558.861333373618
14558.861333373618
14405.943180812154
14405.943180812154
14405.943180812154
14405.943180812154
14402.908904807993
14392.952808823084
14392.952808823084
14392.952808823084
14387.918801425127
14387.918801425127
14387.918801425127
14387.918801425127
14387.918801425127
14371.2041521087
14217.333981346488
14217.333981346488
14217.333981346488
14184.63107846034
14134.319570756716
14009.267758852351
13950.488555582337
13880.221202264733
13880.221202264733
13552.068858787161
13537.098095306319
13537.098095306319
13501.801447226604
13474.79946030773
13422.454261194442
13422.454261194442
13239.80254367772
13179.379130718444
13179.379130718444
12983.922955738897
12983.922955738897
12835.942060066951
12616.399179476557
12485.122369903145
12485.122369903145
12485.122369903145
12485.122369903145
12450.004634881741
12351.412965911455
12351.412965911455
12211.124668805041
12154.9488893695
12154.9488893695
12061.37375321807
12061.37375321807
12061.37375321807
12020.27989058555
12020.27989058555
12020.27989058555
12020.27989058555
11984.235146262377
11984.235146262377
11909.0633749991
11909.0633749991
11844.33385058192
11761.589978474154
11649.77333655372
11576.497695612195
11528.555507375235
11528.555507375235
11451.956723705987
11451.956723705987
11347.147688726374
11314.74280334736
11231.72151084173
11050.696575437305
11050.696575437305
11050.696575437305
11032.176855146157
10818.256859700763
10620.0622257437
10620.0622257437
10599.044110409985
10480.833735132102
10480.833735132102
10480.833735132102
10430.680754497245
10430.680754497245
10430.680754497245
10430.680754497245
10430.680754497245
10430.680754497245
10430.680754497245
10430.680754497245
10393.216228252197
10393.216228252197
10379.310480384342
10379.310480384342
10177.263451373976
10177.263451373976
10053.020519668895
9937.780169499736
9833.066637125221
9833.066637125221
9731.246946368783
9731.246946368783
9519.14419652269
9490.305249178105
9490.305249178105
9485.255963146701
9485.255963146701
9485.255963146701
9439.376176809907
9439.376176809907
9439.376176809907
9386.273856212634
9386.273856212634
9292.898599882188
9274.503541338981
9239.919541285863
9239.919541285863
9239.919541285863
9177.810006173477
8878.583231551036
8825.494075777578
8825.494075777578
8741.154294916056
8741.154294916056
8700.505074551838
8671.408394193031
8671.408394193031
8578.40350182901
8539.998658997114
8539.998658997114
8509.643440337868
8509.643440337868
8509.643440337868
8339.13182945847
8339.13182945847
8339.13182945847
8267.922466057682
8200.708788073816
8151.347960040095
8151.347960040095
8031.558905802139
7996.194723658023
7870.79129250676
7866.806803374146
7866.806803374146
7771.204668144555
7666.777708449054
7587.230946676651
7506.442802557782
7405.792691636404
7309.16286496392
7309.16286496392
7309.16286496392
7309.16286496392
7309.16286496392
7309.16286496392
7118.693500909019
7084.814162370866
7084.814162370866
6966.103025850942
6914.433328321982
6912.865932281529
6736.769903814993
6673.926440812715
6520.778151632876
6520.778151632876
6360.406336890899
6360.406336890899
6311.841079836972
6311.841079836972
6304.698626391291
6304.698626391291
6304.698626391291
6265.312438952643
6265.312438952643
6265.312438952643
6179.816834831279
6179.816834831279
6179.816834831279
6179.816834831279
6126.986514004684
6059.9621010238925
6059.9621010238925
6059.9621010238925
6059.9621010238925
6059.9621010238925
5869.189302156949
5869.189302156949
5856.606561286784
5856.606561286784
5810.969848767494
5642.952918092502
5642.952918092502
5642.952918092502
5642.952918092502
5642.952918092502
5599.6354289853125
5599.6354289853125
5528.430528872629
5502.281859544314
5357.1537949689
5357.1537949689
5357.1537949689
5357.1537949689
5296.861546913742
5215.223494824444
5215.223494824444
5190.1609228296
5190.1609228296
5190.1609228296
5118.654226393117
5039.685575531743
5039.685575531743
5039.685575531743
5039.685575531743
5002.242119165273
5002.242119165273
5002.242119165273
5002.242119165273
4962.662248409559
4811.7861512158015
4731.9781673648595
4731.9781673648595
4593.952897524381
4529.095749823592
4529.095749823592
4484.608972659715
4283.308076583028
4283.308076583028
4257.316149735509
4171.391786520448
4171.391786520448
4171.079538941158
4171.079538941158
4169.365952809359
3997.2971951890486
3997.2971951890486
3982.654358111628
3982.654358111628
3921.269445870184
3920.872470501425
3887.5296351211114
3874.8611898228046
3871.807004430811
3812.8645108556652
3812.8645108556652
3785.9800903880964
3774.1959366242854
3774.1959366242854
3761.8983464816465
3693.277638748324
3693.277638748324
3669.650581042294
3651.8807085193403
3651.8807085193403
3585.5034469398474
3585.5034469398474
3585.5034469398474
3530.551822194291
3530.551822194291
3530.551822194291
3510.0640980508674
3480.3305812562403
3480.3305812562403
3480.3305812562403
3480.3305812562403
3448.202464932776
3448.202464932776
3448.202464932776
3448.202464932776
3390.3816394753267
3390.3816394753267
3390.3816394753267
3383.2506265086677
3334.2953956314755
3300.860916666857
3213.222194144228
3213.222194144228
3121.5875844549737
3121.5875844549737
3105.524347288076
3105.524347288076
3064.7430010376765
3029.645451279229
3029.645451279229
2975.812841222397
2975.812841222397
2975.812841222397
2975.812841222397
2975.812841222397
2891.760352327796
2891.760352327796
2868.0122392940634
2829.563917459294
2829.563917459294
2829.563917459294
2829.563917459294
2738.2859361915143
2699.758224276767
2609.287800124823
2609.287800124823
2609.287800124823
2587.1007183604484
2479.4017328064547
2479.4017328064547
2415.028186563639
2415.028186563639
2367.5961512196527
2367.5961512196527
2367.5961512196527
2351.7952699258462
2351.7952699258462
2351.7952699258462
2351.7952699258462
2309.938485165247
2273.860279259235
2253.581352546519
2253.581352546519
2253.581352546519
2253.551927173987
2253.551927173987
2253.551927173987
2224.442493070281
2224.442493070281
2189.2355749559188
2189.2355749559188
2076.59589367564
2066.5128498349613
2018.6881177684077
2018.6881177684077
2007.93948623509
2007.93948623509
1999.7897322163765
1999.7897322163765
1999.7897322163765
1999.7897322163765
1999.7897322163765
1999.7897322163765
1980.2036862395141
1980.2036862395141
1932.2378485414993
1932.2378485414993
1932.2378485414993
1928.171114664472
1925.838844310927
1919.384277425949
1910.0745474956395
1878.4882976814056
1766.2621673518106
1757.8979043550726
1757.8979043550726
1757.8979043550726
1757.8979043550726
1728.2942936986278
1668.4744315877242
1668.4744315877242
1668.4744315877242
1668.4744315877242
1668.4744315877242
1668.4744315877242
1645.3798347731072
1612.8550360649897
1612.8550360649897
1612.8550360649897
1612.8550360649897
1612.8550360649897
1579.3724102650042
1541.5979037797792
1512.6566391454255
1512.6566391454255
1477.0353270349067
1477.0353270349067
1477.0353270349067
1477.0353270349067
1477.0353270349067
1468.3311494208035
1462.1756753351806
1462.1756753351806
1462.1756753351806
1462.1756753351806
1424.519178418855
1424.519178418855
1424.519178418855
1424.519178418855
1424.519178418855
1424.519178418855
1424.519178418855
1424.519178418855
1355.8690221071229
1355.8690221071229
1355.8690221071229
1298.6612767351182
1293.6913938239966
1293.6913938239966
1293.6913938239966
1271.25159199494
1263.8554809767363
1263.8554809767363
1225.5085179421087
1171.2154830511247
1171.2154830511247
1152.2670997308835
1152.2670997308835
1152.2670997308835
1152.2670997308835
1092.9516500230993
1092.9516500230993
1092.9516500230993
1064.8103918134093
1064.8103918134093
1064.8103918134093
1034.448832801518
1017.3833184795058
995.8988430688992
995.8988430688992
995.8988430688992
980.7196091853876
974.1348648835095
958.1794576283103
956.5726808633235
956.5726808633235
956.5726808633235
941.679867103508
885.6538205175711
885.6538205175711
873.2413301776184
873.2413301776184
873.2413301776184
873.2413301776184
856.4442358452753
829.4750013123348
814.8327607378359
814.8327607378359
814.8327607378359
814.8327607378359
814.8327607378359
803.7008254246397
802.6055271364775
802.6055271364775
802.6055271364775
757.6417064491426
737.2471215927216
724.3837778341153
724.3837778341153
705.3396719571447
705.3396719571447
652.3710200197479
652.3710200197479
652.3710200197479
646.9699557103788
646.9699557103788
646.9699557103788
646.9699557103788
646.9699557103788
628.4254640263632
628.4254640263632
628.4254640263632
628.4254640263632
614.8576186701075
580.7069802771684
553.1075973635631
553.1075973635631
553.1075973635631
520.6366954463828
509.67243549603484
500.7321259391465
474.9135209910049
474.9135209910049
474.9135209910049
474.9135209910049
465.32827805257745
465.32827805257745
465.32827805257745
422.1744515710988
422.1744515710988
419.52057311508963
419.52057311508963
419.52057311508963
419.52057311508963
419.51897844802687
409.3050823951983
409.3050823951983
409.3050823951983
383.3493656720268
322.8611728705128
322.8611728705128
322.8611728705128
322.8611728705128
322.8611728705128
322.8611728705128
322.8611728705128
322.8611728705128
322.8611728705128
302.7604645663466
302.7604645663466
302.7604645663466
300.90306390816824
300.90306390816824
300.90306390816824
299.7610531273196
299.7610531273196
271.94831438994316
267.2491909494436
259.4907985268005
259.4907985268005
249.138123001804
249.138123001804
233.70608515895003
226.88929156089125
207.60396659220157
185.95717375204887
173.83949101231403
169.58140507144037
169.4448731483609
169.4448731483609
169.4448731483609
153.47812458727418
153.47812458727418
153.47812458727418
153.47812458727418
153.47812458727418
126.6093497486401
126.6093497486401
126.33894164655372
126.33894164655372
116.73029716517057
116.73029716517057
116.73029716517057
116.73029716517057
116.73029716517057
116.73029716517057
116.73029716517057
116.73029716517057
116.73029716517057
116.32075055942005
113.85946030746466
113.85946030746466
113.85946030746466
113.85946030746466
113.85946030746466
113.85946030746466
113.85946030746466
113.85946030746466
113.82371882830766
113.82371882830766
107.59007222709988
105.95501754013364
105.95501754013364
105.95501754013364
96.78488142485007
96.78488142485007
96.78488142485007
96.78488142485007
96.78488142485007
88.84857974440425
88.84857974440425
88.84857974440425
88.84857974440425
78.62445356692466
78.62445356692466
72.9939746114353
72.9939746114353
72.9939746114353
69.06207801867579
69.06207801867579
67.23745293703429
67.23745293703429
56.57112384261717
56.57112384261717
55.03468961902626
48.320743219013885
44.175552822954955
39.94429881447446
39.94429881447446
39.94429881447446
37.145325322743176
37.145325322743176
37.145325322743176
37.145325322743176
37.145325322743176
37.145325322743176
37.145325322743176
37.145325322743176
36.341760680026795
32.93304322202612
32.93304322202612
32.93304322202612
32.93304322202612
32.93304322202612
27.529535670488468
27.529535670488468
27.529535670488468
27.529535670488468
27.529535670488468
27.529535670488468
25.395392211818226
25.395392211818226
25.395392211818226
23.495537751233698
23.466370630489095
23.466370630489095
22.457822602274558
22.457822602274558
22.457822602274558
22.457822602274558
22.457822602274558
22.457822602274558
22.266954755852865
21.393435345884207
20.37142190023028
20.37142190023028
20.37142190023028
15.764095958151575
15.296164034116538
15.296164034116538
15.296164034116538
15.296164034116538
13.506020874387884
13.506020874387884
13.506020874387884
8.795597737997614
7.843714921088206
7.843714921088206
7.843714921088206
7.843714921088206
7.843714921088206
7.0302344031843775
7.0302344031843775
4.495743920586694
4.495743920586694
4.495743920586694
4.495743920586694
4.495743920586694
1.549467674368084
1.549467674368084
1.549467674368084
1.549467674368084
1.549467674368084
1.549467674368084
1.549467674368084
1.549467674368084
1.549467674368084
1.549467674368084
1.549467674368084
1.2360069840205454
1.2360069840205454
1.2360069840205454
1.2360069840205454
1.2360069840205454
1.2360069840205454
1.2360069840205454
1.2360069840205454
1.2360069840205454
1.2360069840205454
1.2360069840205454
1.2360069840205454
1.2360069840205454
1.2360069840205454
1.2360069840205454
1.2360069840205454
1.2360069840205454
1.2360069840205454
1.2360069840205454
1.2360069840205454
1.2360069840205454
1.2360069840205454
1.2360069840205454
1.2360069840205454
1.2360069840205454
1.2360069840205454
1.2360069840205454
1.2360069840205454
1.2360069840205454
1.2360069840205454
1.2360069840205454
1.2360069840205454
1.2360069840205454
1.2360069840205454
1.2360069840205454
1.2360069840205454
1.2360069840205454
1.2360069840205454
1.2360069840205454
1.2360069840205454
1.2360069840205454
1.2360069840205454
1.2360069840205454
1.2360069840205454
1.2360069840205454
1.2360069840205454
1.2360069840205454
1.2360069840205454
1.2360069840205454
1.2360069840205454
1.2360069840205454
1.099708833990699
1.099708833990699
1.099708833990699
1.099708833990699
1.099708833990699
1.099708833990699
1.099708833990699
1.099708833990699
1.099708833990699
1.099708833990699
1.099708833990699
1.099708833990699
1.099708833990699
1.099708833990699
1.099708833990699
1.099708833990699
1.099708833990699
0.5250865481432344
0.5250865481432344
0.5250865481432344
0.5250865481432344
0.5250865481432344
0.5250865481432344
0.5250865481432344
0.5250865481432344
0.5250865481432344
0.5250865481432344
0.5250865481432344
0.5250865481432344
0.5250865481432344
0.5250865481432344
0.5250865481432344
0.5250865481432344
0.5250865481432344
0.5250865481432344
0.5250865481432344
0.5250865481432344
0.5250865481432344
0.5250865481432344
0.5250865481432344
0.5250865481432344
0.5250865481432344
0.5250865481432344
0.5250865481432344
0.5250865481432344
0.5250865481432344
0.5250865481432344
0.5250865481432344
0.5250865481432344
0.5250865481432344
0.5250865481432344
0.5250865481432344
0.5250865481432344
0.5250865481432344
0.5250865481432344
0.5250865481432344
0.5250865481432344
0.5250865481432344
0.5250865481432344
0.5250865481432344
0.5250865481432344
0.5250865481432344
0.5250865481432344
0.5250865481432344
0.5250865481432344
0.5250865481432344
0.5250865481432344
0.5250865481432344
0.49794475430845847
0.49794475430845847
0.49794475430845847
0.49794475430845847
0.49794475430845847
0.49794475430845847
0.49794475430845847
0.49794475430845847
0.49794475430845847
0.49794475430845847
0.49794475430845847
0.49794475430845847
0.49794475430845847
0.49794475430845847
0.49794475430845847
0.49794475430845847
0.49794475430845847
0.49794475430845847
0.49794475430845847
0.49794475430845847
0.49794475430845847
0.49794475430845847
0.49794475430845847
0.49794475430845847
0.49794475430845847
0.49794475430845847
0.49794475430845847
0.49794475430845847
0.49794475430845847
0.49794475430845847
0.49794475430845847
0.49794475430845847
0.4137827609460254
0.4137827609460254
0.4137827609460254
0.4137827609460254
0.4137827609460254
0.4137827609460254
0.4137827609460254
0.4137827609460254
0.4137827609460254
0.4137827609460254
0.4137827609460254
0.4137827609460254
0.4137827609460254
0.4137827609460254
0.4137827609460254
0.4137827609460254
0.4137827609460254
0.4137827609460254
0.4137827609460254
0.4137827609460254
0.4137827609460254
0.4137827609460254
0.4137827609460254
0.4137827609460254
0.4137827609460254
0.4137827609460254
0.4137827609460254
0.4137827609460254
0.4137827609460254
0.4137827609460254
0.4137827609460254
0.4137827609460254
0.4137827609460254
0.4137827609460254
0.4137827609460254
0.4137827609460254
0.4137827609460254
0.4137827609460254
0.4137827609460254
0.4137827609460254
0.4137827609460254
0.4137827609460254
0.4137827609460254
0.4137827609460254
0.4137827609460254
0.4137827609460254
0.4137827609460254
0.4137827609460254
0.4137827609460254
0.4137827609460254
0.4137827609460254
0.4137827609460254
0.4137827609460254
0.4137827609460254
0.4137827609460254
0.4137827609460254
0.4137827609460254
0.4137827609460254
0.4137827609460254
0.4137827609460254
0.4137827609460254
0.4137827609460254
0.4137827609460254
0.4137827609460254
0.4137827609460254
0.4137827609460254
0.4137827609460254
0.4137827609460254
0.4137827609460254
0.4137827609460254
0.4137827609460254
0.4137827609460254
0.4137827609460254
0.4137827609460254
0.4137827609460254
0.4137827609460254
0.4137827609460254
0.4137827609460254
0.4137827609460254
0.4137827609460254
0.4137827609460254
0.4137827609460254
0.4137827609460254
0.4137827609460254
0.4137827609460254
0.4137827609460254
0.4137827609460254
0.4137827609460254
0.4137827609460254
0.4137827609460254
0.4137827609460254
0.4137827609460254
0.4137827609460254
0.4137827609460254
0.4137827609460254
0.4137827609460254
0.4137827609460254
0.4137827609460254
0.4137827609460254
0.4137827609460254
0.4137827609460254
0.4137827609460254
0.4137827609460254
0.4137827609460254
0.4137827609460254
0.4137827609460254
0.4137827609460254
0.4137827609460254
0.4137827609460254
0.4137827609460254
0.4137827609460254
0.4137827609460254
0.4137827609460254
0.4137827609460254
0.4137827609460254
0.4137827609460254
0.4137827609460254
0.4137827609460254
0.4137827609460254
0.4137827609460254
0.4137827609460254
0.4137827609460254
0.4137827609460254
0.4137827609460254
0.4137827609460254
0.4137827609460254
0.4137827609460254
0.4137827609460254
0.4137827609460254
0.4137827609460254
0.4137827609460254
0.4137827609460254
0.4137827609460254
0.4137827609460254
0.4137827609460254
0.4137827609460254
0.4137827609460254
0.4137827609460254
0.4137827609460254
0.4137827609460254
0.4137827609460254
0.4137827609460254
0.4137827609460254
0.4137827609460254
0.4137827609460254
0.4137827609460254
0.4137827609460254
0.4137827609460254
0.4137827609460254
0.4137827609460254
0.4137827609460254
0.4137827609460254
0.4137827609460254
0.4137827609460254
0.4137827609460254
0.4137827609460254
0.4137827609460254
0.4137827609460254
0.4137827609460254
0.4137827609460254
0.4137827609460254
0.4137827609460254
0.4137827609460254
0.4137827609460254
0.4137827609460254
0.4137827609460254
0.4137827609460254
0.4137827609460254
0.4137827609460254
0.4137827609460254
0.4137827609460254
0.4137827609460254
0.4137827609460254
0.4137827609460254
0.4137827609460254
0.4137827609460254
0.4137827609460254
0.4137827609460254
0.4137827609460254
0.4137827609460254
0.4137827609460254
0.4137827609460254
0.4137827609460254
0.4137827609460254
0.4137827609460254
0.4137827609460254
0.4137827609460254
0.4137827609460254
0.4137827609460254
0.4137827609460254
0.4137827609460254
0.4137827609460254
0.4137827609460254
0.4137827609460254
0.4137827609460254
0.4137827609460254
0.4137827609460254
0.4137827609460254
0.4137827609460254
0.4137827609460254
0.4137827609460254
0.4137827609460254
0.4137827609460254
0.4137827609460254
0.4137827609460254
0.4137827609460254
0.4137827609460254
0.4137827609460254
0.4137827609460254
0.4137827609460254
0.4137827609460254
0.4137827609460254
0.4137827609460254
0.4137827609460254
0.4137827609460254
0.4137827609460254
0.4137827609460254
0.4137827609460254
0.4137827609460254
0.4137827609460254
0.4137827609460254
0.4137827609460254
0.4137827609460254
0.4137827609460254
0.4137827609460254
0.4137827609460254
0.4137827609460254
0.4137827609460254
0.4137827609460254
0.4137827609460254
0.4137827609460254
0.4137827609460254
0.4137827609460254
0.4137827609460254
0.4137827609460254
0.4137827609460254
0.4137827609460254
0.4137827609460254
0.4137827609460254
0.4137827609460254
0.4137827609460254
0.4137827609460254
0.4137827609460254
0.4137827609460254
0.4137827609460254
0.4137827609460254
0.4137827609460254
0.4137827609460254
0.4137827609460254
0.4137827609460254
0.4137827609460254
0.4137827609460254
0.4137827609460254
0.4137827609460254
0.4137827609460254
0.4137827609460254
0.4137827609460254
0.4137827609460254
0.4137827609460254
0.4137827609460254
0.4137827609460254
0.4137827609460254
0.4137827609460254
0.4137827609460254
0.4137827609460254
0.4137827609460254
0.4137827609460254
0.4137827609460254
0.4137827609460254
0.4137827609460254
0.4137827609460254
0.4137827609460254
0.4137827609460254
0.4137827609460254
0.4137827609460254
0.4137827609460254
0.4137827609460254
0.4137827609460254
0.4137827609460254
0.4137827609460254
0.4137827609460254
0.4137827609460254
0.4137827609460254
0.4137827609460254
0.4137827609460254
0.4137827609460254
0.4137827609460254
0.4137827609460254
0.4137827609460254
0.4137827609460254
0.4137827609460254
0.4137827609460254
0.4137827609460254
0.4137827609460254
0.4137827609460254
0.4137827609460254
0.4137827609460254
0.4137827609460254
0.4137827609460254
0.4137827609460254
0.4137827609460254
0.4137827609460254
0.4137827609460254
0.4137827609460254
0.4137827609460254
0.4137827609460254
0.4137827609460254
0.4137827609460254
0.4137827609460254
0.4137827609460254
0.4137827609460254
0.4137827609460254
0.4137827609460254
0.4137827609460254
0.4137827609460254
0.4137827609460254
0.4137827609460254
0.4137827609460254
0.4137827609460254
0.4137827609460254
0.4137827609460254
0.4137827609460254
0.4137827609460254
0.4137827609460254
0.4137827609460254
0.4137827609460254
0.4137827609460254
0.4137827609460254
0.4137827609460254
0.4137827609460254
0.4137827609460254
0.4137827609460254
0.4137827609460254
0.4137827609460254
0.4137827609460254
0.4137827609460254
0.4137827609460254
0.4137827609460254
0.4137827609460254
0.4137827609460254
0.4137827609460254
0.4137827609460254
0.4137827609460254
0.4137827609460254
0.4137827609460254
0.4137827609460254
0.4137827609460254
0.4137827609460254
0.4137827609460254
0.4137827609460254
0.4137827609460254
0.4137827609460254
0.4137827609460254
0.4137827609460254
0.4137827609460254
0.4137827609460254
0.4137827609460254
0.4137827609460254
0.4137827609460254
0.4137827609460254
0.4137827609460254
0.4137827609460254
0.4137827609460254
0.4137827609460254
0.4137827609460254
0.4137827609460254
0.4137827609460254
0.4137827609460254
0.4137827609460254
0.4137827609460254
0.4137827609460254
0.4137827609460254
0.4137827609460254
0.4137827609460254
0.4137827609460254
0.4137827609460254
0.4137827609460254
0.4137827609460254
0.4137827609460254
0.4137827609460254
0.4137827609460254
0.4137827609460254
0.4137827609460254
0.4137827609460254
0.4137827609460254
0.4137827609460254
0.4137827609460254
0.4137827609460254
0.4137827609460254
0.4137827609460254
0.4137827609460254
0.4137827609460254
0.4137827609460254
0.4137827609460254
0.4137827609460254
0.4137827609460254
0.4137827609460254
0.4137827609460254
0.4137827609460254
0.4137827609460254
0.4137827609460254
0.4137827609460254
0.4137827609460254
0.4137827609460254
0.4137827609460254
0.4137827609460254
0.4137827609460254
0.4137827609460254
0.4137827609460254
0.4137827609460254
0.4137827609460254
0.4137827609460254
0.4137827609460254
0.4137827609460254
0.4137827609460254
0.4137827609460254
0.4137827609460254
0.4137827609460254
0.4137827609460254
0.4137827609460254
0.4137827609460254
0.4137827609460254
0.4137827609460254
0.4137827609460254
0.4137827609460254
0.4137827609460254
0.4137827609460254
0.4137827609460254
0.4137827609460254
0.4137827609460254
0.4137827609460254
0.4137827609460254
0.4137827609460254
0.4137827609460254
0.4137827609460254
0.4137827609460254
0.4137827609460254
0.4137827609460254
0.4137827609460254
0.4137827609460254
0.4137827609460254
0.4137827609460254
0.4137827609460254
0.4137827609460254
0.4137827609460254
0.4137827609460254
0.4137827609460254
0.4137827609460254
0.4137827609460254
0.4137827609460254
0.4137827609460254
0.4137827609460254
0.4137827609460254
0.4137827609460254
0.4137827609460254
0.4137827609460254
0.4137827609460254
0.4137827609460254
0.4137827609460254
0.4137827609460254
0.4137827609460254
0.4137827609460254
0.4137827609460254
0.4137827609460254
0.4137827609460254
0.4137827609460254
0.4137827609460254
0.4137827609460254
0.4137827609460254
0.4137827609460254
0.4137827609460254
0.4137827609460254
0.4137827609460254
0.4137827609460254
0.4137827609460254
0.4137827609460254
0.4137827609460254
0.4137827609460254
0.4137827609460254
0.4137827609460254
0.4137827609460254
0.4137827609460254
0.4137827609460254
0.4137827609460254
0.4137827609460254
0.4137827609460254
0.4137827609460254
0.4137827609460254
0.4137827609460254
0.4137827609460254
0.4137827609460254
0.4137827609460254
0.4137827609460254
0.4137827609460254
0.4137827609460254
0.4137827609460254
0.4137827609460254
0.4137827609460254
0.4137827609460254
0.4137827609460254
0.4137827609460254
0.4137827609460254
0.4137827609460254
0.4137827609460254
0.4137827609460254
0.4137827609460254
0.4137827609460254
0.4137827609460254
0.4137827609460254
0.4137827609460254
0.4137827609460254
0.4137827609460254
0.4137827609460254
0.4137827609460254
0.4137827609460254
0.4137827609460254
0.4137827609460254
0.4137827609460254
0.4137827609460254
0.4137827609460254
0.4137827609460254
0.4137827609460254
0.4137827609460254
0.4137827609460254
0.4137827609460254
0.4137827609460254
0.4137827609460254
0.4137827609460254
0.4137827609460254
0.4137827609460254
0.4137827609460254
0.4137827609460254
0.4137827609460254
0.4137827609460254
0.4137827609460254
0.4137827609460254
0.4137827609460254
0.4137827609460254
0.4137827609460254
0.4137827609460254
0.4137827609460254
0.4137827609460254
0.4137827609460254
0.4137827609460254
0.4137827609460254
0.4137827609460254
0.4137827609460254
0.4137827609460254
0.4137827609460254
0.4137827609460254
0.4137827609460254
0.4137827609460254
0.4137827609460254
0.4137827609460254
0.4137827609460254
0.4137827609460254
0.4137827609460254
0.4137827609460254
0.4137827609460254
0.4137827609460254
0.4137827609460254
0.4137827609460254
0.4137827609460254
0.4137827609460254
0.4137827609460254
0.4137827609460254
0.4137827609460254
0.4137827609460254
0.4137827609460254
0.4137827609460254
0.4137827609460254
0.4137827609460254
0.4137827609460254
0.4137827609460254
0.4137827609460254
0.4137827609460254
0.4137827609460254
0.4137827609460254
0.4137827609460254
0.4137827609460254
0.4137827609460254
0.4137827609460254
0.4137827609460254
0.4137827609460254
0.4137827609460254
0.4137827609460254
0.4137827609460254
0.4137827609460254
0.4137827609460254
0.4137827609460254
0.4137827609460254
0.4137827609460254
0.4137827609460254
0.4137827609460254
0.4137827609460254
0.4137827609460254
0.4137827609460254
0.4137827609460254
0.4137827609460254
0.4137827609460254
0.4137827609460254
0.4137827609460254
0.4137827609460254
0.4137827609460254
0.4137827609460254
0.4137827609460254
0.4137827609460254
0.4137827609460254
0.4137827609460254
0.4137827609460254
0.4137827609460254
0.4137827609460254
0.4137827609460254
0.4137827609460254
0.4137827609460254
0.4137827609460254
0.4137827609460254
0.4137827609460254
0.4137827609460254
0.4137827609460254
0.4137827609460254
0.4137827609460254
0.4137827609460254
0.4137827609460254
0.4137827609460254
0.4137827609460254
0.4137827609460254
0.4137827609460254
0.4137827609460254
0.4137827609460254
0.4137827609460254
0.4137827609460254
0.4137827609460254
0.4137827609460254
0.4137827609460254
0.4137827609460254
0.4137827609460254
0.4137827609460254
0.4137827609460254
0.4137827609460254
0.4137827609460254
0.4137827609460254
0.4137827609460254
0.4137827609460254
0.4137827609460254
0.4137827609460254
0.4137827609460254
0.4137827609460254
0.4137827609460254
0.4137827609460254
0.4137827609460254
0.4137827609460254
0.4137827609460254
0.4137827609460254
0.4137827609460254
0.4137827609460254
0.4137827609460254
0.4137827609460254
0.4137827609460254
0.4137827609460254
0.4137827609460254
0.4137827609460254
0.4137827609460254
0.4137827609460254
0.4137827609460254
0.4137827609460254
0.4137827609460254
0.4137827609460254
0.4137827609460254
0.4137827609460254
0.4137827609460254
0.4137827609460254
0.4137827609460254
0.4137827609460254
0.4137827609460254
0.4137827609460254
0.4137827609460254
0.4137827609460254
0.4137827609460254
0.4137827609460254
0.4137827609460254
0.4137827609460254
0.4137827609460254
0.4137827609460254
0.4137827609460254
0.4137827609460254
0.4137827609460254
0.4137827609460254
0.4137827609460254
0.4137827609460254
0.4137827609460254
0.4137827609460254
0.4137827609460254
0.4137827609460254
0.4137827609460254
0.4137827609460254
0.4137827609460254
0.4137827609460254
0.4137827609460254
0.4137827609460254
0.4137827609460254
0.4137827609460254
0.4137827609460254
0.4137827609460254
0.4137827609460254
0.4137827609460254
0.4137827609460254
0.4137827609460254
0.4137827609460254
0.4137827609460254
0.4137827609460254
0.4137827609460254
0.4137827609460254
0.4137827609460254
0.4137827609460254
0.4137827609460254
0.4137827609460254
0.4137827609460254
0.4137827609460254
0.4137827609460254
0.4137827609460254
0.4137827609460254
0.4137827609460254
0.4137827609460254
0.4137827609460254
0.4137827609460254
0.4137827609460254
0.4137827609460254
0.4137827609460254
0.4137827609460254
0.4137827609460254
0.4137827609460254
0.4137827609460254
0.4137827609460254
0.4137827609460254
0.4137827609460254
0.4137827609460254
0.4137827609460254
0.4137827609460254
0.4137827609460254
0.4137827609460254
0.4137827609460254
0.4137827609460254
0.4137827609460254
0.4137827609460254
0.4137827609460254
0.4137827609460254
0.4137827609460254
0.4137827609460254
0.4137827609460254
0.4137827609460254
0.4137827609460254
0.4137827609460254
0.4137827609460254
0.4137827609460254
0.4137827609460254
0.4137827609460254
0.4137827609460254
0.4137827609460254
0.4137827609460254
0.4137827609460254
0.4137827609460254
0.4137827609460254
0.4137827609460254
0.4137827609460254
0.4137827609460254
0.4137827609460254
0.4137827609460254
0.4137827609460254
0.4137827609460254
0.4137827609460254
0.4137827609460254
0.4137827609460254
0.4137827609460254
0.4137827609460254
0.4137827609460254
0.4137827609460254
0.4137827609460254
0.4137827609460254
0.4137827609460254
0.4137827609460254
0.4137827609460254
0.4137827609460254
0.4137827609460254
0.4137827609460254
0.4137827609460254
0.4137827609460254
0.4137827609460254
0.4137827609460254
0.4137827609460254
0.4137827609460254
0.4137827609460254
0.4137827609460254
0.4137827609460254
0.4137827609460254
0.4137827609460254
0.4137827609460254
0.4137827609460254
0.4137827609460254
0.4137827609460254
0.4137827609460254
0.4137827609460254
0.4137827609460254
0.4137827609460254
0.4137827609460254
0.4137827609460254
0.4137827609460254
0.4137827609460254
0.4137827609460254
0.4137827609460254
0.4137827609460254
0.4137827609460254
0.4137827609460254
0.4137827609460254
0.4137827609460254
0.4137827609460254
0.4137827609460254
0.4137827609460254
0.4137827609460254
0.4137827609460254
0.4137827609460254
0.4137827609460254
0.4137827609460254
0.4137827609460254
0.4137827609460254
0.4137827609460254
0.4137827609460254
0.4137827609460254
0.4137827609460254
0.4137827609460254
0.4137827609460254
0.4137827609460254
0.4137827609460254
0.4137827609460254
0.4137827609460254
0.4137827609460254
0.4137827609460254
0.4137827609460254
0.4137827609460254
0.4137827609460254
0.4137827609460254
0.4137827609460254
0.4137827609460254
0.4137827609460254
0.4137827609460254
0.4137827609460254
0.4137827609460254
0.4137827609460254
0.4137827609460254
0.4137827609460254
0.4137827609460254
0.4137827609460254
0.4137827609460254
0.4137827609460254
0.4137827609460254
0.4137827609460254
0.4137827609460254
0.4137827609460254
0.4137827609460254
0.4137827609460254
0.4137827609460254
0.4137827609460254
0.4137827609460254
0.4137827609460254
0.4137827609460254
0.4137827609460254
0.4137827609460254
0.4137827609460254
0.4137827609460254
0.4137827609460254
0.4137827609460254
0.4137827609460254
0.4137827609460254
0.4137827609460254
0.4137827609460254
0.4137827609460254
0.4137827609460254
0.4137827609460254
0.4137827609460254
0.4137827609460254
0.4137827609460254
0.4137827609460254
0.4137827609460254
0.4137827609460254
0.4137827609460254
0.4137827609460254
0.4137827609460254
0.4137827609460254
0.4137827609460254
0.4137827609460254
0.4137827609460254
0.4137827609460254
0.4137827609460254
0.4137827609460254
0.4137827609460254
0.4137827609460254
0.4137827609460254
0.4137827609460254
0.4137827609460254
0.4137827609460254
0.4137827609460254
0.4137827609460254
0.4137827609460254
0.4137827609460254
0.4137827609460254
0.4137827609460254
0.4137827609460254
0.4137827609460254
0.4137827609460254
0.4137827609460254
0.4137827609460254
0.4137827609460254
0.4137827609460254
0.4137827609460254
0.4137827609460254
0.4137827609460254
0.4137827609460254
0.4137827609460254
0.4137827609460254
0.4137827609460254
0.4137827609460254
0.4137827609460254
0.4137827609460254
0.4137827609460254
0.4137827609460254
0.4137827609460254
0.4137827609460254
0.4137827609460254
0.4137827609460254
0.4137827609460254
0.4137827609460254
0.4137827609460254
0.4137827609460254
0.4137827609460254
0.4137827609460254
0.4137827609460254
0.4137827609460254
0.4137827609460254
0.4137827609460254
0.4137827609460254
0.4137827609460254
0.4137827609460254
0.4137827609460254
0.4137827609460254
0.4137827609460254
0.4137827609460254
0.4137827609460254
0.4137827609460254
0.4137827609460254
0.4137827609460254
0.4137827609460254
0.4137827609460254
0.4137827609460254
0.4137827609460254
0.4137827609460254
0.4137827609460254
0.4137827609460254
0.4137827609460254
0.4137827609460254
0.4137827609460254
0.4137827609460254
0.4137827609460254
0.4137827609460254
0.4137827609460254
0.4137827609460254
0.4137827609460254
0.4137827609460254
0.4137827609460254
0.4137827609460254
0.4137827609460254
0.4137827609460254
0.4137827609460254
0.4137827609460254
0.4137827609460254
0.4137827609460254
0.4137827609460254
0.4137827609460254
0.4137827609460254
0.4137827609460254
0.4137827609460254
0.4137827609460254
0.4137827609460254
0.4137827609460254
0.4137827609460254
0.4137827609460254
0.4137827609460254
0.4137827609460254
0.4137827609460254
0.4137827609460254
0.4137827609460254
0.4137827609460254
0.4137827609460254
0.4137827609460254
0.4137827609460254
0.4137827609460254
0.4137827609460254
0.4137827609460254
0.4137827609460254
0.4137827609460254
0.4137827609460254
0.4137827609460254
0.4137827609460254
0.4137827609460254
0.4137827609460254
0.4137827609460254
0.4137827609460254
0.4137827609460254
0.4137827609460254
0.4137827609460254
0.4137827609460254
0.4137827609460254
0.4137827609460254
0.4137827609460254
0.4137827609460254
0.4137827609460254
0.4137827609460254
0.4137827609460254
0.4137827609460254
0.4137827609460254
0.4137827609460254
0.4137827609460254
0.4137827609460254
0.4137827609460254
0.4137827609460254
0.4137827609460254
0.4137827609460254
0.4137827609460254
0.4137827609460254
0.4137827609460254
0.4137827609460254
0.4137827609460254
0.4137827609460254
0.4137827609460254
0.4137827609460254
0.4137827609460254
0.4137827609460254
0.4137827609460254
0.4137827609460254
0.4137827609460254
0.4137827609460254
0.4137827609460254
0.4137827609460254
0.4137827609460254
0.4137827609460254
0.4137827609460254
0.4137827609460254
0.4137827609460254
0.4137827609460254
0.4137827609460254
0.4137827609460254
0.4137827609460254
0.4137827609460254
0.4137827609460254
0.4137827609460254
0.4137827609460254
0.4137827609460254
0.4137827609460254
0.4137827609460254
0.4137827609460254
0.4137827609460254
0.4137827609460254
0.4137827609460254
0.4137827609460254
0.4137827609460254
0.4137827609460254
0.4137827609460254
0.4137827609460254
0.4137827609460254
0.4137827609460254
0.4137827609460254
0.4137827609460254
0.4137827609460254
0.4137827609460254
0.4137827609460254
0.4137827609460254
0.4137827609460254
0.4137827609460254
0.4137827609460254
0.4137827609460254
0.4137827609460254
0.4137827609460254
0.4137827609460254
0.4137827609460254
0.4137827609460254
0.4137827609460254
0.4137827609460254
0.4137827609460254
0.4137827609460254
0.4137827609460254
0.4137827609460254
0.4137827609460254
0.4137827609460254
0.4137827609460254
0.4137827609460254
0.4137827609460254
0.4137827609460254
0.4137827609460254
0.4137827609460254
0.4137827609460254
0.4137827609460254
0.4137827609460254
0.4137827609460254
0.4137827609460254
0.4137827609460254
0.4137827609460254
0.4137827609460254
0.4137827609460254
0.4137827609460254
0.4137827609460254
0.4137827609460254
0.4137827609460254
0.4137827609460254
0.4137827609460254
0.4137827609460254
0.4137827609460254
0.4137827609460254
0.4137827609460254
0.4137827609460254
0.4137827609460254
0.4137827609460254
0.4137827609460254
0.4137827609460254
0.4137827609460254
0.4137827609460254
0.4137827609460254
0.4137827609460254
0.4137827609460254
0.4137827609460254
0.4137827609460254
0.4137827609460254
0.4137827609460254
0.4137827609460254
0.4137827609460254
0.4137827609460254
0.4137827609460254
0.4137827609460254
0.4137827609460254
0.4137827609460254
0.4137827609460254
0.4137827609460254
0.4137827609460254
0.4137827609460254
0.4137827609460254
0.4137827609460254
0.4137827609460254
0.4137827609460254
0.4137827609460254
0.4137827609460254
0.4137827609460254
0.4137827609460254
0.4137827609460254
0.4137827609460254
0.4137827609460254
0.4137827609460254
0.4137827609460254
0.4137827609460254
0.4137827609460254
0.4137827609460254
0.4137827609460254
0.4137827609460254
0.4137827609460254
0.4137827609460254
0.4137827609460254
0.4137827609460254
0.4137827609460254
0.4137827609460254
0.4137827609460254
0.4137827609460254
0.4137827609460254
0.4137827609460254
0.4137827609460254
0.4137827609460254
0.4137827609460254
0.4137827609460254
0.4137827609460254
0.4137827609460254
0.4137827609460254
0.4137827609460254
0.4137827609460254
0.4137827609460254
0.4137827609460254
0.4137827609460254
0.4137827609460254
0.4137827609460254
0.4137827609460254
0.4137827609460254
0.4137827609460254
0.4137827609460254
0.4137827609460254
0.4137827609460254
0.4137827609460254
0.4137827609460254
0.4137827609460254
0.4137827609460254
0.4137827609460254
0.4137827609460254
0.4137827609460254
0.4137827609460254
0.4137827609460254
0.4137827609460254
0.4137827609460254
0.4137827609460254
0.4137827609460254
0.4137827609460254
0.4137827609460254
0.4137827609460254
0.4137827609460254
0.4137827609460254
0.4137827609460254
0.4137827609460254
0.4137827609460254
0.4137827609460254
0.4137827609460254
0.4137827609460254
0.4137827609460254
0.4137827609460254
0.4137827609460254
0.4137827609460254
0.4137827609460254
0.4137827609460254
0.4137827609460254
0.4137827609460254
0.4137827609460254
0.4137827609460254
0.4137827609460254
0.4137827609460254
0.4137827609460254
0.4137827609460254
0.4137827609460254
0.4137827609460254
0.4137827609460254
0.4137827609460254
0.4137827609460254
0.4137827609460254
0.4137827609460254
0.4137827609460254
0.4137827609460254
0.4137827609460254
0.4137827609460254
0.4137827609460254
0.4137827609460254
0.4137827609460254
0.4137827609460254
0.4137827609460254
0.4137827609460254
0.4137827609460254
0.4137827609460254
0.4137827609460254
0.4137827609460254
0.4137827609460254
0.4137827609460254
0.4137827609460254
0.4137827609460254
0.4137827609460254
0.4137827609460254
0.4137827609460254
0.4137827609460254
0.4137827609460254
0.4137827609460254
0.4137827609460254
0.4137827609460254
0.4137827609460254
0.4137827609460254
0.4137827609460254
0.4137827609460254
0.4137827609460254
0.4137827609460254
0.4137827609460254
0.4137827609460254
0.4137827609460254
0.4137827609460254
0.4137827609460254
0.4137827609460254
0.4137827609460254
0.4137827609460254
0.4137827609460254
0.4137827609460254
0.4137827609460254
0.4137827609460254
0.4137827609460254
0.4137827609460254
0.4137827609460254
0.4137827609460254
0.4137827609460254
0.4137827609460254
0.4137827609460254
0.4137827609460254
0.4137827609460254
0.4137827609460254
0.4137827609460254
0.4137827609460254
0.4137827609460254
0.4137827609460254
0.4137827609460254
0.4137827609460254
0.4137827609460254
0.4137827609460254
0.4137827609460254
0.4137827609460254
0.4137827609460254
0.4137827609460254
0.4137827609460254
0.4137827609460254
0.4137827609460254
0.4137827609460254
0.4137827609460254
0.4137827609460254
0.4137827609460254
0.4137827609460254
0.4137827609460254
0.4137827609460254
0.4137827609460254
0.4137827609460254
0.4137827609460254
0.4137827609460254
0.4137827609460254
0.4137827609460254
0.4137827609460254
0.4137827609460254
0.4137827609460254
0.4137827609460254
0.4137827609460254
0.4137827609460254
0.4137827609460254
0.4137827609460254
0.4137827609460254
0.4137827609460254
0.4137827609460254
0.4137827609460254
0.4137827609460254
0.4137827609460254
0.4137827609460254
0.4137827609460254
0.4137827609460254
0.4137827609460254
0.4137827609460254
0.4137827609460254
0.4137827609460254
0.4137827609460254
0.4137827609460254
0.4137827609460254
0.4137827609460254
0.4137827609460254
0.4137827609460254
0.4137827609460254
0.4137827609460254
0.4137827609460254
0.4137827609460254
0.4137827609460254
0.4137827609460254
0.4137827609460254
0.4137827609460254
0.4137827609460254
0.4137827609460254
0.4137827609460254
0.4137827609460254
0.4137827609460254
0.4137827609460254
0.4137827609460254
0.4137827609460254
0.4137827609460254
0.4137827609460254
0.4137827609460254
0.4137827609460254
0.4137827609460254
0.4137827609460254
0.4137827609460254
0.4137827609460254
0.4137827609460254
0.4137827609460254
0.4137827609460254
0.4137827609460254
0.4137827609460254
0.4137827609460254
0.4137827609460254
0.4137827609460254
0.4137827609460254
0.4137827609460254
0.4137827609460254
0.4137827609460254
0.4137827609460254
0.4137827609460254
0.4137827609460254
0.4137827609460254
0.4137827609460254
0.4137827609460254
0.4137827609460254
0.4137827609460254
0.4137827609460254
0.4137827609460254
0.4137827609460254
0.4137827609460254
0.4137827609460254
0.4137827609460254
0.4137827609460254
0.4137827609460254
0.4137827609460254
0.4137827609460254
0.4137827609460254
0.4137827609460254
0.4137827609460254
0.4137827609460254
0.4137827609460254
0.4137827609460254
0.4137827609460254
0.4137827609460254
0.4137827609460254
0.4137827609460254
0.4137827609460254
0.4137827609460254
0.4137827609460254
0.4137827609460254
0.4137827609460254
0.4137827609460254
0.4137827609460254
0.4137827609460254
0.4137827609460254
0.4137827609460254
0.4137827609460254
0.4137827609460254
0.4137827609460254
0.4137827609460254
0.4137827609460254
0.4137827609460254
0.4137827609460254
0.4137827609460254
0.4137827609460254
0.4137827609460254
0.4137827609460254
0.4137827609460254
0.4137827609460254
0.4137827609460254
0.4137827609460254
0.4137827609460254
0.4137827609460254
0.4137827609460254
0.4137827609460254
0.4137827609460254
0.4137827609460254
0.4137827609460254
0.4137827609460254
0.4137827609460254
0.4137827609460254
0.4137827609460254
0.4137827609460254
0.4137827609460254
0.4137827609460254
0.4137827609460254
0.4137827609460254
0.4137827609460254
0.4137827609460254
0.4137827609460254
0.4137827609460254
0.4137827609460254
0.4137827609460254
0.4137827609460254
0.4137827609460254
0.4137827609460254
0.4137827609460254
0.4137827609460254
0.4137827609460254
0.4137827609460254
0.4137827609460254
0.4137827609460254
0.4137827609460254
0.4137827609460254
0.4137827609460254
0.4137827609460254
0.4137827609460254
0.4137827609460254
0.4137827609460254
0.4137827609460254
0.4137827609460254
0.4137827609460254
0.4137827609460254
0.4137827609460254
0.4137827609460254
0.4137827609460254
0.4137827609460254
0.4137827609460254
0.4137827609460254
0.4137827609460254
0.4137827609460254
0.4137827609460254
0.4137827609460254
0.4137827609460254
0.4137827609460254
0.4137827609460254
0.4137827609460254
0.4137827609460254
0.4137827609460254
0.4137827609460254
0.4137827609460254
0.4137827609460254
0.4137827609460254
0.4137827609460254
0.4137827609460254
0.4137827609460254
0.4137827609460254
0.4137827609460254
0.4137827609460254
0.4137827609460254
0.4137827609460254
0.4137827609460254
0.4137827609460254
0.4137827609460254
0.4137827609460254
0.4137827609460254
0.4137827609460254
0.4137827609460254
0.4137827609460254
0.4137827609460254
0.4137827609460254
0.4137827609460254
0.4137827609460254
0.4137827609460254
0.4137827609460254
0.4137827609460254
0.4137827609460254
0.4137827609460254
0.4137827609460254
0.4137827609460254
0.4137827609460254
0.4137827609460254
0.4137827609460254
0.4137827609460254
0.4137827609460254
0.4137827609460254
0.4137827609460254
0.4137827609460254
0.4137827609460254
0.4137827609460254
0.4137827609460254
0.4137827609460254
0.4137827609460254
0.4137827609460254
0.4137827609460254
0.4137827609460254
0.4137827609460254
0.4137827609460254
0.4137827609460254
0.4137827609460254
0.4137827609460254
0.4137827609460254
0.4137827609460254
0.4137827609460254
0.4137827609460254
0.4137827609460254
0.4137827609460254
0.4137827609460254
0.4137827609460254
0.4137827609460254
0.4137827609460254
0.4137827609460254
0.4137827609460254
0.4137827609460254
0.4137827609460254
0.4137827609460254
0.4137827609460254
0.4137827609460254
0.4137827609460254
0.4137827609460254
0.4137827609460254
0.4137827609460254
0.4137827609460254
0.4137827609460254
0.4137827609460254
0.4137827609460254
0.4137827609460254
0.4137827609460254
0.4137827609460254
0.4137827609460254
0.4137827609460254
0.4137827609460254
0.4137827609460254
0.4137827609460254
0.4137827609460254
0.4137827609460254
0.4137827609460254
0.4137827609460254
0.4137827609460254
0.4137827609460254
0.4137827609460254
0.4137827609460254
0.4137827609460254
0.4137827609460254
0.4137827609460254
0.4137827609460254
0.4137827609460254
0.4137827609460254
0.4137827609460254
0.4137827609460254
0.4137827609460254
0.4137827609460254
0.4137827609460254
0.4137827609460254
0.4137827609460254
0.4137827609460254
0.4137827609460254
0.4137827609460254
0.4137827609460254
0.4137827609460254
0.4137827609460254
0.4137827609460254
0.4137827609460254
0.4137827609460254
0.4137827609460254
0.4137827609460254
0.4137827609460254
0.4137827609460254
0.4137827609460254
0.4137827609460254
0.4137827609460254
0.4137827609460254
0.4137827609460254
0.4137827609460254
0.4137827609460254
0.4137827609460254
0.4137827609460254
0.4137827609460254
0.4137827609460254
0.4137827609460254
0.4137827609460254
0.4137827609460254
0.4137827609460254
0.4137827609460254
0.4137827609460254
0.4137827609460254
0.4137827609460254
0.4137827609460254
0.4137827609460254
0.4137827609460254
0.4137827609460254
0.4137827609460254
0.4137827609460254
0.4137827609460254
0.4137827609460254
0.4137827609460254
0.4137827609460254
0.4137827609460254
0.4137827609460254
0.4137827609460254
0.4137827609460254
0.4137827609460254
0.4137827609460254
0.4137827609460254
0.4137827609460254
0.4137827609460254
0.4137827609460254
0.4137827609460254
0.4137827609460254
0.4137827609460254
0.4137827609460254
0.4137827609460254
0.4137827609460254
0.4137827609460254
0.4137827609460254
0.4137827609460254
0.4137827609460254
0.4137827609460254
0.4137827609460254
0.4137827609460254
0.4137827609460254
0.4137827609460254
0.4137827609460254
0.4137827609460254
0.4137827609460254
0.4137827609460254
0.4137827609460254
0.4137827609460254
0.4137827609460254
0.4137827609460254
0.4137827609460254
0.4137827609460254
0.4137827609460254
0.4137827609460254
0.4137827609460254
0.4137827609460254
0.4137827609460254
0.4137827609460254
0.4137827609460254
0.4137827609460254
0.4137827609460254
0.4137827609460254
0.4137827609460254
0.4137827609460254
0.4137827609460254
0.4137827609460254
0.4137827609460254
0.4137827609460254
0.4137827609460254
0.4137827609460254
0.4137827609460254
0.4137827609460254
0.4137827609460254
0.4137827609460254
0.4137827609460254
0.4137827609460254
0.4137827609460254
0.4137827609460254
0.4137827609460254
0.4137827609460254
0.4137827609460254
0.4137827609460254
0.4137827609460254
0.4137827609460254
0.4137827609460254
0.4137827609460254
0.4137827609460254
0.4137827609460254
0.4137827609460254
0.4137827609460254
0.4137827609460254
0.4137827609460254
0.4137827609460254
0.4137827609460254
0.4137827609460254
0.4137827609460254
0.4137827609460254
0.4137827609460254
0.4137827609460254
0.4137827609460254
0.4137827609460254
0.4137827609460254
0.4137827609460254
0.4137827609460254
0.4137827609460254
0.4137827609460254
0.4137827609460254
0.4137827609460254
0.4137827609460254
0.4137827609460254
0.4137827609460254
0.4137827609460254
0.4137827609460254
0.4137827609460254
0.4137827609460254
0.4137827609460254
0.4137827609460254
0.4137827609460254
0.4137827609460254
0.4137827609460254
0.4137827609460254
0.4137827609460254
0.4137827609460254
0.4137827609460254
0.4137827609460254
0.4137827609460254
0.4137827609460254
0.4137827609460254
0.4137827609460254
0.4137827609460254
0.4137827609460254
0.4137827609460254
0.4137827609460254
0.4137827609460254
0.4137827609460254
0.4137827609460254
0.4137827609460254
0.4137827609460254
0.4137827609460254
0.4137827609460254
0.4137827609460254
0.4137827609460254
0.4137827609460254
0.4137827609460254
0.4137827609460254
0.4137827609460254
0.4137827609460254
0.4137827609460254
0.4137827609460254
0.4137827609460254
0.4137827609460254
0.4137827609460254
0.4137827609460254
0.4137827609460254
0.4137827609460254
0.4137827609460254
0.4137827609460254
0.4137827609460254
0.4137827609460254
0.4137827609460254
0.4137827609460254
0.4137827609460254
0.4137827609460254
0.4137827609460254
0.4137827609460254
0.4137827609460254
0.4137827609460254
0.4137827609460254
0.4137827609460254
0.4137827609460254
0.4137827609460254
0.4137827609460254
0.4137827609460254
0.4137827609460254
0.4137827609460254
0.4137827609460254
0.4137827609460254
0.4137827609460254
0.4137827609460254
0.4137827609460254
0.4137827609460254
0.4137827609460254
0.4137827609460254
0.4137827609460254
0.4137827609460254
0.4137827609460254
0.4137827609460254
0.4137827609460254
0.4137827609460254
0.4137827609460254
0.4137827609460254
0.4137827609460254
0.4137827609460254
0.4137827609460254
0.4137827609460254
0.4137827609460254
0.4137827609460254
0.4137827609460254
0.4137827609460254
0.4137827609460254
0.4137827609460254
0.4137827609460254
0.4137827609460254
0.4137827609460254
0.4137827609460254
0.4137827609460254
0.4137827609460254
0.4137827609460254
0.4137827609460254
0.4137827609460254
0.4137827609460254
0.4137827609460254
0.4137827609460254
0.4137827609460254
0.4137827609460254
0.4137827609460254
0.4137827609460254
0.4137827609460254
0.4137827609460254
0.4137827609460254
0.4137827609460254
0.4137827609460254
0.4137827609460254
0.4137827609460254
0.4137827609460254
0.4137827609460254
0.4137827609460254
0.4137827609460254
0.4137827609460254
0.4137827609460254
0.4137827609460254
0.4137827609460254
0.4137827609460254
0.4137827609460254
0.4137827609460254
0.4137827609460254
0.4137827609460254
0.4137827609460254
0.4137827609460254
0.4137827609460254
0.4137827609460254
0.4137827609460254
0.4137827609460254
0.4137827609460254
0.4137827609460254
0.4137827609460254
0.4137827609460254
0.4137827609460254
0.4137827609460254
0.4137827609460254
0.4137827609460254
0.4137827609460254
0.4137827609460254
0.4137827609460254
0.4137827609460254
0.4137827609460254
0.4137827609460254
0.4137827609460254
0.4137827609460254
0.4137827609460254
0.4137827609460254
0.4137827609460254
0.4137827609460254
0.4137827609460254
0.4137827609460254
0.4137827609460254
0.4137827609460254
0.4137827609460254
0.4137827609460254
0.4137827609460254
0.4137827609460254
0.4137827609460254
0.4137827609460254
0.4137827609460254
0.4137827609460254
0.4137827609460254
0.4137827609460254
0.4137827609460254
0.4137827609460254
0.4137827609460254
0.4137827609460254
0.4137827609460254
0.4137827609460254
0.4137827609460254
0.4137827609460254
0.4137827609460254
0.4137827609460254
0.4137827609460254
0.4137827609460254
0.4137827609460254
0.4137827609460254
0.4137827609460254
0.4137827609460254
0.4137827609460254
0.4137827609460254
0.4137827609460254
0.4137827609460254
0.4137827609460254
0.4137827609460254
0.4137827609460254
0.4137827609460254
0.4137827609460254
0.4137827609460254
0.4137827609460254
0.4137827609460254
0.4137827609460254
0.4137827609460254
0.4137827609460254
0.4137827609460254
0.4137827609460254
0.4137827609460254
0.4137827609460254
0.4137827609460254
0.4137827609460254
0.4137827609460254
0.4137827609460254
0.4137827609460254
0.4137827609460254
0.4137827609460254
0.4137827609460254
0.4137827609460254
0.4137827609460254
0.4137827609460254
0.4137827609460254
0.4137827609460254
0.4137827609460254
0.4137827609460254
0.4137827609460254
0.4137827609460254
0.4137827609460254
0.4137827609460254
0.4137827609460254
0.4137827609460254
0.4137827609460254
0.4137827609460254
0.4137827609460254
0.4137827609460254
0.4137827609460254
0.4137827609460254
0.4137827609460254
0.4137827609460254
0.4137827609460254
0.4137827609460254
0.4137827609460254
0.4137827609460254
0.4137827609460254
0.4137827609460254
0.4137827609460254
0.4137827609460254
0.4137827609460254
0.4137827609460254
0.4137827609460254
0.4137827609460254
0.4137827609460254
0.4137827609460254
0.4137827609460254
0.4137827609460254
0.4137827609460254
0.4137827609460254
0.4137827609460254
0.4137827609460254
0.4137827609460254
0.4137827609460254
0.4137827609460254
0.4137827609460254
0.4137827609460254
0.4137827609460254
0.4137827609460254
0.4137827609460254
0.4137827609460254
0.4137827609460254
0.4137827609460254
0.4137827609460254
0.4137827609460254
0.4137827609460254
0.4137827609460254
0.4137827609460254
0.4137827609460254
0.4137827609460254
0.4137827609460254
0.4137827609460254
0.4137827609460254
0.4137827609460254
0.4137827609460254
0.4137827609460254
0.4137827609460254
0.4137827609460254
0.4137827609460254
0.4137827609460254
0.4137827609460254
0.4137827609460254
0.4137827609460254
0.4137827609460254
0.4137827609460254
0.4137827609460254
0.4137827609460254
0.4137827609460254
0.4137827609460254
0.4137827609460254
0.4137827609460254
0.4137827609460254
0.4137827609460254
0.4137827609460254
0.4137827609460254
0.4137827609460254
0.4137827609460254
0.4137827609460254
0.4137827609460254
0.4137827609460254
0.4137827609460254
0.4137827609460254
0.4137827609460254
0.4137827609460254
0.4137827609460254
0.4137827609460254
0.4137827609460254
0.4137827609460254
0.4137827609460254
0.4137827609460254
0.4137827609460254
0.4137827609460254
0.4137827609460254
0.4137827609460254
0.4137827609460254
0.4137827609460254
0.4137827609460254
0.4137827609460254
0.4137827609460254
0.4137827609460254
0.4137827609460254
0.4137827609460254
0.4137827609460254
0.4137827609460254
0.4137827609460254
0.4137827609460254
0.4137827609460254
0.4137827609460254
0.4137827609460254
0.4137827609460254
0.4137827609460254
0.4137827609460254
0.4137827609460254
0.4137827609460254
0.4137827609460254
0.4137827609460254
0.4137827609460254
0.4137827609460254
0.4137827609460254
0.4137827609460254
0.4137827609460254
0.4137827609460254
0.4137827609460254
0.4137827609460254
0.4137827609460254
0.4137827609460254
0.4137827609460254
0.4137827609460254
0.4137827609460254
0.4137827609460254
0.4137827609460254
0.4137827609460254
0.4137827609460254
0.4137827609460254
0.4137827609460254
0.4137827609460254
0.4137827609460254
0.4137827609460254
0.4137827609460254
0.4137827609460254
0.4137827609460254
0.4137827609460254
0.4137827609460254
0.4137827609460254
0.4137827609460254
0.4137827609460254
0.4137827609460254
0.4137827609460254
0.4137827609460254
0.4137827609460254
0.4137827609460254
0.4137827609460254
0.4137827609460254
0.4137827609460254
0.4137827609460254
0.4137827609460254
0.4137827609460254
0.4137827609460254
0.4137827609460254
0.4137827609460254
0.4137827609460254
0.4137827609460254
0.4137827609460254
0.4137827609460254
0.4137827609460254
0.4137827609460254
0.4137827609460254
0.4137827609460254
0.4137827609460254
0.4137827609460254
0.4137827609460254
0.4137827609460254
0.4137827609460254
0.4137827609460254
0.4137827609460254
0.4137827609460254
0.4137827609460254
0.4137827609460254
0.4137827609460254
0.4137827609460254
0.4137827609460254
0.4137827609460254
0.4137827609460254
0.4137827609460254
0.4137827609460254
0.4137827609460254
0.4137827609460254
0.4137827609460254
0.4137827609460254
0.4137827609460254
0.4137827609460254
0.4137827609460254
0.4137827609460254
0.4137827609460254
0.4137827609460254
0.4137827609460254
0.4137827609460254
0.4137827609460254
0.4137827609460254
0.4137827609460254
0.4137827609460254
0.4137827609460254
0.4137827609460254
0.4137827609460254
0.4137827609460254
0.4137827609460254
0.4137827609460254
0.4137827609460254
0.4137827609460254
0.4137827609460254
0.4137827609460254
0.4137827609460254
0.4137827609460254
0.4137827609460254
0.4137827609460254
0.4137827609460254
0.4137827609460254
0.4137827609460254
0.4137827609460254
0.4137827609460254
0.4137827609460254
0.4137827609460254
0.4137827609460254
0.4137827609460254
0.4137827609460254
0.4137827609460254
0.4137827609460254
0.4137827609460254
0.4137827609460254
0.4137827609460254
0.4137827609460254
0.4137827609460254
0.4137827609460254
0.4137827609460254
0.4137827609460254
0.4137827609460254
0.4137827609460254
0.4137827609460254
0.4137827609460254
0.4137827609460254
0.4137827609460254
0.4137827609460254
0.4137827609460254
0.4137827609460254
0.4137827609460254
0.4137827609460254
0.4137827609460254
0.4137827609460254
0.4137827609460254
0.4137827609460254
0.4137827609460254
0.4137827609460254
0.4137827609460254
0.4137827609460254
0.4137827609460254
0.4137827609460254
0.4137827609460254
0.4137827609460254
0.4137827609460254
0.4137827609460254
0.4137827609460254
0.4137827609460254
0.4137827609460254
0.4137827609460254
0.4137827609460254
0.4137827609460254
0.4137827609460254
0.4137827609460254
0.4137827609460254
0.4137827609460254
0.4137827609460254
0.4137827609460254
0.4137827609460254
0.4137827609460254
0.4137827609460254
0.4137827609460254
0.4137827609460254
0.4137827609460254
0.4137827609460254
0.4137827609460254
0.4137827609460254
0.4137827609460254
0.4137827609460254
0.4137827609460254
0.4137827609460254
0.4137827609460254
0.4137827609460254
0.4137827609460254
0.4137827609460254
0.4137827609460254
0.4137827609460254
0.4137827609460254
0.4137827609460254
0.4137827609460254
0.4137827609460254
0.4137827609460254
0.4137827609460254
0.4137827609460254
0.4137827609460254
0.4137827609460254
0.4137827609460254
0.4137827609460254
0.4137827609460254
0.4137827609460254
0.4137827609460254
0.4137827609460254
0.4137827609460254
0.4137827609460254
0.4137827609460254
0.4137827609460254
0.4137827609460254
0.4137827609460254
0.4137827609460254
0.4137827609460254
0.4137827609460254
0.4137827609460254
0.4137827609460254
0.4137827609460254
0.4137827609460254
0.4137827609460254
0.4137827609460254
0.4137827609460254
0.4137827609460254
0.4137827609460254
0.4137827609460254
0.4137827609460254
0.4137827609460254
0.4137827609460254
0.4137827609460254
0.4137827609460254
0.4137827609460254
0.4137827609460254
0.4137827609460254
0.4137827609460254
0.4137827609460254
0.4137827609460254
0.4137827609460254
0.4137827609460254
0.4137827609460254
0.4137827609460254
0.4137827609460254
0.4137827609460254
0.4137827609460254
0.4137827609460254
0.4137827609460254
0.4137827609460254
0.4137827609460254
0.4137827609460254
0.4137827609460254
0.4137827609460254
0.4137827609460254
0.4137827609460254
0.4137827609460254
0.4137827609460254
0.4137827609460254
0.4137827609460254
0.4137827609460254
0.4137827609460254
0.4137827609460254
0.4137827609460254
0.4137827609460254
0.4137827609460254
0.4137827609460254
0.4137827609460254
0.4137827609460254
0.4137827609460254
0.4137827609460254
0.4137827609460254
0.4137827609460254
0.4137827609460254
0.4137827609460254
0.4137827609460254
0.4137827609460254
0.4137827609460254
0.4137827609460254
0.4137827609460254
0.4137827609460254
0.4137827609460254
0.4137827609460254
0.4137827609460254
0.4137827609460254
0.4137827609460254
0.4137827609460254
0.4137827609460254
0.4137827609460254
0.4137827609460254
0.4137827609460254
0.4137827609460254
0.4137827609460254
0.4137827609460254
0.4137827609460254
0.4137827609460254
0.4137827609460254
0.4137827609460254
0.4137827609460254
0.4137827609460254
0.4137827609460254
0.4137827609460254
0.4137827609460254
0.4137827609460254
0.4137827609460254
0.4137827609460254
0.4137827609460254
0.4137827609460254
0.4137827609460254
0.4137827609460254
0.4137827609460254
0.4137827609460254
0.4137827609460254
0.4137827609460254
0.4137827609460254
0.4137827609460254
0.4137827609460254
0.4137827609460254
0.4137827609460254
0.4137827609460254
0.4137827609460254
0.4137827609460254
0.4137827609460254
0.4137827609460254
0.4137827609460254
0.4137827609460254
0.4137827609460254
0.4137827609460254
0.4137827609460254
0.4137827609460254
0.4137827609460254
0.4137827609460254
0.4137827609460254
0.4137827609460254
0.4137827609460254
0.4137827609460254
0.4137827609460254
0.4137827609460254
0.4137827609460254
0.4137827609460254
0.4137827609460254
0.4137827609460254
0.4137827609460254
0.4137827609460254
0.4137827609460254
0.4137827609460254
0.4137827609460254
0.4137827609460254
0.4137827609460254
0.4137827609460254
0.4137827609460254
0.4137827609460254
0.4137827609460254
0.4137827609460254
0.4137827609460254
0.4137827609460254
0.4137827609460254
0.4137827609460254
0.4137827609460254
0.4137827609460254
0.4137827609460254
0.4137827609460254
0.4137827609460254
0.4137827609460254
0.4137827609460254
0.4137827609460254
0.4137827609460254
0.4137827609460254
0.4137827609460254
0.4137827609460254
0.4137827609460254
0.4137827609460254
0.4137827609460254
0.4137827609460254
0.4137827609460254
0.4137827609460254
0.4137827609460254
0.4137827609460254
0.4137827609460254
0.4137827609460254
0.4137827609460254
0.4137827609460254
0.4137827609460254
0.4137827609460254
0.4137827609460254
0.4137827609460254
0.4137827609460254
0.4137827609460254
0.4137827609460254
0.4137827609460254
0.4137827609460254
0.4137827609460254
0.4137827609460254
0.4137827609460254
0.4137827609460254
0.4137827609460254
0.4137827609460254
0.4137827609460254
0.4137827609460254
0.4137827609460254
0.4137827609460254
0.4137827609460254
0.4137827609460254
0.4137827609460254
0.4137827609460254
0.4137827609460254
0.4137827609460254
0.4137827609460254
0.4137827609460254
0.4137827609460254
0.4137827609460254
0.4137827609460254
0.4137827609460254
0.4137827609460254
0.4137827609460254
0.4137827609460254
0.4137827609460254
0.4137827609460254
0.4137827609460254
0.4137827609460254
0.4137827609460254
0.4137827609460254
0.4137827609460254
0.4137827609460254
0.4137827609460254
0.4137827609460254
0.4137827609460254
0.4137827609460254
0.4137827609460254
0.4137827609460254
0.4137827609460254
0.4137827609460254
0.4137827609460254
0.4137827609460254
0.4137827609460254
0.4137827609460254
0.4137827609460254
0.4137827609460254
0.4137827609460254
0.4137827609460254
0.4137827609460254
0.4137827609460254
0.4137827609460254
0.4137827609460254
0.4137827609460254
0.4137827609460254
0.4137827609460254
0.4137827609460254
0.4137827609460254
0.4137827609460254
0.4137827609460254
0.4137827609460254
0.4137827609460254
0.4137827609460254
0.4137827609460254
0.4137827609460254
0.4137827609460254
0.4137827609460254
0.4137827609460254
0.4137827609460254
0.4137827609460254
0.4137827609460254
0.4137827609460254
0.4137827609460254
0.4137827609460254
0.4137827609460254
0.4137827609460254
0.4137827609460254
0.4137827609460254
0.4137827609460254
0.4137827609460254
0.4137827609460254
0.4137827609460254
0.4137827609460254
0.4137827609460254
0.4137827609460254
0.4137827609460254
0.4137827609460254
0.4137827609460254
0.4137827609460254
0.4137827609460254
0.4137827609460254
0.4137827609460254
0.4137827609460254
0.4137827609460254
0.4137827609460254
0.4137827609460254
0.4137827609460254
0.4137827609460254
0.4137827609460254
0.4137827609460254
0.4137827609460254
0.4137827609460254
0.4137827609460254
0.4137827609460254
0.4137827609460254
0.4137827609460254
0.4137827609460254
0.4137827609460254
0.4137827609460254
0.4137827609460254
0.4137827609460254
0.4137827609460254
0.4137827609460254
0.4137827609460254
0.4137827609460254
0.4137827609460254
0.4137827609460254
0.4137827609460254
0.4137827609460254
0.4137827609460254
0.4137827609460254
0.4137827609460254
0.4137827609460254
0.4137827609460254
0.4137827609460254
0.4137827609460254
0.4137827609460254
0.4137827609460254
0.4137827609460254
0.4137827609460254
0.4137827609460254
0.4137827609460254
0.4137827609460254
0.4137827609460254
0.4137827609460254
0.4137827609460254
0.4137827609460254
0.4137827609460254
0.4137827609460254
0.4137827609460254
0.4137827609460254
0.4137827609460254
0.4137827609460254
0.4137827609460254
0.4137827609460254
0.4137827609460254
0.4137827609460254
0.4137827609460254
0.4137827609460254
0.4137827609460254
0.4137827609460254
0.4137827609460254
0.4137827609460254
0.4137827609460254
0.4137827609460254
0.4137827609460254
0.4137827609460254
0.4137827609460254
0.4137827609460254
0.4137827609460254
0.4137827609460254
0.4137827609460254
0.4137827609460254
0.4137827609460254
0.4137827609460254
0.4137827609460254
0.4137827609460254
0.4137827609460254
0.4137827609460254
0.4137827609460254
0.4137827609460254
0.4137827609460254
0.4137827609460254
0.4137827609460254
0.4137827609460254
0.4137827609460254
0.4137827609460254
0.4137827609460254
0.4137827609460254
0.4137827609460254
0.4137827609460254
0.4137827609460254
0.4137827609460254
0.4137827609460254
0.4137827609460254
0.4137827609460254
0.4137827609460254
0.4137827609460254
0.4137827609460254
0.4137827609460254
0.4137827609460254
0.4137827609460254
0.4137827609460254
0.4137827609460254
0.4137827609460254
0.4137827609460254
0.4137827609460254
0.4137827609460254
0.4137827609460254
0.4137827609460254
0.4137827609460254
0.4137827609460254
0.4137827609460254
0.4137827609460254
0.4137827609460254
0.4137827609460254
0.4137827609460254
0.4137827609460254
0.4137827609460254
0.4137827609460254
0.4137827609460254
0.4137827609460254
0.4137827609460254
0.4137827609460254
0.4137827609460254
0.4137827609460254
0.4137827609460254
0.23309641156575844
0.23309641156575844
0.23309641156575844
0.23309641156575844
0.23309641156575844
0.23309641156575844
0.23309641156575844
0.23309641156575844
0.23309641156575844
0.23309641156575844
0.23309641156575844
0.23309641156575844
0.23309641156575844
0.23309641156575844
0.23309641156575844
0.23309641156575844
0.23309641156575844
0.23309641156575844
0.23309641156575844
0.23309641156575844
0.23309641156575844
0.23309641156575844
0.23309641156575844
0.23309641156575844
0.23309641156575844
0.23309641156575844
0.23309641156575844
0.23309641156575844
0.23309641156575844
0.23309641156575844
0.23309641156575844
0.23309641156575844
0.23309641156575844
0.23309641156575844
0.23309641156575844
0.23309641156575844
0.23309641156575844
0.23309641156575844
0.23309641156575844
0.23309641156575844
0.23309641156575844
0.23309641156575844
0.23309641156575844
0.23309641156575844
0.23309641156575844
0.23309641156575844
0.23309641156575844
0.23309641156575844
0.23309641156575844
0.23309641156575844
0.23309641156575844
0.23309641156575844
0.23309641156575844
0.23309641156575844
0.23309641156575844
0.23309641156575844
0.23309641156575844
0.23309641156575844
0.23309641156575844
0.23309641156575844
0.23309641156575844
0.23309641156575844
0.23309641156575844
0.23309641156575844
0.23309641156575844
0.23309641156575844
0.23309641156575844
0.23309641156575844
0.23309641156575844
0.23309641156575844
0.23309641156575844
0.23309641156575844
0.23309641156575844
0.23309641156575844
0.23309641156575844
0.23309641156575844
0.23309641156575844
0.23309641156575844
0.23309641156575844
0.23309641156575844
0.23309641156575844
0.23309641156575844
0.23309641156575844
0.23309641156575844
0.23309641156575844
0.23309641156575844
0.23309641156575844
0.23309641156575844
0.23309641156575844
0.23309641156575844
0.23309641156575844
0.23309641156575844
0.23309641156575844
0.23309641156575844
0.23309641156575844
0.23309641156575844
0.23309641156575844
0.23309641156575844
0.23309641156575844
0.23309641156575844
0.23309641156575844
0.23309641156575844
0.23309641156575844
0.23309641156575844
0.23309641156575844
0.23309641156575844
0.23309641156575844
0.23309641156575844
0.23309641156575844
0.23309641156575844
0.23309641156575844
0.23309641156575844
0.23309641156575844
0.23309641156575844
0.23309641156575844
0.23309641156575844
0.23309641156575844
0.23309641156575844
0.23309641156575844
0.23309641156575844
0.23309641156575844
0.23309641156575844
0.23309641156575844
0.23309641156575844
0.23309641156575844
0.23309641156575844
0.23309641156575844
0.23309641156575844
0.23309641156575844
0.23309641156575844
0.23309641156575844
0.23309641156575844
0.23309641156575844
0.23309641156575844
0.23309641156575844
0.23309641156575844
0.23309641156575844
0.23309641156575844
0.23309641156575844
0.23309641156575844
0.23309641156575844
0.23309641156575844
0.23309641156575844
0.23309641156575844
0.23309641156575844
0.23309641156575844
0.23309641156575844
0.23309641156575844
0.23309641156575844
0.23309641156575844
0.23309641156575844
0.23309641156575844
0.23309641156575844
0.23309641156575844
0.23309641156575844
0.23309641156575844
0.23309641156575844
0.23309641156575844
0.23309641156575844
0.23309641156575844
0.23309641156575844
0.23309641156575844
0.23309641156575844
0.23309641156575844
0.23309641156575844
0.23309641156575844
0.23309641156575844
0.23309641156575844
0.23309641156575844
0.23309641156575844
0.23309641156575844
0.23309641156575844
0.23309641156575844
0.23309641156575844
0.23309641156575844
0.23309641156575844
0.23309641156575844
0.23309641156575844
0.23309641156575844
0.23309641156575844
0.23309641156575844
0.23309641156575844
0.23309641156575844
0.23309641156575844
0.23309641156575844
0.23309641156575844
0.23309641156575844
0.23309641156575844
0.23309641156575844
0.23309641156575844
0.23309641156575844
0.23309641156575844
0.23309641156575844
0.23309641156575844
0.23309641156575844
0.23309641156575844
0.23309641156575844
0.23309641156575844
0.23309641156575844
0.23309641156575844
0.23309641156575844
0.23309641156575844
0.23309641156575844
0.23309641156575844
0.23309641156575844
0.23309641156575844
0.23309641156575844
0.23309641156575844
0.23309641156575844
0.23309641156575844
0.23309641156575844
0.23309641156575844
0.23309641156575844
0.23309641156575844
0.23309641156575844
0.23309641156575844
0.23309641156575844
0.23309641156575844
0.23309641156575844
0.23309641156575844
0.23309641156575844
0.23309641156575844
0.23309641156575844
0.23309641156575844
0.23309641156575844
0.23309641156575844
0.23309641156575844
0.23309641156575844
0.23309641156575844
0.23309641156575844
0.23309641156575844
0.23309641156575844
0.23309641156575844
0.23309641156575844
0.23309641156575844
0.23309641156575844
0.23309641156575844
0.23309641156575844
0.23309641156575844
0.23309641156575844
0.23309641156575844
0.23309641156575844
0.23309641156575844
0.23309641156575844
0.23309641156575844
0.23309641156575844
0.23309641156575844
0.23309641156575844
0.23309641156575844
0.23309641156575844
0.23309641156575844
0.23309641156575844
0.23309641156575844
0.23309641156575844
0.23309641156575844
0.23309641156575844
0.23309641156575844
0.23309641156575844
0.23309641156575844
0.23309641156575844
0.23309641156575844
0.23309641156575844
0.23309641156575844
0.23309641156575844
0.23309641156575844
0.23309641156575844
0.23309641156575844
0.23309641156575844
0.23309641156575844
0.23309641156575844
0.23309641156575844
0.23309641156575844
0.23309641156575844
0.23309641156575844
0.23309641156575844
0.23309641156575844
0.23309641156575844
0.23309641156575844
0.23309641156575844
0.23309641156575844
0.23309641156575844
0.23309641156575844
0.23309641156575844
0.23309641156575844
0.23309641156575844
0.23309641156575844
0.23309641156575844
0.23309641156575844
0.23309641156575844
0.23309641156575844
0.23309641156575844
0.23309641156575844
0.23309641156575844
0.23309641156575844
0.23309641156575844
0.23309641156575844
0.23309641156575844
0.23309641156575844
0.23309641156575844
0.23309641156575844
0.23309641156575844
0.23309641156575844
0.23309641156575844
0.23309641156575844
0.23309641156575844
0.23309641156575844
0.23309641156575844
0.23309641156575844
0.23309641156575844
0.23309641156575844
0.23309641156575844
0.23309641156575844
0.23309641156575844
0.23309641156575844
0.23309641156575844
0.23309641156575844
0.23309641156575844
0.23309641156575844
0.23309641156575844
0.23309641156575844
0.23309641156575844
0.23309641156575844
0.23309641156575844
0.23309641156575844
0.23309641156575844
0.23309641156575844
0.23309641156575844
0.23309641156575844
0.23309641156575844
0.23309641156575844
0.23309641156575844
0.23309641156575844
0.23309641156575844
0.23309641156575844
0.23309641156575844
0.23309641156575844
0.23309641156575844
0.23309641156575844
0.23309641156575844
0.23309641156575844
0.23309641156575844
0.23309641156575844
0.23309641156575844
0.23309641156575844
0.23309641156575844
0.23309641156575844
0.23309641156575844
0.23309641156575844
0.23309641156575844
0.23309641156575844
0.23309641156575844
0.23309641156575844
0.23309641156575844
0.23309641156575844
0.23309641156575844
0.23309641156575844
0.23309641156575844
0.23309641156575844
0.23309641156575844
0.23309641156575844
0.23309641156575844
0.23309641156575844
0.23309641156575844
0.23309641156575844
0.23309641156575844
0.23309641156575844
0.23309641156575844
0.23309641156575844
0.23309641156575844
0.23309641156575844
0.23309641156575844
0.23309641156575844
0.23309641156575844
0.23309641156575844
0.23309641156575844
0.23309641156575844
0.23309641156575844
0.23309641156575844
0.23309641156575844
0.23309641156575844
0.23309641156575844
0.23309641156575844
0.23309641156575844
0.23309641156575844
0.23309641156575844
0.23309641156575844
0.23309641156575844
0.23309641156575844
0.23309641156575844
0.23309641156575844
0.23309641156575844
0.23309641156575844
0.23309641156575844
0.23309641156575844
0.23309641156575844
0.23309641156575844
0.23309641156575844
0.23309641156575844
0.23309641156575844
0.23309641156575844
0.23309641156575844
0.23309641156575844
0.23309641156575844
0.23309641156575844
0.23309641156575844
0.23309641156575844
0.23309641156575844
0.23309641156575844
0.23309641156575844
0.23309641156575844
0.23309641156575844
0.23309641156575844
0.23309641156575844
0.23309641156575844
0.23309641156575844
0.23309641156575844
0.23309641156575844
0.23309641156575844
0.23309641156575844
0.23309641156575844
0.23309641156575844
0.23309641156575844
0.23309641156575844
0.23309641156575844
0.23309641156575844
0.23309641156575844
0.23309641156575844
0.23309641156575844
0.23309641156575844
0.23309641156575844
0.23309641156575844
0.23309641156575844
0.23309641156575844
0.23309641156575844
0.23309641156575844
0.23309641156575844
0.23309641156575844
0.23309641156575844
0.23309641156575844
0.23309641156575844
0.23309641156575844
0.23309641156575844
0.23309641156575844
0.23309641156575844
0.23309641156575844
0.23309641156575844
0.23309641156575844
0.23309641156575844
0.23309641156575844
0.23309641156575844
0.23309641156575844
0.23309641156575844
0.23309641156575844
0.23309641156575844
0.23309641156575844
0.23309641156575844
0.23309641156575844
0.23309641156575844
0.23309641156575844
0.23309641156575844
0.23309641156575844
0.23309641156575844
0.23309641156575844
0.23309641156575844
0.23309641156575844
0.23309641156575844
0.23309641156575844
0.23309641156575844
0.23309641156575844
0.23309641156575844
0.23309641156575844
0.23309641156575844
0.23309641156575844
0.23309641156575844
0.23309641156575844
0.23309641156575844
0.23309641156575844
0.23309641156575844
0.23309641156575844
0.23309641156575844
0.23309641156575844
0.23309641156575844
0.23309641156575844
0.23309641156575844
0.23309641156575844
0.23309641156575844
0.23309641156575844
0.23309641156575844
0.23309641156575844
0.23309641156575844
0.23309641156575844
0.23309641156575844
0.23309641156575844
0.23309641156575844
0.23309641156575844
0.23309641156575844
0.23309641156575844
0.23309641156575844
0.23309641156575844
0.23309641156575844
0.23309641156575844
0.23309641156575844
0.23309641156575844
0.23309641156575844
0.23309641156575844
0.23309641156575844
0.23309641156575844
0.23309641156575844
0.23309641156575844
0.23309641156575844
0.23309641156575844
0.23309641156575844
0.23309641156575844
0.23309641156575844
0.23309641156575844
0.23309641156575844
0.23309641156575844
0.23309641156575844
0.23309641156575844
0.23309641156575844
0.23309641156575844
0.23309641156575844
0.23309641156575844
0.23309641156575844
0.23309641156575844
0.23309641156575844
0.23309641156575844
0.23309641156575844
0.23309641156575844
0.23309641156575844
0.23309641156575844
0.23309641156575844
0.23309641156575844
0.23309641156575844
0.23309641156575844
0.23309641156575844
0.23309641156575844
0.23309641156575844
0.23309641156575844
0.23309641156575844
0.23309641156575844
0.23309641156575844
0.23309641156575844
0.23309641156575844
0.23309641156575844
0.23309641156575844
0.23309641156575844
0.23309641156575844
0.23309641156575844
0.23309641156575844
0.23309641156575844
0.23309641156575844
0.23309641156575844
0.23309641156575844
0.23309641156575844
0.23309641156575844
0.23309641156575844
0.23309641156575844
0.23309641156575844
0.23309641156575844
0.23309641156575844
0.23309641156575844
0.23309641156575844
0.23309641156575844
0.23309641156575844
0.23309641156575844
0.23309641156575844
0.23309641156575844
0.23309641156575844
0.23309641156575844
0.23309641156575844
0.23309641156575844
0.23309641156575844
0.23309641156575844
0.23309641156575844
0.23309641156575844
0.23309641156575844
0.23309641156575844
0.23309641156575844
0.23309641156575844
0.23309641156575844
0.23309641156575844
0.23309641156575844
0.23309641156575844
0.23309641156575844
0.23309641156575844
0.23309641156575844
0.23309641156575844
0.23309641156575844
0.23309641156575844
0.23309641156575844
0.23309641156575844
0.23309641156575844
0.23309641156575844
0.23309641156575844
0.23309641156575844
0.23309641156575844
0.23309641156575844
0.23309641156575844
0.23309641156575844
0.23309641156575844
0.23309641156575844
0.23309641156575844
0.23309641156575844
0.23309641156575844
0.23309641156575844
0.23309641156575844
0.23309641156575844
0.23309641156575844
0.23309641156575844
0.23309641156575844
0.23309641156575844
0.23309641156575844
0.23309641156575844
0.23309641156575844
0.23309641156575844
0.23309641156575844
0.23309641156575844
0.23309641156575844
0.23309641156575844
0.23309641156575844
0.23309641156575844
0.23309641156575844
0.23309641156575844
0.23309641156575844
0.23309641156575844
0.23309641156575844
0.23309641156575844
0.23309641156575844
0.23309641156575844
0.23309641156575844
0.23309641156575844
0.23309641156575844
0.23309641156575844
0.23309641156575844
0.23309641156575844
0.23309641156575844
0.23309641156575844
0.23309641156575844
0.23309641156575844
0.23309641156575844
0.23309641156575844
0.23309641156575844
0.23309641156575844
0.23309641156575844
0.23309641156575844
0.23309641156575844
0.23309641156575844
0.23309641156575844
0.23309641156575844
0.23309641156575844
0.23309641156575844
0.23309641156575844
0.23309641156575844
0.23309641156575844
0.23309641156575844
0.23309641156575844
0.23309641156575844
0.23309641156575844
0.23309641156575844
0.23309641156575844
0.23309641156575844
0.23309641156575844
0.23309641156575844
0.23309641156575844
0.23309641156575844
0.23309641156575844
0.23309641156575844
0.23309641156575844
0.23309641156575844
0.23309641156575844
0.23309641156575844
0.23309641156575844
0.23309641156575844
0.23309641156575844
0.23309641156575844
0.23309641156575844
0.23309641156575844
0.23309641156575844
0.23309641156575844
0.23309641156575844
0.23309641156575844
0.23309641156575844
0.23309641156575844
0.23309641156575844
0.23309641156575844
0.23309641156575844
0.23309641156575844
0.23309641156575844
0.23309641156575844
0.23309641156575844
0.23309641156575844
0.23309641156575844
0.23309641156575844
0.23309641156575844
0.23309641156575844
0.23309641156575844
0.23309641156575844
0.23309641156575844
0.23309641156575844
0.23309641156575844
0.23309641156575844
0.23309641156575844
0.23309641156575844
0.23309641156575844
0.23309641156575844
0.23309641156575844
0.23309641156575844
0.23309641156575844
0.23309641156575844
0.23309641156575844
0.23309641156575844
0.23309641156575844
0.23309641156575844
0.23309641156575844
0.23309641156575844
0.23309641156575844
0.23309641156575844
0.23309641156575844
0.23309641156575844
0.23309641156575844
0.23309641156575844
0.23309641156575844
0.23309641156575844
0.23309641156575844
0.23309641156575844
0.23309641156575844
0.23309641156575844
0.23309641156575844
0.23309641156575844
0.23309641156575844
0.23309641156575844
0.23309641156575844
0.23309641156575844
0.23309641156575844
0.23309641156575844
0.23309641156575844
0.23309641156575844
0.23309641156575844
0.23309641156575844
0.23309641156575844
0.23309641156575844
0.23309641156575844
0.23309641156575844
0.23309641156575844
0.23309641156575844
0.23309641156575844
0.23309641156575844
0.23309641156575844
0.23309641156575844
0.23309641156575844
0.23309641156575844
0.23309641156575844
0.23309641156575844
0.23309641156575844
0.23309641156575844
0.23309641156575844
0.23309641156575844
0.23309641156575844
0.23309641156575844
0.23309641156575844
0.23309641156575844
0.23309641156575844
0.23309641156575844
0.23309641156575844
0.23309641156575844
0.23309641156575844
0.23309641156575844
0.23309641156575844
0.23309641156575844
0.23309641156575844
0.23309641156575844
0.23309641156575844
0.23309641156575844
0.23309641156575844
0.23309641156575844
0.23309641156575844
0.23309641156575844
0.23309641156575844
0.23309641156575844
0.23309641156575844
0.23309641156575844
0.23309641156575844
0.23309641156575844
0.23309641156575844
0.23309641156575844
0.23309641156575844
0.23309641156575844
0.23309641156575844
0.23309641156575844
0.23309641156575844
0.23309641156575844
0.23309641156575844
0.23309641156575844
0.23309641156575844
0.23309641156575844
0.23309641156575844
0.23309641156575844
0.23309641156575844
0.23309641156575844
0.23309641156575844
0.23309641156575844
0.23309641156575844
0.23309641156575844
0.23309641156575844
0.23309641156575844
0.23309641156575844
0.23309641156575844
0.23309641156575844
0.23309641156575844
0.23309641156575844
0.23309641156575844
0.23309641156575844
0.23309641156575844
0.23309641156575844
0.23309641156575844
0.23309641156575844
0.23309641156575844
0.23309641156575844
0.23309641156575844
0.23309641156575844
0.23309641156575844
0.23309641156575844
0.23309641156575844
0.23309641156575844
0.23309641156575844
0.23309641156575844
0.23309641156575844
0.23309641156575844
0.23309641156575844
0.23309641156575844
0.23309641156575844
0.23309641156575844
0.23309641156575844
0.23309641156575844
0.23309641156575844
0.23309641156575844
0.23309641156575844
0.23309641156575844
0.23309641156575844
0.23309641156575844
0.23309641156575844
0.23309641156575844
0.23309641156575844
0.23309641156575844
0.23309641156575844
0.23309641156575844
0.23309641156575844
0.23309641156575844
0.23309641156575844
0.23309641156575844
0.23309641156575844
0.23309641156575844
0.23309641156575844
0.23309641156575844
0.23309641156575844
0.23309641156575844
0.23309641156575844
0.23309641156575844
0.23309641156575844
0.23309641156575844
0.23309641156575844
0.23309641156575844
0.23309641156575844
0.23309641156575844
0.23309641156575844
0.23309641156575844
0.23309641156575844
0.23309641156575844
0.23309641156575844
0.23309641156575844
0.23309641156575844
0.23309641156575844
0.23309641156575844
0.23309641156575844
0.23309641156575844
0.23309641156575844
0.23309641156575844
0.23309641156575844
0.23309641156575844
0.23309641156575844
0.23309641156575844
0.23309641156575844
0.23309641156575844
0.23309641156575844
0.23309641156575844
0.23309641156575844
0.23309641156575844
0.23309641156575844
0.23309641156575844
0.23309641156575844
0.23309641156575844
0.23309641156575844
0.23309641156575844
0.23309641156575844
0.23309641156575844
0.23309641156575844
0.23309641156575844
0.23309641156575844
0.23309641156575844
0.23309641156575844
0.23309641156575844
0.23309641156575844
0.23309641156575844
0.23309641156575844
0.23309641156575844
0.23309641156575844
0.23309641156575844
0.23309641156575844
0.23309641156575844
0.23309641156575844
0.23309641156575844
0.23309641156575844
0.23309641156575844
0.23309641156575844
0.23309641156575844
0.23309641156575844
0.23309641156575844
0.23309641156575844
0.23309641156575844
0.23309641156575844
0.23309641156575844
0.23309641156575844
0.23309641156575844
0.23309641156575844
0.23309641156575844
0.23309641156575844
0.23309641156575844
0.23309641156575844
0.23309641156575844
0.23309641156575844
0.23309641156575844
0.23309641156575844
0.23309641156575844
0.23309641156575844
0.23309641156575844
0.23309641156575844
0.23309641156575844
0.23309641156575844
0.23309641156575844
0.23309641156575844
0.23309641156575844
0.23309641156575844
0.23309641156575844
0.23309641156575844
0.23309641156575844
0.23309641156575844
0.23309641156575844
0.23309641156575844
0.23309641156575844
0.23309641156575844
0.23309641156575844
0.23309641156575844
0.23309641156575844
0.23309641156575844
0.23309641156575844
0.23309641156575844
0.23309641156575844
0.23309641156575844
0.23309641156575844
0.23309641156575844
0.23309641156575844
0.23309641156575844
0.23309641156575844
0.23309641156575844
0.23309641156575844
0.23309641156575844
0.23309641156575844
0.23309641156575844
0.23309641156575844
0.23309641156575844
0.23309641156575844
0.23309641156575844
0.23309641156575844
0.23309641156575844
0.23309641156575844
0.23309641156575844
0.23309641156575844
0.23309641156575844
0.23309641156575844
0.23309641156575844
0.23309641156575844
0.23309641156575844
0.23309641156575844
0.23309641156575844
0.23309641156575844
0.23309641156575844
0.23309641156575844
0.23309641156575844
0.23309641156575844
0.23309641156575844
0.23309641156575844
0.23309641156575844
0.23309641156575844
0.23309641156575844
0.23309641156575844
0.23309641156575844
0.23309641156575844
0.23309641156575844
0.23309641156575844
0.23309641156575844
0.23309641156575844
0.23309641156575844
0.23309641156575844
0.23309641156575844
0.23309641156575844
0.23309641156575844
0.23309641156575844
0.23309641156575844
0.23309641156575844
0.23309641156575844
0.23309641156575844
0.23309641156575844
0.23309641156575844
0.23309641156575844
0.23309641156575844
0.23309641156575844
0.23309641156575844
0.23309641156575844
0.23309641156575844
0.23309641156575844
0.23309641156575844
0.23309641156575844
0.23309641156575844
0.23309641156575844
0.23309641156575844
0.23309641156575844
0.23309641156575844
0.23309641156575844
0.23309641156575844
0.23309641156575844
0.23309641156575844
0.23309641156575844
0.23309641156575844
0.23309641156575844
0.23309641156575844
0.23309641156575844
0.23309641156575844
0.23309641156575844
0.23309641156575844
0.23309641156575844
0.23309641156575844
0.23309641156575844
0.23309641156575844
0.23309641156575844
0.23309641156575844
0.23309641156575844
0.23309641156575844
0.23309641156575844
0.23309641156575844
0.23309641156575844
0.23309641156575844
0.23309641156575844
0.23309641156575844
0.23309641156575844
0.23309641156575844
0.23309641156575844
0.23309641156575844
0.23309641156575844
0.23309641156575844
0.23309641156575844
0.23309641156575844
0.23309641156575844
0.23309641156575844
0.23309641156575844
0.23309641156575844
0.23309641156575844
0.23309641156575844
0.23309641156575844
0.23309641156575844
0.23309641156575844
0.23309641156575844
0.23309641156575844
0.23309641156575844
0.23309641156575844
0.23309641156575844
0.23309641156575844
0.23309641156575844
0.23309641156575844
0.23309641156575844
0.23309641156575844
0.23309641156575844
0.23309641156575844
0.23309641156575844
0.23309641156575844
0.23309641156575844
0.23309641156575844
0.23309641156575844
0.23309641156575844
0.23309641156575844
0.23309641156575844
0.23309641156575844
0.23309641156575844
0.23309641156575844
0.23309641156575844
0.23309641156575844
0.23309641156575844
0.23309641156575844
0.23309641156575844
0.23309641156575844
0.23309641156575844
0.23309641156575844
0.23309641156575844
0.23309641156575844
0.23309641156575844
0.23309641156575844
0.23309641156575844
0.23309641156575844
0.23309641156575844
0.23309641156575844
0.23309641156575844
0.23309641156575844
0.23309641156575844
0.23309641156575844
0.23309641156575844
0.23309641156575844
0.23309641156575844
0.23309641156575844
0.23309641156575844
0.23309641156575844
0.23309641156575844
0.23309641156575844
0.23309641156575844
0.23309641156575844
0.23309641156575844
0.23309641156575844
0.23309641156575844
0.23309641156575844
0.23309641156575844
0.23309641156575844
0.23309641156575844
0.23309641156575844
0.23309641156575844
0.23309641156575844
0.23309641156575844
0.23309641156575844
0.23309641156575844
0.23309641156575844
0.23309641156575844
0.23309641156575844
0.23309641156575844
0.23309641156575844
0.23309641156575844
0.23309641156575844
0.23309641156575844
0.23309641156575844
0.23309641156575844
0.23309641156575844
0.23309641156575844
0.23309641156575844
0.23309641156575844
0.23309641156575844
0.23309641156575844
0.23309641156575844
0.23309641156575844
0.23309641156575844
0.23309641156575844
0.23309641156575844
0.23309641156575844
0.23309641156575844
0.23309641156575844
0.23309641156575844
0.23309641156575844
0.23309641156575844
0.23309641156575844
0.23309641156575844
0.23309641156575844
0.23309641156575844
0.23309641156575844
0.23309641156575844
0.23309641156575844
0.23309641156575844
0.23309641156575844
0.23309641156575844
0.23309641156575844
0.23309641156575844
0.23309641156575844
0.23309641156575844
0.23309641156575844
0.23309641156575844
0.23309641156575844
0.23309641156575844
0.23309641156575844
0.23309641156575844
0.23309641156575844
0.23309641156575844
0.23309641156575844
0.23309641156575844
0.23309641156575844
0.23309641156575844
0.23309641156575844
0.23309641156575844
0.23309641156575844
0.23309641156575844
0.23309641156575844
0.23309641156575844
0.23309641156575844
0.23309641156575844
0.23309641156575844
0.23309641156575844
0.23309641156575844
0.23309641156575844
0.23309641156575844
0.23309641156575844
0.23309641156575844
0.23309641156575844
0.23309641156575844
0.23309641156575844
0.23309641156575844
0.23309641156575844
0.23309641156575844
0.23309641156575844
0.23309641156575844
0.23309641156575844
0.23309641156575844
0.23309641156575844
0.23309641156575844
0.23309641156575844
0.23309641156575844
0.23309641156575844
0.23309641156575844
0.23309641156575844
0.23309641156575844
0.23309641156575844
0.23309641156575844
0.23309641156575844
0.23309641156575844
0.23309641156575844
0.23309641156575844
0.23309641156575844
0.23309641156575844
0.23309641156575844
0.23309641156575844
0.23309641156575844
0.23309641156575844
0.23309641156575844
0.23309641156575844
0.23309641156575844
0.23309641156575844
0.23309641156575844
0.23309641156575844
0.23309641156575844
0.23309641156575844
0.23309641156575844
0.23309641156575844
0.23309641156575844
0.23309641156575844
0.23309641156575844
0.23309641156575844
0.23309641156575844
0.23309641156575844
0.23309641156575844
0.23309641156575844
0.23309641156575844
0.23309641156575844
0.23309641156575844
0.23309641156575844
0.23309641156575844
0.23309641156575844
0.23309641156575844
0.23309641156575844
0.23309641156575844
0.23309641156575844
0.23309641156575844
0.23309641156575844
0.23309641156575844
0.23309641156575844
0.23309641156575844
0.23309641156575844
0.23309641156575844
0.23309641156575844
0.23309641156575844
0.23309641156575844
0.23309641156575844
0.23309641156575844
0.23309641156575844
0.23309641156575844
0.23309641156575844
0.23309641156575844
0.23309641156575844
0.23309641156575844
0.23309641156575844
0.23309641156575844
0.23309641156575844
0.23309641156575844
0.23309641156575844
0.23309641156575844
0.23309641156575844
0.23309641156575844
0.23309641156575844
0.23309641156575844
0.23309641156575844
0.23309641156575844
0.23309641156575844
0.23309641156575844
0.23309641156575844
0.23309641156575844
0.23309641156575844
0.23309641156575844
0.23309641156575844
0.23309641156575844
0.23309641156575844
0.23309641156575844
0.23309641156575844
0.23309641156575844
0.23309641156575844
0.23309641156575844
0.23309641156575844
0.23309641156575844
0.23309641156575844
0.23309641156575844
0.23309641156575844
0.23309641156575844
0.23309641156575844
0.23309641156575844
0.23309641156575844
0.23309641156575844
0.23309641156575844
0.23309641156575844
0.23309641156575844
0.23309641156575844
0.23309641156575844
0.23309641156575844
0.23309641156575844
0.23309641156575844
0.23309641156575844
0.23309641156575844
0.23309641156575844
0.23309641156575844
0.23309641156575844
0.23309641156575844
0.23309641156575844
0.23309641156575844
0.23309641156575844
0.23309641156575844
0.23309641156575844
0.23309641156575844
0.23309641156575844
0.23309641156575844
0.23309641156575844
0.23309641156575844
0.23309641156575844
0.23309641156575844
0.23309641156575844
0.23309641156575844
0.23309641156575844
0.23309641156575844
0.23309641156575844
0.23309641156575844
0.23309641156575844
0.23309641156575844
0.23309641156575844
0.23309641156575844
0.23309641156575844
0.23309641156575844
0.23309641156575844
0.23309641156575844
0.23309641156575844
0.23309641156575844
0.23309641156575844
0.23309641156575844
0.23309641156575844
0.23309641156575844
0.23309641156575844
0.23309641156575844
0.23309641156575844
0.23309641156575844
0.23309641156575844
0.23309641156575844
0.23309641156575844
0.23309641156575844
0.23309641156575844
0.23309641156575844
0.23309641156575844
0.23309641156575844
0.23309641156575844
0.23309641156575844
0.23309641156575844
0.23309641156575844
0.23309641156575844
0.23309641156575844
0.23309641156575844
0.23309641156575844
0.23309641156575844
0.23309641156575844
0.23309641156575844
0.23309641156575844
0.23309641156575844
0.23309641156575844
0.23309641156575844
0.23309641156575844
0.23309641156575844
0.23309641156575844
0.23309641156575844
0.23309641156575844
0.23309641156575844
0.23309641156575844
0.23309641156575844
0.23309641156575844
0.23309641156575844
0.23309641156575844
0.23309641156575844
