29564.676232115424
29564.676232115424
29214.688358862404
28982.908097206848
28855.19586360543
28855.19586360543
28855.19586360543
28855.19586360543
28485.812034479615
28485.812034479615
28460.98163041248
28460.98163041248
28277.208766110012
28277.208766110012
28088.664648191923
28088.664648191923
28088.664648191923
28088.664648191923
28033.15998639539
27854.391020958697
27517.188155112766
27517.188155112766
27517.188155112766
27517.188155112766
27420.427600630464
27246.586810911103
27246.586810911103
27067.40791952834
27067.40791952834
26893.301000702144
26662.528846051962
26662.528846051962
26662.528846051962
26625.154542108463
26625.154542108463
26625.154542108463
26547.00241277165
26547.00241277165
26290.04903175047
26290.04903175047
26290.04903175047
26219.02777819019
26219.02777819019
26103.17308482305
26033.688256480713
26033.688256480713
26033.688256480713
26033.688256480713
25951.734578847816
25951.734578847816
25951.734578847816
25946.418268599326
25946.418268599326
25946.418268599326
25925.555191553914
25871.854005283338
25805.436138381
25805.436138381
25805.436138381
25805.436138381
25805.436138381
25720.02851847292
25703.208897979122
25703.208897979122
25703.208897979122
25608.762694936257
25423.71533967153
25423.71533967153
25423.71533967153
25423.71533967153
25135.340212482453
24902.23717382417
24542.580478314136
24542.580478314136
24542.580478314136
24478.522351876956
24478.522351876956
24478.522351876956
24446.29361905134
24446.29361905134
24178.522673673953
24178.522673673953
24086.808431146674
24086.808431146674
24086.808431146674
23799.694699853575
23720.50356405173
23720.50356405173
23620.565689506402
23526.14952538415
23526.14952538415
23526.14952538415
23342.920545610526
22980.461756290635
22947.136488969936
22947.136488969936
22818.55152405451
22667.387112169403
22493.508257056234
22421.893219031816
22248.035582972552
22248.035582972552
22248.035582972552
22100.271144983697
22020.971193123674
21741.703144570267
21663.23675445179
21610.559963796954
21476.984091658942
21395.884721948456
21198.504089132228
21103.60928965753
21103.60928965753
20969.615450318546
20833.19065249054
20833.19065249054
20833.19065249054
20756.355780092632
20607.14556309601
20607.14556309601
20603.15516499873
20603.15516499873
20504.84144327448
20504.84144327448
20504.84144327448
20447.171659004016
20447.171659004016
20447.171659004016
20447.171659004016
20447.171659004016
20427.85323459844
20427.85323459844
20232.68903745224
20218.317167664496
20218.317167664496
20218.317167664496
20218.317167664496
20218.317167664496
20218.317167664496
20218.317167664496
19891.213896387708
19891.213896387708
19742.140771140093
19742.140771140093
19526.90660006423
19371.280483446884
19371.280483446884
19371.280483446884
19191.480791264512
19188.481431069507
19119.77558040832
18973.240681329524
18973.240681329524
18973.240681329524
18973.240681329524
18973.240681329524
18973.240681329524
18973.240681329524
18973.240681329524
18973.240681329524
18957.150979099944
18957.150979099944
18957.150979099944
18675.35672809585
18354.49926591791
18354.49926591791
18354.49926591791
18354.49926591791
18354.49926591791
18354.49926591791
18128.55142398297
18087.63008198283
18063.27252234932
17811.345601664307
17811.345601664307
17797.32861180528
17797.32861180528
17768.95547588085
17768.95547588085
17707.865511403743
17662.680150118802
17574.8742777529
17574.8742777529
17574.8742777529
17574.8742777529
17305.66793159574
17219.308109165926
17188.614363052235
17188.614363052235
17188.614363052235
17082.198922324424
16888.50788439272
16888.50788439272
16797.487253757507
16797.487253757507
16667.018585800095
16667.018585800095
16667.018585800095
16570.322646055305
16570.322646055305
16539.530829333307
16463.6205561874
16463.6205561874
16331.488961499275
16331.488961499275
16331.488961499275
16191.183716774369
16191.183716774369
16191.183716774369
16048.270562237078
16048.270562237078
16048.270562237078
15984.829274970625
15933.763178154419
15666.527757068316
15666.527757068316
15666.527757068316
15666.527757068316
15628.708062949638
15628.708062949638
15628.708062949638
15559.876870005031
15346.476263200324
15346.476263200324
15199.225953275469
15199.225953275469
14988.424252508985
14911.06932833887
14911.06932833887
14851.99562642117
14812.531869896047
14812.531869896047
14778.056174144267
14753.945713113613
14753.945713113613
14654.599012151695
14654.599012151695
14654.599012151695
14654.599012151695
14654.599012151695
14598.220127864257
14598.220127864257
14529.694062981685
14529.694062981685
14529.694062981685
14529.694062981685
14529.694062981685
14529.694062981685
14420.002279470538
14420.002279470538
14132.326195044234
14000.534826301275
14000.534826301275
13832.555345796225
13711.729294334049
13577.391263717436
13472.986660032162
13472.986660032162
13472.986660032162
13472.986660032162
13472.986660032162
13430.839052299669
13409.882888458525
13409.882888458525
13409.882888458525
13409.882888458525
13371.848201383724
13189.809025834527
13189.809025834527
13147.613778301391
12947.639465129176
12947.639465129176
12928.444713941712
12803.713952214475
12803.713952214475
12794.069474130365
12794.069474130365
12794.069474130365
12794.069474130365
12773.792873724384
12659.814496207302
12659.814496207302
12532.161928505438
12481.322261671026
12481.322261671026
12333.890987248215
12189.390007291571
12189.390007291571
12068.600448904452
12068.600448904452
11874.03861635497
11788.008617504223
11742.971787977596
11742.971787977596
11742.971787977596
11572.272506344247
11572.272506344247
11572.272506344247
11572.272506344247
11527.282994250998
11453.986228450685
11400.154383072368
11400.154383072368
11377.511047618646
11377.511047618646
11295.513656408637
11295.513656408637
11288.125721341097
11288.125721341097
11120.389724763165
11120.389724763165
11082.720975673925
11082.720975673925
11029.209392900666
11029.209392900666
10922.683721716738
10922.683721716738
10922.683721716738
10767.818861859369
10767.818861859369
10767.818861859369
10767.818861859369
10745.880445495615
10655.218143684067
10459.11955305433
10231.824927563164
10231.824927563164
10161.48003742617
10161.48003742617
10132.364305625837
10132.364305625837
10107.82062247722
10107.82062247722
10107.82062247722
10107.82062247722
10105.333905446336
10061.93220692805
10061.93220692805
10061.93220692805
10061.93220692805
10061.93220692805
10001.117986591113
10001.117986591113
10001.117986591113
9955.578728996426
9955.578728996426
9955.578728996426
9955.578728996426
9891.35563896934
9887.288008023177
9887.288008023177
9854.711529051012
9854.711529051012
9854.711529051012
9775.969103575078
9775.969103575078
9775.969103575078
9766.320942419134
9634.315954661042
9634.315954661042
9634.315954661042
9634.315954661042
9634.315954661042
9604.502790001417
9604.502790001417
9604.502790001417
9582.081351645018
9582.081351645018
9582.081351645018
9582.081351645018
9582.081351645018
9498.060150136605
9498.060150136605
9498.060150136605
9498.060150136605
9498.060150136605
9498.060150136605
9498.060150136605
9440.075889737263
9440.075889737263
9440.075889737263
9387.468967139857
9387.468967139857
9387.468967139857
9322.268431991111
9322.268431991111
9319.155971291899
9272.07059757425
9272.07059757425
9272.07059757425
9272.07059757425
9272.07059757425
9272.07059757425
9072.401185401679
8988.366658202454
8988.366658202454
8964.011200561834
8846.024034836117
8637.387075257246
8637.387075257246
8601.03402142563
8601.03402142563
8450.117083397188
8417.92896163428
8417.92896163428
8417.92896163428
8417.92896163428
8417.92896163428
8387.25876228044
8233.820996494416
8160.969073898132
8160.969073898132
8094.179371869563
7958.421701444784
7958.421701444784
7932.4610892169185
7887.427216084369
7820.522974284601
7738.284404778493
7738.284404778493
7719.884200172978
7719.884200172978
7645.186131896864
7551.680490750418
7551.480250746246
7538.16850917157
7538.16850917157
7538.16850917157
7538.16850917157
7536.958037672491
7472.39849555699
7429.557230149807
7379.0838740365025
7357.346024883895
7305.216942527257
7305.216942527257
7305.216942527257
7227.314271071769
7227.314271071769
7175.897666525111
7175.897666525111
7175.897666525111
7105.297487953801
6914.1143867090395
6859.770448560602
6859.770448560602
6852.231557919012
6750.628445175264
6654.865021929414
6509.655543419288
6509.655543419288
6448.0608091875965
6448.0608091875965
6448.0608091875965
6448.0608091875965
6349.40607080783
6349.40607080783
6320.862722676957
6320.862722676957
6320.862722676957
6320.862722676957
6320.862722676957
6304.594905318333
6261.855538533654
6261.855538533654
6261.855538533654
6231.720046549492
6202.815314284251
6202.815314284251
6150.898963405548
6144.797866211122
6028.230013258642
6019.384848395659
6019.384848395659
6019.384848395659
6019.384848395659
6019.384848395659
6019.384848395659
5876.513909423348
5876.513909423348
5873.135858520662
5871.043334333915
5871.043334333915
5871.043334333915
5777.79435591501
5773.867824696309
5732.226448319798
5630.483432113831
5630.483432113831
5554.844586638532
5460.302642722991
5443.569078558143
5432.732779180103
5319.550957630111
5319.550957630111
5319.550957630111
5319.550957630111
5273.509638813541
5266.659525475591
5233.1583174744055
5233.1583174744055
5168.968466970966
5101.997472603118
5101.997472603118
5101.997472603118
5101.997472603118
5101.997472603118
4972.735000706939
4972.735000706939
4972.735000706939
4915.281462258055
4900.991042598562
4900.991042598562
4720.035405351745
4573.445441245967
4547.926820327986
4474.138931804417
4474.138931804417
4474.138931804417
4390.873524983036
4390.873524983036
4390.873524983036
4390.873524983036
4283.604314025057
4283.604314025057
4283.604314025057
4283.604314025057
4283.604314025057
4283.604314025057
4283.604314025057
4263.683990592888
4263.683990592888
4195.8820305570125
4175.013849974823
4154.290880380624
4036.9295323308156
4036.9295323308156
3979.041734948556
3974.226284318728
3974.226284318728
3974.226284318728
3871.19040518175
3871.19040518175
3843.3527565576555
3745.4751689400896
3667.820625202837
3667.820625202837
3667.820625202837
3617.4325173856337
3617.4325173856337
3585.8302779181054
3585.8302779181054
3585.8302779181054
3550.9745464177236
3511.1763958851448
3488.6886897722306
3470.7537563746755
3470.7537563746755
3470.7537563746755
3377.336128736706
3360.798579664063
3360.798579664063
3354.2500806762796
3354.2500806762796
3283.703557045559
3180.1966165030167
3180.1966165030167
3180.1966165030167
3074.3957956914346
3074.3957956914346
3008.099011388151
2993.5060976592094
2993.5060976592094
2993.5060976592094
2993.5060976592094
2901.154048259695
2895.042540493416
2835.7682146469165
2798.660146313065
2774.3399298402915
2774.3399298402915
2742.184616350421
2742.184616350421
2720.3306368177114
2720.3306368177114
2687.562227476049
2673.411976670053
2673.411976670053
2635.003433904005
2635.003433904005
2635.003433904005
2608.6024834228247
2608.6024834228247
2608.6024834228247
2608.6024834228247
2608.6024834228247
2608.6024834228247
2592.615169421228
2592.615169421228
2566.3232130472215
2557.638525782557
2557.638525782557
2557.638525782557
2557.638525782557
2507.4325301213057
2479.0698971222764
2479.0698971222764
2479.0698971222764
2461.914453559044
2461.914453559044
2453.2167682794184
2415.0771054393012
2415.0771054393012
2415.0771054393012
2348.5660512987783
2348.5660512987783
2258.4458604863585
2258.4458604863585
2258.4458604863585
2258.4458604863585
2224.0123795900863
2209.4908341802516
2150.059723031503
2074.0275161468076
2074.0275161468076
2051.2451879046826
2051.2451879046826
1994.8792110542634
1994.8792110542634
1994.8792110542634
1970.4567888173603
1970.4567888173603
1970.4567888173603
1953.202204002927
1898.6277671401874
1843.0545604733616
1843.0545604733616
1827.9564529922984
1812.3263285584228
1812.3263285584228
1812.3263285584228
1747.464136876038
1734.2159529424443
1734.2159529424443
1702.6575483412191
1702.6575483412191
1702.6575483412191
1701.5532280371135
1701.5532280371135
1701.5532280371135
1691.5809144724287
1691.5809144724287
1691.5809144724287
1691.5809144724287
1691.0163790601691
1691.0163790601691
1691.0163790601691
1691.0163790601691
1691.0163790601691
1691.0163790601691
1691.0163790601691
1691.0163790601691
1634.8593224836804
1634.8593224836804
1634.8593224836804
1634.8593224836804
1634.8593224836804
1634.8593224836804
1610.970261912131
1579.381441285344
1579.381441285344
1561.684376332139
1521.007892796366
1521.007892796366
1499.3567880386574
1499.3567880386574
1499.3567880386574
1499.3567880386574
1499.3567880386574
1417.5970073376684
1417.5970073376684
1409.752204371715
1409.752204371715
1402.8545845226408
1402.8545845226408
1384.6890060764545
1384.6890060764545
1330.3432993457568
1330.3432993457568
1330.3432993457568
1330.3432993457568
1330.3432993457568
1330.3432993457568
1330.3432993457568
1330.3432993457568
1322.409124710993
1322.409124710993
1319.5813301562548
1270.221185030655
1270.221185030655
1270.221185030655
1270.221185030655
1270.221185030655
1270.221185030655
1248.5033797233373
1248.5033797233373
1207.8097437231884
1207.8097437231884
1184.629619735501
1184.629619735501
1184.629619735501
1184.629619735501
1184.629619735501
1184.629619735501
1153.6516500383825
1148.25127089903
1148.25127089903
1148.25127089903
1140.1697674634663
1133.649566616503
1112.1437000364197
1112.1437000364197
1090.642822478781
1087.2837310059351
1027.9696305602617
990.0420965322251
971.5982842343618
922.0030457158686
922.0030457158686
903.8289923741796
892.2277555865641
848.2310375253068
828.1454504146734
825.9878655821486
825.9878655821486
806.4470985282043
806.4470985282043
806.4470985282043
806.4470985282043
806.4470985282043
806.4470985282043
806.4470985282043
773.5836774921561
760.2885890255413
760.2885890255413
760.2885890255413
760.2885890255413
752.0103913028631
750.751466945897
750.751466945897
750.751466945897
750.751466945897
691.4271055482986
633.4007778781736
619.1709784310272
613.2250611559086
588.8857554734939
551.225390570392
551.225390570392
539.7825383723347
539.7825383723347
539.7825383723347
539.7825383723347
539.7825383723347
539.7825383723347
539.4656491848372
539.4656491848372
534.6028962075428
534.6028962075428
534.6028962075428
534.6028962075428
515.4134177473832
515.4134177473832
515.4134177473832
464.606712753421
464.606712753421
464.606712753421
444.23828280779804
444.23828280779804
429.959675630658
404.25438243405495
370.5392551438833
370.5392551438833
370.5392551438833
370.29115653607744
370.29115653607744
370.29115653607744
362.01622908087603
362.01622908087603
358.0822172085316
358.0822172085316
358.0822172085316
358.0822172085316
346.8431663655542
345.3946904628102
325.92536092462785
325.92536092462785
325.92536092462785
325.92536092462785
325.92536092462785
325.92536092462785
298.15953783393246
291.15926013648624
255.76245744640315
255.76245744640315
255.76245744640315
255.76245744640315
255.76245744640315
255.76245744640315
252.14030953865716
252.14030953865716
252.14030953865716
252.14030953865716
252.14030953865716
252.14030953865716
252.14030953865716
237.07458422638888
237.07458422638888
237.07458422638888
237.07458422638888
222.76413643937377
218.67966070487077
218.67966070487077
216.46547456821716
203.741629675506
185.904673638223
168.96891853140053
168.96891853140053
158.5130904227518
158.5130904227518
158.5130904227518
145.97934612301987
143.7811019636691
143.7811019636691
143.7811019636691
130.31627125018812
130.31627125018812
130.31627125018812
130.31627125018812
130.31627125018812
130.31627125018812
121.94714372674274
121.94714372674274
111.85138737974393
111.85138737974393
102.67294372561277
102.67294372561277
99.91118924552694
96.74852177589173
96.74852177589173
96.74852177589173
93.67924671670012
93.67924671670012
84.93050212961033
77.14151687152017
77.14151687152017
77.14151687152017
70.05494406398768
62.57149378851054
62.57149378851054
62.57149378851054
58.51673150837733
58.51673150837733
49.26219613694073
49.26219613694073
49.26219613694073
43.752694536585864
43.752694536585864
35.959937920137065
35.959937920137065
35.959937920137065
35.959937920137065
35.959937920137065
35.959937920137065
30.45744717493945
30.45744717493945
30.45744717493945
29.555862011234204
29.555862011234204
28.84512597448776
28.30829258196525
28.30829258196525
28.30829258196525
28.30829258196525
25.166261037189283
23.989366095070814
23.989366095070814
23.989366095070814
20.905705005875518
20.905705005875518
20.905705005875518
20.905705005875518
20.905705005875518
20.340062846514172
20.340062846514172
19.49512661134232
19.49512661134232
19.49512661134232
19.49512661134232
19.49512661134232
19.49512661134232
19.49512661134232
19.49512661134232
17.752032440288627
17.752032440288627
11.984418693968813
11.984418693968813
8.563100783339495
8.563100783339495
8.563100783339495
8.563100783339495
8.563100783339495
8.563100783339495
8.563100783339495
8.563100783339495
7.936823496601775
7.936823496601775
7.676009250009432
7.676009250009432
3.9900529262964213
3.9900529262964213
3.9900529262964213
3.9900529262964213
3.9900529262964213
3.9900529262964213
3.9900529262964213
3.9900529262964213
3.5421198853358073
3.5421198853358073
3.5421198853358073
3.5421198853358073
3.5421198853358073
3.5421198853358073
3.5421198853358073
3.5421198853358073
3.5421198853358073
3.5421198853358073
3.4703089678081374
3.4703089678081374
3.4703089678081374
3.4703089678081374
3.4703089678081374
3.4703089678081374
3.4703089678081374
3.4703089678081374
3.4703089678081374
3.4703089678081374
3.4703089678081374
3.4703089678081374
3.4703089678081374
3.4703089678081374
3.4703089678081374
3.4703089678081374
3.4703089678081374
3.4703089678081374
3.4703089678081374
3.4703089678081374
3.4703089678081374
3.4703089678081374
3.4703089678081374
3.4703089678081374
3.4703089678081374
3.4703089678081374
3.4703089678081374
3.4703089678081374
3.4703089678081374
3.4703089678081374
3.4703089678081374
3.4703089678081374
2.4727971980846317
2.4727971980846317
2.4727971980846317
2.4727971980846317
2.4727971980846317
2.4727971980846317
2.4727971980846317
2.4727971980846317
2.4727971980846317
2.4727971980846317
2.4727971980846317
2.4727971980846317
2.4727971980846317
2.4727971980846317
2.4727971980846317
2.4727971980846317
2.4727971980846317
2.4727971980846317
2.4727971980846317
2.4727971980846317
2.4440832961539347
2.4440832961539347
2.4440832961539347
2.4440832961539347
2.4440832961539347
2.2194081381446082
2.2194081381446082
2.2194081381446082
2.2194081381446082
2.2194081381446082
2.2194081381446082
2.2194081381446082
2.2194081381446082
2.2194081381446082
2.2194081381446082
2.2194081381446082
2.2194081381446082
1.5054390308069947
1.5054390308069947
1.5054390308069947
1.5054390308069947
1.5054390308069947
1.5054390308069947
1.5054390308069947
1.5054390308069947
1.5054390308069947
1.5054390308069947
1.5054390308069947
1.5054390308069947
1.5054390308069947
1.5054390308069947
1.5054390308069947
1.5054390308069947
1.5054390308069947
1.5054390308069947
1.5054390308069947
1.5054390308069947
1.5054390308069947
1.5054390308069947
1.5054390308069947
1.5054390308069947
1.5054390308069947
1.3146671769263911
1.3146671769263911
1.3146671769263911
1.3146671769263911
1.3146671769263911
1.3146671769263911
1.3146671769263911
1.3146671769263911
1.3146671769263911
1.3146671769263911
1.3146671769263911
1.3146671769263911
1.3146671769263911
1.3146671769263911
1.3146671769263911
1.3146671769263911
1.3146671769263911
1.3146671769263911
1.3146671769263911
1.3146671769263911
1.3146671769263911
1.3146671769263911
1.3146671769263911
1.3146671769263911
1.3146671769263911
1.3146671769263911
1.2189256136889928
1.2189256136889928
1.2189256136889928
1.2189256136889928
0.8752007012508203
0.8752007012508203
0.8752007012508203
0.8752007012508203
0.8752007012508203
0.8752007012508203
0.8752007012508203
0.8752007012508203
0.8752007012508203
0.8752007012508203
0.8752007012508203
0.8515245030625561
0.8515245030625561
0.8515245030625561
0.8515245030625561
0.8515245030625561
0.8515245030625561
0.8515245030625561
0.8515245030625561
0.8515245030625561
0.8515245030625561
0.8515245030625561
0.8515245030625561
0.8515245030625561
0.8515245030625561
0.8515245030625561
0.8515245030625561
0.8515245030625561
0.8515245030625561
0.8515245030625561
0.8515245030625561
0.8515245030625561
0.8515245030625561
0.8515245030625561
0.8515245030625561
0.8515245030625561
0.8515245030625561
0.8515245030625561
0.8515245030625561
0.8515245030625561
0.8515245030625561
0.8515245030625561
0.8515245030625561
0.8515245030625561
0.8515245030625561
0.8515245030625561
0.8515245030625561
0.8515245030625561
0.4229676738877701
0.4229676738877701
0.4229676738877701
0.4229676738877701
0.4229676738877701
0.4229676738877701
0.4229676738877701
0.4229676738877701
0.4229676738877701
0.4229676738877701
0.4229676738877701
0.4229676738877701
0.4229676738877701
0.4229676738877701
0.4229676738877701
0.4229676738877701
0.4229676738877701
0.4229676738877701
0.4229676738877701
0.4229676738877701
0.4229676738877701
0.4229676738877701
0.4229676738877701
0.4229676738877701
0.4229676738877701
0.4229676738877701
0.4229676738877701
0.4229676738877701
0.4229676738877701
0.4229676738877701
0.4229676738877701
0.4229676738877701
0.4229676738877701
0.4229676738877701
0.4229676738877701
0.4229676738877701
0.4229676738877701
0.4229676738877701
0.4229676738877701
0.4229676738877701
0.4229676738877701
0.4229676738877701
0.4229676738877701
0.4229676738877701
0.4229676738877701
0.4229676738877701
0.4229676738877701
0.4229676738877701
0.4229676738877701
0.4229676738877701
0.4229676738877701
0.4229676738877701
0.4229676738877701
0.4229676738877701
0.4229676738877701
0.4229676738877701
0.4229676738877701
0.4229676738877701
0.4229676738877701
0.4229676738877701
0.4229676738877701
0.4229676738877701
0.4229676738877701
0.4229676738877701
0.4229676738877701
0.4229676738877701
0.4229676738877701
0.4229676738877701
0.4229676738877701
0.4229676738877701
0.4229676738877701
0.4229676738877701
0.4229676738877701
0.4229676738877701
0.4229676738877701
0.4229676738877701
0.4229676738877701
0.4229676738877701
0.4229676738877701
0.4229676738877701
0.4229676738877701
0.4229676738877701
0.4229676738877701
0.4229676738877701
0.4229676738877701
0.4229676738877701
0.4229676738877701
0.4229676738877701
0.4229676738877701
0.4229676738877701
0.4229676738877701
0.4229676738877701
0.4229676738877701
0.4229676738877701
0.4229676738877701
0.4229676738877701
0.4229676738877701
0.4229676738877701
0.4229676738877701
0.4229676738877701
0.4229676738877701
0.4229676738877701
0.4229676738877701
0.4229676738877701
0.4229676738877701
0.4229676738877701
0.4229676738877701
0.4229676738877701
0.4229676738877701
0.4229676738877701
0.4229676738877701
0.4229676738877701
0.4229676738877701
0.4229676738877701
0.4229676738877701
0.4229676738877701
0.4229676738877701
0.4229676738877701
0.4229676738877701
0.4229676738877701
0.4229676738877701
0.4229676738877701
0.4229676738877701
0.4229676738877701
0.4229676738877701
0.4229676738877701
0.4229676738877701
0.4229676738877701
0.4229676738877701
0.4229676738877701
0.4229676738877701
0.4229676738877701
0.4229676738877701
0.4229676738877701
0.4229676738877701
0.4229676738877701
0.4229676738877701
0.4229676738877701
0.4229676738877701
0.4229676738877701
0.4229676738877701
0.4229676738877701
0.4229676738877701
0.4229676738877701
0.4229676738877701
0.4229676738877701
0.4229676738877701
0.4229676738877701
0.4229676738877701
0.4229676738877701
0.4229676738877701
0.4229676738877701
0.4229676738877701
0.4229676738877701
0.4229676738877701
0.4229676738877701
0.4229676738877701
0.4229676738877701
0.4229676738877701
0.4229676738877701
0.4229676738877701
0.4229676738877701
0.4229676738877701
0.4229676738877701
0.4229676738877701
0.4229676738877701
0.4229676738877701
0.4229676738877701
0.4229676738877701
0.4229676738877701
0.4229676738877701
0.4229676738877701
0.4229676738877701
0.4229676738877701
0.4229676738877701
0.4229676738877701
0.4229676738877701
0.4229676738877701
0.4229676738877701
0.4229676738877701
0.4229676738877701
0.4229676738877701
0.4229676738877701
0.4229676738877701
0.4229676738877701
0.4229676738877701
0.4229676738877701
0.4229676738877701
0.4229676738877701
0.4229676738877701
0.4229676738877701
0.4229676738877701
0.4229676738877701
0.4229676738877701
0.4229676738877701
0.4229676738877701
0.4229676738877701
0.4229676738877701
0.4229676738877701
0.4229676738877701
0.4229676738877701
0.4229676738877701
0.4229676738877701
0.4229676738877701
0.4229676738877701
0.4229676738877701
0.4229676738877701
0.4229676738877701
0.4229676738877701
0.4229676738877701
0.4229676738877701
0.4229676738877701
0.4229676738877701
0.4229676738877701
0.4229676738877701
0.4229676738877701
0.4229676738877701
0.4229676738877701
0.4229676738877701
0.4229676738877701
0.4229676738877701
0.4229676738877701
0.4229676738877701
0.4229676738877701
0.4229676738877701
0.4229676738877701
0.4229676738877701
0.4229676738877701
0.4229676738877701
0.4229676738877701
0.4229676738877701
0.4229676738877701
0.4229676738877701
0.4229676738877701
0.4229676738877701
0.4229676738877701
0.4229676738877701
0.4229676738877701
0.4229676738877701
0.4229676738877701
0.4229676738877701
0.4229676738877701
0.4229676738877701
0.4229676738877701
0.4229676738877701
0.4229676738877701
0.4229676738877701
0.4229676738877701
0.4229676738877701
0.4229676738877701
0.4229676738877701
0.4229676738877701
0.4229676738877701
0.4229676738877701
0.4229676738877701
0.4229676738877701
0.4229676738877701
0.4229676738877701
0.4229676738877701
0.4229676738877701
0.4229676738877701
0.4229676738877701
0.4229676738877701
0.4229676738877701
0.4229676738877701
0.4229676738877701
0.4229676738877701
0.4229676738877701
0.4229676738877701
0.4229676738877701
0.4229676738877701
0.4229676738877701
0.4229676738877701
0.4229676738877701
0.4229676738877701
0.4229676738877701
0.4229676738877701
0.4229676738877701
0.4229676738877701
0.4229676738877701
0.4229676738877701
0.4229676738877701
0.4229676738877701
0.4229676738877701
0.4229676738877701
0.4229676738877701
0.4229676738877701
0.4229676738877701
0.4229676738877701
0.4229676738877701
0.4229676738877701
0.4229676738877701
0.4229676738877701
0.4229676738877701
0.4229676738877701
0.4229676738877701
0.4229676738877701
0.4229676738877701
0.4229676738877701
0.4229676738877701
0.4229676738877701
0.4229676738877701
0.4229676738877701
0.4229676738877701
0.4229676738877701
0.4229676738877701
0.4229676738877701
0.4229676738877701
0.4229676738877701
0.4229676738877701
0.4229676738877701
0.4229676738877701
0.4229676738877701
0.4229676738877701
0.4229676738877701
0.4229676738877701
0.4229676738877701
0.4229676738877701
0.4229676738877701
0.4229676738877701
0.4229676738877701
0.4229676738877701
0.4229676738877701
0.4229676738877701
0.4229676738877701
0.4229676738877701
0.4229676738877701
0.4229676738877701
0.4229676738877701
0.4229676738877701
0.4229676738877701
0.4229676738877701
0.4229676738877701
0.4229676738877701
0.4229676738877701
0.4229676738877701
0.4229676738877701
0.4229676738877701
0.4229676738877701
0.4229676738877701
0.4229676738877701
0.4229676738877701
0.4229676738877701
0.4229676738877701
0.4229676738877701
0.4229676738877701
0.4229676738877701
0.4229676738877701
0.4229676738877701
0.4229676738877701
0.4229676738877701
0.4229676738877701
0.4229676738877701
0.4229676738877701
0.4229676738877701
0.4229676738877701
0.4229676738877701
0.4229676738877701
0.4229676738877701
0.4229676738877701
0.4229676738877701
0.4229676738877701
0.4229676738877701
0.4229676738877701
0.4229676738877701
0.4229676738877701
0.4229676738877701
0.4229676738877701
0.4229676738877701
0.4229676738877701
0.4229676738877701
0.4229676738877701
0.4229676738877701
0.4229676738877701
0.4229676738877701
0.4229676738877701
0.4229676738877701
0.4229676738877701
0.4229676738877701
0.4229676738877701
0.4229676738877701
0.4229676738877701
0.4229676738877701
0.4229676738877701
0.4229676738877701
0.4229676738877701
0.4229676738877701
0.4229676738877701
0.4229676738877701
0.4229676738877701
0.4229676738877701
0.4229676738877701
0.4229676738877701
0.4229676738877701
0.4229676738877701
0.4229676738877701
0.4229676738877701
0.4229676738877701
0.4229676738877701
0.4229676738877701
0.4229676738877701
0.4229676738877701
0.4229676738877701
0.4229676738877701
0.4229676738877701
0.4229676738877701
0.4229676738877701
0.4229676738877701
0.4229676738877701
0.4229676738877701
0.4229676738877701
0.4229676738877701
0.4229676738877701
0.4229676738877701
0.4229676738877701
0.4229676738877701
0.4229676738877701
0.4229676738877701
0.4229676738877701
0.4229676738877701
0.4229676738877701
0.4229676738877701
0.4229676738877701
0.4229676738877701
0.4229676738877701
0.4229676738877701
0.4229676738877701
0.4229676738877701
0.4229676738877701
0.4229676738877701
0.4229676738877701
0.4229676738877701
0.4229676738877701
0.4229676738877701
0.4229676738877701
0.4229676738877701
0.4229676738877701
0.4229676738877701
0.4229676738877701
0.4229676738877701
0.4229676738877701
0.4229676738877701
0.4229676738877701
0.4229676738877701
0.4229676738877701
0.4229676738877701
0.4229676738877701
0.4229676738877701
0.4229676738877701
0.4229676738877701
0.4229676738877701
0.4229676738877701
0.4229676738877701
0.4229676738877701
0.4229676738877701
0.4229676738877701
0.4229676738877701
0.4229676738877701
0.4229676738877701
0.4229676738877701
0.4229676738877701
0.4229676738877701
0.4229676738877701
0.4229676738877701
0.4229676738877701
0.4229676738877701
0.4229676738877701
0.4229676738877701
0.4229676738877701
0.4229676738877701
0.4229676738877701
0.4229676738877701
0.4229676738877701
0.4229676738877701
0.4229676738877701
0.4229676738877701
0.4229676738877701
0.4229676738877701
0.4229676738877701
0.4229676738877701
0.4229676738877701
0.4229676738877701
0.4229676738877701
0.4229676738877701
0.4229676738877701
0.4229676738877701
0.4229676738877701
0.4229676738877701
0.4229676738877701
0.4229676738877701
0.4229676738877701
0.4229676738877701
0.4229676738877701
0.4229676738877701
0.4229676738877701
0.4229676738877701
0.4229676738877701
0.4229676738877701
0.4229676738877701
0.4229676738877701
0.4229676738877701
0.4229676738877701
0.4229676738877701
0.4229676738877701
0.4229676738877701
0.4229676738877701
0.4229676738877701
0.4229676738877701
0.4229676738877701
0.4229676738877701
0.4229676738877701
0.4229676738877701
0.4229676738877701
0.4229676738877701
0.4229676738877701
0.4229676738877701
0.4229676738877701
0.4229676738877701
0.4229676738877701
0.4229676738877701
0.4229676738877701
0.4229676738877701
0.4229676738877701
0.4229676738877701
0.4229676738877701
0.4229676738877701
0.4229676738877701
0.4229676738877701
0.4229676738877701
0.4229676738877701
0.4229676738877701
0.4229676738877701
0.4229676738877701
0.4229676738877701
0.4229676738877701
0.4229676738877701
0.4229676738877701
0.4229676738877701
0.4229676738877701
0.4229676738877701
0.4229676738877701
0.4229676738877701
0.4229676738877701
0.4229676738877701
0.4229676738877701
0.4229676738877701
0.4229676738877701
0.4229676738877701
0.4229676738877701
0.4229676738877701
0.4229676738877701
0.4229676738877701
0.4229676738877701
0.4229676738877701
0.4229676738877701
0.4229676738877701
0.4229676738877701
0.4229676738877701
0.4229676738877701
0.4229676738877701
0.4229676738877701
0.4229676738877701
0.4229676738877701
0.4229676738877701
0.4229676738877701
0.4229676738877701
0.4229676738877701
0.4229676738877701
0.4229676738877701
0.4229676738877701
0.4229676738877701
0.4229676738877701
0.4229676738877701
0.4229676738877701
0.4229676738877701
0.4229676738877701
0.4229676738877701
0.4229676738877701
0.4229676738877701
0.4229676738877701
0.4229676738877701
0.4229676738877701
0.4229676738877701
0.4229676738877701
0.4229676738877701
0.4229676738877701
0.4229676738877701
0.4229676738877701
0.4229676738877701
0.4229676738877701
0.4229676738877701
0.4229676738877701
0.4229676738877701
0.4229676738877701
0.4229676738877701
0.4229676738877701
0.4229676738877701
0.4229676738877701
0.4229676738877701
0.4229676738877701
0.4229676738877701
0.4229676738877701
0.4229676738877701
0.4229676738877701
0.4229676738877701
0.4229676738877701
0.4229676738877701
0.4229676738877701
0.4229676738877701
0.4229676738877701
0.4229676738877701
0.4229676738877701
0.4229676738877701
0.4229676738877701
0.4229676738877701
0.4229676738877701
0.4229676738877701
0.4229676738877701
0.4229676738877701
0.4229676738877701
0.4229676738877701
0.4229676738877701
0.4229676738877701
0.4229676738877701
0.4229676738877701
0.4229676738877701
0.4229676738877701
0.4229676738877701
0.4229676738877701
0.4229676738877701
0.4229676738877701
0.4229676738877701
0.4229676738877701
0.4229676738877701
0.4229676738877701
0.4229676738877701
0.4229676738877701
0.4229676738877701
0.4229676738877701
0.4229676738877701
0.4229676738877701
0.4229676738877701
0.4229676738877701
0.4229676738877701
0.4229676738877701
0.4229676738877701
0.4229676738877701
0.4229676738877701
0.4229676738877701
0.4229676738877701
0.4229676738877701
0.4229676738877701
0.4229676738877701
0.4229676738877701
0.4229676738877701
0.4229676738877701
0.4229676738877701
0.4229676738877701
0.4229676738877701
0.4229676738877701
0.4229676738877701
0.4229676738877701
0.4229676738877701
0.4229676738877701
0.4229676738877701
0.4229676738877701
0.4229676738877701
0.4229676738877701
0.4229676738877701
0.4229676738877701
0.4229676738877701
0.4229676738877701
0.4229676738877701
0.4229676738877701
0.4229676738877701
0.4229676738877701
0.4229676738877701
0.4229676738877701
0.4229676738877701
0.4229676738877701
0.4229676738877701
0.4229676738877701
0.4229676738877701
0.4229676738877701
0.4229676738877701
0.4229676738877701
0.4229676738877701
0.4229676738877701
0.4229676738877701
0.4229676738877701
0.4229676738877701
0.4229676738877701
0.4229676738877701
0.4229676738877701
0.4229676738877701
0.4229676738877701
0.4229676738877701
0.4229676738877701
0.4229676738877701
0.4229676738877701
0.4229676738877701
0.4229676738877701
0.4229676738877701
0.4229676738877701
0.4229676738877701
0.4229676738877701
0.4229676738877701
0.4229676738877701
0.4229676738877701
0.4229676738877701
0.4229676738877701
0.4229676738877701
0.4229676738877701
0.4229676738877701
0.4229676738877701
0.4229676738877701
0.4229676738877701
0.4229676738877701
0.4229676738877701
0.4229676738877701
0.4229676738877701
0.4229676738877701
0.4229676738877701
0.4229676738877701
0.4229676738877701
0.4229676738877701
0.4229676738877701
0.4229676738877701
0.4229676738877701
0.4229676738877701
0.4229676738877701
0.4229676738877701
0.4229676738877701
0.4229676738877701
0.4229676738877701
0.4229676738877701
0.4229676738877701
0.4229676738877701
0.4229676738877701
0.4229676738877701
0.4229676738877701
0.4229676738877701
0.4229676738877701
0.4229676738877701
0.4229676738877701
0.4229676738877701
0.4229676738877701
0.4229676738877701
0.4229676738877701
0.4229676738877701
0.4229676738877701
0.4229676738877701
0.4229676738877701
0.4229676738877701
0.4229676738877701
0.4229676738877701
0.4229676738877701
0.4229676738877701
0.4229676738877701
0.4229676738877701
0.4229676738877701
0.4229676738877701
0.4229676738877701
0.4229676738877701
0.4229676738877701
0.4229676738877701
0.4229676738877701
0.4229676738877701
0.4229676738877701
0.4229676738877701
0.4229676738877701
0.4229676738877701
0.4229676738877701
0.4229676738877701
0.4229676738877701
0.4229676738877701
0.4229676738877701
0.4229676738877701
0.4229676738877701
0.4229676738877701
0.4229676738877701
0.4229676738877701
0.4229676738877701
0.4229676738877701
0.4229676738877701
0.4229676738877701
0.4229676738877701
0.4229676738877701
0.4229676738877701
0.4229676738877701
0.4229676738877701
0.4229676738877701
0.4229676738877701
0.4229676738877701
0.4229676738877701
0.4229676738877701
0.4229676738877701
0.4229676738877701
0.4229676738877701
0.4229676738877701
0.4229676738877701
0.4229676738877701
0.4229676738877701
0.4229676738877701
0.4229676738877701
0.4229676738877701
0.4229676738877701
0.4229676738877701
0.4229676738877701
0.4229676738877701
0.4229676738877701
0.4229676738877701
0.4229676738877701
0.4229676738877701
0.4229676738877701
0.4229676738877701
0.4229676738877701
0.4229676738877701
0.4229676738877701
0.4229676738877701
0.4229676738877701
0.4229676738877701
0.4229676738877701
0.4229676738877701
0.4229676738877701
0.4229676738877701
0.4229676738877701
0.4229676738877701
0.4229676738877701
0.4229676738877701
0.4229676738877701
0.4229676738877701
0.4229676738877701
0.4229676738877701
0.4229676738877701
0.4229676738877701
0.4229676738877701
0.4229676738877701
0.4229676738877701
0.4229676738877701
0.4229676738877701
0.4229676738877701
0.4229676738877701
0.4229676738877701
0.4229676738877701
0.4229676738877701
0.4229676738877701
0.4229676738877701
0.4229676738877701
0.4229676738877701
0.4229676738877701
0.4229676738877701
0.4229676738877701
0.4229676738877701
0.4229676738877701
0.4229676738877701
0.4229676738877701
0.4229676738877701
0.4229676738877701
0.4229676738877701
0.4229676738877701
0.4229676738877701
0.4229676738877701
0.4229676738877701
0.4229676738877701
0.4229676738877701
0.4229676738877701
0.4229676738877701
0.4229676738877701
0.4229676738877701
0.4229676738877701
0.4229676738877701
0.4229676738877701
0.4229676738877701
0.4229676738877701
0.4229676738877701
0.4229676738877701
0.4229676738877701
0.4229676738877701
0.4229676738877701
0.4229676738877701
0.4229676738877701
0.4229676738877701
0.4229676738877701
0.4229676738877701
0.4229676738877701
0.4229676738877701
0.4229676738877701
0.4229676738877701
0.4229676738877701
0.4229676738877701
0.4229676738877701
0.4229676738877701
0.4229676738877701
0.4229676738877701
0.4229676738877701
0.4229676738877701
0.4229676738877701
0.4229676738877701
0.4229676738877701
0.4229676738877701
0.4229676738877701
0.4229676738877701
0.4229676738877701
0.4229676738877701
0.4229676738877701
0.4229676738877701
0.4229676738877701
0.4229676738877701
0.4229676738877701
0.4229676738877701
0.4229676738877701
0.4229676738877701
0.4229676738877701
0.4229676738877701
0.4229676738877701
0.4229676738877701
0.4229676738877701
0.4229676738877701
0.4229676738877701
0.4229676738877701
0.4229676738877701
0.4229676738877701
0.4229676738877701
0.4229676738877701
0.4229676738877701
0.4229676738877701
0.4229676738877701
0.4229676738877701
0.4229676738877701
0.4229676738877701
0.4229676738877701
0.4229676738877701
0.4229676738877701
0.4229676738877701
0.4229676738877701
0.4229676738877701
0.4229676738877701
0.4229676738877701
0.4229676738877701
0.4229676738877701
0.4229676738877701
0.4229676738877701
0.4229676738877701
0.4229676738877701
0.4229676738877701
0.4229676738877701
0.4229676738877701
0.4229676738877701
0.4229676738877701
0.4229676738877701
0.4229676738877701
0.4229676738877701
0.4229676738877701
0.4229676738877701
0.4229676738877701
0.4229676738877701
0.4229676738877701
0.4229676738877701
0.4229676738877701
0.4229676738877701
0.4229676738877701
0.4229676738877701
0.4229676738877701
0.4229676738877701
0.4229676738877701
0.4229676738877701
0.4229676738877701
0.4229676738877701
0.4229676738877701
0.4229676738877701
0.4229676738877701
0.4229676738877701
0.4229676738877701
0.4229676738877701
0.4229676738877701
0.4229676738877701
0.4229676738877701
0.4229676738877701
0.4229676738877701
0.4229676738877701
0.4229676738877701
0.4229676738877701
0.4229676738877701
0.4229676738877701
0.4229676738877701
0.4229676738877701
0.4229676738877701
0.4229676738877701
0.4229676738877701
0.4229676738877701
0.4229676738877701
0.4229676738877701
0.4229676738877701
0.4229676738877701
0.4229676738877701
0.4229676738877701
0.4229676738877701
0.4229676738877701
0.4229676738877701
0.4229676738877701
0.4229676738877701
0.4229676738877701
0.4229676738877701
0.4229676738877701
0.4229676738877701
0.4229676738877701
0.4229676738877701
0.4229676738877701
0.4229676738877701
0.4229676738877701
0.4229676738877701
0.4229676738877701
0.4229676738877701
0.4229676738877701
0.4229676738877701
0.4229676738877701
0.4229676738877701
0.4229676738877701
0.4229676738877701
0.4229676738877701
0.4229676738877701
0.4229676738877701
0.4229676738877701
0.4229676738877701
0.4229676738877701
0.4229676738877701
0.4229676738877701
0.4229676738877701
0.4229676738877701
0.4229676738877701
0.4229676738877701
0.4229676738877701
0.4229676738877701
0.4229676738877701
0.4229676738877701
0.4229676738877701
0.4229676738877701
0.4229676738877701
0.4229676738877701
0.4229676738877701
0.3098598219182422
0.3098598219182422
0.3098598219182422
0.3098598219182422
0.3098598219182422
0.3098598219182422
0.3098598219182422
0.3098598219182422
0.3098598219182422
0.3098598219182422
0.3098598219182422
0.3098598219182422
0.3098598219182422
0.3098598219182422
0.3098598219182422
0.3098598219182422
0.3098598219182422
0.3098598219182422
0.3098598219182422
0.3098598219182422
0.3098598219182422
0.3098598219182422
0.3098598219182422
0.3098598219182422
0.3098598219182422
0.3098598219182422
0.3098598219182422
0.3098598219182422
0.3098598219182422
0.3098598219182422
0.3098598219182422
0.3098598219182422
0.3098598219182422
0.3098598219182422
0.3098598219182422
0.3098598219182422
0.3098598219182422
0.3098598219182422
0.3098598219182422
0.3098598219182422
0.3098598219182422
0.3098598219182422
0.3098598219182422
0.3098598219182422
0.3098598219182422
0.3098598219182422
0.3098598219182422
0.3098598219182422
0.3098598219182422
0.3098598219182422
0.3098598219182422
0.3098598219182422
0.3098598219182422
0.3098598219182422
0.3098598219182422
0.3098598219182422
0.3098598219182422
0.3098598219182422
0.3098598219182422
0.3098598219182422
0.3098598219182422
0.3098598219182422
0.3098598219182422
0.3098598219182422
0.3098598219182422
0.3098598219182422
0.3098598219182422
0.3098598219182422
0.3098598219182422
0.3098598219182422
0.3098598219182422
0.3098598219182422
0.3098598219182422
0.3098598219182422
0.3098598219182422
0.3098598219182422
0.3098598219182422
0.3098598219182422
0.3098598219182422
0.3098598219182422
0.3098598219182422
0.3098598219182422
0.3098598219182422
0.3098598219182422
0.3098598219182422
0.3098598219182422
0.3098598219182422
0.3098598219182422
0.3098598219182422
0.3098598219182422
0.3098598219182422
0.3098598219182422
0.3098598219182422
0.3098598219182422
0.3098598219182422
0.3098598219182422
0.3098598219182422
0.3098598219182422
0.3098598219182422
0.3098598219182422
0.3098598219182422
0.3098598219182422
0.3098598219182422
0.3098598219182422
0.3098598219182422
0.3098598219182422
0.3098598219182422
0.3098598219182422
0.3098598219182422
0.3098598219182422
0.3098598219182422
0.3098598219182422
0.3098598219182422
0.3098598219182422
0.3098598219182422
0.3098598219182422
0.3098598219182422
0.3098598219182422
0.3098598219182422
0.3098598219182422
0.3098598219182422
0.3098598219182422
0.3098598219182422
0.3098598219182422
0.3098598219182422
0.3098598219182422
0.3098598219182422
0.3098598219182422
0.3098598219182422
0.3098598219182422
0.3098598219182422
0.3098598219182422
0.3098598219182422
0.3098598219182422
0.3098598219182422
0.3098598219182422
0.3098598219182422
0.3098598219182422
0.3098598219182422
0.3098598219182422
0.3098598219182422
0.3098598219182422
0.3098598219182422
0.3098598219182422
0.3098598219182422
0.3098598219182422
0.3098598219182422
0.3098598219182422
0.3098598219182422
0.3098598219182422
0.3098598219182422
0.3098598219182422
0.3098598219182422
0.3098598219182422
0.3098598219182422
0.3098598219182422
0.3098598219182422
0.3098598219182422
0.3098598219182422
0.3098598219182422
0.3098598219182422
0.3098598219182422
0.3098598219182422
0.3098598219182422
0.3098598219182422
0.3098598219182422
0.3098598219182422
0.3098598219182422
0.3098598219182422
0.3098598219182422
0.3098598219182422
0.3098598219182422
0.3098598219182422
0.3098598219182422
0.3098598219182422
0.3098598219182422
0.3098598219182422
0.3098598219182422
0.3098598219182422
0.3098598219182422
0.3098598219182422
0.3098598219182422
0.3098598219182422
0.3098598219182422
0.3098598219182422
0.3098598219182422
0.3098598219182422
0.3098598219182422
0.3098598219182422
0.3098598219182422
0.3098598219182422
0.3098598219182422
0.3098598219182422
0.3098598219182422
0.3098598219182422
0.3098598219182422
0.3098598219182422
0.3098598219182422
0.3098598219182422
0.3098598219182422
0.3098598219182422
0.3098598219182422
0.3098598219182422
0.3098598219182422
0.3098598219182422
0.3098598219182422
0.3098598219182422
0.3098598219182422
0.3098598219182422
0.3098598219182422
0.3098598219182422
0.3098598219182422
0.3098598219182422
0.3098598219182422
0.3098598219182422
0.3098598219182422
0.3098598219182422
0.3098598219182422
0.3098598219182422
0.3098598219182422
0.3098598219182422
0.3098598219182422
0.3098598219182422
0.3098598219182422
0.3098598219182422
0.3098598219182422
0.3098598219182422
0.3098598219182422
0.3098598219182422
0.3098598219182422
0.3098598219182422
0.3098598219182422
0.3098598219182422
0.3098598219182422
0.3098598219182422
0.3098598219182422
0.3098598219182422
0.3098598219182422
0.3098598219182422
0.3098598219182422
0.3098598219182422
0.3098598219182422
0.3098598219182422
0.3098598219182422
0.3098598219182422
0.3098598219182422
0.3098598219182422
0.3098598219182422
0.3098598219182422
0.3098598219182422
0.3098598219182422
0.3098598219182422
0.3098598219182422
0.3098598219182422
0.3098598219182422
0.3098598219182422
0.3098598219182422
0.3098598219182422
0.3098598219182422
0.3098598219182422
0.3098598219182422
0.3098598219182422
0.3098598219182422
0.3098598219182422
0.3098598219182422
0.3098598219182422
0.3098598219182422
0.3098598219182422
0.3098598219182422
0.3098598219182422
0.3098598219182422
0.3098598219182422
0.3098598219182422
0.3098598219182422
0.3098598219182422
0.3098598219182422
0.3098598219182422
0.3098598219182422
0.3098598219182422
0.3098598219182422
0.3098598219182422
0.3098598219182422
0.3098598219182422
0.3098598219182422
0.3098598219182422
0.3098598219182422
0.3098598219182422
0.3098598219182422
0.3098598219182422
0.3098598219182422
0.3098598219182422
0.3098598219182422
0.3098598219182422
0.3098598219182422
0.3098598219182422
0.3098598219182422
0.3098598219182422
0.3098598219182422
0.3098598219182422
0.3098598219182422
0.3098598219182422
0.3098598219182422
0.3098598219182422
0.3098598219182422
0.3098598219182422
0.3098598219182422
0.3098598219182422
0.3098598219182422
0.3098598219182422
0.3098598219182422
0.3098598219182422
0.3098598219182422
0.3098598219182422
0.3098598219182422
0.3098598219182422
0.3098598219182422
0.3098598219182422
0.3098598219182422
0.3098598219182422
0.3098598219182422
0.3098598219182422
0.3098598219182422
0.3098598219182422
0.3098598219182422
0.3098598219182422
0.3098598219182422
0.3098598219182422
0.3098598219182422
0.3098598219182422
0.3098598219182422
0.3098598219182422
0.3098598219182422
0.3098598219182422
0.3098598219182422
0.3098598219182422
0.3098598219182422
0.3098598219182422
0.3098598219182422
0.3098598219182422
0.3098598219182422
0.3098598219182422
0.3098598219182422
0.3098598219182422
0.3098598219182422
0.3098598219182422
0.3098598219182422
0.3098598219182422
0.3098598219182422
0.3098598219182422
0.3098598219182422
0.3098598219182422
0.3098598219182422
0.3098598219182422
0.3098598219182422
0.3098598219182422
0.3098598219182422
0.3098598219182422
0.3098598219182422
0.3098598219182422
0.3098598219182422
0.3098598219182422
0.3098598219182422
0.3098598219182422
0.3098598219182422
0.3098598219182422
0.3098598219182422
0.3098598219182422
0.3098598219182422
0.3098598219182422
0.3098598219182422
0.3098598219182422
0.3098598219182422
0.3098598219182422
0.3098598219182422
0.3098598219182422
0.3098598219182422
0.3098598219182422
0.3098598219182422
0.3098598219182422
0.3098598219182422
0.3098598219182422
0.3098598219182422
0.3098598219182422
0.3098598219182422
0.3098598219182422
0.3098598219182422
0.3098598219182422
0.3098598219182422
0.3098598219182422
0.3098598219182422
0.3098598219182422
0.3098598219182422
0.3098598219182422
0.3098598219182422
0.3098598219182422
0.3098598219182422
0.3098598219182422
0.3098598219182422
0.3098598219182422
0.3098598219182422
0.3098598219182422
0.3098598219182422
0.3098598219182422
0.3098598219182422
0.3098598219182422
0.3098598219182422
0.3098598219182422
0.3098598219182422
0.3098598219182422
0.3098598219182422
0.3098598219182422
0.3098598219182422
0.3098598219182422
0.3098598219182422
0.3098598219182422
0.3098598219182422
0.3098598219182422
0.3098598219182422
0.3098598219182422
0.3098598219182422
0.3098598219182422
0.3098598219182422
0.3098598219182422
0.3098598219182422
0.3098598219182422
0.3098598219182422
0.3098598219182422
0.3098598219182422
0.3098598219182422
0.3098598219182422
0.3098598219182422
0.3098598219182422
0.3098598219182422
0.3098598219182422
0.3098598219182422
0.3098598219182422
0.3098598219182422
0.3098598219182422
0.3098598219182422
0.3098598219182422
0.3098598219182422
0.3098598219182422
0.3098598219182422
0.3098598219182422
0.3098598219182422
0.3098598219182422
0.3098598219182422
0.3098598219182422
0.3098598219182422
0.3098598219182422
0.3098598219182422
0.3098598219182422
0.3098598219182422
0.3098598219182422
0.3098598219182422
0.3098598219182422
0.3098598219182422
0.3098598219182422
0.3098598219182422
0.3098598219182422
0.3098598219182422
0.3098598219182422
0.3098598219182422
0.3098598219182422
0.3098598219182422
0.3098598219182422
0.3098598219182422
0.3098598219182422
0.3098598219182422
0.3098598219182422
0.3098598219182422
0.3098598219182422
0.3098598219182422
0.3098598219182422
0.3098598219182422
0.3098598219182422
0.3098598219182422
0.3098598219182422
0.3098598219182422
0.3098598219182422
0.3098598219182422
0.3098598219182422
0.3098598219182422
0.3098598219182422
0.3098598219182422
0.3098598219182422
0.3098598219182422
0.3098598219182422
0.3098598219182422
0.3098598219182422
0.3098598219182422
0.3098598219182422
0.3098598219182422
0.3098598219182422
0.3098598219182422
0.3098598219182422
0.3098598219182422
0.3098598219182422
0.3098598219182422
0.3098598219182422
0.3098598219182422
0.3098598219182422
0.3098598219182422
0.3098598219182422
0.3098598219182422
0.3098598219182422
0.3098598219182422
0.3098598219182422
0.3098598219182422
0.3098598219182422
0.3098598219182422
0.3098598219182422
0.3098598219182422
0.3098598219182422
0.3098598219182422
0.3098598219182422
0.3098598219182422
0.3098598219182422
0.3098598219182422
0.3098598219182422
0.3098598219182422
0.3098598219182422
0.3098598219182422
0.3098598219182422
0.3098598219182422
0.3098598219182422
0.3098598219182422
0.3098598219182422
0.3098598219182422
0.3098598219182422
0.3098598219182422
0.3098598219182422
0.3098598219182422
0.3098598219182422
0.3098598219182422
0.3098598219182422
0.3098598219182422
0.3098598219182422
0.3098598219182422
0.3098598219182422
0.3098598219182422
0.3098598219182422
0.3098598219182422
0.3098598219182422
0.3098598219182422
0.3098598219182422
0.3098598219182422
0.3098598219182422
0.3098598219182422
0.3098598219182422
0.3098598219182422
0.3098598219182422
0.3098598219182422
0.3098598219182422
0.3098598219182422
0.3098598219182422
0.3098598219182422
0.3098598219182422
0.3098598219182422
0.3098598219182422
0.3098598219182422
0.3098598219182422
0.3098598219182422
0.3098598219182422
0.3098598219182422
0.3098598219182422
0.3098598219182422
0.3098598219182422
0.3098598219182422
0.3098598219182422
0.3098598219182422
0.3098598219182422
0.3098598219182422
0.3098598219182422
0.3098598219182422
0.3098598219182422
0.3098598219182422
0.3098598219182422
0.3098598219182422
0.3098598219182422
0.3098598219182422
0.3098598219182422
0.3098598219182422
0.3098598219182422
0.3098598219182422
0.3098598219182422
0.3098598219182422
0.3098598219182422
0.3098598219182422
0.3098598219182422
0.3098598219182422
0.3098598219182422
0.3098598219182422
0.3098598219182422
0.3098598219182422
0.3098598219182422
0.3098598219182422
0.3098598219182422
0.3098598219182422
0.3098598219182422
0.3098598219182422
0.3098598219182422
0.3098598219182422
0.3098598219182422
0.3098598219182422
0.3098598219182422
0.3098598219182422
0.3098598219182422
0.3098598219182422
0.3098598219182422
0.3098598219182422
0.3098598219182422
0.3098598219182422
0.3098598219182422
0.3098598219182422
0.3098598219182422
0.3098598219182422
0.3098598219182422
0.3098598219182422
0.3098598219182422
0.3098598219182422
0.3098598219182422
0.3098598219182422
0.3098598219182422
0.3098598219182422
0.3098598219182422
0.3098598219182422
0.3098598219182422
0.3098598219182422
0.3098598219182422
0.3098598219182422
0.3098598219182422
0.3098598219182422
0.3098598219182422
0.3098598219182422
0.3098598219182422
0.3098598219182422
0.3098598219182422
0.3098598219182422
0.3098598219182422
0.3098598219182422
0.3098598219182422
0.3098598219182422
0.3098598219182422
0.3098598219182422
0.3098598219182422
0.3098598219182422
0.3098598219182422
0.3098598219182422
0.3098598219182422
0.3098598219182422
0.3098598219182422
0.3098598219182422
0.3098598219182422
0.3098598219182422
0.3098598219182422
0.3098598219182422
0.3098598219182422
0.3098598219182422
0.3098598219182422
0.3098598219182422
0.3098598219182422
0.3098598219182422
0.3098598219182422
0.3098598219182422
0.3098598219182422
0.3098598219182422
0.3098598219182422
0.3098598219182422
0.3098598219182422
0.3098598219182422
0.3098598219182422
0.3098598219182422
0.3098598219182422
0.3098598219182422
0.3098598219182422
0.3098598219182422
0.3098598219182422
0.3098598219182422
0.3098598219182422
0.3098598219182422
0.3098598219182422
0.3098598219182422
0.3098598219182422
0.3098598219182422
0.3098598219182422
0.3098598219182422
0.3098598219182422
0.3098598219182422
0.3098598219182422
0.3098598219182422
0.3098598219182422
0.3098598219182422
0.3098598219182422
0.3098598219182422
0.3098598219182422
0.3098598219182422
0.3098598219182422
0.3098598219182422
0.3098598219182422
0.3098598219182422
0.3098598219182422
0.3098598219182422
0.3098598219182422
0.3098598219182422
0.3098598219182422
0.3098598219182422
0.3098598219182422
0.3098598219182422
0.3098598219182422
0.3098598219182422
0.3098598219182422
0.3098598219182422
0.3098598219182422
0.3098598219182422
0.3098598219182422
0.3098598219182422
0.3098598219182422
0.3098598219182422
0.3098598219182422
0.3098598219182422
0.3098598219182422
0.3098598219182422
0.3098598219182422
0.3098598219182422
0.3098598219182422
0.3098598219182422
0.3098598219182422
0.3098598219182422
0.3098598219182422
0.3098598219182422
0.3098598219182422
0.3098598219182422
0.3098598219182422
0.3098598219182422
0.3098598219182422
0.3098598219182422
0.3098598219182422
0.3098598219182422
0.3098598219182422
0.3098598219182422
0.3098598219182422
0.3098598219182422
0.3098598219182422
0.3098598219182422
0.3098598219182422
0.3098598219182422
0.3098598219182422
0.3098598219182422
0.3098598219182422
0.3098598219182422
0.3098598219182422
0.3098598219182422
0.3098598219182422
0.3098598219182422
0.3098598219182422
0.3098598219182422
0.3098598219182422
0.3098598219182422
0.3098598219182422
0.3098598219182422
0.3098598219182422
0.3098598219182422
0.3098598219182422
0.3098598219182422
0.3098598219182422
0.3098598219182422
0.3098598219182422
0.3098598219182422
0.3098598219182422
0.3098598219182422
0.3098598219182422
0.3098598219182422
0.3098598219182422
0.3098598219182422
0.3098598219182422
0.3098598219182422
0.3098598219182422
0.3098598219182422
0.3098598219182422
0.3098598219182422
0.3098598219182422
0.3098598219182422
0.3098598219182422
0.3098598219182422
0.3098598219182422
0.3098598219182422
0.3098598219182422
0.3098598219182422
0.3098598219182422
0.3098598219182422
0.3098598219182422
0.3098598219182422
0.3098598219182422
0.3098598219182422
0.3098598219182422
0.3098598219182422
0.3098598219182422
0.3098598219182422
0.3098598219182422
0.3098598219182422
0.3098598219182422
0.3098598219182422
0.3098598219182422
0.3098598219182422
0.3098598219182422
0.3098598219182422
0.3098598219182422
0.3098598219182422
0.3098598219182422
0.3098598219182422
0.3098598219182422
0.3098598219182422
0.3098598219182422
0.3098598219182422
0.3098598219182422
0.3098598219182422
0.3098598219182422
0.3098598219182422
0.3098598219182422
0.3098598219182422
0.3098598219182422
0.3098598219182422
0.3098598219182422
0.3098598219182422
0.3098598219182422
0.3098598219182422
0.3098598219182422
0.3098598219182422
0.3098598219182422
0.3098598219182422
0.3098598219182422
0.3098598219182422
0.3098598219182422
0.3098598219182422
0.3098598219182422
0.3098598219182422
0.3098598219182422
0.3098598219182422
0.3098598219182422
0.3098598219182422
0.3098598219182422
0.3098598219182422
0.3098598219182422
0.3098598219182422
0.3098598219182422
0.3098598219182422
0.3098598219182422
0.3098598219182422
0.3098598219182422
0.3098598219182422
0.3098598219182422
0.3098598219182422
0.3098598219182422
0.3098598219182422
0.3098598219182422
0.3098598219182422
0.3098598219182422
0.3098598219182422
0.3098598219182422
0.3098598219182422
0.3098598219182422
0.3098598219182422
0.3098598219182422
0.3098598219182422
0.3098598219182422
0.3098598219182422
0.3098598219182422
0.3098598219182422
0.3098598219182422
0.3098598219182422
0.3098598219182422
0.3098598219182422
0.3098598219182422
0.3098598219182422
0.3098598219182422
0.3098598219182422
0.3098598219182422
0.3098598219182422
0.3098598219182422
0.3098598219182422
0.3098598219182422
0.3098598219182422
0.3098598219182422
0.3098598219182422
0.3098598219182422
0.3098598219182422
0.3098598219182422
0.3098598219182422
0.3098598219182422
0.3098598219182422
0.3098598219182422
0.3098598219182422
0.3098598219182422
0.3098598219182422
0.3098598219182422
0.3098598219182422
0.3098598219182422
0.3098598219182422
0.3098598219182422
0.3098598219182422
0.3098598219182422
0.3098598219182422
0.3098598219182422
0.3098598219182422
0.3098598219182422
0.3098598219182422
0.3098598219182422
0.3098598219182422
0.3098598219182422
0.3098598219182422
0.3098598219182422
0.3098598219182422
0.3098598219182422
0.3098598219182422
0.3098598219182422
0.3098598219182422
0.3098598219182422
0.3098598219182422
0.3098598219182422
0.3098598219182422
0.3098598219182422
0.3098598219182422
0.3098598219182422
0.3098598219182422
0.3098598219182422
0.3098598219182422
0.3098598219182422
0.3098598219182422
0.3098598219182422
0.3098598219182422
0.3098598219182422
0.3098598219182422
0.3098598219182422
0.3098598219182422
0.3098598219182422
0.3098598219182422
0.3098598219182422
0.3098598219182422
0.3098598219182422
0.3098598219182422
0.3098598219182422
0.3098598219182422
0.3098598219182422
0.3098598219182422
0.3098598219182422
0.3098598219182422
0.3098598219182422
0.3098598219182422
0.3098598219182422
0.3098598219182422
0.3098598219182422
0.3098598219182422
0.3098598219182422
0.3098598219182422
0.3098598219182422
0.3098598219182422
0.3098598219182422
0.3098598219182422
0.3098598219182422
0.3098598219182422
0.3098598219182422
0.3098598219182422
0.3098598219182422
0.3098598219182422
0.3098598219182422
0.3098598219182422
0.3098598219182422
0.3098598219182422
0.3098598219182422
0.3098598219182422
0.3098598219182422
0.3098598219182422
0.3098598219182422
0.3098598219182422
0.3098598219182422
0.3098598219182422
0.3098598219182422
0.3098598219182422
0.3098598219182422
0.3098598219182422
0.3098598219182422
0.3098598219182422
0.3098598219182422
0.3098598219182422
0.3098598219182422
0.3098598219182422
0.3098598219182422
0.3098598219182422
0.3098598219182422
0.3098598219182422
0.3098598219182422
0.3098598219182422
0.3098598219182422
0.3098598219182422
0.3098598219182422
0.3098598219182422
0.3098598219182422
0.3098598219182422
0.3098598219182422
0.3098598219182422
0.3098598219182422
0.3098598219182422
0.3098598219182422
0.3098598219182422
0.3098598219182422
0.3098598219182422
0.3098598219182422
0.3098598219182422
0.3098598219182422
0.3098598219182422
0.3098598219182422
0.3098598219182422
0.3098598219182422
0.3098598219182422
0.3098598219182422
0.3098598219182422
0.3098598219182422
0.3098598219182422
0.3098598219182422
0.3098598219182422
0.3098598219182422
0.3098598219182422
0.3098598219182422
0.3098598219182422
0.3098598219182422
0.3098598219182422
0.3098598219182422
0.3098598219182422
0.3098598219182422
0.3098598219182422
0.3098598219182422
0.3098598219182422
0.3098598219182422
0.3098598219182422
0.3098598219182422
0.3098598219182422
0.3098598219182422
0.3098598219182422
0.3098598219182422
0.3098598219182422
0.3098598219182422
0.3098598219182422
0.3098598219182422
0.3098598219182422
0.3098598219182422
0.3098598219182422
0.3098598219182422
0.3098598219182422
0.3098598219182422
0.3098598219182422
0.3098598219182422
0.3098598219182422
0.3098598219182422
0.3098598219182422
0.3098598219182422
0.3098598219182422
0.3098598219182422
0.3098598219182422
0.3098598219182422
0.3098598219182422
0.3098598219182422
0.3098598219182422
0.3098598219182422
0.3098598219182422
0.3098598219182422
0.3098598219182422
0.3098598219182422
0.3098598219182422
0.3098598219182422
0.3098598219182422
0.3098598219182422
0.3098598219182422
0.3098598219182422
0.3098598219182422
0.3098598219182422
0.3098598219182422
0.3098598219182422
0.3098598219182422
0.3098598219182422
0.3098598219182422
0.3098598219182422
0.3098598219182422
0.3098598219182422
0.3098598219182422
0.3098598219182422
0.3098598219182422
0.3098598219182422
0.3098598219182422
0.3098598219182422
0.3098598219182422
0.3098598219182422
0.3098598219182422
0.3098598219182422
0.3098598219182422
0.3098598219182422
0.3098598219182422
0.3098598219182422
0.3098598219182422
0.3098598219182422
0.3098598219182422
0.3098598219182422
0.3098598219182422
0.3098598219182422
0.3098598219182422
0.3098598219182422
0.3098598219182422
0.3098598219182422
0.3098598219182422
0.3098598219182422
0.3098598219182422
0.3098598219182422
0.3098598219182422
0.3098598219182422
0.3098598219182422
0.3098598219182422
0.3098598219182422
0.3098598219182422
0.3098598219182422
0.3098598219182422
0.3098598219182422
0.3098598219182422
0.3098598219182422
0.3098598219182422
0.3098598219182422
0.3098598219182422
0.3098598219182422
0.3098598219182422
0.3098598219182422
0.3098598219182422
0.3098598219182422
0.3098598219182422
0.3098598219182422
0.3098598219182422
0.3098598219182422
0.3098598219182422
0.3098598219182422
0.3098598219182422
0.3098598219182422
0.3098598219182422
0.3098598219182422
0.3098598219182422
0.3098598219182422
0.3098598219182422
0.3098598219182422
0.3098598219182422
0.3098598219182422
0.3098598219182422
0.3098598219182422
0.3098598219182422
0.3098598219182422
0.3098598219182422
0.3098598219182422
0.3098598219182422
0.3098598219182422
0.3098598219182422
0.3098598219182422
0.3098598219182422
0.3098598219182422
0.3098598219182422
0.3098598219182422
0.3098598219182422
0.3098598219182422
0.3098598219182422
0.3098598219182422
0.3098598219182422
0.3098598219182422
0.3098598219182422
0.3098598219182422
0.3098598219182422
0.3098598219182422
0.3098598219182422
0.3098598219182422
0.3098598219182422
0.3098598219182422
0.3098598219182422
0.3098598219182422
0.3098598219182422
0.3098598219182422
0.3098598219182422
0.3098598219182422
0.3098598219182422
0.3098598219182422
0.3098598219182422
0.3098598219182422
0.3098598219182422
0.3098598219182422
0.3098598219182422
0.3098598219182422
0.3098598219182422
0.3098598219182422
0.3098598219182422
0.3098598219182422
0.3098598219182422
0.3098598219182422
0.3098598219182422
0.3098598219182422
0.3098598219182422
0.3098598219182422
0.3098598219182422
0.3098598219182422
0.3098598219182422
0.3098598219182422
0.3098598219182422
0.3098598219182422
0.3098598219182422
0.3098598219182422
0.3098598219182422
0.3098598219182422
0.3098598219182422
0.3098598219182422
0.3098598219182422
0.3098598219182422
0.3098598219182422
0.3098598219182422
0.3098598219182422
0.3098598219182422
0.3098598219182422
0.3098598219182422
0.3098598219182422
0.3098598219182422
0.3098598219182422
0.3098598219182422
0.3098598219182422
0.3098598219182422
0.3098598219182422
0.3098598219182422
0.3098598219182422
0.3098598219182422
0.3098598219182422
0.3098598219182422
0.3098598219182422
0.3098598219182422
0.3098598219182422
0.3098598219182422
0.3098598219182422
0.3098598219182422
0.3098598219182422
0.3098598219182422
0.3098598219182422
0.3098598219182422
0.3098598219182422
0.3098598219182422
0.3098598219182422
0.3098598219182422
0.3098598219182422
0.3098598219182422
0.3098598219182422
0.3098598219182422
0.3098598219182422
0.3098598219182422
0.3098598219182422
0.3098598219182422
0.3098598219182422
0.3098598219182422
0.3098598219182422
0.3098598219182422
0.3098598219182422
0.3098598219182422
0.3098598219182422
0.3098598219182422
0.3098598219182422
0.3098598219182422
0.3098598219182422
0.3098598219182422
0.3098598219182422
0.3098598219182422
0.3098598219182422
0.3098598219182422
0.3098598219182422
0.3098598219182422
0.3098598219182422
0.3098598219182422
0.3098598219182422
0.3098598219182422
0.3098598219182422
0.3098598219182422
0.3098598219182422
0.3098598219182422
0.3098598219182422
0.3098598219182422
0.3098598219182422
0.3098598219182422
0.3098598219182422
0.3098598219182422
0.3098598219182422
0.3098598219182422
0.3098598219182422
0.3098598219182422
0.3098598219182422
0.3098598219182422
0.3098598219182422
0.3098598219182422
0.3098598219182422
0.3098598219182422
0.3098598219182422
0.3098598219182422
0.3098598219182422
0.3098598219182422
0.3098598219182422
0.3098598219182422
0.3098598219182422
0.3098598219182422
0.3098598219182422
0.3098598219182422
0.3098598219182422
0.3098598219182422
0.3098598219182422
0.3098598219182422
0.3098598219182422
0.3098598219182422
0.3098598219182422
0.3098598219182422
0.3098598219182422
0.3098598219182422
0.3098598219182422
0.3098598219182422
0.3098598219182422
0.3098598219182422
0.3098598219182422
0.3098598219182422
0.3098598219182422
0.3098598219182422
0.3098598219182422
0.3098598219182422
0.3098598219182422
0.3098598219182422
0.3098598219182422
0.3098598219182422
0.3098598219182422
0.3098598219182422
0.3098598219182422
0.3098598219182422
0.3098598219182422
0.3098598219182422
0.3098598219182422
0.3098598219182422
0.3098598219182422
0.3098598219182422
0.3098598219182422
0.3098598219182422
0.3098598219182422
0.3098598219182422
0.3098598219182422
0.3098598219182422
0.3098598219182422
0.3098598219182422
0.3098598219182422
0.3098598219182422
0.3098598219182422
0.3098598219182422
0.3098598219182422
0.3098598219182422
0.3098598219182422
0.3098598219182422
0.3098598219182422
0.3098598219182422
0.3098598219182422
0.3098598219182422
0.3098598219182422
0.3098598219182422
0.3098598219182422
0.3098598219182422
0.3098598219182422
0.3098598219182422
0.3098598219182422
0.3098598219182422
0.3098598219182422
0.3098598219182422
0.3098598219182422
0.3098598219182422
0.3098598219182422
0.3098598219182422
0.3098598219182422
0.3098598219182422
0.3098598219182422
0.3098598219182422
0.3098598219182422
0.3098598219182422
0.3098598219182422
0.3098598219182422
0.3098598219182422
0.3098598219182422
0.3098598219182422
0.3098598219182422
0.3098598219182422
0.3098598219182422
0.3098598219182422
0.3098598219182422
0.3098598219182422
0.3098598219182422
0.3098598219182422
0.3098598219182422
0.3098598219182422
0.3098598219182422
0.3098598219182422
0.3098598219182422
0.3098598219182422
0.3098598219182422
0.3098598219182422
0.3098598219182422
0.3098598219182422
0.3098598219182422
0.3098598219182422
0.3098598219182422
0.3098598219182422
0.3098598219182422
0.3098598219182422
0.3098598219182422
0.3098598219182422
0.3098598219182422
0.3098598219182422
0.3098598219182422
0.3098598219182422
0.3098598219182422
0.3098598219182422
0.3098598219182422
0.3098598219182422
0.3098598219182422
0.3098598219182422
0.3098598219182422
0.3098598219182422
0.3098598219182422
0.3098598219182422
0.3098598219182422
0.3098598219182422
0.3098598219182422
0.3098598219182422
0.3098598219182422
0.3098598219182422
0.3098598219182422
0.3098598219182422
0.3098598219182422
0.3098598219182422
0.3098598219182422
0.3098598219182422
0.3098598219182422
0.3098598219182422
0.3098598219182422
0.3098598219182422
0.3098598219182422
0.3098598219182422
0.3098598219182422
0.3098598219182422
0.3098598219182422
0.3098598219182422
0.3098598219182422
0.3098598219182422
0.3098598219182422
0.3098598219182422
0.3098598219182422
0.3098598219182422
0.3098598219182422
0.3098598219182422
0.3098598219182422
0.3098598219182422
0.3098598219182422
0.3098598219182422
0.3098598219182422
0.3098598219182422
0.3098598219182422
0.3098598219182422
0.3098598219182422
0.3098598219182422
0.3098598219182422
0.3098598219182422
0.3098598219182422
0.3098598219182422
0.3098598219182422
0.3098598219182422
0.3098598219182422
0.3098598219182422
0.3098598219182422
0.3098598219182422
0.3098598219182422
0.3098598219182422
0.3098598219182422
0.3098598219182422
0.3098598219182422
0.3098598219182422
0.3098598219182422
0.3098598219182422
0.3098598219182422
0.3098598219182422
0.3098598219182422
0.3098598219182422
0.3098598219182422
0.3098598219182422
0.3098598219182422
0.3098598219182422
0.3098598219182422
0.3098598219182422
0.3098598219182422
0.3098598219182422
0.3098598219182422
0.3098598219182422
0.3098598219182422
0.3098598219182422
0.3098598219182422
0.3098598219182422
0.3098598219182422
0.3098598219182422
0.3098598219182422
0.3098598219182422
0.3098598219182422
0.3098598219182422
0.3098598219182422
0.3098598219182422
0.3098598219182422
0.3098598219182422
0.3098598219182422
0.3098598219182422
0.3098598219182422
0.3098598219182422
0.3098598219182422
0.3098598219182422
0.3098598219182422
0.3098598219182422
0.3098598219182422
0.3098598219182422
0.3098598219182422
0.3098598219182422
0.3098598219182422
0.3098598219182422
0.3098598219182422
0.3098598219182422
0.3098598219182422
0.3098598219182422
0.3098598219182422
0.3098598219182422
0.3098598219182422
0.3098598219182422
0.3098598219182422
0.3098598219182422
0.3098598219182422
0.3098598219182422
0.3098598219182422
0.3098598219182422
0.3098598219182422
0.3098598219182422
0.3098598219182422
0.3098598219182422
0.3098598219182422
0.3098598219182422
0.3098598219182422
0.3098598219182422
0.3098598219182422
0.3098598219182422
0.3098598219182422
0.3098598219182422
0.3098598219182422
0.3098598219182422
0.3098598219182422
0.3098598219182422
0.3098598219182422
0.3098598219182422
0.3098598219182422
0.3098598219182422
0.3098598219182422
0.3098598219182422
0.3098598219182422
0.3098598219182422
0.3098598219182422
0.3098598219182422
0.3098598219182422
0.3098598219182422
0.3098598219182422
0.3098598219182422
0.3098598219182422
0.3098598219182422
0.3098598219182422
0.3098598219182422
0.3098598219182422
0.3098598219182422
0.3098598219182422
0.3098598219182422
0.3098598219182422
0.3098598219182422
0.3098598219182422
0.3098598219182422
0.3098598219182422
0.3098598219182422
0.3098598219182422
0.3098598219182422
0.3098598219182422
0.3098598219182422
0.3098598219182422
0.3098598219182422
0.3098598219182422
0.3098598219182422
0.3098598219182422
0.3098598219182422
0.3098598219182422
0.3098598219182422
0.3098598219182422
0.3098598219182422
0.3098598219182422
0.3098598219182422
0.3098598219182422
0.3098598219182422
0.3098598219182422
0.3098598219182422
0.3098598219182422
0.3098598219182422
0.3098598219182422
0.3098598219182422
0.3098598219182422
0.3098598219182422
0.3098598219182422
0.3098598219182422
0.3098598219182422
0.3098598219182422
0.3098598219182422
0.3098598219182422
0.3098598219182422
0.3098598219182422
0.3098598219182422
0.3098598219182422
0.3098598219182422
0.3098598219182422
0.3098598219182422
0.3098598219182422
0.3098598219182422
0.3098598219182422
0.3098598219182422
0.3098598219182422
0.3098598219182422
0.3098598219182422
0.3098598219182422
0.3098598219182422
0.3098598219182422
0.3098598219182422
0.3098598219182422
0.3098598219182422
0.3098598219182422
0.3098598219182422
0.3098598219182422
0.3098598219182422
0.3098598219182422
0.3098598219182422
0.3098598219182422
0.3098598219182422
0.3098598219182422
0.3098598219182422
0.3098598219182422
0.3098598219182422
0.3098598219182422
0.3098598219182422
0.3098598219182422
0.3098598219182422
0.3098598219182422
0.3098598219182422
0.3098598219182422
0.3098598219182422
0.3098598219182422
0.3098598219182422
0.3098598219182422
0.3098598219182422
0.3098598219182422
0.3098598219182422
0.3098598219182422
0.3098598219182422
0.3098598219182422
0.3098598219182422
0.3098598219182422
0.3098598219182422
0.3098598219182422
0.3098598219182422
0.3098598219182422
0.3098598219182422
0.3098598219182422
0.3098598219182422
0.3098598219182422
0.3098598219182422
0.3098598219182422
0.3098598219182422
0.3098598219182422
0.3098598219182422
0.3098598219182422
0.3098598219182422
0.3098598219182422
0.3098598219182422
0.3098598219182422
0.3098598219182422
0.3098598219182422
0.3098598219182422
0.3098598219182422
0.3098598219182422
0.3098598219182422
0.3098598219182422
0.3098598219182422
0.3098598219182422
0.3098598219182422
0.3098598219182422
0.3098598219182422
0.3098598219182422
0.3098598219182422
0.3098598219182422
0.3098598219182422
0.3098598219182422
0.3098598219182422
0.3098598219182422
0.3098598219182422
0.3098598219182422
0.3098598219182422
0.3098598219182422
0.3098598219182422
0.3098598219182422
0.3098598219182422
0.3098598219182422
0.3098598219182422
0.3098598219182422
0.3098598219182422
0.3098598219182422
0.3098598219182422
0.3098598219182422
0.3098598219182422
0.3098598219182422
0.3098598219182422
0.3098598219182422
0.3098598219182422
0.3098598219182422
0.3098598219182422
0.3098598219182422
0.3098598219182422
0.3098598219182422
0.3098598219182422
0.3098598219182422
0.3098598219182422
0.3098598219182422
0.3098598219182422
0.3098598219182422
0.3098598219182422
0.3098598219182422
0.3098598219182422
0.3098598219182422
0.3098598219182422
0.3098598219182422
0.3098598219182422
0.3098598219182422
0.3098598219182422
0.3098598219182422
0.3098598219182422
0.3098598219182422
0.3098598219182422
0.3098598219182422
0.3098598219182422
0.3098598219182422
0.3098598219182422
0.3098598219182422
0.3098598219182422
0.3098598219182422
0.3098598219182422
0.3098598219182422
0.3098598219182422
0.3098598219182422
0.3098598219182422
0.3098598219182422
0.3098598219182422
0.3098598219182422
0.3098598219182422
0.3098598219182422
0.3098598219182422
0.3098598219182422
0.3098598219182422
0.3098598219182422
0.3098598219182422
0.3098598219182422
0.3098598219182422
0.3098598219182422
0.3098598219182422
0.3098598219182422
0.3098598219182422
0.3098598219182422
0.3098598219182422
0.3098598219182422
0.3098598219182422
0.3098598219182422
0.3098598219182422
0.3098598219182422
0.3098598219182422
0.3098598219182422
0.3098598219182422
0.3098598219182422
0.3098598219182422
0.3098598219182422
0.3098598219182422
0.3098598219182422
0.3098598219182422
0.3098598219182422
0.3098598219182422
0.3098598219182422
0.3098598219182422
0.3098598219182422
0.3098598219182422
0.3098598219182422
0.3098598219182422
0.3098598219182422
0.3098598219182422
0.3098598219182422
0.3098598219182422
0.3098598219182422
0.3098598219182422
0.3098598219182422
0.3098598219182422
0.3098598219182422
0.3098598219182422
0.3098598219182422
0.3098598219182422
0.3098598219182422
0.3098598219182422
0.3098598219182422
0.3098598219182422
0.3098598219182422
0.3098598219182422
0.3098598219182422
0.3098598219182422
0.3098598219182422
0.3098598219182422
0.3098598219182422
0.3098598219182422
0.3098598219182422
0.3098598219182422
0.3098598219182422
0.3098598219182422
0.3098598219182422
0.3098598219182422
0.3098598219182422
0.3098598219182422
0.3098598219182422
0.3098598219182422
0.3098598219182422
0.3098598219182422
0.3098598219182422
0.3098598219182422
0.3098598219182422
0.3098598219182422
0.3098598219182422
0.3098598219182422
0.3098598219182422
0.3098598219182422
0.3098598219182422
0.3098598219182422
0.3098598219182422
0.3098598219182422
0.3098598219182422
0.3098598219182422
0.3098598219182422
0.3098598219182422
0.3098598219182422
0.3098598219182422
0.3098598219182422
0.3098598219182422
0.3098598219182422
0.3098598219182422
0.3098598219182422
0.3098598219182422
0.3098598219182422
0.3098598219182422
0.3098598219182422
0.3098598219182422
0.3098598219182422
0.3098598219182422
0.3098598219182422
0.3098598219182422
0.3098598219182422
0.3098598219182422
0.3098598219182422
0.3098598219182422
0.3098598219182422
0.3098598219182422
0.3098598219182422
0.3098598219182422
0.3098598219182422
0.3098598219182422
0.3098598219182422
0.3098598219182422
0.3098598219182422
0.3098598219182422
0.3098598219182422
0.3098598219182422
0.3098598219182422
0.3098598219182422
0.3098598219182422
0.3098598219182422
0.3098598219182422
0.3098598219182422
0.3098598219182422
0.3098598219182422
0.3098598219182422
0.3098598219182422
0.3098598219182422
0.3098598219182422
0.3098598219182422
0.3098598219182422
0.3098598219182422
0.3098598219182422
0.3098598219182422
0.3098598219182422
0.3098598219182422
0.3098598219182422
0.3098598219182422
0.3098598219182422
0.3098598219182422
0.3098598219182422
0.3098598219182422
0.3098598219182422
0.3098598219182422
0.3098598219182422
0.3098598219182422
0.3098598219182422
0.3098598219182422
0.3098598219182422
0.3098598219182422
0.3098598219182422
0.3098598219182422
0.3098598219182422
0.3098598219182422
0.3098598219182422
0.3098598219182422
0.3098598219182422
0.3098598219182422
0.3098598219182422
0.3098598219182422
0.3098598219182422
0.3098598219182422
0.3098598219182422
0.3098598219182422
0.3098598219182422
0.3098598219182422
0.3098598219182422
0.3098598219182422
0.3098598219182422
0.3098598219182422
0.3098598219182422
0.3098598219182422
0.3098598219182422
0.3098598219182422
0.3098598219182422
0.3098598219182422
0.3098598219182422
0.3098598219182422
0.3098598219182422
0.3098598219182422
0.3098598219182422
0.3098598219182422
0.3098598219182422
0.3098598219182422
0.3098598219182422
0.3098598219182422
0.3098598219182422
0.3098598219182422
0.3098598219182422
0.3098598219182422
0.3098598219182422
0.3098598219182422
0.3098598219182422
0.3098598219182422
0.3098598219182422
0.3098598219182422
0.3098598219182422
0.3098598219182422
0.3098598219182422
0.3098598219182422
0.3098598219182422
0.3098598219182422
0.3098598219182422
0.3098598219182422
0.3098598219182422
0.3098598219182422
0.3098598219182422
0.3098598219182422
0.3098598219182422
0.3098598219182422
0.3098598219182422
0.3098598219182422
0.3098598219182422
0.3098598219182422
0.3098598219182422
0.3098598219182422
0.3098598219182422
0.3098598219182422
0.3098598219182422
0.3098598219182422
0.3098598219182422
0.3098598219182422
0.3098598219182422
0.3098598219182422
0.3098598219182422
0.3098598219182422
0.3098598219182422
0.3098598219182422
0.3098598219182422
0.3098598219182422
0.3098598219182422
0.3098598219182422
0.3098598219182422
0.3098598219182422
0.3098598219182422
0.3098598219182422
0.3098598219182422
0.3098598219182422
0.3098598219182422
0.3098598219182422
0.3098598219182422
0.3098598219182422
0.3098598219182422
0.3098598219182422
0.3098598219182422
0.3098598219182422
0.3098598219182422
0.3098598219182422
0.3098598219182422
0.3098598219182422
0.3098598219182422
0.3098598219182422
0.3098598219182422
0.3098598219182422
0.3098598219182422
0.3098598219182422
0.3098598219182422
0.3098598219182422
0.3098598219182422
0.3098598219182422
0.3098598219182422
0.3098598219182422
0.3098598219182422
0.3098598219182422
0.3098598219182422
0.3098598219182422
0.3098598219182422
0.3098598219182422
0.3098598219182422
0.3098598219182422
0.3098598219182422
0.3098598219182422
0.3098598219182422
0.3098598219182422
0.3098598219182422
0.3098598219182422
0.3098598219182422
0.3098598219182422
0.3098598219182422
0.3098598219182422
0.3098598219182422
0.3098598219182422
0.3098598219182422
0.3098598219182422
0.3098598219182422
0.3098598219182422
0.3098598219182422
0.3098598219182422
0.3098598219182422
0.3098598219182422
0.3098598219182422
0.3098598219182422
0.3098598219182422
0.3098598219182422
0.3098598219182422
0.3098598219182422
0.3098598219182422
0.3098598219182422
0.3098598219182422
0.3098598219182422
0.3098598219182422
0.3098598219182422
0.3098598219182422
0.3098598219182422
0.3098598219182422
0.3098598219182422
0.3098598219182422
0.3098598219182422
0.3098598219182422
0.3098598219182422
0.3098598219182422
0.3098598219182422
0.3098598219182422
0.3098598219182422
0.3098598219182422
0.3098598219182422
0.3098598219182422
0.3098598219182422
0.3098598219182422
0.3098598219182422
0.3098598219182422
0.3098598219182422
0.3098598219182422
0.3098598219182422
0.3098598219182422
0.3098598219182422
0.3098598219182422
0.3098598219182422
0.3098598219182422
0.3098598219182422
0.3098598219182422
0.3098598219182422
0.3098598219182422
0.3098598219182422
0.3098598219182422
0.3098598219182422
0.3098598219182422
0.3098598219182422
0.3098598219182422
0.3098598219182422
0.3098598219182422
0.3098598219182422
0.3098598219182422
0.3098598219182422
0.3098598219182422
0.3098598219182422
0.3098598219182422
0.3098598219182422
0.3098598219182422
0.3098598219182422
0.3098598219182422
0.3098598219182422
0.3098598219182422
0.3098598219182422
0.3098598219182422
0.3098598219182422
0.3098598219182422
0.3098598219182422
0.3098598219182422
0.3098598219182422
0.3098598219182422
0.3098598219182422
0.3098598219182422
0.3098598219182422
0.3098598219182422
0.3098598219182422
0.3098598219182422
0.3098598219182422
0.3098598219182422
0.3098598219182422
0.3098598219182422
0.3098598219182422
0.3098598219182422
0.3098598219182422
0.3098598219182422
0.3098598219182422
0.3098598219182422
0.3098598219182422
0.3098598219182422
0.3098598219182422
0.3098598219182422
0.3098598219182422
0.3098598219182422
0.3098598219182422
0.3098598219182422
0.3098598219182422
0.3098598219182422
0.3098598219182422
0.3098598219182422
0.3098598219182422
0.3098598219182422
0.3098598219182422
0.3098598219182422
0.3098598219182422
0.3098598219182422
0.3098598219182422
0.3098598219182422
0.3098598219182422
0.3098598219182422
0.3098598219182422
0.3098598219182422
0.3098598219182422
0.3098598219182422
0.3098598219182422
0.3098598219182422
0.3098598219182422
0.3098598219182422
0.3098598219182422
0.3098598219182422
0.3098598219182422
0.3098598219182422
0.3098598219182422
0.3098598219182422
0.3098598219182422
0.3098598219182422
0.3098598219182422
0.3098598219182422
0.3098598219182422
0.3098598219182422
0.3098598219182422
0.3098598219182422
0.3098598219182422
0.3098598219182422
0.3098598219182422
0.3098598219182422
0.3098598219182422
0.3098598219182422
0.3098598219182422
0.3098598219182422
0.3098598219182422
0.3098598219182422
0.3098598219182422
0.3098598219182422
0.3098598219182422
0.3098598219182422
0.3098598219182422
0.3098598219182422
0.3098598219182422
0.3098598219182422
0.3098598219182422
0.3098598219182422
0.3098598219182422
0.3098598219182422
0.3098598219182422
0.3098598219182422
0.3098598219182422
0.3098598219182422
0.3098598219182422
0.3098598219182422
0.3098598219182422
0.3098598219182422
0.3098598219182422
0.3098598219182422
0.3098598219182422
0.3098598219182422
0.3098598219182422
0.3098598219182422
0.3098598219182422
0.3098598219182422
0.3098598219182422
0.3098598219182422
0.3098598219182422
0.3098598219182422
0.3098598219182422
0.3098598219182422
0.3098598219182422
0.3098598219182422
0.3098598219182422
0.3098598219182422
0.3098598219182422
0.3098598219182422
0.3098598219182422
0.3098598219182422
0.3098598219182422
0.3098598219182422
0.3098598219182422
0.3098598219182422
0.3098598219182422
0.3098598219182422
0.3098598219182422
0.3098598219182422
0.3098598219182422
0.3098598219182422
0.3098598219182422
0.3098598219182422
0.3098598219182422
0.3098598219182422
0.3098598219182422
0.3098598219182422
0.3098598219182422
0.3098598219182422
0.3098598219182422
0.3098598219182422
0.3098598219182422
0.3098598219182422
0.3098598219182422
0.3098598219182422
0.3098598219182422
0.3098598219182422
0.3098598219182422
0.3098598219182422
0.3098598219182422
0.3098598219182422
0.3098598219182422
0.3098598219182422
0.3098598219182422
0.3098598219182422
0.3098598219182422
0.3098598219182422
0.3098598219182422
0.3098598219182422
0.3098598219182422
0.3098598219182422
0.3098598219182422
0.3098598219182422
0.3098598219182422
0.3098598219182422
0.3098598219182422
0.3098598219182422
0.3098598219182422
0.3098598219182422
0.3098598219182422
0.3098598219182422
0.3098598219182422
0.3098598219182422
0.3098598219182422
0.3098598219182422
0.3098598219182422
0.3098598219182422
0.3098598219182422
0.3098598219182422
0.3098598219182422
0.3098598219182422
0.3098598219182422
0.3098598219182422
0.3098598219182422
0.3098598219182422
0.3098598219182422
0.3098598219182422
0.3098598219182422
0.3098598219182422
0.3098598219182422
0.3098598219182422
0.3098598219182422
0.3098598219182422
0.3098598219182422
0.3098598219182422
0.3098598219182422
0.3098598219182422
0.3098598219182422
0.3098598219182422
0.3098598219182422
0.3098598219182422
0.3098598219182422
0.3098598219182422
0.3098598219182422
0.3098598219182422
0.3098598219182422
0.3098598219182422
0.3098598219182422
0.3098598219182422
0.3098598219182422
0.3098598219182422
0.3098598219182422
0.3098598219182422
0.3098598219182422
0.3098598219182422
0.3098598219182422
0.3098598219182422
0.3098598219182422
0.3098598219182422
0.3098598219182422
0.3098598219182422
0.3098598219182422
0.3098598219182422
0.3098598219182422
0.3098598219182422
0.3098598219182422
0.3098598219182422
0.3098598219182422
0.3098598219182422
0.3098598219182422
0.3098598219182422
0.3098598219182422
0.3098598219182422
0.3098598219182422
0.3098598219182422
0.3098598219182422
0.3098598219182422
0.3098598219182422
0.3098598219182422
0.3098598219182422
0.3098598219182422
0.3098598219182422
0.3098598219182422
0.3098598219182422
0.3098598219182422
0.3098598219182422
0.3098598219182422
0.3098598219182422
0.3098598219182422
0.3098598219182422
0.3098598219182422
0.3098598219182422
0.3098598219182422
0.3098598219182422
0.3098598219182422
0.3098598219182422
0.3098598219182422
0.3098598219182422
0.3098598219182422
0.3098598219182422
0.3098598219182422
0.3098598219182422
0.3098598219182422
0.3098598219182422
0.3098598219182422
0.3098598219182422
0.3098598219182422
0.3098598219182422
0.3098598219182422
0.3098598219182422
0.3098598219182422
0.3098598219182422
0.3098598219182422
0.3098598219182422
0.3098598219182422
0.3098598219182422
0.3098598219182422
0.3098598219182422
0.3098598219182422
0.3098598219182422
0.3098598219182422
0.3098598219182422
0.3098598219182422
0.3098598219182422
0.3098598219182422
0.3098598219182422
0.3098598219182422
0.3098598219182422
0.3098598219182422
0.3098598219182422
0.3098598219182422
0.3098598219182422
0.3098598219182422
0.3098598219182422
0.3098598219182422
0.3098598219182422
0.3098598219182422
0.3098598219182422
0.3098598219182422
0.3098598219182422
0.3098598219182422
0.3098598219182422
0.3098598219182422
0.3098598219182422
0.3098598219182422
0.3098598219182422
0.3098598219182422
0.3098598219182422
0.3098598219182422
0.3098598219182422
0.3098598219182422
0.3098598219182422
0.3098598219182422
0.3098598219182422
0.3098598219182422
0.3098598219182422
0.3098598219182422
0.3098598219182422
0.3098598219182422
0.3098598219182422
0.3098598219182422
0.3098598219182422
0.3098598219182422
0.3098598219182422
0.3098598219182422
0.3098598219182422
0.3098598219182422
0.3098598219182422
0.3098598219182422
0.3098598219182422
0.3098598219182422
0.3098598219182422
0.3098598219182422
0.3098598219182422
0.3098598219182422
0.3098598219182422
0.3098598219182422
0.3098598219182422
0.3098598219182422
0.3098598219182422
0.3098598219182422
0.3098598219182422
0.3098598219182422
0.3098598219182422
0.3098598219182422
0.3098598219182422
0.3098598219182422
0.3098598219182422
0.3098598219182422
0.3098598219182422
0.3098598219182422
0.3098598219182422
0.3098598219182422
0.3098598219182422
0.3098598219182422
0.3098598219182422
0.3098598219182422
0.3098598219182422
0.3098598219182422
0.3098598219182422
0.3098598219182422
0.3098598219182422
0.3098598219182422
0.3098598219182422
0.3098598219182422
0.3098598219182422
0.3098598219182422
0.3098598219182422
0.3098598219182422
0.3098598219182422
0.3098598219182422
0.3098598219182422
0.3098598219182422
0.3098598219182422
0.3098598219182422
0.3098598219182422
0.3098598219182422
0.3098598219182422
0.3098598219182422
0.3098598219182422
0.3098598219182422
0.3098598219182422
0.3098598219182422
0.3098598219182422
0.3098598219182422
0.3098598219182422
0.3098598219182422
0.3098598219182422
0.3098598219182422
0.3098598219182422
0.3098598219182422
0.3098598219182422
0.3098598219182422
0.3098598219182422
0.3098598219182422
0.3098598219182422
0.3098598219182422
0.3098598219182422
0.3098598219182422
0.3098598219182422
0.3098598219182422
0.3098598219182422
0.3098598219182422
0.3098598219182422
0.3098598219182422
0.3098598219182422
0.3098598219182422
0.3098598219182422
0.3098598219182422
0.3098598219182422
0.3098598219182422
0.3098598219182422
0.3098598219182422
0.3098598219182422
0.3098598219182422
0.3098598219182422
0.3098598219182422
0.3098598219182422
0.3098598219182422
0.3098598219182422
0.3098598219182422
0.3098598219182422
0.3098598219182422
0.3098598219182422
0.3098598219182422
0.3098598219182422
0.3098598219182422
0.3098598219182422
0.3098598219182422
0.3098598219182422
0.3098598219182422
0.3098598219182422
0.3098598219182422
0.3098598219182422
0.3098598219182422
0.3098598219182422
0.3098598219182422
0.3098598219182422
0.3098598219182422
0.3098598219182422
0.3098598219182422
0.3098598219182422
0.3098598219182422
0.3098598219182422
0.3098598219182422
0.3098598219182422
0.3098598219182422
0.3098598219182422
0.3098598219182422
0.3098598219182422
0.3098598219182422
0.3098598219182422
0.3098598219182422
0.3098598219182422
0.3098598219182422
0.3098598219182422
0.3098598219182422
0.3098598219182422
0.3098598219182422
0.3098598219182422
0.3098598219182422
0.3098598219182422
0.3098598219182422
0.3098598219182422
0.3098598219182422
0.3098598219182422
0.3098598219182422
0.3098598219182422
0.3098598219182422
0.3098598219182422
0.3098598219182422
0.3098598219182422
0.3098598219182422
0.3098598219182422
0.3098598219182422
0.3098598219182422
0.3098598219182422
0.3098598219182422
0.3098598219182422
0.3098598219182422
0.3098598219182422
0.3098598219182422
0.3098598219182422
0.3098598219182422
0.3098598219182422
0.3098598219182422
0.3098598219182422
0.3098598219182422
0.3098598219182422
0.3098598219182422
0.3098598219182422
0.3098598219182422
0.3098598219182422
0.3098598219182422
0.3098598219182422
0.3098598219182422
0.3098598219182422
0.3098598219182422
0.3098598219182422
0.3098598219182422
0.3098598219182422
0.3098598219182422
0.3098598219182422
0.3098598219182422
0.3098598219182422
0.3098598219182422
0.3098598219182422
0.3098598219182422
0.3098598219182422
0.3098598219182422
0.3098598219182422
0.3098598219182422
0.3098598219182422
0.3098598219182422
0.3098598219182422
0.3098598219182422
0.3098598219182422
0.3098598219182422
0.3098598219182422
0.3098598219182422
0.3098598219182422
0.3098598219182422
0.3098598219182422
0.3098598219182422
0.3098598219182422
0.3098598219182422
0.3098598219182422
0.3098598219182422
0.3098598219182422
0.3098598219182422
0.3098598219182422
0.3098598219182422
0.3098598219182422
0.3098598219182422
0.3098598219182422
0.3098598219182422
0.3098598219182422
0.3098598219182422
0.3098598219182422
0.3098598219182422
0.3098598219182422
0.3098598219182422
0.3098598219182422
0.3098598219182422
0.3098598219182422
0.3098598219182422
0.3098598219182422
0.3098598219182422
0.3098598219182422
0.3098598219182422
0.3098598219182422
0.3098598219182422
0.3098598219182422
0.3098598219182422
0.3098598219182422
0.3098598219182422
0.3098598219182422
0.3098598219182422
0.3098598219182422
0.3098598219182422
0.3098598219182422
0.3098598219182422
0.3098598219182422
0.3098598219182422
0.3098598219182422
0.3098598219182422
0.3098598219182422
0.3098598219182422
0.3098598219182422
0.3098598219182422
0.3098598219182422
0.3098598219182422
0.3098598219182422
0.3098598219182422
0.3098598219182422
0.3098598219182422
0.3098598219182422
0.3098598219182422
0.3098598219182422
0.3098598219182422
0.3098598219182422
0.3098598219182422
0.3098598219182422
0.3098598219182422
0.3098598219182422
0.3098598219182422
0.3098598219182422
0.3098598219182422
0.3098598219182422
0.3098598219182422
0.3098598219182422
0.3098598219182422
0.3098598219182422
0.3098598219182422
0.3098598219182422
0.3098598219182422
0.3098598219182422
0.3098598219182422
0.3098598219182422
0.3098598219182422
0.3098598219182422
0.3098598219182422
0.3098598219182422
0.3098598219182422
0.3098598219182422
0.3098598219182422
0.3098598219182422
0.3098598219182422
0.3098598219182422
0.3098598219182422
0.3098598219182422
0.3098598219182422
0.3098598219182422
0.3098598219182422
0.3098598219182422
0.3098598219182422
0.3098598219182422
0.3098598219182422
0.3098598219182422
0.3098598219182422
0.3098598219182422
0.3098598219182422
0.3098598219182422
0.3098598219182422
0.3098598219182422
0.3098598219182422
0.3098598219182422
0.3098598219182422
0.3098598219182422
0.3098598219182422
0.3098598219182422
0.3098598219182422
0.3098598219182422
0.3098598219182422
0.3098598219182422
0.3098598219182422
0.3098598219182422
0.3098598219182422
0.3098598219182422
0.3098598219182422
0.3098598219182422
0.3098598219182422
0.3098598219182422
0.3098598219182422
0.3098598219182422
0.3098598219182422
0.3098598219182422
0.3098598219182422
0.3098598219182422
0.3098598219182422
0.3098598219182422
0.3098598219182422
0.3098598219182422
0.3098598219182422
0.3098598219182422
0.3098598219182422
0.3098598219182422
0.3098598219182422
0.3098598219182422
0.3098598219182422
0.3098598219182422
0.3098598219182422
0.3098598219182422
0.3098598219182422
0.3098598219182422
0.3098598219182422
0.3098598219182422
0.3098598219182422
0.3098598219182422
0.3098598219182422
0.3098598219182422
0.3098598219182422
0.3098598219182422
0.3098598219182422
0.3098598219182422
0.3098598219182422
0.3098598219182422
0.3098598219182422
0.3098598219182422
0.3098598219182422
0.3098598219182422
0.3098598219182422
0.3098598219182422
0.3098598219182422
0.3098598219182422
0.3098598219182422
0.3098598219182422
0.3098598219182422
0.3098598219182422
0.3098598219182422
0.3098598219182422
0.3098598219182422
0.3098598219182422
0.3098598219182422
0.3098598219182422
0.3098598219182422
0.3098598219182422
0.3098598219182422
0.3098598219182422
0.3098598219182422
0.3098598219182422
0.3098598219182422
0.3098598219182422
0.3098598219182422
0.3098598219182422
0.3098598219182422
0.3098598219182422
0.3098598219182422
0.3098598219182422
0.3098598219182422
0.3098598219182422
0.3098598219182422
0.3098598219182422
0.3098598219182422
0.3098598219182422
0.3098598219182422
0.3098598219182422
0.3098598219182422
0.3098598219182422
0.3098598219182422
0.3098598219182422
0.3098598219182422
0.3098598219182422
0.3098598219182422
0.3098598219182422
0.3098598219182422
0.3098598219182422
0.3098598219182422
0.3098598219182422
0.3098598219182422
0.3098598219182422
0.3098598219182422
0.3098598219182422
0.3098598219182422
