32383.745256783164
32304.256753501097
32304.256753501097
32232.913300296772
32217.889900465925
32217.889900465925
32106.88925509501
32106.88925509501
32106.88925509501
32106.88925509501
32106.88925509501
32063.09566820359
32063.09566820359
32019.623293157194
31968.773178976353
31929.356824809707
31929.356824809707
31831.007637054958
31595.86817190745
31510.33157842752
31510.33157842752
31210.42924452702
31210.42924452702
31118.67074671028
31118.67074671028
31118.67074671028
31118.67074671028
31064.79315974091
30936.25223160805
30936.25223160805
30879.820841376906
30879.820841376906
30771.414150546792
30630.434910365453
30630.434910365453
30630.434910365453
30630.434910365453
30630.434910365453
30630.434910365453
30630.434910365453
30537.72806753662
30537.72806753662
30449.360465933198
30449.360465933198
30250.708278504982
30250.708278504982
30088.480357583183
30008.60940258222
29978.299259453594
29978.299259453594
29978.299259453594
29978.299259453594
29978.299259453594
29890.969697563887
29860.485004573406
29552.45869188877
29552.45869188877
29552.45869188877
29552.45869188877
29279.445647335528
29279.445647335528
29279.445647335528
29279.445647335528
29279.445647335528
29190.872732067484
28874.269541105954
28822.250467103222
28777.130097794237
28777.130097794237
28774.380298939628
28774.380298939628
28774.380298939628
28774.380298939628
28658.039626720867
28522.225177696233
28355.087914425516
28355.087914425516
28355.087914425516
28355.087914425516
28242.505771866723
28242.505771866723
28203.635339262215
28203.635339262215
28203.635339262215
28203.635339262215
28203.635339262215
28137.632230760817
27859.888875321933
27859.888875321933
27718.58213808072
27561.571113028425
27561.571113028425
27328.914393317333
27328.914393317333
27328.914393317333
27166.631083683103
27166.631083683103
27063.13918474601
27063.13918474601
27063.13918474601
27063.13918474601
27019.538204523542
26958.300181194674
26895.354958680895
26874.39482394039
26714.978513058395
26693.348821260894
26693.348821260894
26645.715569470205
26645.715569470205
26400.580878758992
26400.580878758992
26336.86070070859
26336.86070070859
26320.96642058943
26044.924671179884
26044.924671179884
25871.851107524417
25737.21632467812
25737.21632467812
25737.21632467812
25674.87041673857
25575.087548363234
25575.087548363234
25465.028218924195
25343.419527662893
25343.419527662893
25343.419527662893
25343.419527662893
25343.419527662893
25272.890831340635
25272.890831340635
25272.890831340635
25272.890831340635
25266.417733924733
25266.417733924733
25266.417733924733
25266.417733924733
25070.695337735815
25070.695337735815
25050.994959922664
25050.994959922664
25050.994959922664
25020.662821940336
25020.662821940336
25020.662821940336
24795.910919372607
24795.910919372607
24795.910919372607
24666.653464498733
24666.653464498733
24551.570865283407
24551.570865283407
24551.570865283407
24551.570865283407
24551.570865283407
24430.28741061912
24324.992231425604
24324.992231425604
24324.992231425604
24121.834765806034
24121.834765806034
23985.588576551807
23838.13032418766
23612.227280723102
23568.34131044534
23568.34131044534
23341.153372833793
23242.088927269207
23242.088927269207
23108.19574528501
23108.19574528501
23066.497977882755
22984.433914632144
22984.433914632144
22957.23708447538
22882.248575333288
22799.108257532585
22751.453657184065
22748.179253379996
22699.610514449298
22596.499083828003
22596.499083828003
22596.499083828003
22596.499083828003
22596.499083828003
22596.499083828003
22385.229565722973
22385.229565722973
22385.229565722973
22385.229565722973
22385.229565722973
22305.91345770866
21965.920532941866
21690.585827634877
21690.585827634877
21509.71013074691
21509.71013074691
21438.655843231452
21177.29744410793
21117.979559488173
20829.696270964916
20829.696270964916
20829.696270964916
20664.010612296188
20634.550192246214
20626.810924916677
20626.810924916677
20626.810924916677
20489.57092671531
20450.329130180675
20447.3320587709
20435.66904237854
20209.468754004625
20209.468754004625
20209.468754004625
20126.438063484035
20075.323221145765
20046.352706226782
19795.156851258
19738.38672649788
19738.38672649788
19738.38672649788
19738.38672649788
19738.38672649788
19638.479244000966
19638.479244000966
19624.913345061177
19608.209595810004
19593.18229663734
19593.18229663734
19593.18229663734
19593.18229663734
19436.782510259323
19436.782510259323
19436.782510259323
19436.782510259323
19357.565175869637
18991.850920126806
18991.850920126806
18991.850920126806
18991.850920126806
18991.850920126806
18991.850920126806
18955.78084168829
18955.78084168829
18893.59195714945
18893.59195714945
18837.9110188412
18713.22373650836
18713.22373650836
18713.22373650836
18612.682967235705
18509.34111016962
18509.34111016962
18357.4432724062
18357.4432724062
18357.4432724062
18328.314710777136
18328.314710777136
18328.314710777136
18325.410888243354
18325.410888243354
18291.918005551153
18282.59688370984
18021.142938934994
18021.142938934994
17939.193274018042
17677.010345702154
17677.010345702154
17588.29102709527
17588.29102709527
17588.29102709527
17588.29102709527
17584.78351184211
17584.78351184211
17584.78351184211
17584.78351184211
17584.78351184211
17571.390934509618
17298.36267989503
17225.567065863655
17225.567065863655
17085.0154881779
17085.0154881779
16989.696974512568
16989.696974512568
16989.696974512568
16989.696974512568
16825.4949031444
16517.513845129306
16405.759511687273
16405.759511687273
16372.738859899799
16216.112486421174
16143.608384644696
16143.608384644696
16143.608384644696
16104.524004440209
16104.524004440209
16023.685632190318
15813.814107396938
15693.525435283887
15559.547789174043
15417.889144011886
15417.889144011886
15417.889144011886
15417.889144011886
15417.889144011886
15338.639729127875
15281.185904104124
15207.759806490158
15102.247478946792
15102.247478946792
15102.247478946792
14942.555762864971
14932.629402660381
14747.918166310352
14604.478570191448
14604.478570191448
14508.86796018306
14367.46155604647
14226.15258647529
14033.74659165092
14011.483050602812
13978.615882027136
13920.63272132954
13920.63272132954
13889.522472482102
13889.522472482102
13862.525965778394
13830.14650919158
13768.874550021475
13768.874550021475
13706.705039385344
13700.509595550797
13700.509595550797
13542.045688828119
13542.045688828119
13542.045688828119
13360.98924796467
13207.68257431895
13090.880961543182
13032.458539113051
13032.458539113051
12982.465367548411
12862.958243808798
12862.958243808798
12862.958243808798
12792.019780468874
12672.491752683065
12589.923210444678
12589.923210444678
12589.923210444678
12552.405922578604
12552.405922578604
12552.405922578604
12552.405922578604
12517.502474644187
12396.200651547744
12387.153952932973
12328.453089290493
12238.864203874637
12238.864203874637
12238.864203874637
12238.864203874637
12084.78680438253
11900.653040167488
11900.653040167488
11900.653040167488
11900.653040167488
11747.462397274187
11615.460607250117
11603.973639018208
11474.573130516676
11474.573130516676
11272.724460093581
11221.46974524021
11197.617610094945
11087.948394310519
11087.948394310519
10997.649812697602
10997.649812697602
10892.273648621926
10874.200063856639
10701.906466853025
10489.856126829884
10489.856126829884
10489.856126829884
10489.856126829884
10440.379273163437
10440.379273163437
10440.379273163437
10408.988934722063
10147.93729165913
10106.127465563017
10034.595836817778
10034.595836817778
9983.889189961732
9983.889189961732
9983.889189961732
9957.613730183453
9943.485188294031
9910.60975440429
9910.60975440429
9910.60975440429
9864.99824070946
9863.79841140483
9862.604690613858
9862.604690613858
9862.604690613858
9862.604690613858
9783.767535168241
9783.767535168241
9783.767535168241
9783.767535168241
9783.767535168241
9678.045458574694
9663.535477264093
9663.535477264093
9451.848218365385
9451.848218365385
9330.547973119616
9330.547973119616
9330.547973119616
9290.243305696797
9290.243305696797
9290.243305696797
9290.243305696797
9290.243305696797
9168.601693952669
9110.374709523552
9035.745124530318
9035.745124530318
9035.745124530318
9035.745124530318
9035.745124530318
9035.745124530318
9026.203772747924
9013.562329722743
9013.562329722743
9004.133861571803
8915.73884828566
8915.73884828566
8738.364175335078
8729.930047641337
8729.930047641337
8712.872520434494
8712.872520434494
8712.872520434494
8712.872520434494
8712.872520434494
8601.123064375992
8492.05349432615
8409.008446982598
8405.803185294004
8405.803185294004
8302.882502521528
8226.963442533835
8079.179525327214
8079.179525327214
8079.179525327214
8079.179525327214
8026.713115166818
8026.713115166818
7988.068425722228
7988.068425722228
7988.068425722228
7848.221469645625
7848.221469645625
7793.418857462164
7775.408485090846
7775.408485090846
7684.302616946217
7684.302616946217
7684.302616946217
7551.757152733111
7551.757152733111
7505.808187859452
7434.247568276477
7434.247568276477
7306.551747000199
7218.362700185053
7218.362700185053
7218.362700185053
7218.362700185053
7148.784053360052
7148.784053360052
6957.62950950121
6883.5500907804035
6883.5500907804035
6883.5500907804035
6697.962740525335
6697.962740525335
6612.344835576864
6612.344835576864
6525.087857443774
6525.087857443774
6490.612245659966
6484.763868926376
6484.763868926376
6484.763868926376
6484.763868926376
6211.849701567984
6211.849701567984
6211.849701567984
6206.138796121444
6206.138796121444
6206.138796121444
6136.181488283368
6055.006438065158
6009.353561290443
5944.00811097524
5827.5752977436505
5827.5752977436505
5720.211839044897
5711.6331249513405
5711.6331249513405
5711.6331249513405
5711.6331249513405
5711.6331249513405
5711.6331249513405
5594.618192125883
5485.744873170113
5485.744873170113
5425.228779059914
5410.783671569084
5410.783671569084
5410.783671569084
5368.506387456324
5368.506387456324
5330.5158974247515
5330.5158974247515
5330.5158974247515
5239.8630846776105
5239.8630846776105
5239.8630846776105
5239.8630846776105
5218.41345911747
5218.41345911747
5218.41345911747
5218.41345911747
5218.41345911747
5218.41345911747
5218.41345911747
5218.41345911747
5159.428584694453
5033.268577727494
5033.268577727494
5033.268577727494
5005.169690598674
5005.169690598674
5005.169690598674
4975.588610548782
4973.281955107321
4936.346385557121
4913.128999542648
4913.128999542648
4913.128999542648
4795.774681234487
4751.602413729831
4735.724876353529
4711.908509358692
4674.229433788741
4638.462549058277
4584.185102205748
4531.519521763065
4531.519521763065
4441.63813786081
4354.779505676287
4200.759107355188
4169.906199477776
4169.906199477776
4156.593850797531
4141.667886791611
4141.667886791611
4141.667886791611
4095.5033857609583
4048.228540756442
4048.228540756442
4048.228540756442
4028.039715472335
4028.039715472335
4028.039715472335
4028.039715472335
3966.917945662184
3966.917945662184
3925.500177017086
3882.6841287904963
3882.6841287904963
3859.812706642078
3777.5240896296914
3777.5240896296914
3777.5240896296914
3777.5240896296914
3718.896846246376
3718.896846246376
3615.5287958150393
3581.177280658814
3581.177280658814
3576.6544491200725
3576.6544491200725
3576.6544491200725
3541.0439678110893
3514.4975350485774
3514.4975350485774
3467.1897680922275
3467.1897680922275
3425.177105259514
3378.468327524056
3364.4763696163136
3315.9101435143884
3315.9101435143884
3311.5455800976415
3311.5455800976415
3278.514922717096
3278.514922717096
3231.111740062106
3190.711613588911
3118.4897162677
3118.4897162677
3118.4897162677
3118.4897162677
3118.4897162677
3075.378166704263
3075.378166704263
3075.378166704263
3075.378166704263
3046.456150201775
2982.5411312900364
2982.5411312900364
2982.5411312900364
2886.3876105386735
2886.3876105386735
2886.3876105386735
2886.3876105386735
2886.3876105386735
2880.909574764182
2880.909574764182
2880.909574764182
2865.006209441013
2865.006209441013
2865.006209441013
2865.006209441013
2797.338563950432
2797.338563950432
2714.7264783982787
2714.7264783982787
2700.7943081407775
2700.7943081407775
2694.355329022513
2693.0380195185944
2674.674908297261
2651.2653699037605
2638.8506526916003
2638.8506526916003
2638.8506526916003
2564.8143791693724
2564.8143791693724
2564.8143791693724
2564.8143791693724
2524.529462345223
2524.529462345223
2524.529462345223
2507.805099119154
2507.805099119154
2451.9859838897223
2451.9859838897223
2447.0759516526946
2418.459956404001
2369.9037068787084
2369.9037068787084
2369.9037068787084
2369.9037068787084
2369.9037068787084
2369.9037068787084
2354.0611409015833
2259.4450675335675
2215.7428269748184
2207.522640181256
2207.522640181256
2164.677118859647
2138.2041870282874
2127.181343086518
2127.181343086518
2127.181343086518
2127.181343086518
2107.678056382281
2101.1061845646636
2101.1061845646636
2031.6209278952106
2025.5339055849593
2025.5339055849593
2025.5339055849593
2025.5339055849593
2025.5339055849593
2025.5339055849593
2025.5339055849593
2008.3167347199421
2008.3167347199421
1979.9710202248255
1942.8182813858443
1942.8182813858443
1942.8182813858443
1885.3500974568713
1885.3500974568713
1855.9662083573287
1855.9662083573287
1855.9662083573287
1855.9662083573287
1851.0704271801492
1851.0704271801492
1851.0704271801492
1824.9484253923072
1824.9484253923072
1757.942701661122
1677.8847335864568
1677.8847335864568
1677.8847335864568
1677.8847335864568
1655.3534128214203
1619.126624711027
1520.046221977404
1520.046221977404
1518.9345888343075
1500.540235911221
1479.2603567128494
1479.2603567128494
1479.2603567128494
1479.2603567128494
1479.2603567128494
1479.2603567128494
1479.2603567128494
1449.607800086019
1449.607800086019
1366.9762364682838
1354.1816805545277
1354.1816805545277
1307.5169925319574
1272.6152093973856
1260.294986947518
1260.294986947518
1260.294986947518
1260.294986947518
1260.294986947518
1260.294986947518
1260.294986947518
1260.294986947518
1234.9596644796982
1178.45269650943
1178.45269650943
1178.45269650943
1164.5967647622729
1164.5967647622729
1164.5967647622729
1150.8451644448041
1138.1959569194457
1138.1959569194457
1119.662856157859
1119.662856157859
1119.662856157859
1119.662856157859
1119.662856157859
1115.8542549518438
1115.8542549518438
1105.7741433879162
1105.7741433879162
1073.208084981812
1029.205574515913
946.935387189889
946.935387189889
946.935387189889
914.3554981230791
914.3554981230791
914.3554981230791
887.5000402936353
887.5000402936353
887.5000402936353
825.1973471082902
745.0417612532002
710.6775449796987
710.6775449796987
710.6775449796987
710.6775449796987
686.2434375449578
686.2434375449578
664.4601886180209
664.4601886180209
664.4601886180209
664.4601886180209
664.4601886180209
640.7301838765588
640.7301838765588
632.4099667557774
632.4099667557774
632.4099667557774
632.4099667557774
632.4099667557774
571.9684511547046
571.9684511547046
571.9684511547046
571.9684511547046
567.7841832354775
567.7841832354775
567.7841832354775
567.7841832354775
563.7914559737235
563.7914559737235
563.7914559737235
563.7914559737235
544.8536974954998
531.6175916042091
531.6175916042091
513.7444858627908
512.9172771176434
512.9172771176434
512.372386621445
512.372386621445
512.372386621445
512.372386621445
512.372386621445
512.372386621445
493.39886140382816
493.39886140382816
493.39886140382816
493.39886140382816
458.6378170050583
458.6378170050583
450.9592814241642
450.9592814241642
450.9592814241642
423.615083422399
423.615083422399
423.615083422399
423.615083422399
423.615083422399
423.43356496388213
423.43356496388213
410.33699479539064
410.33699479539064
410.33699479539064
410.33699479539064
404.00208307599655
404.00208307599655
404.00208307599655
404.00208307599655
398.2200586670064
357.4635297932878
357.4635297932878
357.4635297932878
357.4635297932878
357.4635297932878
357.4635297932878
357.4635297932878
357.4635297932878
357.4635297932878
314.8029285080056
314.8029285080056
314.8029285080056
314.8029285080056
314.8029285080056
314.8029285080056
314.8029285080056
314.8029285080056
314.8029285080056
314.8029285080056
314.8029285080056
314.8029285080056
314.8029285080056
305.99419785927626
276.7922650950289
262.1991660776605
262.1991660776605
262.1991660776605
257.5270571669303
257.5270571669303
238.46339941769878
238.46339941769878
235.3995127294699
232.15104766514577
232.15104766514577
204.07522285344973
179.97059395469182
179.97059395469182
178.14751425436282
173.77573231713393
173.77573231713393
173.77573231713393
173.77573231713393
166.24157714123353
164.81220054565367
162.496395766517
162.496395766517
162.496395766517
162.496395766517
162.496395766517
162.496395766517
162.00003030001102
150.54655957816837
150.54655957816837
141.2706426156284
119.4654783975374
118.93249200877204
118.93249200877204
118.93249200877204
118.93249200877204
112.52079226923651
112.52079226923651
112.52079226923651
106.79926512444528
106.79926512444528
106.79926512444528
106.79926512444528
106.79926512444528
96.06814539372164
96.06814539372164
96.06814539372164
96.06814539372164
96.06814539372164
96.06814539372164
84.19264362334381
84.19264362334381
81.59737430731727
81.59737430731727
78.5618373222389
78.5618373222389
78.5618373222389
74.88089189523558
74.88089189523558
74.88089189523558
74.88089189523558
74.88089189523558
74.88089189523558
60.62553737404695
55.342310865081316
55.342310865081316
55.342310865081316
50.80222526003454
49.857074984056695
49.857074984056695
49.857074984056695
49.857074984056695
42.677322145170265
33.48007831689498
33.48007831689498
33.48007831689498
33.48007831689498
33.48007831689498
33.48007831689498
33.48007831689498
33.48007831689498
29.023503755320913
26.11592346779362
26.11592346779362
26.11592346779362
26.11592346779362
26.11592346779362
26.11592346779362
26.11592346779362
26.11592346779362
26.11592346779362
26.11592346779362
26.11592346779362
26.11592346779362
25.642992474114713
17.99884880986688
14.77386054807889
14.77386054807889
14.77386054807889
14.77386054807889
14.77386054807889
14.77386054807889
14.77386054807889
14.77386054807889
14.77386054807889
14.77386054807889
14.77386054807889
14.77386054807889
14.77386054807889
14.77386054807889
14.322670774664957
14.322670774664957
13.729743696145789
12.571896060140062
12.571896060140062
10.765107263738019
10.706537680693557
10.706537680693557
10.706537680693557
10.706537680693557
10.706537680693557
10.706537680693557
10.706537680693557
10.706537680693557
10.706537680693557
9.280510119027417
9.280510119027417
9.280510119027417
9.280510119027417
9.280510119027417
9.280510119027417
9.280510119027417
9.280510119027417
9.280510119027417
9.280510119027417
9.280510119027417
9.280510119027417
9.280510119027417
9.280510119027417
9.280510119027417
9.280510119027417
9.280510119027417
9.280510119027417
8.854377648585064
7.905786724345836
7.6583150166925
7.6583150166925
6.849021586969139
5.439670160542275
5.439670160542275
4.498088461232533
4.498088461232533
4.498088461232533
4.498088461232533
4.498088461232533
4.498088461232533
4.498088461232533
4.498088461232533
4.498088461232533
4.498088461232533
4.498088461232533
4.498088461232533
4.498088461232533
4.498088461232533
4.498088461232533
4.498088461232533
4.498088461232533
4.498088461232533
4.498088461232533
4.149460979711627
4.149460979711627
4.149460979711627
4.149460979711627
4.149460979711627
4.149460979711627
3.1601467225283084
3.1601467225283084
3.1601467225283084
3.1601467225283084
3.1601467225283084
3.1601467225283084
3.1601467225283084
3.1601467225283084
3.1601467225283084
3.1601467225283084
3.1601467225283084
3.1601467225283084
3.1601467225283084
3.1601467225283084
3.1601467225283084
3.1601467225283084
3.1601467225283084
3.1601467225283084
3.1601467225283084
3.1601467225283084
3.1601467225283084
3.1601467225283084
3.1601467225283084
3.1601467225283084
3.1601467225283084
3.1601467225283084
2.5526301420333284
2.5526301420333284
1.4522977518579296
1.4522977518579296
1.4522977518579296
1.4522977518579296
1.4522977518579296
1.4522977518579296
1.4522977518579296
1.4522977518579296
1.4522977518579296
1.4522977518579296
1.4522977518579296
1.4522977518579296
1.4522977518579296
1.4522977518579296
1.4522977518579296
1.4522977518579296
1.4522977518579296
1.4522977518579296
1.4522977518579296
1.4522977518579296
1.4522977518579296
1.4522977518579296
1.4522977518579296
1.4522977518579296
1.4522977518579296
1.4522977518579296
1.4522977518579296
1.4522977518579296
1.4522977518579296
1.4522977518579296
1.4522977518579296
1.4522977518579296
1.4522977518579296
1.4522977518579296
1.4522977518579296
1.4522977518579296
1.4522977518579296
1.4522977518579296
1.4522977518579296
1.4522977518579296
1.4522977518579296
1.4522977518579296
1.4522977518579296
1.4522977518579296
1.4522977518579296
1.4522977518579296
1.4522977518579296
1.4522977518579296
1.4522977518579296
1.4522977518579296
1.4522977518579296
1.4522977518579296
1.4522977518579296
1.4522977518579296
1.4522977518579296
1.4522977518579296
1.4522977518579296
1.4522977518579296
1.4522977518579296
1.4522977518579296
1.4522977518579296
1.4522977518579296
1.4522977518579296
1.4522977518579296
1.4522977518579296
1.4522977518579296
1.4522977518579296
1.4522977518579296
1.4522977518579296
1.4522977518579296
1.4522977518579296
1.4522977518579296
1.4522977518579296
1.4522977518579296
1.4522977518579296
1.4522977518579296
1.4522977518579296
1.4522977518579296
1.4522977518579296
1.4522977518579296
1.4522977518579296
1.4522977518579296
1.4522977518579296
1.4522977518579296
1.4522977518579296
1.4522977518579296
1.4522977518579296
1.4522977518579296
1.4522977518579296
1.4522977518579296
1.4522977518579296
1.4522977518579296
1.4522977518579296
1.4522977518579296
0.7932918040475503
0.7932918040475503
0.7932918040475503
0.7932918040475503
0.7932918040475503
0.7932918040475503
0.7932918040475503
0.7932918040475503
0.7932918040475503
0.7932918040475503
0.7932918040475503
0.7932918040475503
0.7932918040475503
0.7932918040475503
0.7932918040475503
0.7932918040475503
0.7932918040475503
0.7932918040475503
0.7932918040475503
0.7932918040475503
0.7932918040475503
0.7932918040475503
0.7932918040475503
0.7932918040475503
0.7932918040475503
0.7932918040475503
0.7932918040475503
0.7932918040475503
0.7932918040475503
0.7932918040475503
0.7932918040475503
0.7932918040475503
0.7932918040475503
0.7932918040475503
0.7932918040475503
0.7932918040475503
0.7932918040475503
0.7932918040475503
0.7932918040475503
0.7932918040475503
0.7932918040475503
0.7932918040475503
0.7932918040475503
0.7932918040475503
0.7932918040475503
0.7932918040475503
0.7932918040475503
0.7932918040475503
0.7932918040475503
0.7932918040475503
0.7932918040475503
0.7932918040475503
0.7932918040475503
0.7932918040475503
0.7932918040475503
0.7932918040475503
0.7932918040475503
0.7932918040475503
0.7932918040475503
0.7932918040475503
0.7932918040475503
0.7932918040475503
0.7932918040475503
0.7932918040475503
0.7932918040475503
0.7932918040475503
0.7932918040475503
0.7932918040475503
0.7932918040475503
0.7932918040475503
0.7932918040475503
0.7932918040475503
0.7932918040475503
0.7932918040475503
0.7932918040475503
0.7932918040475503
0.7932918040475503
0.7932918040475503
0.7932918040475503
0.7932918040475503
0.7932918040475503
0.7932918040475503
0.7932918040475503
0.7932918040475503
0.7932918040475503
0.7932918040475503
0.7932918040475503
0.7932918040475503
0.7932918040475503
0.7932918040475503
0.7932918040475503
0.7932918040475503
0.7932918040475503
0.7932918040475503
0.7932918040475503
0.7932918040475503
0.7932918040475503
0.7932918040475503
0.7932918040475503
0.7932918040475503
0.7932918040475503
0.7932918040475503
0.7932918040475503
0.7932918040475503
0.7932918040475503
0.7932918040475503
0.7932918040475503
0.7932918040475503
0.7932918040475503
0.7932918040475503
0.7932918040475503
0.7932918040475503
0.7932918040475503
0.7932918040475503
0.7932918040475503
0.7932918040475503
0.7932918040475503
0.7932918040475503
0.7932918040475503
0.7932918040475503
0.7932918040475503
0.7932918040475503
0.7932918040475503
0.7932918040475503
0.7932918040475503
0.7932918040475503
0.7932918040475503
0.7932918040475503
0.7932918040475503
0.7932918040475503
0.7932918040475503
0.7932918040475503
0.7932918040475503
0.7932918040475503
0.7932918040475503
0.7932918040475503
0.7932918040475503
0.7932918040475503
0.7932918040475503
0.7932918040475503
0.7932918040475503
0.7932918040475503
0.7932918040475503
0.7932918040475503
0.7932918040475503
0.7932918040475503
0.7932918040475503
0.7932918040475503
0.7932918040475503
0.7932918040475503
0.7932918040475503
0.7932918040475503
0.7932918040475503
0.7932918040475503
0.7932918040475503
0.7932918040475503
0.7932918040475503
0.7932918040475503
0.7932918040475503
0.7932918040475503
0.7932918040475503
0.7932918040475503
0.7932918040475503
0.7932918040475503
0.7932918040475503
0.7932918040475503
0.7932918040475503
0.7932918040475503
0.7932918040475503
0.7932918040475503
0.7932918040475503
0.7932918040475503
0.7932918040475503
0.7932918040475503
0.7932918040475503
0.7932918040475503
0.7932918040475503
0.7932918040475503
0.7932918040475503
0.7932918040475503
0.7932918040475503
0.7932918040475503
0.7932918040475503
0.7932918040475503
0.7932918040475503
0.7932918040475503
0.7932918040475503
0.7932918040475503
0.7932918040475503
0.7932918040475503
0.7932918040475503
0.7932918040475503
0.7932918040475503
0.7932918040475503
0.7932918040475503
0.7932918040475503
0.7932918040475503
0.7932918040475503
0.7932918040475503
0.7932918040475503
0.7932918040475503
0.7932918040475503
0.7932918040475503
0.7932918040475503
0.7932918040475503
0.7932918040475503
0.7932918040475503
0.7932918040475503
0.7932918040475503
0.7082880185598606
0.7082880185598606
0.7082880185598606
0.7082880185598606
0.7082880185598606
0.7082880185598606
0.7082880185598606
0.7082880185598606
0.7082880185598606
0.7082880185598606
0.7082880185598606
0.7082880185598606
0.7082880185598606
0.7082880185598606
0.7082880185598606
0.7082880185598606
0.38834798165570344
0.38834798165570344
0.38834798165570344
0.38834798165570344
0.38834798165570344
0.38834798165570344
0.38834798165570344
0.38834798165570344
0.38834798165570344
0.38834798165570344
0.38834798165570344
0.38834798165570344
0.38834798165570344
0.38834798165570344
0.38834798165570344
0.38834798165570344
0.38834798165570344
0.38834798165570344
0.38834798165570344
0.38834798165570344
0.38834798165570344
0.38834798165570344
0.38834798165570344
0.38834798165570344
0.38834798165570344
0.38834798165570344
0.38834798165570344
0.38834798165570344
0.38834798165570344
0.38834798165570344
0.38834798165570344
0.38834798165570344
0.38834798165570344
0.38834798165570344
0.38834798165570344
0.38834798165570344
0.38834798165570344
0.38834798165570344
0.38834798165570344
0.38834798165570344
0.38834798165570344
0.38834798165570344
0.38834798165570344
0.38834798165570344
0.38834798165570344
0.38834798165570344
0.38834798165570344
0.38834798165570344
0.38834798165570344
0.38834798165570344
0.38834798165570344
0.38834798165570344
0.38834798165570344
0.38834798165570344
0.38834798165570344
0.38834798165570344
0.38834798165570344
0.38834798165570344
0.38834798165570344
0.38834798165570344
0.38834798165570344
0.38834798165570344
0.38834798165570344
0.38834798165570344
0.38834798165570344
0.38834798165570344
0.38834798165570344
0.38834798165570344
0.38834798165570344
0.38834798165570344
0.38834798165570344
0.38834798165570344
0.38834798165570344
0.38834798165570344
0.38834798165570344
0.38834798165570344
0.38834798165570344
0.38834798165570344
0.38834798165570344
0.38834798165570344
0.38834798165570344
0.38834798165570344
0.38834798165570344
0.38834798165570344
0.38834798165570344
0.38834798165570344
0.38834798165570344
0.38834798165570344
0.38834798165570344
0.38834798165570344
0.38834798165570344
0.38834798165570344
0.38834798165570344
0.38834798165570344
0.38834798165570344
0.38834798165570344
0.38834798165570344
0.38834798165570344
0.38834798165570344
0.38834798165570344
0.38834798165570344
0.38834798165570344
0.38834798165570344
0.38834798165570344
0.38834798165570344
0.38834798165570344
0.38834798165570344
0.38834798165570344
0.38834798165570344
0.38834798165570344
0.38834798165570344
0.38834798165570344
0.38834798165570344
0.38834798165570344
0.38834798165570344
0.38834798165570344
0.38834798165570344
0.38834798165570344
0.38834798165570344
0.38834798165570344
0.38834798165570344
0.38834798165570344
0.38834798165570344
0.38834798165570344
0.38834798165570344
0.38834798165570344
0.38834798165570344
0.38834798165570344
0.38834798165570344
0.38834798165570344
0.38834798165570344
0.38834798165570344
0.38834798165570344
0.38834798165570344
0.38834798165570344
0.38834798165570344
0.38834798165570344
0.38834798165570344
0.38834798165570344
0.38834798165570344
0.38834798165570344
0.38834798165570344
0.38834798165570344
0.38834798165570344
0.38834798165570344
0.38834798165570344
0.38834798165570344
0.38834798165570344
0.38834798165570344
0.38834798165570344
0.38834798165570344
0.38834798165570344
0.38834798165570344
0.38834798165570344
0.38834798165570344
0.38834798165570344
0.38834798165570344
0.38834798165570344
0.38834798165570344
0.38834798165570344
0.38834798165570344
0.38834798165570344
0.38834798165570344
0.38834798165570344
0.38834798165570344
0.38834798165570344
0.38834798165570344
0.38834798165570344
0.38834798165570344
0.38834798165570344
0.38834798165570344
0.38834798165570344
0.38834798165570344
0.38834798165570344
0.38834798165570344
0.38834798165570344
0.38834798165570344
0.38834798165570344
0.38834798165570344
0.38834798165570344
0.38834798165570344
0.38834798165570344
0.38834798165570344
0.38834798165570344
0.38834798165570344
0.38834798165570344
0.38834798165570344
0.38834798165570344
0.38834798165570344
0.38834798165570344
0.38834798165570344
0.38834798165570344
0.38834798165570344
0.38834798165570344
0.38834798165570344
0.38834798165570344
0.38834798165570344
0.38834798165570344
0.38834798165570344
0.38834798165570344
0.38834798165570344
0.38834798165570344
0.38834798165570344
0.38834798165570344
0.38834798165570344
0.38834798165570344
0.38834798165570344
0.38834798165570344
0.38834798165570344
0.38834798165570344
0.38834798165570344
0.38834798165570344
0.38834798165570344
0.38834798165570344
0.38834798165570344
0.38834798165570344
0.38834798165570344
0.38834798165570344
0.38834798165570344
0.38834798165570344
0.38834798165570344
0.38834798165570344
0.38834798165570344
0.38834798165570344
0.38834798165570344
0.38834798165570344
0.38834798165570344
0.38834798165570344
0.38834798165570344
0.38834798165570344
0.38834798165570344
0.38834798165570344
0.38834798165570344
0.38834798165570344
0.38834798165570344
0.38834798165570344
0.38834798165570344
0.38834798165570344
0.38834798165570344
0.38834798165570344
0.38834798165570344
0.38834798165570344
0.38834798165570344
0.38834798165570344
0.38834798165570344
0.38834798165570344
0.38834798165570344
0.38834798165570344
0.38834798165570344
0.38834798165570344
0.38834798165570344
0.38834798165570344
0.38834798165570344
0.38834798165570344
0.38834798165570344
0.38834798165570344
0.38834798165570344
0.38834798165570344
0.38834798165570344
0.38834798165570344
0.38834798165570344
0.38834798165570344
0.38834798165570344
0.38834798165570344
0.38834798165570344
0.38834798165570344
0.38834798165570344
0.38834798165570344
0.38834798165570344
0.38834798165570344
0.38834798165570344
0.38834798165570344
0.38834798165570344
0.38834798165570344
0.38834798165570344
0.38834798165570344
0.38834798165570344
0.38834798165570344
0.38834798165570344
0.38834798165570344
0.38834798165570344
0.38834798165570344
0.38834798165570344
0.38834798165570344
0.38834798165570344
0.38834798165570344
0.38834798165570344
0.38834798165570344
0.38834798165570344
0.38834798165570344
0.38834798165570344
0.38834798165570344
0.38834798165570344
0.38834798165570344
0.38834798165570344
0.38834798165570344
0.38834798165570344
0.38834798165570344
0.38834798165570344
0.38834798165570344
0.38834798165570344
0.38834798165570344
0.38834798165570344
0.38834798165570344
0.38834798165570344
0.38834798165570344
0.38834798165570344
0.38834798165570344
0.38834798165570344
0.38834798165570344
0.38834798165570344
0.38834798165570344
0.38834798165570344
0.38834798165570344
0.38834798165570344
0.38834798165570344
0.38834798165570344
0.38834798165570344
0.38834798165570344
0.38834798165570344
0.38834798165570344
0.38834798165570344
0.38834798165570344
0.38834798165570344
0.38834798165570344
0.38834798165570344
0.38834798165570344
0.38834798165570344
0.38834798165570344
0.38834798165570344
0.38834798165570344
0.38834798165570344
0.38834798165570344
0.38834798165570344
0.38834798165570344
0.38834798165570344
0.38834798165570344
0.38834798165570344
0.38834798165570344
0.38834798165570344
0.38834798165570344
0.38834798165570344
0.38834798165570344
0.38834798165570344
0.38834798165570344
0.38834798165570344
0.38834798165570344
0.38834798165570344
0.38834798165570344
0.38834798165570344
0.38834798165570344
0.38834798165570344
0.38834798165570344
0.38834798165570344
0.38834798165570344
0.38834798165570344
0.38834798165570344
0.38834798165570344
0.38834798165570344
0.38834798165570344
0.38834798165570344
0.38834798165570344
0.38834798165570344
0.38834798165570344
0.38834798165570344
0.38834798165570344
0.38834798165570344
0.38834798165570344
0.38834798165570344
0.38834798165570344
0.38834798165570344
0.38834798165570344
0.38834798165570344
0.38834798165570344
0.38834798165570344
0.38834798165570344
0.38834798165570344
0.38834798165570344
0.38834798165570344
0.38834798165570344
0.38834798165570344
0.38834798165570344
0.38834798165570344
0.38834798165570344
0.38834798165570344
0.38834798165570344
0.38834798165570344
0.38834798165570344
0.38834798165570344
0.38834798165570344
0.38834798165570344
0.38834798165570344
0.38834798165570344
0.38834798165570344
0.38834798165570344
0.38834798165570344
0.38834798165570344
0.38834798165570344
0.38834798165570344
0.38834798165570344
0.38834798165570344
0.38834798165570344
0.38834798165570344
0.38834798165570344
0.38834798165570344
0.38834798165570344
0.38834798165570344
0.38834798165570344
0.38834798165570344
0.38834798165570344
0.38834798165570344
0.38834798165570344
0.38834798165570344
0.38834798165570344
0.38834798165570344
0.38834798165570344
0.38834798165570344
0.38834798165570344
0.38834798165570344
0.38834798165570344
0.38834798165570344
0.38834798165570344
0.38834798165570344
0.38834798165570344
0.38834798165570344
0.38834798165570344
0.38834798165570344
0.38834798165570344
0.38834798165570344
0.38834798165570344
0.38834798165570344
0.38834798165570344
0.38834798165570344
0.38834798165570344
0.38834798165570344
0.38834798165570344
0.38834798165570344
0.38834798165570344
0.38834798165570344
0.38834798165570344
0.38834798165570344
0.38834798165570344
0.38834798165570344
0.38834798165570344
0.38834798165570344
0.38834798165570344
0.38834798165570344
0.38834798165570344
0.38834798165570344
0.38834798165570344
0.38834798165570344
0.38834798165570344
0.38834798165570344
0.38834798165570344
0.38834798165570344
0.38834798165570344
0.38834798165570344
0.38834798165570344
0.38834798165570344
0.38834798165570344
0.38834798165570344
0.38834798165570344
0.38834798165570344
0.38834798165570344
0.38834798165570344
0.38834798165570344
0.38834798165570344
0.38834798165570344
0.38834798165570344
0.38834798165570344
0.38834798165570344
0.38834798165570344
0.38834798165570344
0.38834798165570344
0.38834798165570344
0.38834798165570344
0.38834798165570344
0.38834798165570344
0.38834798165570344
0.38834798165570344
0.38834798165570344
0.38834798165570344
0.38834798165570344
0.38834798165570344
0.38834798165570344
0.38834798165570344
0.38834798165570344
0.38834798165570344
0.38834798165570344
0.38834798165570344
0.38834798165570344
0.38834798165570344
0.38834798165570344
0.38834798165570344
0.38834798165570344
0.38834798165570344
0.38834798165570344
0.38834798165570344
0.38834798165570344
0.38834798165570344
0.38834798165570344
0.38834798165570344
0.38834798165570344
0.38834798165570344
0.38834798165570344
0.38834798165570344
0.38692813752511945
0.38692813752511945
0.38692813752511945
0.38692813752511945
0.38692813752511945
0.38692813752511945
0.38692813752511945
0.38692813752511945
0.38692813752511945
0.38692813752511945
0.38692813752511945
0.38692813752511945
0.38692813752511945
0.38692813752511945
0.38692813752511945
0.38692813752511945
0.38692813752511945
0.38692813752511945
0.38692813752511945
0.38692813752511945
0.38692813752511945
0.38692813752511945
0.38692813752511945
0.38692813752511945
0.38692813752511945
0.38692813752511945
0.38692813752511945
0.38692813752511945
0.38692813752511945
0.38692813752511945
0.38692813752511945
0.38692813752511945
0.38692813752511945
0.38692813752511945
0.38692813752511945
0.38692813752511945
0.38692813752511945
0.38692813752511945
0.38692813752511945
0.38692813752511945
0.38692813752511945
0.38692813752511945
0.38692813752511945
0.38692813752511945
0.38692813752511945
0.38692813752511945
0.38692813752511945
0.38692813752511945
0.38692813752511945
0.38692813752511945
0.38692813752511945
0.38692813752511945
0.38692813752511945
0.38692813752511945
0.38692813752511945
0.38692813752511945
0.38692813752511945
0.38692813752511945
0.38692813752511945
0.38692813752511945
0.38692813752511945
0.38692813752511945
0.38692813752511945
0.38692813752511945
0.38692813752511945
0.38692813752511945
0.38692813752511945
0.38692813752511945
0.38692813752511945
0.38692813752511945
0.38692813752511945
0.38692813752511945
0.38692813752511945
0.38692813752511945
0.38692813752511945
0.38692813752511945
0.38692813752511945
0.38692813752511945
0.38692813752511945
0.38692813752511945
0.38692813752511945
0.38692813752511945
0.38692813752511945
0.38692813752511945
0.38692813752511945
0.38692813752511945
0.38692813752511945
0.38692813752511945
0.38692813752511945
0.38692813752511945
0.38692813752511945
0.38692813752511945
0.38692813752511945
0.38692813752511945
0.38692813752511945
0.38692813752511945
0.38692813752511945
0.38692813752511945
0.38692813752511945
0.38692813752511945
0.38692813752511945
0.38692813752511945
0.38692813752511945
0.38692813752511945
0.38692813752511945
0.38692813752511945
0.38692813752511945
0.38692813752511945
0.38692813752511945
0.38692813752511945
0.38692813752511945
0.38692813752511945
0.38692813752511945
0.38692813752511945
0.38692813752511945
0.38692813752511945
0.38692813752511945
0.38692813752511945
0.38692813752511945
0.38692813752511945
0.38692813752511945
0.38692813752511945
0.38692813752511945
0.38692813752511945
0.38692813752511945
0.38692813752511945
0.38692813752511945
0.38692813752511945
0.38692813752511945
0.38692813752511945
0.38692813752511945
0.38692813752511945
0.38692813752511945
0.38692813752511945
0.38692813752511945
0.38692813752511945
0.38692813752511945
0.38692813752511945
0.38692813752511945
0.38692813752511945
0.38692813752511945
0.38692813752511945
0.38692813752511945
0.38692813752511945
0.38692813752511945
0.38692813752511945
0.38692813752511945
0.38692813752511945
0.38692813752511945
0.38692813752511945
0.38692813752511945
0.38692813752511945
0.38692813752511945
0.38692813752511945
0.38692813752511945
0.38692813752511945
0.38692813752511945
0.38692813752511945
0.38692813752511945
0.38692813752511945
0.38692813752511945
0.38692813752511945
0.38692813752511945
0.38692813752511945
0.38692813752511945
0.38692813752511945
0.38692813752511945
0.38692813752511945
0.38692813752511945
0.38692813752511945
0.38692813752511945
0.38692813752511945
0.38692813752511945
0.38692813752511945
0.38692813752511945
0.38692813752511945
0.38692813752511945
0.38692813752511945
0.38692813752511945
0.38692813752511945
0.38692813752511945
0.38692813752511945
0.38692813752511945
0.38692813752511945
0.38692813752511945
0.38692813752511945
0.38692813752511945
0.38692813752511945
0.38692813752511945
0.38692813752511945
0.38692813752511945
0.38692813752511945
0.38692813752511945
0.38692813752511945
0.38692813752511945
0.38692813752511945
0.38692813752511945
0.38692813752511945
0.38692813752511945
0.38692813752511945
0.38692813752511945
0.38692813752511945
0.38692813752511945
0.38692813752511945
0.38692813752511945
0.38692813752511945
0.38692813752511945
0.38692813752511945
0.38692813752511945
0.38692813752511945
0.38692813752511945
0.38692813752511945
0.38692813752511945
0.38692813752511945
0.38692813752511945
0.38692813752511945
0.38692813752511945
0.38692813752511945
0.38692813752511945
0.38692813752511945
0.38692813752511945
0.38692813752511945
0.38692813752511945
0.38692813752511945
0.38692813752511945
0.38692813752511945
0.38692813752511945
0.38692813752511945
0.38692813752511945
0.38692813752511945
0.38692813752511945
0.38692813752511945
0.38692813752511945
0.38692813752511945
0.38692813752511945
0.38692813752511945
0.38692813752511945
0.38692813752511945
0.38692813752511945
0.38692813752511945
0.38692813752511945
0.38692813752511945
0.38692813752511945
0.38692813752511945
0.38692813752511945
0.38692813752511945
0.38692813752511945
0.38692813752511945
0.38692813752511945
0.38692813752511945
0.38692813752511945
0.38692813752511945
0.38692813752511945
0.38692813752511945
0.38692813752511945
0.38692813752511945
0.38692813752511945
0.38692813752511945
0.38692813752511945
0.38692813752511945
0.38692813752511945
0.38692813752511945
0.38692813752511945
0.38692813752511945
0.38692813752511945
0.38692813752511945
0.38692813752511945
0.38692813752511945
0.38692813752511945
0.38692813752511945
0.38692813752511945
0.38692813752511945
0.38692813752511945
0.38692813752511945
0.38692813752511945
0.38692813752511945
0.38692813752511945
0.38692813752511945
0.38692813752511945
0.38692813752511945
0.38692813752511945
0.38692813752511945
0.38692813752511945
0.38692813752511945
0.38692813752511945
0.38692813752511945
0.38692813752511945
0.38692813752511945
0.38692813752511945
0.38692813752511945
0.38692813752511945
0.38692813752511945
0.38692813752511945
0.38692813752511945
0.38692813752511945
0.38692813752511945
0.38692813752511945
0.38692813752511945
0.38692813752511945
0.38692813752511945
0.38692813752511945
0.38692813752511945
0.38692813752511945
0.38692813752511945
0.38692813752511945
0.38692813752511945
0.38692813752511945
0.38692813752511945
0.38692813752511945
0.38692813752511945
0.38692813752511945
0.38692813752511945
0.38692813752511945
0.38692813752511945
0.38692813752511945
0.38692813752511945
0.38692813752511945
0.38692813752511945
0.38692813752511945
0.38692813752511945
0.38692813752511945
0.38692813752511945
0.38692813752511945
0.38692813752511945
0.38692813752511945
0.38692813752511945
0.38692813752511945
0.38692813752511945
0.38692813752511945
0.38692813752511945
0.38692813752511945
0.38692813752511945
0.38692813752511945
0.38692813752511945
0.38692813752511945
0.38692813752511945
0.38692813752511945
0.38692813752511945
0.38692813752511945
0.38692813752511945
0.38692813752511945
0.38692813752511945
0.38692813752511945
0.38692813752511945
0.38692813752511945
0.38692813752511945
0.38692813752511945
0.38692813752511945
0.38692813752511945
0.38692813752511945
0.38692813752511945
0.38692813752511945
0.38692813752511945
0.38692813752511945
0.38692813752511945
0.38692813752511945
0.38692813752511945
0.38692813752511945
0.38692813752511945
0.38692813752511945
0.38692813752511945
0.38692813752511945
0.38692813752511945
0.38692813752511945
0.38692813752511945
0.38692813752511945
0.38692813752511945
0.38692813752511945
0.38692813752511945
0.38692813752511945
0.38692813752511945
0.38692813752511945
0.38692813752511945
0.38692813752511945
0.38692813752511945
0.38692813752511945
0.38692813752511945
0.38692813752511945
0.38692813752511945
0.38692813752511945
0.38692813752511945
0.38692813752511945
0.38692813752511945
0.38692813752511945
0.38692813752511945
0.38692813752511945
0.38692813752511945
0.38692813752511945
0.38692813752511945
0.38692813752511945
0.38692813752511945
0.38692813752511945
0.38692813752511945
0.38692813752511945
0.38692813752511945
0.38692813752511945
0.38692813752511945
0.38692813752511945
0.38692813752511945
0.38692813752511945
0.38692813752511945
0.38692813752511945
0.38692813752511945
0.38692813752511945
0.38692813752511945
0.38692813752511945
0.38692813752511945
0.38692813752511945
0.38692813752511945
0.38692813752511945
0.38692813752511945
0.38692813752511945
0.38692813752511945
0.38692813752511945
0.38692813752511945
0.38692813752511945
0.38692813752511945
0.38692813752511945
0.38692813752511945
0.38692813752511945
0.38692813752511945
0.38692813752511945
0.38692813752511945
0.38692813752511945
0.38692813752511945
0.38692813752511945
0.38692813752511945
0.38692813752511945
0.38692813752511945
0.38692813752511945
0.38692813752511945
0.38692813752511945
0.38692813752511945
0.38692813752511945
0.38692813752511945
0.38692813752511945
0.38692813752511945
0.38692813752511945
0.38692813752511945
0.38692813752511945
0.38692813752511945
0.38692813752511945
0.38692813752511945
0.38692813752511945
0.38692813752511945
0.38692813752511945
0.38692813752511945
0.38692813752511945
0.38692813752511945
0.38692813752511945
0.38692813752511945
0.38692813752511945
0.38692813752511945
0.38692813752511945
0.38692813752511945
0.38692813752511945
0.38692813752511945
0.38692813752511945
0.38692813752511945
0.38692813752511945
0.38692813752511945
0.38692813752511945
0.38692813752511945
0.38692813752511945
0.38692813752511945
0.38692813752511945
0.38692813752511945
0.38692813752511945
0.38692813752511945
0.38692813752511945
0.38692813752511945
0.38692813752511945
0.38692813752511945
0.38692813752511945
0.38692813752511945
0.38692813752511945
0.38692813752511945
0.38692813752511945
0.38692813752511945
0.38692813752511945
0.38692813752511945
0.38692813752511945
0.38692813752511945
0.38692813752511945
0.38692813752511945
0.38692813752511945
0.38692813752511945
0.38692813752511945
0.38692813752511945
0.38692813752511945
0.38692813752511945
0.38692813752511945
0.38692813752511945
0.38692813752511945
0.38692813752511945
0.38692813752511945
0.38692813752511945
0.38692813752511945
0.38692813752511945
0.38692813752511945
0.38692813752511945
0.38692813752511945
0.38692813752511945
0.38692813752511945
0.38692813752511945
0.38692813752511945
0.38692813752511945
0.38692813752511945
0.38692813752511945
0.38692813752511945
0.38692813752511945
0.38692813752511945
0.38692813752511945
0.38692813752511945
0.38692813752511945
0.38692813752511945
0.38692813752511945
0.38692813752511945
0.38692813752511945
0.38692813752511945
0.38692813752511945
0.38692813752511945
0.38692813752511945
0.38692813752511945
0.38692813752511945
0.38692813752511945
0.38692813752511945
0.38692813752511945
0.38692813752511945
0.38692813752511945
0.38692813752511945
0.38692813752511945
0.38692813752511945
0.38692813752511945
0.38692813752511945
0.38692813752511945
0.38692813752511945
0.38692813752511945
0.38692813752511945
0.38692813752511945
0.38692813752511945
0.38692813752511945
0.38692813752511945
0.38692813752511945
0.38692813752511945
0.38692813752511945
0.38692813752511945
0.38692813752511945
0.38692813752511945
0.38692813752511945
0.38692813752511945
0.38692813752511945
0.38692813752511945
0.38692813752511945
0.38692813752511945
0.38692813752511945
0.38692813752511945
0.38692813752511945
0.38692813752511945
0.38692813752511945
0.38692813752511945
0.38692813752511945
0.38692813752511945
0.38692813752511945
0.38692813752511945
0.38692813752511945
0.38692813752511945
0.38692813752511945
0.38692813752511945
0.38692813752511945
0.38692813752511945
0.38692813752511945
0.38692813752511945
0.38692813752511945
0.38692813752511945
0.38692813752511945
0.38692813752511945
0.38692813752511945
0.38692813752511945
0.38692813752511945
0.38692813752511945
0.38692813752511945
0.38692813752511945
0.38692813752511945
0.38692813752511945
0.38692813752511945
0.38692813752511945
0.38692813752511945
0.38692813752511945
0.38692813752511945
0.38692813752511945
0.38692813752511945
0.38692813752511945
0.38692813752511945
0.38692813752511945
0.38692813752511945
0.38692813752511945
0.38692813752511945
0.38692813752511945
0.38692813752511945
0.38692813752511945
0.38692813752511945
0.38692813752511945
0.38692813752511945
0.38692813752511945
0.38692813752511945
0.38692813752511945
0.38692813752511945
0.38692813752511945
0.38692813752511945
0.38692813752511945
0.38692813752511945
0.38692813752511945
0.38692813752511945
0.38692813752511945
0.38692813752511945
0.38692813752511945
0.38692813752511945
0.38692813752511945
0.38692813752511945
0.38692813752511945
0.38692813752511945
0.38692813752511945
0.38692813752511945
0.38692813752511945
0.38692813752511945
0.38692813752511945
0.38692813752511945
0.38692813752511945
0.38692813752511945
0.38692813752511945
0.38692813752511945
0.38692813752511945
0.38692813752511945
0.38692813752511945
0.38692813752511945
0.38692813752511945
0.38692813752511945
0.38692813752511945
0.38692813752511945
0.38692813752511945
0.38692813752511945
0.38692813752511945
0.38692813752511945
0.38692813752511945
0.38692813752511945
0.38692813752511945
0.38692813752511945
0.38692813752511945
0.38692813752511945
0.38692813752511945
0.38692813752511945
0.38692813752511945
0.38692813752511945
0.38692813752511945
0.38692813752511945
0.38692813752511945
0.38692813752511945
0.38692813752511945
0.38692813752511945
0.38692813752511945
0.38692813752511945
0.38692813752511945
0.38692813752511945
0.38692813752511945
0.38692813752511945
0.38692813752511945
0.38692813752511945
0.38692813752511945
0.38692813752511945
0.38692813752511945
0.38692813752511945
0.38692813752511945
0.38692813752511945
0.38692813752511945
0.38692813752511945
0.38692813752511945
0.38692813752511945
0.38692813752511945
0.38692813752511945
0.38692813752511945
0.38692813752511945
0.38692813752511945
0.38692813752511945
0.38692813752511945
0.38692813752511945
0.38692813752511945
0.38692813752511945
0.38692813752511945
0.38692813752511945
0.38692813752511945
0.38692813752511945
0.38692813752511945
0.38692813752511945
0.38692813752511945
0.38692813752511945
0.38692813752511945
0.38692813752511945
0.38692813752511945
0.38692813752511945
0.38692813752511945
0.38692813752511945
0.38692813752511945
0.38692813752511945
0.38692813752511945
0.38692813752511945
0.38692813752511945
0.38692813752511945
0.38692813752511945
0.38692813752511945
0.38692813752511945
0.38692813752511945
0.38692813752511945
0.38692813752511945
0.38692813752511945
0.38692813752511945
0.38692813752511945
0.38692813752511945
0.38692813752511945
0.38692813752511945
0.38692813752511945
0.38692813752511945
0.38692813752511945
0.38692813752511945
0.38692813752511945
0.38692813752511945
0.38692813752511945
0.38692813752511945
0.38692813752511945
0.38692813752511945
0.38692813752511945
0.38692813752511945
0.38692813752511945
0.38692813752511945
0.38692813752511945
0.38692813752511945
0.38692813752511945
0.38692813752511945
0.38692813752511945
0.38692813752511945
0.38692813752511945
0.38692813752511945
0.38692813752511945
0.38692813752511945
0.38692813752511945
0.38692813752511945
0.38692813752511945
0.38692813752511945
0.38692813752511945
0.38692813752511945
0.38692813752511945
0.38692813752511945
0.38692813752511945
0.38692813752511945
0.38692813752511945
0.38692813752511945
0.38692813752511945
0.38692813752511945
0.38692813752511945
0.38692813752511945
0.38692813752511945
0.38692813752511945
0.38692813752511945
0.38692813752511945
0.38692813752511945
0.38692813752511945
0.38692813752511945
0.38692813752511945
0.38692813752511945
0.38692813752511945
0.38692813752511945
0.38692813752511945
0.38692813752511945
0.38692813752511945
0.38692813752511945
0.38692813752511945
0.38692813752511945
0.38692813752511945
0.38692813752511945
0.38692813752511945
0.38692813752511945
0.38692813752511945
0.38692813752511945
0.38692813752511945
0.38692813752511945
0.38692813752511945
0.38692813752511945
0.38692813752511945
0.38692813752511945
0.38692813752511945
0.38692813752511945
0.38692813752511945
0.38692813752511945
0.38692813752511945
0.38692813752511945
0.38692813752511945
0.38692813752511945
0.38692813752511945
0.38692813752511945
0.38692813752511945
0.38692813752511945
0.38692813752511945
0.38692813752511945
0.38692813752511945
0.38692813752511945
0.38692813752511945
0.38692813752511945
0.38692813752511945
0.38692813752511945
0.38692813752511945
0.38692813752511945
0.38692813752511945
0.38692813752511945
0.38692813752511945
0.38692813752511945
0.38692813752511945
0.38692813752511945
0.38692813752511945
0.38692813752511945
0.38692813752511945
0.38692813752511945
0.38692813752511945
0.38692813752511945
0.38692813752511945
0.38692813752511945
0.38692813752511945
0.38692813752511945
0.38692813752511945
0.38692813752511945
0.38692813752511945
0.38692813752511945
0.38692813752511945
0.38692813752511945
0.38692813752511945
0.38692813752511945
0.38692813752511945
0.38692813752511945
0.38692813752511945
0.38692813752511945
0.38692813752511945
0.38692813752511945
0.38692813752511945
0.38692813752511945
0.38692813752511945
0.38692813752511945
0.38692813752511945
0.38692813752511945
0.38692813752511945
0.38692813752511945
0.38692813752511945
0.38692813752511945
0.38692813752511945
0.38692813752511945
0.38692813752511945
0.38692813752511945
0.38692813752511945
0.38692813752511945
0.38692813752511945
0.38692813752511945
0.38692813752511945
0.38692813752511945
0.38692813752511945
0.38692813752511945
0.38692813752511945
0.38692813752511945
0.38692813752511945
0.38692813752511945
0.38692813752511945
0.38692813752511945
0.38692813752511945
0.38692813752511945
0.38692813752511945
0.38692813752511945
0.38692813752511945
0.38692813752511945
0.38692813752511945
0.38692813752511945
0.38692813752511945
0.38692813752511945
0.38692813752511945
0.38692813752511945
0.38692813752511945
0.38692813752511945
0.38692813752511945
0.38692813752511945
0.38692813752511945
0.38692813752511945
0.38692813752511945
0.38692813752511945
0.38692813752511945
0.38692813752511945
0.38692813752511945
0.38692813752511945
0.38692813752511945
0.38692813752511945
0.38692813752511945
0.38692813752511945
0.38692813752511945
0.38692813752511945
0.38692813752511945
0.38692813752511945
0.38692813752511945
0.38692813752511945
0.38692813752511945
0.38692813752511945
0.38692813752511945
0.38692813752511945
0.38692813752511945
0.38692813752511945
0.38692813752511945
0.38692813752511945
0.38692813752511945
0.38692813752511945
0.38692813752511945
0.38692813752511945
0.38692813752511945
0.38692813752511945
0.38692813752511945
0.38692813752511945
0.38692813752511945
0.38692813752511945
0.38692813752511945
0.38692813752511945
0.38692813752511945
0.38692813752511945
0.38692813752511945
0.38692813752511945
0.38692813752511945
0.38692813752511945
0.38692813752511945
0.38692813752511945
0.38692813752511945
0.38692813752511945
0.38692813752511945
0.38692813752511945
0.38692813752511945
0.38692813752511945
0.38692813752511945
0.38692813752511945
0.38692813752511945
0.38692813752511945
0.38692813752511945
0.38692813752511945
0.38692813752511945
0.38692813752511945
0.38692813752511945
0.38692813752511945
0.38692813752511945
0.38692813752511945
0.38692813752511945
0.38692813752511945
0.38692813752511945
0.38692813752511945
0.38692813752511945
0.38692813752511945
0.38692813752511945
0.38692813752511945
0.38692813752511945
0.38692813752511945
0.38692813752511945
0.38692813752511945
0.38692813752511945
0.38692813752511945
0.38692813752511945
0.38692813752511945
0.38692813752511945
0.38692813752511945
0.38692813752511945
0.38692813752511945
0.38692813752511945
0.38692813752511945
0.38692813752511945
0.38692813752511945
0.38692813752511945
0.38692813752511945
0.38692813752511945
0.38692813752511945
0.38692813752511945
0.38692813752511945
0.38692813752511945
0.38692813752511945
0.38692813752511945
0.38692813752511945
0.38692813752511945
0.38692813752511945
0.38692813752511945
0.38692813752511945
0.38692813752511945
0.38692813752511945
0.38692813752511945
0.38692813752511945
0.38692813752511945
0.38692813752511945
0.38692813752511945
0.38692813752511945
0.38692813752511945
0.38692813752511945
0.38692813752511945
0.38692813752511945
0.38692813752511945
0.38692813752511945
0.38692813752511945
0.38692813752511945
0.38692813752511945
0.38692813752511945
0.38692813752511945
0.38692813752511945
0.38692813752511945
0.38692813752511945
0.38692813752511945
0.38692813752511945
0.38692813752511945
0.38692813752511945
0.38692813752511945
0.38692813752511945
0.38692813752511945
0.38692813752511945
0.38692813752511945
0.38692813752511945
0.38692813752511945
0.38692813752511945
0.38692813752511945
0.38692813752511945
0.38692813752511945
0.38692813752511945
0.38692813752511945
0.38692813752511945
0.38692813752511945
0.38692813752511945
0.38692813752511945
0.38692813752511945
0.38692813752511945
0.38692813752511945
0.38692813752511945
0.38692813752511945
0.38692813752511945
0.38692813752511945
0.38692813752511945
0.38692813752511945
0.38692813752511945
0.38692813752511945
0.38692813752511945
0.38692813752511945
0.38692813752511945
0.38692813752511945
0.38692813752511945
0.38692813752511945
0.38692813752511945
0.38692813752511945
0.38692813752511945
0.38692813752511945
0.38692813752511945
0.38692813752511945
0.38692813752511945
0.38692813752511945
0.38692813752511945
0.38692813752511945
0.38692813752511945
0.38692813752511945
0.38692813752511945
0.38692813752511945
0.38692813752511945
0.38692813752511945
0.38692813752511945
0.38692813752511945
0.38692813752511945
0.38692813752511945
0.38692813752511945
0.38692813752511945
0.38692813752511945
0.38692813752511945
0.38692813752511945
0.38692813752511945
0.38692813752511945
0.38692813752511945
0.38692813752511945
0.38692813752511945
0.38692813752511945
0.38692813752511945
0.3649650728802383
0.3649650728802383
0.3649650728802383
0.3649650728802383
0.3649650728802383
0.3649650728802383
0.3649650728802383
0.3649650728802383
0.3649650728802383
0.3649650728802383
0.3649650728802383
0.3649650728802383
0.3649650728802383
0.3649650728802383
0.3649650728802383
0.3649650728802383
0.3649650728802383
0.3649650728802383
0.3649650728802383
0.3649650728802383
0.3649650728802383
0.3649650728802383
0.3649650728802383
0.3649650728802383
0.3649650728802383
0.3649650728802383
0.3649650728802383
0.3649650728802383
0.3649650728802383
0.3649650728802383
0.3649650728802383
0.3649650728802383
0.3649650728802383
0.3649650728802383
0.3649650728802383
0.3649650728802383
0.3649650728802383
0.3649650728802383
0.3649650728802383
0.3649650728802383
0.3649650728802383
0.3649650728802383
0.3649650728802383
0.3649650728802383
0.3649650728802383
0.3649650728802383
0.3649650728802383
0.3649650728802383
0.3649650728802383
0.3649650728802383
0.3649650728802383
0.3649650728802383
0.3649650728802383
0.3649650728802383
0.3649650728802383
0.3649650728802383
0.3649650728802383
0.3649650728802383
0.3649650728802383
0.3649650728802383
0.3649650728802383
0.3649650728802383
0.3649650728802383
0.3649650728802383
0.3649650728802383
0.3649650728802383
0.3649650728802383
0.3649650728802383
0.3649650728802383
0.3649650728802383
0.3649650728802383
0.3649650728802383
0.3649650728802383
0.3649650728802383
0.3649650728802383
0.3649650728802383
0.3649650728802383
0.3649650728802383
0.3649650728802383
0.3649650728802383
0.3649650728802383
0.3649650728802383
0.3649650728802383
0.3649650728802383
0.3649650728802383
0.3649650728802383
0.3649650728802383
0.3649650728802383
0.3649650728802383
0.3649650728802383
0.3649650728802383
0.3649650728802383
0.3649650728802383
0.3649650728802383
0.3649650728802383
0.3649650728802383
0.3649650728802383
0.3649650728802383
0.3649650728802383
0.3649650728802383
0.3649650728802383
0.3649650728802383
0.3649650728802383
0.3649650728802383
0.3649650728802383
0.3649650728802383
0.3649650728802383
0.3649650728802383
0.3649650728802383
0.3649650728802383
0.3649650728802383
0.3649650728802383
0.3649650728802383
0.3649650728802383
0.3649650728802383
0.3649650728802383
0.3649650728802383
0.3649650728802383
0.3649650728802383
0.3649650728802383
0.3649650728802383
0.3649650728802383
0.3649650728802383
0.3649650728802383
0.3649650728802383
0.3649650728802383
0.3649650728802383
0.3649650728802383
0.3649650728802383
0.3649650728802383
0.3649650728802383
0.3649650728802383
0.3649650728802383
0.3649650728802383
0.3649650728802383
0.3649650728802383
0.3649650728802383
0.3649650728802383
0.3649650728802383
0.3649650728802383
0.3649650728802383
0.3649650728802383
0.3649650728802383
0.3649650728802383
0.3649650728802383
0.3649650728802383
0.3649650728802383
0.3649650728802383
0.3649650728802383
0.3649650728802383
0.3649650728802383
0.3649650728802383
0.3649650728802383
0.3649650728802383
0.3649650728802383
0.3649650728802383
0.3649650728802383
0.3649650728802383
0.3649650728802383
0.3649650728802383
0.3649650728802383
0.3649650728802383
0.3649650728802383
0.3649650728802383
0.3649650728802383
0.3649650728802383
0.3649650728802383
0.3649650728802383
0.3649650728802383
0.3649650728802383
0.3649650728802383
0.3649650728802383
0.3649650728802383
0.3649650728802383
0.3649650728802383
0.3649650728802383
0.3649650728802383
0.3649650728802383
0.3649650728802383
0.3649650728802383
0.3649650728802383
0.3649650728802383
0.3649650728802383
0.3649650728802383
0.3649650728802383
0.3649650728802383
0.3649650728802383
0.3649650728802383
0.3649650728802383
0.3649650728802383
0.3649650728802383
0.3649650728802383
0.3649650728802383
0.3649650728802383
0.3649650728802383
0.3649650728802383
0.3649650728802383
0.3649650728802383
0.3649650728802383
0.3649650728802383
0.3649650728802383
0.3649650728802383
0.3649650728802383
0.3649650728802383
0.3649650728802383
0.3649650728802383
0.3649650728802383
0.3649650728802383
0.3649650728802383
0.3649650728802383
0.3649650728802383
0.3649650728802383
0.3649650728802383
0.3649650728802383
0.3649650728802383
0.3649650728802383
0.3649650728802383
0.3649650728802383
0.3649650728802383
0.3649650728802383
0.3649650728802383
0.3649650728802383
0.3649650728802383
0.3649650728802383
0.3649650728802383
0.3649650728802383
0.3649650728802383
0.3649650728802383
0.3649650728802383
0.3649650728802383
0.3649650728802383
0.3649650728802383
0.3649650728802383
0.3649650728802383
0.3649650728802383
0.3649650728802383
0.3649650728802383
0.3649650728802383
0.3649650728802383
0.3649650728802383
0.3649650728802383
0.3649650728802383
0.3649650728802383
0.3649650728802383
0.3649650728802383
0.3649650728802383
0.3649650728802383
0.3649650728802383
0.3649650728802383
0.3649650728802383
0.3649650728802383
0.3649650728802383
0.3649650728802383
0.3649650728802383
0.3649650728802383
0.3649650728802383
0.3649650728802383
0.3649650728802383
0.3649650728802383
0.3649650728802383
0.3649650728802383
0.3649650728802383
0.3649650728802383
0.3649650728802383
0.3649650728802383
0.3649650728802383
0.3649650728802383
0.3649650728802383
0.3649650728802383
0.3649650728802383
0.3649650728802383
0.3649650728802383
0.3649650728802383
0.3649650728802383
0.3649650728802383
0.3649650728802383
0.3649650728802383
0.3649650728802383
0.3649650728802383
0.3649650728802383
0.3649650728802383
0.3649650728802383
0.3649650728802383
0.3649650728802383
0.3649650728802383
0.3649650728802383
0.3649650728802383
0.3649650728802383
0.3649650728802383
0.3649650728802383
0.3649650728802383
0.3649650728802383
0.3649650728802383
0.3649650728802383
0.3649650728802383
0.3649650728802383
0.3649650728802383
0.3649650728802383
0.3649650728802383
0.3649650728802383
0.3649650728802383
0.3649650728802383
0.3649650728802383
0.3649650728802383
0.3649650728802383
0.3649650728802383
0.3649650728802383
0.3649650728802383
0.3649650728802383
0.3649650728802383
0.3649650728802383
0.3649650728802383
0.3649650728802383
0.3649650728802383
0.3649650728802383
0.3649650728802383
0.3649650728802383
0.3649650728802383
0.3649650728802383
0.3649650728802383
0.3649650728802383
0.3649650728802383
0.3649650728802383
0.3649650728802383
0.3649650728802383
0.3649650728802383
0.3649650728802383
0.3649650728802383
0.3649650728802383
0.3649650728802383
0.3649650728802383
0.3649650728802383
0.3649650728802383
0.3649650728802383
0.3649650728802383
0.3649650728802383
0.3649650728802383
0.3649650728802383
0.3649650728802383
0.3649650728802383
0.3649650728802383
0.3649650728802383
0.3649650728802383
0.3649650728802383
0.3649650728802383
0.3649650728802383
0.3649650728802383
0.3649650728802383
0.3649650728802383
0.3649650728802383
0.3649650728802383
0.3649650728802383
0.3649650728802383
0.3649650728802383
0.3649650728802383
0.3649650728802383
0.3649650728802383
0.3649650728802383
0.3649650728802383
0.3649650728802383
0.3649650728802383
0.3649650728802383
0.3649650728802383
0.3649650728802383
0.3649650728802383
0.3649650728802383
0.3649650728802383
0.3649650728802383
0.3649650728802383
0.3649650728802383
0.3649650728802383
0.3649650728802383
0.3649650728802383
0.3649650728802383
0.3649650728802383
0.3649650728802383
0.3649650728802383
0.3649650728802383
0.3649650728802383
0.3649650728802383
0.3649650728802383
0.3649650728802383
0.3649650728802383
0.3649650728802383
0.3649650728802383
0.3649650728802383
0.3649650728802383
0.3649650728802383
0.3649650728802383
0.3649650728802383
0.3649650728802383
0.3649650728802383
0.3649650728802383
0.3649650728802383
0.3649650728802383
0.3649650728802383
0.3649650728802383
0.3649650728802383
0.3649650728802383
0.3649650728802383
0.3649650728802383
0.3649650728802383
0.3649650728802383
0.3649650728802383
0.3649650728802383
0.3649650728802383
0.3649650728802383
0.3649650728802383
0.3649650728802383
0.3649650728802383
0.3649650728802383
0.3649650728802383
0.3649650728802383
0.3649650728802383
0.3649650728802383
0.3649650728802383
0.3649650728802383
0.3649650728802383
0.3649650728802383
0.3649650728802383
0.3649650728802383
0.3649650728802383
0.3649650728802383
0.3649650728802383
0.3649650728802383
0.3649650728802383
0.3649650728802383
0.3649650728802383
0.3649650728802383
0.3649650728802383
0.3649650728802383
0.3649650728802383
0.3649650728802383
0.3649650728802383
0.3649650728802383
0.3649650728802383
0.3649650728802383
0.3649650728802383
0.3649650728802383
0.3649650728802383
0.3649650728802383
0.3649650728802383
0.3649650728802383
0.3649650728802383
0.3649650728802383
0.3649650728802383
0.3649650728802383
0.3649650728802383
0.3649650728802383
0.3649650728802383
0.3649650728802383
0.3649650728802383
0.3649650728802383
0.3649650728802383
0.3649650728802383
0.3649650728802383
0.3649650728802383
0.3649650728802383
0.3649650728802383
0.3649650728802383
0.3649650728802383
0.3649650728802383
0.3649650728802383
0.3649650728802383
0.3649650728802383
0.3649650728802383
0.3649650728802383
0.3649650728802383
0.3649650728802383
0.3649650728802383
0.3649650728802383
0.3649650728802383
0.3649650728802383
0.3649650728802383
0.3649650728802383
0.3649650728802383
0.3649650728802383
0.3649650728802383
0.3649650728802383
0.3649650728802383
0.3649650728802383
0.3649650728802383
0.3649650728802383
0.3649650728802383
0.3649650728802383
0.3649650728802383
0.3649650728802383
0.3649650728802383
0.3649650728802383
0.3649650728802383
0.3649650728802383
0.3649650728802383
0.3649650728802383
0.3649650728802383
0.3649650728802383
0.3649650728802383
0.3649650728802383
0.3649650728802383
0.3649650728802383
0.3649650728802383
0.3649650728802383
0.3649650728802383
0.3649650728802383
0.3649650728802383
0.3649650728802383
0.3649650728802383
0.3649650728802383
0.3649650728802383
0.3649650728802383
0.3649650728802383
0.3649650728802383
0.3649650728802383
0.3649650728802383
0.3649650728802383
0.3649650728802383
0.3649650728802383
0.3649650728802383
0.3649650728802383
0.3649650728802383
0.3649650728802383
0.3649650728802383
0.3649650728802383
0.3649650728802383
0.3649650728802383
0.3649650728802383
0.3649650728802383
0.3649650728802383
0.3649650728802383
0.3649650728802383
0.3649650728802383
0.3649650728802383
0.3649650728802383
0.3649650728802383
0.3649650728802383
0.3649650728802383
0.3649650728802383
0.3649650728802383
0.3649650728802383
0.3649650728802383
0.3649650728802383
0.3649650728802383
0.3649650728802383
0.3649650728802383
0.3649650728802383
0.3649650728802383
0.3649650728802383
0.3649650728802383
0.3649650728802383
0.3649650728802383
0.3649650728802383
0.3649650728802383
0.3649650728802383
0.3649650728802383
0.3649650728802383
0.3649650728802383
0.3649650728802383
0.3649650728802383
0.3649650728802383
0.3649650728802383
0.3649650728802383
0.3649650728802383
0.3649650728802383
0.3649650728802383
0.3649650728802383
0.3649650728802383
0.3649650728802383
0.3649650728802383
0.3649650728802383
0.3649650728802383
0.3649650728802383
0.3649650728802383
0.3649650728802383
0.3649650728802383
0.3649650728802383
0.3649650728802383
0.3649650728802383
0.3649650728802383
0.3649650728802383
0.3649650728802383
0.3649650728802383
0.3649650728802383
0.3649650728802383
0.3649650728802383
0.3649650728802383
0.3649650728802383
0.3649650728802383
0.3649650728802383
0.3649650728802383
0.3649650728802383
0.3649650728802383
0.3649650728802383
0.3649650728802383
0.3649650728802383
0.3649650728802383
0.3649650728802383
0.3649650728802383
0.3649650728802383
0.3649650728802383
0.3649650728802383
0.3649650728802383
0.3649650728802383
0.3649650728802383
0.3649650728802383
0.3649650728802383
0.3649650728802383
0.3649650728802383
0.3649650728802383
0.3649650728802383
0.3649650728802383
0.3649650728802383
0.3649650728802383
0.3649650728802383
0.3649650728802383
0.3649650728802383
0.3649650728802383
0.3649650728802383
0.3649650728802383
0.3649650728802383
0.3649650728802383
0.3649650728802383
0.3649650728802383
0.3649650728802383
0.3649650728802383
0.3649650728802383
0.3649650728802383
0.3649650728802383
0.3649650728802383
0.3649650728802383
0.3649650728802383
0.3649650728802383
0.3649650728802383
0.3649650728802383
0.3649650728802383
0.3649650728802383
0.3649650728802383
0.3649650728802383
0.3649650728802383
0.3649650728802383
0.3649650728802383
0.3649650728802383
0.3649650728802383
0.3649650728802383
0.3649650728802383
0.3649650728802383
0.3649650728802383
0.3649650728802383
0.3649650728802383
0.3649650728802383
0.3649650728802383
0.3649650728802383
0.3649650728802383
0.3649650728802383
0.3649650728802383
0.3649650728802383
0.3649650728802383
0.3649650728802383
0.3649650728802383
0.3649650728802383
0.3649650728802383
0.3649650728802383
0.3649650728802383
0.3649650728802383
0.3649650728802383
0.3649650728802383
0.3649650728802383
0.3649650728802383
0.3649650728802383
0.3649650728802383
0.3649650728802383
0.3649650728802383
0.3649650728802383
0.3649650728802383
0.3649650728802383
0.3649650728802383
0.3649650728802383
0.3649650728802383
0.3649650728802383
0.3649650728802383
0.3649650728802383
0.3649650728802383
0.3649650728802383
0.3649650728802383
0.3649650728802383
0.3649650728802383
0.3649650728802383
0.3649650728802383
0.3649650728802383
0.3649650728802383
0.3649650728802383
0.3649650728802383
0.3649650728802383
0.3649650728802383
0.3649650728802383
0.3649650728802383
0.3649650728802383
0.3649650728802383
0.3649650728802383
0.3649650728802383
0.3649650728802383
0.3649650728802383
0.3649650728802383
0.3649650728802383
0.3649650728802383
0.3649650728802383
0.3649650728802383
0.3649650728802383
0.3649650728802383
0.3649650728802383
0.3649650728802383
0.3649650728802383
0.3649650728802383
0.3649650728802383
0.3649650728802383
0.3649650728802383
0.3649650728802383
0.3649650728802383
0.3649650728802383
0.3649650728802383
0.3649650728802383
0.3649650728802383
0.3649650728802383
0.3649650728802383
0.3649650728802383
0.3649650728802383
0.3649650728802383
0.3649650728802383
0.3649650728802383
0.3649650728802383
0.3649650728802383
0.3649650728802383
0.3649650728802383
0.3649650728802383
0.3649650728802383
0.3649650728802383
0.3649650728802383
0.3649650728802383
0.3649650728802383
0.3649650728802383
0.3649650728802383
0.3649650728802383
0.3649650728802383
0.3649650728802383
0.3649650728802383
0.3649650728802383
0.3649650728802383
0.3649650728802383
0.3649650728802383
0.3649650728802383
0.3649650728802383
0.3649650728802383
0.3649650728802383
0.3649650728802383
0.3649650728802383
0.3649650728802383
0.3649650728802383
0.3649650728802383
0.3649650728802383
0.3649650728802383
0.3649650728802383
0.3649650728802383
0.3649650728802383
0.3649650728802383
0.3649650728802383
0.3649650728802383
0.3649650728802383
0.3649650728802383
0.3649650728802383
0.3649650728802383
0.3649650728802383
0.3649650728802383
0.3649650728802383
0.3649650728802383
0.3649650728802383
0.3649650728802383
0.3649650728802383
0.3649650728802383
0.3649650728802383
0.3649650728802383
0.3649650728802383
0.3649650728802383
0.3649650728802383
0.3649650728802383
0.3649650728802383
0.3649650728802383
0.3649650728802383
0.3649650728802383
0.3649650728802383
0.3649650728802383
0.3649650728802383
0.3649650728802383
0.3649650728802383
0.3649650728802383
0.3649650728802383
0.3649650728802383
0.3649650728802383
0.3649650728802383
0.3649650728802383
0.3649650728802383
0.3649650728802383
0.3649650728802383
0.3649650728802383
0.3649650728802383
0.3649650728802383
0.3649650728802383
0.3649650728802383
0.3649650728802383
0.3649650728802383
0.3649650728802383
0.3649650728802383
0.3649650728802383
0.3649650728802383
0.3649650728802383
0.3649650728802383
0.3649650728802383
0.3649650728802383
0.3649650728802383
0.3649650728802383
0.3649650728802383
0.3649650728802383
0.3649650728802383
0.3649650728802383
0.3649650728802383
0.3649650728802383
0.3649650728802383
0.3649650728802383
0.3649650728802383
0.3649650728802383
0.3649650728802383
0.3649650728802383
0.3649650728802383
0.3649650728802383
0.3649650728802383
0.3649650728802383
0.3649650728802383
0.3649650728802383
0.3649650728802383
0.3649650728802383
0.3649650728802383
0.3649650728802383
0.3649650728802383
0.3649650728802383
0.3649650728802383
0.3649650728802383
0.3649650728802383
0.3649650728802383
0.3649650728802383
0.3649650728802383
0.3649650728802383
0.3649650728802383
0.3649650728802383
0.3649650728802383
0.3649650728802383
0.3649650728802383
0.3649650728802383
0.3649650728802383
0.3649650728802383
0.3649650728802383
0.3649650728802383
0.3649650728802383
0.3649650728802383
0.3649650728802383
0.3649650728802383
0.3649650728802383
0.3649650728802383
0.3649650728802383
0.3649650728802383
0.3649650728802383
0.3649650728802383
0.3649650728802383
0.3649650728802383
0.3649650728802383
0.3649650728802383
0.3649650728802383
0.3649650728802383
0.3649650728802383
0.3649650728802383
0.3649650728802383
0.3649650728802383
0.3649650728802383
0.3649650728802383
0.3649650728802383
0.3649650728802383
0.3649650728802383
0.3649650728802383
0.3649650728802383
0.3649650728802383
0.3649650728802383
0.3649650728802383
0.3649650728802383
0.3649650728802383
0.3649650728802383
0.3649650728802383
0.3649650728802383
0.3649650728802383
0.3649650728802383
0.3649650728802383
0.3649650728802383
0.3649650728802383
0.3649650728802383
0.3649650728802383
0.3649650728802383
0.3649650728802383
0.3649650728802383
0.3649650728802383
0.3649650728802383
0.3649650728802383
0.3649650728802383
0.3649650728802383
0.3649650728802383
0.3649650728802383
0.3649650728802383
0.3649650728802383
0.3649650728802383
0.3649650728802383
0.3649650728802383
0.3649650728802383
0.3649650728802383
0.3649650728802383
0.3649650728802383
0.3649650728802383
0.3649650728802383
0.3649650728802383
0.3649650728802383
0.3649650728802383
0.3649650728802383
0.3649650728802383
0.3649650728802383
0.3649650728802383
0.3649650728802383
0.3649650728802383
0.3649650728802383
0.3649650728802383
0.3649650728802383
0.3649650728802383
0.3649650728802383
0.3649650728802383
0.3649650728802383
0.3649650728802383
0.3649650728802383
0.3649650728802383
0.3649650728802383
0.3649650728802383
0.3649650728802383
0.3649650728802383
0.3649650728802383
0.3649650728802383
0.3649650728802383
0.3649650728802383
0.3649650728802383
0.3649650728802383
0.3649650728802383
0.3649650728802383
0.3649650728802383
0.3649650728802383
0.3649650728802383
0.3649650728802383
0.3649650728802383
0.3649650728802383
0.3649650728802383
0.3649650728802383
0.3649650728802383
0.3649650728802383
0.3649650728802383
0.3649650728802383
0.3649650728802383
0.3649650728802383
0.3649650728802383
0.3649650728802383
0.3649650728802383
0.3649650728802383
0.3649650728802383
0.3649650728802383
0.3649650728802383
0.3649650728802383
0.3649650728802383
0.3649650728802383
0.3649650728802383
0.3649650728802383
0.3649650728802383
0.3649650728802383
0.3649650728802383
0.3649650728802383
0.3649650728802383
0.3649650728802383
0.3649650728802383
0.3649650728802383
0.3649650728802383
0.3649650728802383
0.3649650728802383
0.3649650728802383
0.3649650728802383
0.3649650728802383
0.3649650728802383
0.3649650728802383
0.3649650728802383
0.3649650728802383
0.3649650728802383
0.3649650728802383
0.3649650728802383
0.3649650728802383
0.3649650728802383
0.3649650728802383
0.3649650728802383
0.3649650728802383
0.3649650728802383
0.3649650728802383
0.3649650728802383
0.3649650728802383
0.3649650728802383
0.3649650728802383
0.3649650728802383
0.3649650728802383
0.3649650728802383
0.3649650728802383
0.3649650728802383
0.3649650728802383
0.3649650728802383
0.3649650728802383
0.3649650728802383
0.3649650728802383
0.3649650728802383
0.3649650728802383
0.3649650728802383
0.3649650728802383
0.3649650728802383
0.3649650728802383
0.3649650728802383
0.3649650728802383
0.3649650728802383
0.3649650728802383
0.3649650728802383
0.3649650728802383
0.3649650728802383
0.3649650728802383
0.3649650728802383
0.3649650728802383
0.3649650728802383
0.3649650728802383
0.3649650728802383
0.3649650728802383
0.3649650728802383
0.3649650728802383
0.3649650728802383
0.3649650728802383
0.3649650728802383
0.3649650728802383
0.3649650728802383
0.3649650728802383
0.3649650728802383
0.3649650728802383
0.3649650728802383
0.3649650728802383
0.3649650728802383
0.3649650728802383
0.3649650728802383
0.3649650728802383
0.3649650728802383
0.3649650728802383
0.3649650728802383
0.3649650728802383
0.3649650728802383
0.3649650728802383
0.3649650728802383
0.3649650728802383
0.3649650728802383
0.3649650728802383
0.3649650728802383
0.3649650728802383
0.3649650728802383
0.3649650728802383
0.3649650728802383
0.3649650728802383
0.3649650728802383
0.3649650728802383
0.3649650728802383
0.3649650728802383
0.3649650728802383
0.3649650728802383
0.3649650728802383
0.3649650728802383
0.3649650728802383
0.3649650728802383
0.3649650728802383
0.3649650728802383
0.3649650728802383
0.3649650728802383
0.3649650728802383
0.3649650728802383
0.3649650728802383
0.3649650728802383
0.3649650728802383
0.3649650728802383
0.3649650728802383
0.3649650728802383
0.3649650728802383
0.3649650728802383
0.3649650728802383
0.3649650728802383
0.3649650728802383
0.3649650728802383
0.3649650728802383
0.3649650728802383
0.3649650728802383
0.3649650728802383
0.3649650728802383
0.3649650728802383
0.3649650728802383
0.3649650728802383
0.3649650728802383
0.3649650728802383
0.3649650728802383
0.3649650728802383
0.3649650728802383
0.3649650728802383
0.3649650728802383
0.3649650728802383
0.3649650728802383
0.3649650728802383
0.3649650728802383
0.3649650728802383
0.3649650728802383
0.3649650728802383
0.3649650728802383
0.3649650728802383
0.3649650728802383
0.3649650728802383
0.3649650728802383
0.3649650728802383
0.3649650728802383
0.3649650728802383
0.3649650728802383
0.3649650728802383
0.3649650728802383
0.3649650728802383
0.3649650728802383
0.3649650728802383
0.3649650728802383
0.3649650728802383
0.3649650728802383
0.3649650728802383
0.3649650728802383
0.3649650728802383
0.3649650728802383
0.3649650728802383
0.3649650728802383
0.3649650728802383
0.3649650728802383
0.3649650728802383
0.3649650728802383
0.3649650728802383
0.3649650728802383
0.3649650728802383
0.3649650728802383
0.3649650728802383
0.3649650728802383
0.3649650728802383
0.3649650728802383
0.3649650728802383
0.3649650728802383
0.3649650728802383
0.3649650728802383
0.3649650728802383
0.3649650728802383
0.3649650728802383
0.3649650728802383
0.3649650728802383
0.3649650728802383
0.3649650728802383
0.3649650728802383
0.3649650728802383
0.3649650728802383
0.3649650728802383
0.3649650728802383
0.3649650728802383
0.3649650728802383
0.3649650728802383
0.3649650728802383
0.3649650728802383
0.3649650728802383
0.3649650728802383
0.3649650728802383
0.3649650728802383
0.3649650728802383
0.3649650728802383
0.3649650728802383
0.3649650728802383
0.3649650728802383
0.3649650728802383
0.3649650728802383
0.3649650728802383
0.3649650728802383
0.3649650728802383
0.3649650728802383
0.3649650728802383
0.3649650728802383
0.3649650728802383
0.3649650728802383
0.3649650728802383
0.3649650728802383
0.3649650728802383
0.3649650728802383
0.3649650728802383
0.3649650728802383
0.3649650728802383
0.3649650728802383
0.3649650728802383
0.3649650728802383
0.3649650728802383
0.3649650728802383
0.3649650728802383
0.3649650728802383
0.3649650728802383
0.3649650728802383
0.3649650728802383
0.3649650728802383
0.3649650728802383
0.3649650728802383
0.3649650728802383
0.3649650728802383
0.3649650728802383
0.3649650728802383
0.3649650728802383
0.3649650728802383
0.3649650728802383
0.3649650728802383
0.3649650728802383
0.3649650728802383
0.3649650728802383
0.3649650728802383
0.3649650728802383
0.3649650728802383
0.3649650728802383
0.3649650728802383
0.3649650728802383
0.3649650728802383
0.3649650728802383
0.3649650728802383
0.3649650728802383
0.3649650728802383
0.3649650728802383
0.3649650728802383
0.3649650728802383
0.3649650728802383
0.3649650728802383
0.3649650728802383
0.3649650728802383
0.3649650728802383
0.3649650728802383
0.3649650728802383
0.3649650728802383
0.3649650728802383
0.3649650728802383
0.3649650728802383
0.3649650728802383
0.3649650728802383
0.3649650728802383
0.3649650728802383
0.3649650728802383
0.3649650728802383
0.3649650728802383
0.3649650728802383
0.3649650728802383
0.3649650728802383
0.3649650728802383
0.3649650728802383
0.3649650728802383
0.3649650728802383
0.3649650728802383
0.3649650728802383
0.3649650728802383
0.3649650728802383
0.3649650728802383
0.3649650728802383
0.3649650728802383
0.3649650728802383
0.3649650728802383
0.3649650728802383
0.3649650728802383
0.3649650728802383
0.3649650728802383
0.3649650728802383
0.3649650728802383
0.3649650728802383
0.3649650728802383
0.3649650728802383
0.3649650728802383
0.3649650728802383
0.3649650728802383
0.3649650728802383
0.3649650728802383
0.3649650728802383
0.3649650728802383
0.3649650728802383
0.3649650728802383
0.3649650728802383
0.3649650728802383
0.3649650728802383
0.3649650728802383
0.3649650728802383
0.3649650728802383
0.3649650728802383
0.3649650728802383
0.3649650728802383
0.3649650728802383
0.3649650728802383
0.3649650728802383
0.3649650728802383
0.3649650728802383
0.3649650728802383
0.3649650728802383
0.3649650728802383
0.3649650728802383
0.3649650728802383
0.3649650728802383
0.3649650728802383
0.3649650728802383
0.3649650728802383
0.3649650728802383
0.3649650728802383
0.3649650728802383
0.3649650728802383
0.3649650728802383
0.3649650728802383
0.3649650728802383
0.3649650728802383
0.3649650728802383
0.3649650728802383
0.3649650728802383
0.3649650728802383
0.3649650728802383
0.3649650728802383
0.3649650728802383
0.3649650728802383
0.3649650728802383
0.3649650728802383
0.3649650728802383
0.3649650728802383
0.3649650728802383
0.3649650728802383
0.3649650728802383
0.3649650728802383
0.3649650728802383
0.3649650728802383
0.3649650728802383
0.3649650728802383
0.3649650728802383
0.3649650728802383
0.3649650728802383
0.3649650728802383
0.3649650728802383
0.3649650728802383
0.3649650728802383
0.3649650728802383
0.3649650728802383
0.3649650728802383
0.3649650728802383
0.3649650728802383
0.3649650728802383
0.3649650728802383
0.3649650728802383
0.3649650728802383
0.3649650728802383
0.3649650728802383
0.3649650728802383
0.3649650728802383
0.3649650728802383
0.3649650728802383
0.3649650728802383
0.3649650728802383
0.3649650728802383
0.3649650728802383
0.3649650728802383
0.3649650728802383
0.3649650728802383
0.3649650728802383
0.3649650728802383
0.3649650728802383
0.3649650728802383
0.3649650728802383
0.3649650728802383
0.3649650728802383
0.3649650728802383
0.3649650728802383
0.3649650728802383
0.3649650728802383
0.3649650728802383
0.3649650728802383
0.3649650728802383
0.3649650728802383
0.3649650728802383
0.3649650728802383
0.3649650728802383
0.3649650728802383
0.3649650728802383
0.3649650728802383
0.3649650728802383
0.3649650728802383
0.3649650728802383
0.3649650728802383
0.3649650728802383
0.3649650728802383
0.3649650728802383
0.3649650728802383
0.3649650728802383
0.3649650728802383
0.3649650728802383
0.3649650728802383
0.3649650728802383
0.3649650728802383
0.3649650728802383
0.3649650728802383
0.3649650728802383
0.3649650728802383
0.3649650728802383
0.3649650728802383
0.3649650728802383
0.3649650728802383
0.3649650728802383
0.3649650728802383
0.3649650728802383
0.3649650728802383
0.3649650728802383
0.3649650728802383
0.3649650728802383
0.3649650728802383
0.3649650728802383
0.3649650728802383
0.3649650728802383
0.3649650728802383
0.3649650728802383
0.3649650728802383
0.3649650728802383
0.3649650728802383
0.3649650728802383
0.3649650728802383
0.3649650728802383
0.3649650728802383
0.3649650728802383
0.3649650728802383
0.3649650728802383
0.3649650728802383
0.3649650728802383
0.3649650728802383
0.3649650728802383
0.3649650728802383
0.3649650728802383
0.3649650728802383
0.3649650728802383
0.3649650728802383
0.3649650728802383
0.3649650728802383
0.3649650728802383
0.3649650728802383
0.3649650728802383
0.3649650728802383
0.3649650728802383
0.3649650728802383
0.3649650728802383
0.3649650728802383
0.3649650728802383
0.3649650728802383
0.3649650728802383
0.3649650728802383
0.3649650728802383
0.3649650728802383
0.3649650728802383
0.3649650728802383
0.3649650728802383
0.3649650728802383
0.3649650728802383
0.3649650728802383
0.3649650728802383
0.3649650728802383
0.3649650728802383
0.3649650728802383
0.3649650728802383
0.3649650728802383
0.3649650728802383
0.3649650728802383
0.3649650728802383
0.3649650728802383
0.3649650728802383
0.3649650728802383
0.3649650728802383
0.3649650728802383
0.3649650728802383
0.3649650728802383
0.3649650728802383
0.3649650728802383
0.3649650728802383
0.3649650728802383
0.3649650728802383
0.3649650728802383
0.3649650728802383
0.3649650728802383
0.3649650728802383
0.3649650728802383
0.3649650728802383
0.3649650728802383
0.3649650728802383
0.3649650728802383
0.3649650728802383
0.3649650728802383
0.3649650728802383
0.3649650728802383
0.3649650728802383
0.3649650728802383
0.3649650728802383
0.3649650728802383
0.3649650728802383
0.3649650728802383
0.3649650728802383
0.3649650728802383
0.3649650728802383
0.3649650728802383
0.3649650728802383
0.3649650728802383
0.3649650728802383
0.3649650728802383
0.3649650728802383
0.3649650728802383
0.3649650728802383
0.3649650728802383
0.3649650728802383
0.3649650728802383
0.3649650728802383
0.3649650728802383
0.3649650728802383
0.3649650728802383
0.3649650728802383
0.3649650728802383
0.3649650728802383
0.3649650728802383
0.3649650728802383
0.3649650728802383
0.3649650728802383
0.3649650728802383
0.3649650728802383
0.3649650728802383
0.3649650728802383
0.3649650728802383
0.3649650728802383
0.3649650728802383
0.3649650728802383
0.3649650728802383
0.3649650728802383
0.3649650728802383
0.3649650728802383
0.3649650728802383
0.3649650728802383
0.3649650728802383
0.3649650728802383
0.3649650728802383
0.3649650728802383
0.3649650728802383
0.3649650728802383
0.3649650728802383
0.3649650728802383
0.3649650728802383
0.3649650728802383
0.3649650728802383
0.3649650728802383
0.3649650728802383
0.3649650728802383
0.3649650728802383
0.3649650728802383
0.3649650728802383
0.3649650728802383
0.3649650728802383
0.3649650728802383
0.3649650728802383
0.3649650728802383
0.3649650728802383
0.3649650728802383
0.3649650728802383
0.3649650728802383
0.3649650728802383
0.3649650728802383
0.3649650728802383
0.3649650728802383
0.3649650728802383
0.3649650728802383
0.3649650728802383
0.3649650728802383
0.3649650728802383
0.3649650728802383
0.3649650728802383
0.3649650728802383
0.3649650728802383
0.3649650728802383
0.3649650728802383
0.3649650728802383
0.3649650728802383
0.3649650728802383
0.3649650728802383
0.3649650728802383
0.3649650728802383
0.3649650728802383
0.3649650728802383
0.3649650728802383
0.3649650728802383
0.3649650728802383
0.3649650728802383
0.3649650728802383
0.3649650728802383
0.3649650728802383
0.3649650728802383
0.3649650728802383
0.3649650728802383
0.3649650728802383
0.3649650728802383
0.3649650728802383
0.3649650728802383
0.3649650728802383
0.3649650728802383
0.3649650728802383
0.3649650728802383
0.3649650728802383
0.3649650728802383
0.3649650728802383
0.3649650728802383
0.3649650728802383
0.3649650728802383
0.3649650728802383
0.3649650728802383
0.3649650728802383
0.3649650728802383
0.3649650728802383
0.3649650728802383
0.3649650728802383
0.3649650728802383
0.3649650728802383
0.3649650728802383
0.3649650728802383
0.3649650728802383
0.3649650728802383
0.3649650728802383
0.3649650728802383
0.3649650728802383
0.3649650728802383
0.3649650728802383
0.3649650728802383
0.3649650728802383
0.3649650728802383
0.3649650728802383
0.3649650728802383
0.3649650728802383
0.3649650728802383
0.3649650728802383
0.3649650728802383
0.3649650728802383
0.3649650728802383
0.3649650728802383
0.3649650728802383
0.3649650728802383
0.3649650728802383
0.3649650728802383
0.3649650728802383
0.3649650728802383
0.3649650728802383
0.3649650728802383
0.3649650728802383
0.3649650728802383
0.3649650728802383
0.3649650728802383
0.3649650728802383
0.3649650728802383
0.3649650728802383
0.3649650728802383
0.3649650728802383
0.3649650728802383
0.3649650728802383
0.3649650728802383
0.3649650728802383
0.3649650728802383
0.3649650728802383
0.3649650728802383
0.3649650728802383
0.3649650728802383
0.3649650728802383
0.3649650728802383
0.3649650728802383
0.3649650728802383
0.3649650728802383
0.3649650728802383
0.3649650728802383
0.3649650728802383
0.3649650728802383
0.3649650728802383
0.3649650728802383
0.3649650728802383
0.3649650728802383
0.3649650728802383
0.3649650728802383
0.3649650728802383
0.3649650728802383
0.3649650728802383
0.3649650728802383
0.3649650728802383
0.3649650728802383
0.3649650728802383
0.3649650728802383
0.3649650728802383
0.3649650728802383
0.3649650728802383
0.3649650728802383
0.3649650728802383
0.3649650728802383
0.3649650728802383
0.3649650728802383
0.3649650728802383
0.3649650728802383
0.3649650728802383
0.3649650728802383
0.3649650728802383
0.3649650728802383
0.3649650728802383
0.3649650728802383
0.3649650728802383
0.3649650728802383
0.3649650728802383
0.3649650728802383
0.3649650728802383
0.3649650728802383
0.3649650728802383
0.3649650728802383
0.3649650728802383
0.3649650728802383
0.3649650728802383
0.3649650728802383
0.3649650728802383
0.3649650728802383
0.3649650728802383
0.3649650728802383
0.3649650728802383
0.3649650728802383
0.3649650728802383
0.3649650728802383
0.3649650728802383
0.3649650728802383
0.3649650728802383
0.3649650728802383
0.3649650728802383
0.3649650728802383
0.3649650728802383
0.3649650728802383
0.3649650728802383
0.3649650728802383
0.3649650728802383
0.3649650728802383
0.3649650728802383
0.3649650728802383
0.3649650728802383
0.3649650728802383
0.3649650728802383
0.3649650728802383
0.3649650728802383
0.3649650728802383
0.3649650728802383
0.3649650728802383
0.3649650728802383
0.3649650728802383
0.3649650728802383
0.3649650728802383
0.3649650728802383
0.3649650728802383
0.3649650728802383
0.3649650728802383
0.3649650728802383
0.3649650728802383
0.3649650728802383
0.3649650728802383
0.3649650728802383
0.3649650728802383
0.3649650728802383
0.3649650728802383
0.3649650728802383
0.3649650728802383
0.3649650728802383
0.3649650728802383
0.3649650728802383
0.3649650728802383
0.3649650728802383
0.3649650728802383
0.3649650728802383
0.3649650728802383
0.3649650728802383
0.3649650728802383
0.3649650728802383
0.3649650728802383
0.3649650728802383
0.3649650728802383
0.3649650728802383
0.3649650728802383
0.3649650728802383
0.3649650728802383
0.3649650728802383
0.3649650728802383
0.3649650728802383
0.3649650728802383
0.3649650728802383
0.3649650728802383
0.3649650728802383
0.3649650728802383
0.3649650728802383
0.3649650728802383
0.3649650728802383
0.3649650728802383
0.3649650728802383
0.3649650728802383
0.3649650728802383
0.3649650728802383
0.3649650728802383
0.3649650728802383
0.3649650728802383
0.3649650728802383
0.3649650728802383
0.3649650728802383
0.3649650728802383
0.3649650728802383
0.3649650728802383
0.3649650728802383
0.3649650728802383
0.3649650728802383
0.3649650728802383
0.3649650728802383
0.3649650728802383
0.3649650728802383
0.3649650728802383
0.3649650728802383
0.3649650728802383
0.3649650728802383
0.3649650728802383
0.3649650728802383
0.3649650728802383
0.3649650728802383
0.3649650728802383
0.3649650728802383
0.3649650728802383
0.3649650728802383
0.3649650728802383
0.3649650728802383
0.3649650728802383
0.3649650728802383
0.3649650728802383
0.3649650728802383
0.3649650728802383
0.3649650728802383
0.3649650728802383
0.3649650728802383
0.3649650728802383
0.3649650728802383
0.3649650728802383
0.3649650728802383
0.3649650728802383
0.3649650728802383
0.3649650728802383
0.3649650728802383
0.3649650728802383
0.3649650728802383
0.3649650728802383
0.3649650728802383
0.3649650728802383
0.3649650728802383
0.3649650728802383
0.3649650728802383
0.3649650728802383
0.3649650728802383
0.3649650728802383
0.3649650728802383
0.3649650728802383
0.3649650728802383
0.3649650728802383
0.3649650728802383
0.3649650728802383
0.3649650728802383
0.3649650728802383
0.3649650728802383
0.3649650728802383
0.3649650728802383
0.3649650728802383
0.3649650728802383
0.3649650728802383
0.3649650728802383
0.3649650728802383
0.3649650728802383
0.3649650728802383
0.3649650728802383
0.3649650728802383
0.3649650728802383
0.3649650728802383
0.3649650728802383
0.3649650728802383
0.3649650728802383
0.3649650728802383
0.3649650728802383
0.3649650728802383
0.3649650728802383
0.3649650728802383
0.3649650728802383
0.3649650728802383
0.3649650728802383
0.3649650728802383
0.3649650728802383
0.3649650728802383
0.3649650728802383
0.3649650728802383
0.3649650728802383
0.3649650728802383
0.3649650728802383
0.3649650728802383
0.3649650728802383
0.3649650728802383
0.3649650728802383
0.3649650728802383
0.3649650728802383
0.3649650728802383
0.3649650728802383
0.3649650728802383
0.3649650728802383
0.3649650728802383
0.3649650728802383
0.3649650728802383
0.3649650728802383
0.3649650728802383
0.3649650728802383
0.3649650728802383
0.3649650728802383
0.3649650728802383
0.3649650728802383
0.3649650728802383
0.3649650728802383
0.3649650728802383
0.3649650728802383
0.3649650728802383
0.3649650728802383
0.3649650728802383
0.3649650728802383
0.3649650728802383
0.3649650728802383
0.3649650728802383
0.3649650728802383
0.3649650728802383
0.3649650728802383
0.3649650728802383
0.3649650728802383
0.3649650728802383
0.3649650728802383
0.3649650728802383
0.3649650728802383
0.3649650728802383
0.3649650728802383
0.3649650728802383
0.3649650728802383
0.3649650728802383
0.3649650728802383
0.3649650728802383
0.3649650728802383
0.3649650728802383
0.3649650728802383
0.3649650728802383
0.3649650728802383
0.3649650728802383
0.3649650728802383
0.3649650728802383
0.3649650728802383
0.3649650728802383
0.3649650728802383
0.3649650728802383
0.3649650728802383
0.3649650728802383
0.3649650728802383
0.3649650728802383
0.3649650728802383
0.3649650728802383
0.3649650728802383
0.3649650728802383
0.3649650728802383
0.3649650728802383
0.3649650728802383
0.3649650728802383
0.3649650728802383
0.3649650728802383
0.3649650728802383
0.3649650728802383
0.3649650728802383
0.3649650728802383
0.3649650728802383
0.3649650728802383
0.3649650728802383
0.3649650728802383
0.3649650728802383
0.3649650728802383
0.3649650728802383
0.3649650728802383
0.3649650728802383
0.3649650728802383
0.3649650728802383
0.3649650728802383
0.3649650728802383
0.3649650728802383
0.3649650728802383
0.3649650728802383
0.3649650728802383
0.3649650728802383
0.3649650728802383
0.3649650728802383
0.3649650728802383
0.3649650728802383
0.3649650728802383
0.3649650728802383
0.3649650728802383
0.3649650728802383
0.3649650728802383
0.3649650728802383
0.3649650728802383
0.3649650728802383
0.3649650728802383
0.3649650728802383
0.3649650728802383
0.3649650728802383
0.3649650728802383
0.3649650728802383
