18741.355151982512
18505.068297970745
18314.583516877596
18253.906386692415
18212.479127990424
18212.479127990424
18212.479127990424
18153.218220414765
18146.026517849215
18146.026517849215
18097.224051321435
18097.224051321435
18097.224051321435
17974.97213241135
17956.155687802762
17896.06114834674
17742.5941946455
17742.5941946455
17742.5941946455
17553.33370180428
17523.465177437254
17242.451972446706
17146.18896553698
17101.423823149104
17101.423823149104
16841.999891587617
16717.202414455507
16312.390198072579
16312.390198072579
16312.390198072579
16312.390198072579
16248.61256321138
16209.669736567981
16140.012011160721
15842.3841081062
15842.3841081062
15795.587403820264
15753.201052135506
15648.87419073373
15648.87419073373
15642.752244455518
15642.752244455518
15642.752244455518
15642.752244455518
15642.752244455518
15642.752244455518
15642.752244455518
15389.053287003613
15176.621823922753
15161.628281957472
15042.48733220521
15042.48733220521
15042.48733220521
14983.919517848635
14983.919517848635
14983.919517848635
14983.919517848635
14967.369605837303
14843.801298671047
14777.436917419021
14777.436917419021
14735.477157389536
14735.477157389536
14622.850484482633
14503.317152268242
14503.317152268242
14496.46624124293
14496.46624124293
14496.46624124293
14325.910560711154
14227.267361531076
14186.831829863138
14186.831829863138
13981.90411098279
13981.90411098279
13841.247810405119
13607.21511315489
13607.21511315489
13607.21511315489
13607.21511315489
13607.21511315489
13465.16915429905
13465.16915429905
13465.16915429905
13443.952973938354
13443.952973938354
13366.360168221921
13366.360168221921
13366.360168221921
13366.360168221921
13366.360168221921
13366.360168221921
13346.295219901025
13340.467412164937
13305.952533897778
13092.771113418154
13092.771113418154
13081.273728220054
13059.891756649222
13035.122159187864
13035.122159187864
12909.272242493611
12771.734990070352
12758.955683735385
12758.955683735385
12568.42108904514
12497.970827377027
12373.889601811525
12373.889601811525
12210.340342495723
12210.340342495723
12108.440149528173
12108.440149528173
12108.440149528173
12108.440149528173
12108.440149528173
12108.440149528173
12106.088095205003
11890.53809674357
11890.53809674357
11830.38739303157
11830.38739303157
11800.599383932784
11618.616171278754
11618.616171278754
11618.616171278754
11618.616171278754
11580.726062527787
11357.78313298228
11357.78313298228
11245.090560622708
11245.090560622708
11245.090560622708
11226.875771386107
11226.875771386107
11226.875771386107
11226.875771386107
11202.294877067709
11157.621249283195
11061.20642223201
11061.20642223201
11006.220899151533
11006.220899151533
10964.211615665821
10964.211615665821
10895.566443704314
10832.202538190282
10665.048554032866
10665.048554032866
10625.08889068812
10625.08889068812
10625.08889068812
10580.104403509233
10580.104403509233
10580.104403509233
10580.104403509233
10580.104403509233
10580.104403509233
10527.101207634085
10451.623953656883
10328.55984381627
10328.55984381627
10328.55984381627
10128.588248672579
10128.588248672579
10002.975093724559
9954.833060237102
9943.605680824377
9943.605680824377
9943.605680824377
9860.888199787985
9860.888199787985
9860.888199787985
9831.363462030284
9766.087174031549
9739.766550326893
9689.595501424172
9689.595501424172
9685.994786173362
9685.994786173362
9679.1791047987
9591.85593536738
9591.85593536738
9591.85593536738
9591.85593536738
9591.85593536738
9521.630865397823
9431.693369591745
9282.420615198553
9282.420615198553
9282.420615198553
9243.53933873258
9176.252681742886
9146.157359391356
9146.157359391356
9111.284728674294
8962.600570161108
8962.600570161108
8962.600570161108
8943.58338164545
8943.58338164545
8943.58338164545
8943.58338164545
8943.58338164545
8943.58338164545
8865.611086073457
8865.611086073457
8801.923093351548
8801.923093351548
8801.923093351548
8787.529157282299
8724.90976368359
8724.90976368359
8724.90976368359
8641.196128712316
8603.80701572081
8512.936038976024
8485.73904598485
8485.73904598485
8485.73904598485
8354.918059275424
8354.918059275424
8354.918059275424
8354.918059275424
8354.918059275424
8354.918059275424
8303.030240798691
8281.137668778963
8281.137668778963
8281.137668778963
8281.137668778963
8281.137668778963
8255.237276648983
8255.237276648983
8255.237276648983
8037.995109554533
8037.995109554533
7798.2325765897585
7752.085461470722
7752.085461470722
7685.519848314617
7685.519848314617
7685.519848314617
7627.94753335897
7627.94753335897
7627.94753335897
7627.94753335897
7418.8425623091
7384.951443476234
7384.951443476234
7384.951443476234
7384.951443476234
7384.951443476234
7384.951443476234
7265.293823629004
7209.554639794127
7103.347745593997
7076.873887461776
7076.873887461776
6894.299449150268
6719.841399829884
6719.841399829884
6681.986151422785
6681.986151422785
6618.606851702549
6618.606851702549
6618.606851702549
6534.003493778051
6496.557120003898
6488.044992411583
6427.608470655738
6427.608470655738
6313.991916735303
6313.991916735303
6313.991916735303
6191.297771753711
6191.297771753711
6191.297771753711
6191.297771753711
6191.297771753711
6073.896086630391
6073.896086630391
6073.896086630391
6073.896086630391
6073.896086630391
6073.896086630391
6073.896086630391
6073.896086630391
6034.0969740389555
5965.077909415449
5965.077909415449
5904.6410609951035
5783.325217317875
5758.067688409512
5683.062196501773
5683.062196501773
5683.062196501773
5683.062196501773
5683.062196501773
5608.628848623413
5608.628848623413
5608.628848623413
5492.983109543196
5366.758601004397
5355.266151978483
5355.266151978483
5304.916692351652
5304.916692351652
5252.097333039896
5136.21076816451
5136.21076816451
5136.21076816451
5097.82093378243
5097.82093378243
5028.512586843346
5028.512586843346
5003.961044048841
4994.027369232828
4875.748428407837
4875.748428407837
4848.99717546258
4848.99717546258
4848.99717546258
4848.99717546258
4848.99717546258
4848.99717546258
4779.958590551521
4774.075639120967
4697.690327014845
4627.723649148879
4538.441660556746
4538.441660556746
4430.209488046049
4430.209488046049
4320.6510821285365
4320.6510821285365
4320.6510821285365
4320.6510821285365
4184.830370654138
4071.5072852657045
4016.091073143323
3887.663077148228
3813.3335537863295
3710.3804395698367
3710.3804395698367
3644.3544364166046
3621.8539979197903
3621.8539979197903
3621.8539979197903
3531.2633941505687
3495.7215757795466
3463.844882406906
3463.844882406906
3456.498488634946
3456.498488634946
3449.0825512548568
3409.811919863137
3409.811919863137
3329.328344835988
3315.0018656626703
3315.0018656626703
3201.587325008267
3201.587325008267
3201.587325008267
3201.587325008267
3080.5721350802355
3080.5721350802355
3080.5721350802355
3080.5721350802355
3021.168376532546
3010.4717216598415
3010.4717216598415
2977.5104267793618
2977.5104267793618
2931.7288339546335
2931.7288339546335
2908.3847145299524
2908.3847145299524
2908.3847145299524
2863.183729776369
2863.183729776369
2847.558445396763
2839.603231502671
2808.470381510629
2808.470381510629
2808.470381510629
2718.322503725267
2652.0757623616328
2652.0757623616328
2652.0757623616328
2652.0757623616328
2652.0757623616328
2652.0757623616328
2652.0757623616328
2617.272558307231
2564.283043440295
2564.283043440295
2564.283043440295
2564.283043440295
2564.283043440295
2564.283043440295
2450.796100934293
2450.796100934293
2435.7079377064724
2417.462411906721
2417.462411906721
2397.660067699073
2397.660067699073
2387.8317513824127
2387.8317513824127
2387.8317513824127
2387.8317513824127
2361.328290796958
2361.328290796958
2361.328290796958
2345.1696432120552
2345.1696432120552
2345.1696432120552
2345.1696432120552
2278.5611563699567
2268.0720763176805
2206.90865858342
2206.90865858342
2205.870487667351
2183.8283905701555
2100.7509925850177
2100.7509925850177
2071.7629937650086
2071.7629937650086
2067.0213314289567
2045.0519528345512
2045.0519528345512
2045.0519528345512
2030.3394749115682
1999.3785116907934
1997.4936794387224
1997.4936794387224
1973.2411422417374
1973.2411422417374
1914.8090075936698
1851.3261721711704
1839.0439770548348
1787.539340317399
1785.4072077938054
1785.4072077938054
1785.4072077938054
1768.6832152641664
1743.9544083451751
1726.7480103724542
1726.7480103724542
1683.8954333335914
1683.8954333335914
1683.8954333335914
1683.8954333335914
1683.8954333335914
1683.8954333335914
1683.8954333335914
1683.8954333335914
1683.8954333335914
1683.8954333335914
1683.8954333335914
1644.906339242651
1644.906339242651
1644.906339242651
1644.906339242651
1606.9558597551113
1606.9558597551113
1606.9558597551113
1575.705717754707
1575.705717754707
1538.8937400483544
1488.1780851935528
1467.7296960731142
1433.8550369889952
1433.8550369889952
1433.8550369889952
1391.406262105904
1391.406262105904
1342.1227521385124
1281.1325421816277
1253.2863421155082
1253.2863421155082
1253.2863421155082
1251.9477045921865
1251.9477045921865
1217.179041030682
1217.179041030682
1156.579617407927
1138.1405562574416
1138.1405562574416
1106.284869659822
1071.6932156957496
1031.0217162568945
975.8105291876918
975.8105291876918
950.5835900091045
923.5772939432546
923.5772939432546
923.5772939432546
919.5448570250712
919.5448570250712
919.5448570250712
919.5448570250712
919.5448570250712
895.7455332646482
875.295582133767
875.295582133767
857.8940236790089
842.0166453992709
842.0166453992709
830.4915236854756
787.0541369974421
787.0541369974421
787.0541369974421
768.4202994932876
768.4202994932876
768.4202994932876
768.4202994932876
768.4202994932876
734.2221144421013
734.2221144421013
734.2221144421013
723.4405873484708
691.6214347228912
676.5743506168789
676.5743506168789
676.5743506168789
675.9765599086854
675.9765599086854
629.3703310027338
629.3703310027338
629.3703310027338
629.3703310027338
617.0584222392396
572.1398746531518
572.1398746531518
572.1398746531518
563.3332109501174
563.3332109501174
550.7625543113265
509.809068308077
442.60778414149553
442.60778414149553
442.60778414149553
434.63478306260595
432.4253371137797
432.4253371137797
432.4253371137797
422.999639470862
422.999639470862
417.01599413055584
417.01599413055584
411.16866232366726
390.9047271568093
390.9047271568093
390.9047271568093
390.9047271568093
373.5181996194357
368.65824894663285
368.65824894663285
368.65824894663285
364.86296154640837
364.86296154640837
364.86296154640837
356.32974705749933
352.15849442955823
352.15849442955823
329.1476734598488
329.1476734598488
329.1476734598488
313.5391822597613
313.5391822597613
309.2026254870112
309.2026254870112
309.2026254870112
309.2026254870112
309.2026254870112
309.2026254870112
309.2026254870112
290.34927131975417
280.7346516428991
280.7346516428991
263.919391245515
263.919391245515
252.84165706264966
250.66833318498615
243.44256907923338
231.50616020421666
211.21406438078156
211.21406438078156
211.21406438078156
211.21406438078156
211.21406438078156
200.72940176858728
199.73832973057824
199.53785560150192
188.18589202644802
188.18589202644802
161.34939006014767
155.29859454033664
141.9388674879181
141.9388674879181
137.23661149516232
137.23661149516232
137.23661149516232
137.23661149516232
137.23661149516232
133.7017232998822
133.7017232998822
133.7017232998822
133.7017232998822
133.7017232998822
115.57858782682291
115.57858782682291
115.57858782682291
109.352841975798
109.352841975798
109.352841975798
106.79400252877774
96.5390225841697
96.5390225841697
96.5390225841697
94.9155194734397
94.9155194734397
84.41845237115223
84.41845237115223
84.41845237115223
84.41845237115223
84.41845237115223
82.40470112860433
80.48819468691929
80.48819468691929
80.48819468691929
80.45472973388661
80.45472973388661
80.45472973388661
80.45472973388661
80.45472973388661
80.45472973388661
70.0439241639834
70.0439241639834
70.0439241639834
62.21448932489081
51.894562665636826
46.05053221932587
38.85393867311537
38.85393867311537
37.13437227323229
37.13437227323229
37.13437227323229
37.13437227323229
37.13437227323229
37.13437227323229
37.13437227323229
37.13437227323229
37.13437227323229
37.13437227323229
37.13437227323229
37.13437227323229
37.13437227323229
30.94983434673405
30.94983434673405
30.94983434673405
30.42223677884979
28.600797106954797
27.586307805375224
27.586307805375224
27.586307805375224
27.586307805375224
24.66198647778978
24.66198647778978
21.213714661677976
21.213714661677976
21.213714661677976
21.213714661677976
19.980005189130082
13.964951328449844
11.127779772604145
11.127779772604145
11.127779772604145
11.127779772604145
7.171965197867708
7.171965197867708
7.171965197867708
7.171965197867708
7.171965197867708
7.171965197867708
7.171965197867708
7.171965197867708
7.171965197867708
7.171965197867708
7.171965197867708
7.171965197867708
4.273887651296651
4.273887651296651
4.273887651296651
2.4911482619526675
2.4911482619526675
2.4911482619526675
2.4911482619526675
2.4911482619526675
2.4911482619526675
2.4911482619526675
2.4911482619526675
2.4911482619526675
2.4911482619526675
2.4911482619526675
2.4911482619526675
2.4911482619526675
2.4911482619526675
2.4911482619526675
2.4911482619526675
2.4911482619526675
2.4911482619526675
2.4911482619526675
2.4911482619526675
1.2186889738521547
1.2186889738521547
1.2186889738521547
1.2186889738521547
1.2186889738521547
1.2186889738521547
1.2186889738521547
1.2186889738521547
1.2186889738521547
1.2186889738521547
1.2186889738521547
1.2186889738521547
1.2186889738521547
1.2186889738521547
1.2186889738521547
1.2186889738521547
1.2186889738521547
0.9991564436021727
0.9991564436021727
0.9991564436021727
0.9991564436021727
0.9991564436021727
0.9991564436021727
0.9991564436021727
0.9991564436021727
0.9991564436021727
0.9991564436021727
0.9991564436021727
0.9991564436021727
0.9991564436021727
0.9991564436021727
0.9991564436021727
0.9991564436021727
0.9991564436021727
0.9991564436021727
0.9991564436021727
0.9991564436021727
0.9991564436021727
0.9991564436021727
0.9991564436021727
0.9991564436021727
0.9991564436021727
0.9991564436021727
0.9991564436021727
0.9991564436021727
0.9991564436021727
0.9991564436021727
0.9991564436021727
0.9991564436021727
0.9991564436021727
0.9991564436021727
0.9991564436021727
0.9991564436021727
0.9991564436021727
0.9991564436021727
0.9991564436021727
0.9991564436021727
0.9991564436021727
0.9991564436021727
0.9991564436021727
0.9991564436021727
0.9991564436021727
0.9991564436021727
0.9991564436021727
0.9991564436021727
0.9991564436021727
0.9991564436021727
0.9991564436021727
0.9991564436021727
0.9991564436021727
0.9991564436021727
0.9991564436021727
0.9991564436021727
0.9991564436021727
0.9991564436021727
0.9991564436021727
0.9991564436021727
0.9991564436021727
0.9991564436021727
0.9991564436021727
0.9991564436021727
0.9991564436021727
0.9991564436021727
0.9991564436021727
0.9991564436021727
0.9991564436021727
0.9991564436021727
0.9991564436021727
0.9991564436021727
0.9991564436021727
0.9991564436021727
0.9991564436021727
0.9991564436021727
0.9991564436021727
0.9991564436021727
0.9991564436021727
0.9991564436021727
0.9991564436021727
0.9991564436021727
0.9991564436021727
0.9991564436021727
0.9991564436021727
0.9991564436021727
0.9991564436021727
0.9991564436021727
0.9991564436021727
0.9991564436021727
0.9991564436021727
0.9991564436021727
0.9991564436021727
0.9991564436021727
0.9991564436021727
0.9991564436021727
0.9991564436021727
0.9991564436021727
0.9991564436021727
0.9991564436021727
0.9991564436021727
0.9991564436021727
0.9991564436021727
0.9991564436021727
0.9991564436021727
0.9991564436021727
0.9991564436021727
0.9991564436021727
0.9991564436021727
0.9991564436021727
0.9991564436021727
0.9991564436021727
0.9991564436021727
0.9991564436021727
0.9991564436021727
0.9991564436021727
0.9991564436021727
0.9991564436021727
0.9991564436021727
0.9991564436021727
0.9991564436021727
0.9991564436021727
0.9991564436021727
0.9991564436021727
0.9991564436021727
0.9991564436021727
0.9991564436021727
0.9991564436021727
0.9991564436021727
0.9991564436021727
0.9991564436021727
0.9991564436021727
0.9991564436021727
0.9991564436021727
0.7557001122091176
0.7557001122091176
0.7557001122091176
0.7557001122091176
0.7557001122091176
0.7557001122091176
0.7557001122091176
0.7557001122091176
0.7557001122091176
0.7557001122091176
0.7557001122091176
0.7557001122091176
0.7557001122091176
0.7557001122091176
0.7557001122091176
0.7557001122091176
0.7557001122091176
0.7557001122091176
0.7557001122091176
0.7557001122091176
0.7557001122091176
0.7557001122091176
0.7557001122091176
0.7557001122091176
0.7557001122091176
0.7557001122091176
0.7557001122091176
0.7557001122091176
0.7557001122091176
0.7557001122091176
0.7557001122091176
0.7557001122091176
0.7557001122091176
0.7557001122091176
0.7557001122091176
0.7557001122091176
0.7557001122091176
0.7557001122091176
0.7557001122091176
0.7557001122091176
0.7557001122091176
0.7557001122091176
0.7557001122091176
0.7557001122091176
0.7557001122091176
0.7557001122091176
0.7557001122091176
0.7557001122091176
0.7557001122091176
0.7557001122091176
0.7557001122091176
0.7557001122091176
0.7557001122091176
0.7557001122091176
0.7557001122091176
0.7557001122091176
0.7557001122091176
0.7557001122091176
0.7557001122091176
0.7557001122091176
0.7557001122091176
0.7557001122091176
0.7557001122091176
0.7557001122091176
0.7557001122091176
0.7557001122091176
0.7557001122091176
0.7557001122091176
0.7557001122091176
0.7557001122091176
0.7557001122091176
0.7557001122091176
0.7557001122091176
0.7557001122091176
0.7557001122091176
0.7557001122091176
0.7557001122091176
0.7557001122091176
0.7557001122091176
0.7557001122091176
0.7557001122091176
0.7557001122091176
0.7557001122091176
0.7557001122091176
0.7557001122091176
0.7557001122091176
0.7557001122091176
0.7557001122091176
0.7557001122091176
0.7557001122091176
0.7557001122091176
0.7557001122091176
0.7557001122091176
0.7557001122091176
0.7557001122091176
0.7557001122091176
0.7557001122091176
0.7557001122091176
0.7557001122091176
0.7557001122091176
0.7557001122091176
0.7557001122091176
0.7557001122091176
0.7557001122091176
0.7557001122091176
0.7557001122091176
0.7557001122091176
0.7557001122091176
0.7557001122091176
0.7557001122091176
0.7557001122091176
0.7557001122091176
0.7557001122091176
0.7557001122091176
0.7557001122091176
0.7557001122091176
0.7557001122091176
0.7557001122091176
0.7557001122091176
0.7557001122091176
0.7557001122091176
0.7557001122091176
0.7557001122091176
0.7557001122091176
0.7557001122091176
0.7557001122091176
0.7557001122091176
0.7557001122091176
0.7557001122091176
0.7557001122091176
0.7557001122091176
0.7557001122091176
0.7557001122091176
0.7557001122091176
0.7557001122091176
0.7557001122091176
0.7557001122091176
0.7557001122091176
0.7557001122091176
0.7557001122091176
0.7557001122091176
0.7557001122091176
0.7557001122091176
0.7557001122091176
0.7557001122091176
0.7557001122091176
0.7557001122091176
0.7557001122091176
0.7557001122091176
0.7557001122091176
0.7557001122091176
0.7557001122091176
0.7557001122091176
0.7557001122091176
0.7557001122091176
0.7557001122091176
0.7557001122091176
0.7557001122091176
0.7557001122091176
0.7557001122091176
0.7557001122091176
0.7557001122091176
0.7557001122091176
0.7557001122091176
0.7557001122091176
0.7557001122091176
0.7557001122091176
0.7557001122091176
0.7557001122091176
0.7557001122091176
0.7557001122091176
0.7557001122091176
0.7557001122091176
0.7557001122091176
0.7557001122091176
0.7557001122091176
0.7557001122091176
0.7557001122091176
0.7557001122091176
0.7557001122091176
0.7557001122091176
0.7557001122091176
0.7557001122091176
0.7557001122091176
0.7557001122091176
0.7557001122091176
0.7557001122091176
0.7557001122091176
0.7557001122091176
0.7557001122091176
0.7557001122091176
0.7557001122091176
0.7557001122091176
0.7557001122091176
0.7557001122091176
0.7557001122091176
0.7557001122091176
0.7557001122091176
0.7557001122091176
0.7557001122091176
0.7557001122091176
0.7557001122091176
0.7557001122091176
0.7557001122091176
0.7557001122091176
0.7557001122091176
0.7557001122091176
0.7557001122091176
0.7557001122091176
0.7557001122091176
0.7557001122091176
0.7557001122091176
0.7557001122091176
0.7557001122091176
0.7557001122091176
0.7557001122091176
0.7557001122091176
0.7557001122091176
0.7557001122091176
0.7557001122091176
0.7557001122091176
0.7557001122091176
0.7557001122091176
0.7557001122091176
0.7557001122091176
0.7557001122091176
0.7557001122091176
0.7557001122091176
0.7557001122091176
0.7557001122091176
0.7557001122091176
0.7557001122091176
0.7557001122091176
0.7557001122091176
0.7557001122091176
0.7557001122091176
0.7557001122091176
0.7557001122091176
0.7557001122091176
0.7557001122091176
0.7557001122091176
0.7557001122091176
0.7557001122091176
0.7557001122091176
0.7557001122091176
0.7557001122091176
0.7557001122091176
0.7557001122091176
0.7557001122091176
0.7557001122091176
0.7557001122091176
0.7557001122091176
0.7557001122091176
0.7557001122091176
0.7557001122091176
0.7557001122091176
0.7557001122091176
0.7557001122091176
0.7217102252725118
0.7217102252725118
0.7217102252725118
0.7217102252725118
0.7217102252725118
0.7217102252725118
0.7217102252725118
0.7217102252725118
0.7217102252725118
0.7217102252725118
0.7217102252725118
0.7217102252725118
0.7217102252725118
0.7217102252725118
0.7217102252725118
0.7217102252725118
0.7217102252725118
0.7217102252725118
0.7217102252725118
0.7217102252725118
0.7217102252725118
0.7217102252725118
0.7217102252725118
0.7217102252725118
0.7217102252725118
0.7217102252725118
0.7217102252725118
0.7217102252725118
0.7217102252725118
0.7217102252725118
0.7217102252725118
0.7217102252725118
0.7217102252725118
0.7217102252725118
0.7217102252725118
0.7217102252725118
0.7217102252725118
0.7217102252725118
0.7217102252725118
0.7217102252725118
0.7217102252725118
0.7217102252725118
0.7217102252725118
0.7217102252725118
0.7217102252725118
0.7217102252725118
0.7217102252725118
0.7217102252725118
0.7217102252725118
0.7217102252725118
0.7217102252725118
0.7217102252725118
0.7217102252725118
0.7217102252725118
0.7217102252725118
0.7217102252725118
0.7217102252725118
0.7217102252725118
0.7217102252725118
0.7217102252725118
0.7217102252725118
0.7217102252725118
0.7217102252725118
0.7217102252725118
0.7217102252725118
0.7217102252725118
0.7217102252725118
0.7217102252725118
0.7217102252725118
0.7217102252725118
0.7217102252725118
0.7217102252725118
0.7217102252725118
0.7217102252725118
0.7217102252725118
0.7217102252725118
0.7217102252725118
0.7217102252725118
0.7217102252725118
0.7217102252725118
0.7217102252725118
0.7217102252725118
0.7217102252725118
0.7217102252725118
0.7217102252725118
0.7217102252725118
0.7217102252725118
0.7217102252725118
0.7217102252725118
0.7217102252725118
0.7217102252725118
0.7217102252725118
0.7217102252725118
0.7217102252725118
0.7217102252725118
0.7217102252725118
0.7217102252725118
0.7217102252725118
0.7217102252725118
0.7217102252725118
0.7217102252725118
0.7217102252725118
0.7217102252725118
0.7217102252725118
0.7217102252725118
0.7217102252725118
0.7217102252725118
0.7217102252725118
0.7217102252725118
0.7217102252725118
0.7217102252725118
0.7217102252725118
0.7217102252725118
0.7217102252725118
0.7217102252725118
0.7217102252725118
0.7217102252725118
0.7217102252725118
0.7217102252725118
0.7217102252725118
0.7217102252725118
0.7217102252725118
0.7217102252725118
0.7217102252725118
0.7217102252725118
0.7217102252725118
0.7217102252725118
0.7217102252725118
0.7217102252725118
0.7217102252725118
0.7217102252725118
0.7217102252725118
0.7217102252725118
0.7217102252725118
0.7217102252725118
0.7217102252725118
0.7217102252725118
0.7217102252725118
0.7217102252725118
0.7217102252725118
0.7217102252725118
0.7217102252725118
0.7217102252725118
0.7217102252725118
0.7217102252725118
0.7217102252725118
0.7217102252725118
0.7217102252725118
0.7217102252725118
0.7217102252725118
0.7217102252725118
0.7217102252725118
0.7217102252725118
0.7217102252725118
0.7143887359676356
0.7143887359676356
0.7143887359676356
0.7143887359676356
0.7143887359676356
0.7143887359676356
0.7143887359676356
0.7143887359676356
0.7143887359676356
0.7143887359676356
0.7143887359676356
0.7143887359676356
0.7143887359676356
0.7143887359676356
0.7143887359676356
0.7143887359676356
0.7143887359676356
0.7143887359676356
0.7143887359676356
0.7143887359676356
0.7143887359676356
0.7143887359676356
0.7143887359676356
0.7143887359676356
0.7143887359676356
0.7143887359676356
0.7143887359676356
0.7143887359676356
0.7143887359676356
0.7143887359676356
0.7143887359676356
0.7143887359676356
0.7143887359676356
0.7143887359676356
0.7143887359676356
0.7143887359676356
0.7143887359676356
0.7143887359676356
0.7143887359676356
0.7143887359676356
0.56422593253067
0.56422593253067
0.56422593253067
0.56422593253067
0.56422593253067
0.56422593253067
0.56422593253067
0.56422593253067
0.56422593253067
0.56422593253067
0.56422593253067
0.56422593253067
0.56422593253067
0.56422593253067
0.56422593253067
0.56422593253067
0.56422593253067
0.56422593253067
0.56422593253067
0.56422593253067
0.56422593253067
0.56422593253067
0.56422593253067
0.56422593253067
0.56422593253067
0.56422593253067
0.56422593253067
0.56422593253067
0.56422593253067
0.56422593253067
0.56422593253067
0.56422593253067
0.56422593253067
0.56422593253067
0.56422593253067
0.56422593253067
0.56422593253067
0.56422593253067
0.56422593253067
0.56422593253067
0.56422593253067
0.56422593253067
0.56422593253067
0.56422593253067
0.56422593253067
0.56422593253067
0.56422593253067
0.56422593253067
0.56422593253067
0.56422593253067
0.56422593253067
0.56422593253067
0.56422593253067
0.56422593253067
0.56422593253067
0.56422593253067
0.56422593253067
0.56422593253067
0.56422593253067
0.56422593253067
0.56422593253067
0.56422593253067
0.56422593253067
0.56422593253067
0.56422593253067
0.56422593253067
0.56422593253067
0.56422593253067
0.56422593253067
0.56422593253067
0.56422593253067
0.56422593253067
0.56422593253067
0.56422593253067
0.56422593253067
0.56422593253067
0.56422593253067
0.56422593253067
0.56422593253067
0.56422593253067
0.56422593253067
0.56422593253067
0.56422593253067
0.56422593253067
0.56422593253067
0.56422593253067
0.56422593253067
0.56422593253067
0.56422593253067
0.56422593253067
0.56422593253067
0.56422593253067
0.56422593253067
0.56422593253067
0.56422593253067
0.56422593253067
0.56422593253067
0.56422593253067
0.56422593253067
0.56422593253067
0.56422593253067
0.56422593253067
0.56422593253067
0.56422593253067
0.56422593253067
0.56422593253067
0.56422593253067
0.56422593253067
0.56422593253067
0.56422593253067
0.56422593253067
0.56422593253067
0.56422593253067
0.56422593253067
0.56422593253067
0.56422593253067
0.56422593253067
0.56422593253067
0.56422593253067
0.56422593253067
0.56422593253067
0.56422593253067
0.56422593253067
0.56422593253067
0.56422593253067
0.56422593253067
0.56422593253067
0.56422593253067
0.56422593253067
0.56422593253067
0.56422593253067
0.5588168928820757
0.5588168928820757
0.5588168928820757
0.5588168928820757
0.5588168928820757
0.5588168928820757
0.5588168928820757
0.5588168928820757
0.5588168928820757
0.5588168928820757
0.5588168928820757
0.5588168928820757
0.5588168928820757
0.5588168928820757
0.5588168928820757
0.5588168928820757
0.5588168928820757
0.5588168928820757
0.5588168928820757
0.5588168928820757
0.5588168928820757
0.5588168928820757
0.5588168928820757
0.5588168928820757
0.5588168928820757
0.5588168928820757
0.5588168928820757
0.5588168928820757
0.5588168928820757
0.5588168928820757
0.5588168928820757
0.5588168928820757
0.5588168928820757
0.5588168928820757
0.5588168928820757
0.5588168928820757
0.5588168928820757
0.5588168928820757
0.5588168928820757
0.5588168928820757
0.5588168928820757
0.5588168928820757
0.5588168928820757
0.5588168928820757
0.5588168928820757
0.5588168928820757
0.5588168928820757
0.5588168928820757
0.5588168928820757
0.5588168928820757
0.5588168928820757
0.5588168928820757
0.5588168928820757
0.5588168928820757
0.5588168928820757
0.5588168928820757
0.5588168928820757
0.5588168928820757
0.5588168928820757
0.5588168928820757
0.5588168928820757
0.5588168928820757
0.5588168928820757
0.5588168928820757
0.5588168928820757
0.5588168928820757
0.5588168928820757
0.5588168928820757
0.46799562835115943
0.46799562835115943
0.46799562835115943
0.46799562835115943
0.46799562835115943
0.46799562835115943
0.46799562835115943
0.46799562835115943
0.46799562835115943
0.46799562835115943
0.46799562835115943
0.46799562835115943
0.46799562835115943
0.46799562835115943
0.46799562835115943
0.46799562835115943
0.46799562835115943
0.46799562835115943
0.46799562835115943
0.46799562835115943
0.46799562835115943
0.46799562835115943
0.46799562835115943
0.46799562835115943
0.46799562835115943
0.46799562835115943
0.46799562835115943
0.46799562835115943
0.46799562835115943
0.46799562835115943
0.46799562835115943
0.46799562835115943
0.46799562835115943
0.46799562835115943
0.46799562835115943
0.46799562835115943
0.46799562835115943
0.46799562835115943
0.46799562835115943
0.46799562835115943
0.46799562835115943
0.46799562835115943
0.46799562835115943
0.46799562835115943
0.46799562835115943
0.46799562835115943
0.46799562835115943
0.46799562835115943
0.46799562835115943
0.46799562835115943
0.46799562835115943
0.46799562835115943
0.46799562835115943
0.46799562835115943
0.46799562835115943
0.46799562835115943
0.46799562835115943
0.46799562835115943
0.46799562835115943
0.46799562835115943
0.46799562835115943
0.46799562835115943
0.46799562835115943
0.46799562835115943
0.46799562835115943
0.46799562835115943
0.46799562835115943
0.46799562835115943
0.46799562835115943
0.46799562835115943
0.46799562835115943
0.46799562835115943
0.46799562835115943
0.46799562835115943
0.46799562835115943
0.46799562835115943
0.46799562835115943
0.46799562835115943
0.46799562835115943
0.46799562835115943
0.46799562835115943
0.46799562835115943
0.46799562835115943
0.46799562835115943
0.46799562835115943
0.46799562835115943
0.46799562835115943
0.46799562835115943
0.46799562835115943
0.46799562835115943
0.46799562835115943
0.46799562835115943
0.46799562835115943
0.46799562835115943
0.46799562835115943
0.46799562835115943
0.46799562835115943
0.46799562835115943
0.46799562835115943
0.46799562835115943
0.46799562835115943
0.46799562835115943
0.46799562835115943
0.46799562835115943
0.46799562835115943
0.46799562835115943
0.46799562835115943
0.46799562835115943
0.46799562835115943
0.46799562835115943
0.46799562835115943
0.46799562835115943
0.46799562835115943
0.46799562835115943
0.46799562835115943
0.46799562835115943
0.46799562835115943
0.46799562835115943
0.46799562835115943
0.46799562835115943
0.46799562835115943
0.46799562835115943
0.46799562835115943
0.46799562835115943
0.46799562835115943
0.46799562835115943
0.46799562835115943
0.46799562835115943
0.46799562835115943
0.46799562835115943
0.46799562835115943
0.46799562835115943
0.46799562835115943
0.46799562835115943
0.46799562835115943
0.46799562835115943
0.46799562835115943
0.46799562835115943
0.46799562835115943
0.46799562835115943
0.46799562835115943
0.46799562835115943
0.46799562835115943
0.46799562835115943
0.46799562835115943
0.46799562835115943
0.46799562835115943
0.46799562835115943
0.46799562835115943
0.46799562835115943
0.46799562835115943
0.46799562835115943
0.46799562835115943
0.46799562835115943
0.46799562835115943
0.46799562835115943
0.46799562835115943
0.46799562835115943
0.46799562835115943
0.46799562835115943
0.46799562835115943
0.46799562835115943
0.46799562835115943
0.46799562835115943
0.46799562835115943
0.46799562835115943
0.46799562835115943
0.46799562835115943
0.46799562835115943
0.46799562835115943
0.46799562835115943
0.46799562835115943
0.46799562835115943
0.46799562835115943
0.46799562835115943
0.46799562835115943
0.46799562835115943
0.46799562835115943
0.46799562835115943
0.46799562835115943
0.46799562835115943
0.46799562835115943
0.46799562835115943
0.46799562835115943
0.46799562835115943
0.46799562835115943
0.46799562835115943
0.46799562835115943
0.46799562835115943
0.46799562835115943
0.46799562835115943
0.46799562835115943
0.46799562835115943
0.46799562835115943
0.46799562835115943
0.46799562835115943
0.46799562835115943
0.46799562835115943
0.46799562835115943
0.46799562835115943
0.46799562835115943
0.46799562835115943
0.46799562835115943
0.46799562835115943
0.46799562835115943
0.46799562835115943
0.46799562835115943
0.46799562835115943
0.46799562835115943
0.46799562835115943
0.46799562835115943
0.46799562835115943
0.46799562835115943
0.46799562835115943
0.46799562835115943
0.46799562835115943
0.46799562835115943
0.46799562835115943
0.46799562835115943
0.46799562835115943
0.46799562835115943
0.46799562835115943
0.46799562835115943
0.46799562835115943
0.46799562835115943
0.46799562835115943
0.46799562835115943
0.46799562835115943
0.46799562835115943
0.46799562835115943
0.46799562835115943
0.46799562835115943
0.46799562835115943
0.46799562835115943
0.46799562835115943
0.46799562835115943
0.46799562835115943
0.46799562835115943
0.46799562835115943
0.46799562835115943
0.46799562835115943
0.46799562835115943
0.46799562835115943
0.46799562835115943
0.46799562835115943
0.46799562835115943
0.46799562835115943
0.46799562835115943
0.46799562835115943
0.46799562835115943
0.46799562835115943
0.46799562835115943
0.46799562835115943
0.46799562835115943
0.46799562835115943
0.46799562835115943
0.46799562835115943
0.46799562835115943
0.46799562835115943
0.46799562835115943
0.46799562835115943
0.46799562835115943
0.46799562835115943
0.46799562835115943
0.46799562835115943
0.46799562835115943
0.46799562835115943
0.46799562835115943
0.46799562835115943
0.46799562835115943
0.46799562835115943
0.46799562835115943
0.46799562835115943
0.46799562835115943
0.46799562835115943
0.46799562835115943
0.46799562835115943
0.46799562835115943
0.46799562835115943
0.46799562835115943
0.46799562835115943
0.46799562835115943
0.46799562835115943
0.46799562835115943
0.46799562835115943
0.46799562835115943
0.46799562835115943
0.46799562835115943
0.46799562835115943
0.46799562835115943
0.46799562835115943
0.46799562835115943
0.46799562835115943
0.46799562835115943
0.46799562835115943
0.46799562835115943
0.46799562835115943
0.46799562835115943
0.46799562835115943
0.46799562835115943
0.46799562835115943
0.46799562835115943
0.46799562835115943
0.46799562835115943
0.46799562835115943
0.46799562835115943
0.46799562835115943
0.46799562835115943
0.46799562835115943
0.46799562835115943
0.46799562835115943
0.46799562835115943
0.46799562835115943
0.46799562835115943
0.46799562835115943
0.46799562835115943
0.46799562835115943
0.46799562835115943
0.46799562835115943
0.46799562835115943
0.46799562835115943
0.46799562835115943
0.46799562835115943
0.46799562835115943
0.46799562835115943
0.46799562835115943
0.46799562835115943
0.46799562835115943
0.46799562835115943
0.46799562835115943
0.46799562835115943
0.46799562835115943
0.46799562835115943
0.46799562835115943
0.46799562835115943
0.46799562835115943
0.46799562835115943
0.46799562835115943
0.46799562835115943
0.46799562835115943
0.46799562835115943
0.46799562835115943
0.46799562835115943
0.46799562835115943
0.46799562835115943
0.46799562835115943
0.46799562835115943
0.46799562835115943
0.46799562835115943
0.46799562835115943
0.46799562835115943
0.46799562835115943
0.46799562835115943
0.46799562835115943
0.46799562835115943
0.46799562835115943
0.46799562835115943
0.46799562835115943
0.46799562835115943
0.46799562835115943
0.46799562835115943
0.46799562835115943
0.46799562835115943
0.46799562835115943
0.46799562835115943
0.46799562835115943
0.46799562835115943
0.46799562835115943
0.46799562835115943
0.46799562835115943
0.46799562835115943
0.46799562835115943
0.46799562835115943
0.46799562835115943
0.46799562835115943
0.46799562835115943
0.46799562835115943
0.46799562835115943
0.46799562835115943
0.46799562835115943
0.46799562835115943
0.46799562835115943
0.46799562835115943
0.46799562835115943
0.46799562835115943
0.46799562835115943
0.46799562835115943
0.46799562835115943
0.46799562835115943
0.46799562835115943
0.46799562835115943
0.46799562835115943
0.46799562835115943
0.46799562835115943
0.46799562835115943
0.46799562835115943
0.46799562835115943
0.46799562835115943
0.46799562835115943
0.46799562835115943
0.46799562835115943
0.46799562835115943
0.46799562835115943
0.46799562835115943
0.46799562835115943
0.46799562835115943
0.46799562835115943
0.46799562835115943
0.46799562835115943
0.46799562835115943
0.46799562835115943
0.46799562835115943
0.46799562835115943
0.46799562835115943
0.46799562835115943
0.46799562835115943
0.46799562835115943
0.46799562835115943
0.46799562835115943
0.46799562835115943
0.46799562835115943
0.46799562835115943
0.46799562835115943
0.46799562835115943
0.46799562835115943
0.46799562835115943
0.46799562835115943
0.46799562835115943
0.46799562835115943
0.46799562835115943
0.46799562835115943
0.46799562835115943
0.46799562835115943
0.46799562835115943
0.46799562835115943
0.46799562835115943
0.46799562835115943
0.46799562835115943
0.46799562835115943
0.46799562835115943
0.46799562835115943
0.46799562835115943
0.46799562835115943
0.46799562835115943
0.46799562835115943
0.46799562835115943
0.46799562835115943
0.46799562835115943
0.46799562835115943
0.46799562835115943
0.46799562835115943
0.46799562835115943
0.46799562835115943
0.46799562835115943
0.46799562835115943
0.46799562835115943
0.46799562835115943
0.46799562835115943
0.46799562835115943
0.46799562835115943
0.46799562835115943
0.46799562835115943
0.46799562835115943
0.46799562835115943
0.46799562835115943
0.46799562835115943
0.46799562835115943
0.46799562835115943
0.46799562835115943
0.46799562835115943
0.46799562835115943
0.46799562835115943
0.46799562835115943
0.46799562835115943
0.46799562835115943
0.46799562835115943
0.46799562835115943
0.46799562835115943
0.46799562835115943
0.46799562835115943
0.46799562835115943
0.46799562835115943
0.46799562835115943
0.46799562835115943
0.46799562835115943
0.46799562835115943
0.46799562835115943
0.46799562835115943
0.46799562835115943
0.46799562835115943
0.46799562835115943
0.46799562835115943
0.46799562835115943
0.46799562835115943
0.46799562835115943
0.46799562835115943
0.46799562835115943
0.46799562835115943
0.46799562835115943
0.46799562835115943
0.46799562835115943
0.46799562835115943
0.46799562835115943
0.46799562835115943
0.46799562835115943
0.46799562835115943
0.46799562835115943
0.46799562835115943
0.46799562835115943
0.46799562835115943
0.46799562835115943
0.46799562835115943
0.46799562835115943
0.46799562835115943
0.46799562835115943
0.46799562835115943
0.46799562835115943
0.46799562835115943
0.46799562835115943
0.46799562835115943
0.46799562835115943
0.46799562835115943
0.46799562835115943
0.46799562835115943
0.46799562835115943
0.46799562835115943
0.46799562835115943
0.46799562835115943
0.46799562835115943
0.46799562835115943
0.46799562835115943
0.46799562835115943
0.46799562835115943
0.46799562835115943
0.46799562835115943
0.46799562835115943
0.46799562835115943
0.46799562835115943
0.46799562835115943
0.46799562835115943
0.46799562835115943
0.46799562835115943
0.46799562835115943
0.46799562835115943
0.46799562835115943
0.46799562835115943
0.46799562835115943
0.46799562835115943
0.46799562835115943
0.46799562835115943
0.46799562835115943
0.46799562835115943
0.46799562835115943
0.46799562835115943
0.46799562835115943
0.46799562835115943
0.46799562835115943
0.46799562835115943
0.46799562835115943
0.46799562835115943
0.46799562835115943
0.46799562835115943
0.46799562835115943
0.46799562835115943
0.46799562835115943
0.46799562835115943
0.46799562835115943
0.46799562835115943
0.46799562835115943
0.46799562835115943
0.46799562835115943
0.46799562835115943
0.46799562835115943
0.46799562835115943
0.46799562835115943
0.46799562835115943
0.46799562835115943
0.46799562835115943
0.46799562835115943
0.46799562835115943
0.46799562835115943
0.46799562835115943
0.46799562835115943
0.46799562835115943
0.46799562835115943
0.46799562835115943
0.46799562835115943
0.46799562835115943
0.46799562835115943
0.46799562835115943
0.46799562835115943
0.46799562835115943
0.46799562835115943
0.46799562835115943
0.46799562835115943
0.46799562835115943
0.46799562835115943
0.46799562835115943
0.46799562835115943
0.46799562835115943
0.46799562835115943
0.46799562835115943
0.46799562835115943
0.46799562835115943
0.46799562835115943
0.46799562835115943
0.46799562835115943
0.46799562835115943
0.46799562835115943
0.46799562835115943
0.46799562835115943
0.46799562835115943
0.46799562835115943
0.46799562835115943
0.46799562835115943
0.46799562835115943
0.46799562835115943
0.46799562835115943
0.46799562835115943
0.46799562835115943
0.46799562835115943
0.46799562835115943
0.46799562835115943
0.46799562835115943
0.46799562835115943
0.46799562835115943
0.46799562835115943
0.46799562835115943
0.46799562835115943
0.46799562835115943
0.46799562835115943
0.46799562835115943
0.46799562835115943
0.46799562835115943
0.46799562835115943
0.46799562835115943
0.46799562835115943
0.46799562835115943
0.46799562835115943
0.46799562835115943
0.46799562835115943
0.46799562835115943
0.46799562835115943
0.46799562835115943
0.46799562835115943
0.46799562835115943
0.46799562835115943
0.46799562835115943
0.46799562835115943
0.46799562835115943
0.46799562835115943
0.46799562835115943
0.46799562835115943
0.46799562835115943
0.46799562835115943
0.46799562835115943
0.46799562835115943
0.46799562835115943
0.46799562835115943
0.46799562835115943
0.46799562835115943
0.46799562835115943
0.46799562835115943
0.46799562835115943
0.46799562835115943
0.46799562835115943
0.46799562835115943
0.46799562835115943
0.46799562835115943
0.46799562835115943
0.46799562835115943
0.46799562835115943
0.46799562835115943
0.46799562835115943
0.46799562835115943
0.46799562835115943
0.46799562835115943
0.46799562835115943
0.46799562835115943
0.46799562835115943
0.46799562835115943
0.46799562835115943
0.46799562835115943
0.46799562835115943
0.46799562835115943
0.46799562835115943
0.46799562835115943
0.46799562835115943
0.46799562835115943
0.46799562835115943
0.46799562835115943
0.46799562835115943
0.46799562835115943
0.46799562835115943
0.46799562835115943
0.46799562835115943
0.46799562835115943
0.46799562835115943
0.46799562835115943
0.46799562835115943
0.46799562835115943
0.46799562835115943
0.46799562835115943
0.46799562835115943
0.46799562835115943
0.46799562835115943
0.46799562835115943
0.46799562835115943
0.46799562835115943
0.46799562835115943
0.46799562835115943
0.46799562835115943
0.46799562835115943
0.46799562835115943
0.46799562835115943
0.46799562835115943
0.46799562835115943
0.46799562835115943
0.46799562835115943
0.46799562835115943
0.46799562835115943
0.46799562835115943
0.46799562835115943
0.46799562835115943
0.46799562835115943
0.46799562835115943
0.46799562835115943
0.46799562835115943
0.46799562835115943
0.46799562835115943
0.46799562835115943
0.46799562835115943
0.46799562835115943
0.46799562835115943
0.46799562835115943
0.46799562835115943
0.46799562835115943
0.46799562835115943
0.46799562835115943
0.46799562835115943
0.46799562835115943
0.46799562835115943
0.46799562835115943
0.46799562835115943
0.46799562835115943
0.46799562835115943
0.46799562835115943
0.46799562835115943
0.46799562835115943
0.46799562835115943
0.46799562835115943
0.46799562835115943
0.46799562835115943
0.46799562835115943
0.46799562835115943
0.46799562835115943
0.46799562835115943
0.46799562835115943
0.46799562835115943
0.46799562835115943
0.46799562835115943
0.46799562835115943
0.46799562835115943
0.46799562835115943
0.46799562835115943
0.46799562835115943
0.46799562835115943
0.46799562835115943
0.46799562835115943
0.46799562835115943
0.46799562835115943
0.46799562835115943
0.46799562835115943
0.46799562835115943
0.46799562835115943
0.46799562835115943
0.46799562835115943
0.46799562835115943
0.46799562835115943
0.46799562835115943
0.46799562835115943
0.46799562835115943
0.46799562835115943
0.46799562835115943
0.46799562835115943
0.46799562835115943
0.46799562835115943
0.46799562835115943
0.46799562835115943
0.46799562835115943
0.46799562835115943
0.46799562835115943
0.46799562835115943
0.46799562835115943
0.46799562835115943
0.46799562835115943
0.46799562835115943
0.46799562835115943
0.46799562835115943
0.46799562835115943
0.46799562835115943
0.46799562835115943
0.46799562835115943
0.46799562835115943
0.46799562835115943
0.46799562835115943
0.46799562835115943
0.46799562835115943
0.46799562835115943
0.46799562835115943
0.46799562835115943
0.46799562835115943
0.46799562835115943
0.46799562835115943
0.46799562835115943
0.46799562835115943
0.46799562835115943
0.46799562835115943
0.46799562835115943
0.46799562835115943
0.46799562835115943
0.46799562835115943
0.46799562835115943
0.46799562835115943
0.46799562835115943
0.46799562835115943
0.46799562835115943
0.46799562835115943
0.46799562835115943
0.46799562835115943
0.46799562835115943
0.46799562835115943
0.46799562835115943
0.46799562835115943
0.46799562835115943
0.46799562835115943
0.46799562835115943
0.46799562835115943
0.46799562835115943
0.46799562835115943
0.46799562835115943
0.46799562835115943
0.46799562835115943
0.46799562835115943
0.46799562835115943
0.46799562835115943
0.46799562835115943
0.46799562835115943
0.46799562835115943
0.46799562835115943
0.46799562835115943
0.46799562835115943
0.46799562835115943
0.46799562835115943
0.46799562835115943
0.46799562835115943
0.46799562835115943
0.46799562835115943
0.46799562835115943
0.46799562835115943
0.46799562835115943
0.46799562835115943
0.46799562835115943
0.46799562835115943
0.46799562835115943
0.46799562835115943
0.46799562835115943
0.46799562835115943
0.46799562835115943
0.46799562835115943
0.46799562835115943
0.46799562835115943
0.46799562835115943
0.46799562835115943
0.46799562835115943
0.46799562835115943
0.46799562835115943
0.46799562835115943
0.46799562835115943
0.46799562835115943
0.46799562835115943
0.46799562835115943
0.46799562835115943
0.46799562835115943
0.46799562835115943
0.46799562835115943
0.46799562835115943
0.46799562835115943
0.46799562835115943
0.46799562835115943
0.46799562835115943
0.46799562835115943
0.46799562835115943
0.46799562835115943
0.46799562835115943
0.46799562835115943
0.46799562835115943
0.46799562835115943
0.46799562835115943
0.46799562835115943
0.46799562835115943
0.46799562835115943
0.46799562835115943
0.46799562835115943
0.46799562835115943
0.46799562835115943
0.46799562835115943
0.46799562835115943
0.46799562835115943
0.46799562835115943
0.46799562835115943
0.46799562835115943
0.46799562835115943
0.46799562835115943
0.46799562835115943
0.46799562835115943
0.46799562835115943
0.46799562835115943
0.46799562835115943
0.46799562835115943
0.46799562835115943
0.46799562835115943
0.46799562835115943
0.46799562835115943
0.46799562835115943
0.46799562835115943
0.46799562835115943
0.46799562835115943
0.46799562835115943
0.46799562835115943
0.46799562835115943
0.46799562835115943
0.46799562835115943
0.46799562835115943
0.46799562835115943
0.46799562835115943
0.46799562835115943
0.46799562835115943
0.46799562835115943
0.46799562835115943
0.46799562835115943
0.46799562835115943
0.46799562835115943
0.46799562835115943
0.46799562835115943
0.46799562835115943
0.46799562835115943
0.46799562835115943
0.46799562835115943
0.46799562835115943
0.46799562835115943
0.46799562835115943
0.46799562835115943
0.46799562835115943
0.46799562835115943
0.46799562835115943
0.46799562835115943
0.46799562835115943
0.46799562835115943
0.46799562835115943
0.46799562835115943
0.46799562835115943
0.46799562835115943
0.46799562835115943
0.46799562835115943
0.46799562835115943
0.46799562835115943
0.46799562835115943
0.46799562835115943
0.46799562835115943
0.46799562835115943
0.46799562835115943
0.46799562835115943
0.46799562835115943
0.46799562835115943
0.46799562835115943
0.46799562835115943
0.46799562835115943
0.46799562835115943
0.46799562835115943
0.46799562835115943
0.46799562835115943
0.46799562835115943
0.46799562835115943
0.46799562835115943
0.46799562835115943
0.46799562835115943
0.46799562835115943
0.46799562835115943
0.46799562835115943
0.46799562835115943
0.46799562835115943
0.46799562835115943
0.46799562835115943
0.46799562835115943
0.46799562835115943
0.46799562835115943
0.46799562835115943
0.46799562835115943
0.46799562835115943
0.46799562835115943
0.46799562835115943
0.46799562835115943
0.46799562835115943
0.46799562835115943
0.46799562835115943
0.46799562835115943
0.46799562835115943
0.46799562835115943
0.46799562835115943
0.46799562835115943
0.46799562835115943
0.46799562835115943
0.46799562835115943
0.46799562835115943
0.46799562835115943
0.46799562835115943
0.46799562835115943
0.46799562835115943
0.46799562835115943
0.46799562835115943
0.46799562835115943
0.46799562835115943
0.46799562835115943
0.46799562835115943
0.46799562835115943
0.46799562835115943
0.46799562835115943
0.46799562835115943
0.46799562835115943
0.46799562835115943
0.46799562835115943
0.46799562835115943
0.46799562835115943
0.46799562835115943
0.46799562835115943
0.46799562835115943
0.46799562835115943
0.46799562835115943
0.46799562835115943
0.46799562835115943
0.46799562835115943
0.46799562835115943
0.46799562835115943
0.46799562835115943
0.46799562835115943
0.46799562835115943
0.46799562835115943
0.46799562835115943
0.46799562835115943
0.46799562835115943
0.46799562835115943
0.46799562835115943
0.46799562835115943
0.46799562835115943
0.46799562835115943
0.46799562835115943
0.46799562835115943
0.46799562835115943
0.46799562835115943
0.46799562835115943
0.46799562835115943
0.46799562835115943
0.46799562835115943
0.46799562835115943
0.46799562835115943
0.46799562835115943
0.46799562835115943
0.46799562835115943
0.46799562835115943
0.46799562835115943
0.46799562835115943
0.46799562835115943
0.46799562835115943
0.46799562835115943
0.46799562835115943
0.46799562835115943
0.46799562835115943
0.46799562835115943
0.46799562835115943
0.46799562835115943
0.46799562835115943
0.46799562835115943
0.46799562835115943
0.46799562835115943
0.46799562835115943
0.46799562835115943
0.46799562835115943
0.46799562835115943
0.46799562835115943
0.46799562835115943
0.46799562835115943
0.46799562835115943
0.46799562835115943
0.46799562835115943
0.46799562835115943
0.46799562835115943
0.46799562835115943
0.46799562835115943
0.46799562835115943
0.46799562835115943
0.46799562835115943
0.46799562835115943
0.46799562835115943
0.46799562835115943
0.46799562835115943
0.46799562835115943
0.46799562835115943
0.46799562835115943
0.46799562835115943
0.46799562835115943
0.46799562835115943
0.46799562835115943
0.46799562835115943
0.46799562835115943
0.46799562835115943
0.46799562835115943
0.46799562835115943
0.46799562835115943
0.46799562835115943
0.46799562835115943
0.46799562835115943
0.46799562835115943
0.46799562835115943
0.46799562835115943
0.46799562835115943
0.46799562835115943
0.46799562835115943
0.46799562835115943
0.46799562835115943
0.46799562835115943
0.46799562835115943
0.46799562835115943
0.46799562835115943
0.46799562835115943
0.46799562835115943
0.46799562835115943
0.46799562835115943
0.46799562835115943
0.46799562835115943
0.46799562835115943
0.46799562835115943
0.46799562835115943
0.46799562835115943
0.46799562835115943
0.46799562835115943
0.46799562835115943
0.46799562835115943
0.46799562835115943
0.46799562835115943
0.46799562835115943
0.46799562835115943
0.46799562835115943
0.46799562835115943
0.46799562835115943
0.46799562835115943
0.46799562835115943
0.46799562835115943
0.46799562835115943
0.46799562835115943
0.46799562835115943
0.46799562835115943
0.46799562835115943
0.46799562835115943
0.46799562835115943
0.46799562835115943
0.46799562835115943
0.46799562835115943
0.46799562835115943
0.46799562835115943
0.46799562835115943
0.46799562835115943
0.46799562835115943
0.46799562835115943
0.46799562835115943
0.46799562835115943
0.46799562835115943
0.46799562835115943
0.46799562835115943
0.46799562835115943
0.46799562835115943
0.46799562835115943
0.46799562835115943
0.46799562835115943
0.46799562835115943
0.46799562835115943
0.46799562835115943
0.46799562835115943
0.46799562835115943
0.46799562835115943
0.46799562835115943
0.46799562835115943
0.46799562835115943
0.46799562835115943
0.46799562835115943
0.46799562835115943
0.46799562835115943
0.46799562835115943
0.46799562835115943
0.46799562835115943
0.46799562835115943
0.46799562835115943
0.46799562835115943
0.46799562835115943
0.46799562835115943
0.46799562835115943
0.46799562835115943
0.46799562835115943
0.46799562835115943
0.46799562835115943
0.46799562835115943
0.46799562835115943
0.46799562835115943
0.46799562835115943
0.46799562835115943
0.46799562835115943
0.46799562835115943
0.46799562835115943
0.46799562835115943
0.46799562835115943
0.46799562835115943
0.46799562835115943
0.46799562835115943
0.46799562835115943
0.46799562835115943
0.46799562835115943
0.46799562835115943
0.46799562835115943
0.46799562835115943
0.46799562835115943
0.46799562835115943
0.46799562835115943
0.46799562835115943
0.46799562835115943
0.46799562835115943
0.46799562835115943
0.46799562835115943
0.46799562835115943
0.46799562835115943
0.46799562835115943
0.46799562835115943
0.46799562835115943
0.46799562835115943
0.46799562835115943
0.46799562835115943
0.46799562835115943
0.46799562835115943
0.46799562835115943
0.46799562835115943
0.46799562835115943
0.46799562835115943
0.46799562835115943
0.46799562835115943
0.46799562835115943
0.46799562835115943
0.46799562835115943
0.46799562835115943
0.46799562835115943
0.46799562835115943
0.46799562835115943
0.46799562835115943
0.46799562835115943
0.46799562835115943
0.46799562835115943
0.46799562835115943
0.46799562835115943
0.46799562835115943
0.46799562835115943
0.46799562835115943
0.46799562835115943
0.46799562835115943
0.46799562835115943
0.46799562835115943
0.46799562835115943
0.46799562835115943
0.46799562835115943
0.46799562835115943
0.46799562835115943
0.46799562835115943
0.46799562835115943
0.46799562835115943
0.46799562835115943
0.46799562835115943
0.46799562835115943
0.46799562835115943
0.46799562835115943
0.46799562835115943
0.46799562835115943
0.46799562835115943
0.46799562835115943
0.46799562835115943
0.46799562835115943
0.46799562835115943
0.46799562835115943
0.46799562835115943
0.46799562835115943
0.46799562835115943
0.46799562835115943
0.46799562835115943
0.46799562835115943
0.46799562835115943
0.46799562835115943
0.46799562835115943
0.46799562835115943
0.46799562835115943
0.46799562835115943
0.46799562835115943
0.46799562835115943
0.46799562835115943
0.46799562835115943
0.46799562835115943
0.46799562835115943
0.46799562835115943
0.46799562835115943
0.46799562835115943
0.46799562835115943
0.46799562835115943
0.46799562835115943
0.46799562835115943
0.46799562835115943
0.46799562835115943
0.46799562835115943
0.46799562835115943
0.46799562835115943
0.46799562835115943
0.46799562835115943
0.46799562835115943
0.46799562835115943
0.46799562835115943
0.46799562835115943
0.46799562835115943
0.46799562835115943
0.46799562835115943
0.46799562835115943
0.46799562835115943
0.46799562835115943
0.46799562835115943
0.46799562835115943
0.46799562835115943
0.46799562835115943
0.46799562835115943
0.46799562835115943
0.46799562835115943
0.46799562835115943
0.46799562835115943
0.46799562835115943
0.46799562835115943
0.46799562835115943
0.46799562835115943
0.46799562835115943
0.46799562835115943
0.46799562835115943
0.46799562835115943
0.46799562835115943
0.46799562835115943
0.46799562835115943
0.46799562835115943
0.46799562835115943
0.46799562835115943
0.46799562835115943
0.46799562835115943
0.46799562835115943
0.46799562835115943
0.46799562835115943
0.46799562835115943
0.46799562835115943
0.46799562835115943
0.46799562835115943
0.46799562835115943
0.46799562835115943
0.46799562835115943
0.46799562835115943
0.46799562835115943
0.46799562835115943
0.46799562835115943
0.46799562835115943
0.46799562835115943
0.46799562835115943
0.46799562835115943
0.46799562835115943
0.46799562835115943
0.46799562835115943
0.46799562835115943
0.46799562835115943
0.46799562835115943
0.46799562835115943
0.46799562835115943
0.46799562835115943
0.46799562835115943
0.46799562835115943
0.46799562835115943
0.46799562835115943
0.46799562835115943
0.46799562835115943
0.46799562835115943
0.46799562835115943
0.46799562835115943
0.46799562835115943
0.46799562835115943
0.46799562835115943
0.46799562835115943
0.46799562835115943
0.46799562835115943
0.46799562835115943
0.46799562835115943
0.46799562835115943
0.46799562835115943
0.46799562835115943
0.46799562835115943
0.46799562835115943
0.46799562835115943
0.46799562835115943
0.46799562835115943
0.46799562835115943
0.46799562835115943
0.46799562835115943
0.46799562835115943
0.46799562835115943
0.46799562835115943
0.46799562835115943
0.46799562835115943
0.46799562835115943
0.46799562835115943
0.46799562835115943
0.46799562835115943
0.46799562835115943
0.46799562835115943
0.46799562835115943
0.46799562835115943
0.46799562835115943
0.46799562835115943
0.46799562835115943
0.46799562835115943
0.46799562835115943
0.46799562835115943
0.46799562835115943
0.46799562835115943
0.46799562835115943
0.46799562835115943
0.46799562835115943
0.46799562835115943
0.46799562835115943
0.46799562835115943
0.46799562835115943
0.46799562835115943
0.46799562835115943
0.46799562835115943
0.46799562835115943
0.46799562835115943
0.46799562835115943
0.46799562835115943
0.46799562835115943
0.46799562835115943
0.46799562835115943
0.46799562835115943
0.46799562835115943
0.46799562835115943
0.46799562835115943
0.46799562835115943
0.46799562835115943
0.46799562835115943
0.46799562835115943
0.46799562835115943
0.46799562835115943
0.46799562835115943
0.46799562835115943
0.46799562835115943
0.46799562835115943
0.46799562835115943
0.46799562835115943
0.46799562835115943
0.46799562835115943
0.46799562835115943
0.46799562835115943
0.46799562835115943
0.46799562835115943
0.46799562835115943
0.46799562835115943
0.46799562835115943
0.46799562835115943
0.46799562835115943
0.46799562835115943
0.46799562835115943
0.46799562835115943
0.46799562835115943
0.46799562835115943
0.46799562835115943
0.46799562835115943
0.46799562835115943
0.46799562835115943
0.46799562835115943
0.46799562835115943
0.46799562835115943
0.46799562835115943
0.46799562835115943
0.46799562835115943
0.46799562835115943
0.46799562835115943
0.46799562835115943
0.46799562835115943
0.46799562835115943
0.46799562835115943
0.46799562835115943
0.46799562835115943
0.46799562835115943
0.46799562835115943
0.46799562835115943
0.46799562835115943
0.46799562835115943
0.46799562835115943
0.46799562835115943
0.46799562835115943
0.46799562835115943
0.46799562835115943
0.46799562835115943
0.46799562835115943
0.46799562835115943
0.46799562835115943
0.46799562835115943
0.46799562835115943
0.46799562835115943
0.46799562835115943
0.46799562835115943
0.46799562835115943
0.46799562835115943
0.46799562835115943
0.46799562835115943
0.46799562835115943
0.46799562835115943
0.46799562835115943
0.46799562835115943
0.46799562835115943
0.46799562835115943
0.46799562835115943
0.46799562835115943
0.46799562835115943
0.46799562835115943
0.46799562835115943
0.46799562835115943
0.46799562835115943
0.46799562835115943
0.46799562835115943
0.46799562835115943
0.46799562835115943
0.46799562835115943
0.46799562835115943
0.46799562835115943
0.46799562835115943
0.46799562835115943
0.46799562835115943
0.46799562835115943
0.46799562835115943
0.46799562835115943
0.46799562835115943
0.46799562835115943
0.46799562835115943
0.46799562835115943
0.46799562835115943
0.46799562835115943
0.46799562835115943
0.46799562835115943
0.46799562835115943
0.46799562835115943
0.46799562835115943
0.46799562835115943
0.46799562835115943
0.46799562835115943
0.46799562835115943
0.46799562835115943
0.46799562835115943
0.46799562835115943
0.46799562835115943
0.46799562835115943
0.46799562835115943
0.46799562835115943
0.46799562835115943
0.46799562835115943
0.46799562835115943
0.46799562835115943
0.46799562835115943
0.46799562835115943
0.46799562835115943
0.46799562835115943
0.46799562835115943
0.46799562835115943
0.46799562835115943
0.46799562835115943
0.46799562835115943
0.46799562835115943
0.46799562835115943
0.46799562835115943
0.46799562835115943
0.46799562835115943
0.46799562835115943
0.46799562835115943
0.46799562835115943
0.46799562835115943
0.46799562835115943
0.46799562835115943
0.46799562835115943
0.46799562835115943
0.46799562835115943
0.46799562835115943
0.46799562835115943
0.46799562835115943
0.46799562835115943
0.46799562835115943
0.46799562835115943
0.46799562835115943
0.46799562835115943
0.46799562835115943
0.46799562835115943
0.46799562835115943
0.46799562835115943
0.46799562835115943
0.46799562835115943
0.46799562835115943
0.46799562835115943
0.46799562835115943
0.46799562835115943
0.46799562835115943
0.46799562835115943
0.46799562835115943
0.46799562835115943
0.46799562835115943
0.46799562835115943
0.46799562835115943
0.46799562835115943
0.46799562835115943
0.46799562835115943
0.46799562835115943
0.46799562835115943
0.46799562835115943
0.46799562835115943
0.46799562835115943
0.46799562835115943
0.46799562835115943
0.46799562835115943
0.46799562835115943
0.46799562835115943
0.46799562835115943
0.46799562835115943
0.46799562835115943
0.46799562835115943
0.46799562835115943
0.46799562835115943
0.46799562835115943
0.46799562835115943
0.46799562835115943
0.46799562835115943
0.46799562835115943
0.46799562835115943
0.46799562835115943
0.46799562835115943
0.46799562835115943
0.46799562835115943
0.46799562835115943
0.46799562835115943
0.46799562835115943
0.46799562835115943
0.46799562835115943
0.46799562835115943
0.46799562835115943
0.46799562835115943
0.46799562835115943
0.46799562835115943
0.46799562835115943
0.46799562835115943
0.46799562835115943
0.46799562835115943
0.46799562835115943
0.46799562835115943
0.46799562835115943
0.46799562835115943
0.46799562835115943
0.46799562835115943
0.46799562835115943
0.46799562835115943
0.46799562835115943
0.46799562835115943
0.46799562835115943
0.46799562835115943
0.46799562835115943
0.46799562835115943
0.46799562835115943
0.46799562835115943
0.46799562835115943
0.46799562835115943
0.46799562835115943
0.46799562835115943
0.46799562835115943
0.46799562835115943
0.46799562835115943
0.46799562835115943
0.46799562835115943
0.46799562835115943
0.46799562835115943
0.46799562835115943
0.46799562835115943
0.46799562835115943
0.46799562835115943
0.46799562835115943
0.46799562835115943
0.46799562835115943
0.46799562835115943
0.46799562835115943
0.46799562835115943
0.46799562835115943
0.46799562835115943
0.46799562835115943
0.46799562835115943
0.46799562835115943
0.46799562835115943
0.46799562835115943
0.46799562835115943
0.46799562835115943
0.46799562835115943
0.46799562835115943
0.46799562835115943
0.46799562835115943
0.46799562835115943
0.46799562835115943
0.46799562835115943
0.46799562835115943
0.46799562835115943
0.46799562835115943
0.46799562835115943
0.46799562835115943
0.46799562835115943
0.46799562835115943
0.46799562835115943
0.46799562835115943
0.46799562835115943
0.46799562835115943
0.46799562835115943
0.46799562835115943
0.46799562835115943
0.46799562835115943
0.46799562835115943
0.46799562835115943
0.46799562835115943
0.46799562835115943
0.46799562835115943
0.46799562835115943
0.46799562835115943
0.46799562835115943
0.46799562835115943
0.46799562835115943
0.46799562835115943
0.46799562835115943
0.46799562835115943
0.46799562835115943
0.46799562835115943
0.46799562835115943
0.46799562835115943
0.46799562835115943
0.46799562835115943
0.46799562835115943
0.46799562835115943
0.46799562835115943
0.46799562835115943
0.46799562835115943
0.46799562835115943
0.46799562835115943
0.46799562835115943
0.46799562835115943
0.46799562835115943
0.46799562835115943
0.46799562835115943
0.46799562835115943
0.46799562835115943
0.46799562835115943
0.46799562835115943
0.46799562835115943
0.46799562835115943
0.46799562835115943
0.46799562835115943
0.46799562835115943
0.46799562835115943
0.46799562835115943
0.46799562835115943
0.46799562835115943
0.46799562835115943
0.46799562835115943
0.46799562835115943
0.46799562835115943
0.46799562835115943
0.46799562835115943
0.46799562835115943
0.46799562835115943
0.46799562835115943
0.46799562835115943
0.46799562835115943
0.46799562835115943
0.46799562835115943
0.46799562835115943
0.46799562835115943
0.46799562835115943
0.46799562835115943
0.46799562835115943
0.46799562835115943
0.46799562835115943
0.46799562835115943
0.46799562835115943
0.46799562835115943
0.46799562835115943
0.46799562835115943
0.46799562835115943
0.46799562835115943
0.46799562835115943
0.46799562835115943
0.46799562835115943
0.46799562835115943
0.46799562835115943
0.46799562835115943
0.46799562835115943
0.46799562835115943
0.46799562835115943
0.46799562835115943
0.46799562835115943
0.46799562835115943
0.46799562835115943
0.46799562835115943
0.46799562835115943
0.46799562835115943
0.46799562835115943
0.46799562835115943
0.46799562835115943
0.46799562835115943
0.46799562835115943
0.46799562835115943
0.46799562835115943
0.46799562835115943
0.46799562835115943
0.46799562835115943
0.46799562835115943
0.46799562835115943
0.46799562835115943
0.46799562835115943
0.46799562835115943
0.46799562835115943
0.46799562835115943
0.46799562835115943
0.46799562835115943
0.46799562835115943
0.46799562835115943
0.46799562835115943
0.46799562835115943
0.46799562835115943
0.46799562835115943
0.46799562835115943
0.46799562835115943
0.46799562835115943
0.46799562835115943
0.46799562835115943
0.46799562835115943
0.46799562835115943
0.46799562835115943
0.46799562835115943
0.46799562835115943
0.46799562835115943
0.46799562835115943
0.46799562835115943
0.46799562835115943
0.46799562835115943
0.46799562835115943
0.46799562835115943
0.46799562835115943
0.46799562835115943
0.46799562835115943
0.46799562835115943
0.46799562835115943
0.46799562835115943
0.46799562835115943
0.46799562835115943
0.46799562835115943
0.46799562835115943
0.46799562835115943
0.46799562835115943
0.46799562835115943
0.46799562835115943
0.46799562835115943
0.46799562835115943
0.46799562835115943
0.46799562835115943
0.46799562835115943
0.46799562835115943
0.46799562835115943
0.46799562835115943
0.46799562835115943
0.46799562835115943
0.46799562835115943
0.46799562835115943
0.46799562835115943
0.46799562835115943
0.46799562835115943
0.46799562835115943
0.46799562835115943
0.46799562835115943
0.46799562835115943
0.46799562835115943
0.46799562835115943
0.46799562835115943
0.46799562835115943
0.46799562835115943
0.46799562835115943
0.46799562835115943
0.46799562835115943
0.46799562835115943
0.46799562835115943
0.46799562835115943
0.46799562835115943
0.46799562835115943
0.46799562835115943
0.46799562835115943
0.46799562835115943
0.46799562835115943
0.46799562835115943
0.46799562835115943
0.46799562835115943
0.46799562835115943
0.46799562835115943
0.46799562835115943
0.46799562835115943
0.46799562835115943
0.46799562835115943
0.46799562835115943
0.46799562835115943
0.46799562835115943
0.46799562835115943
0.46799562835115943
0.46799562835115943
0.46799562835115943
0.46799562835115943
0.46799562835115943
0.46799562835115943
0.46799562835115943
0.46799562835115943
0.46799562835115943
0.46799562835115943
0.46799562835115943
0.46799562835115943
0.46799562835115943
0.46799562835115943
0.46799562835115943
0.46799562835115943
0.46799562835115943
0.46799562835115943
0.46799562835115943
0.46799562835115943
0.46799562835115943
0.46799562835115943
0.46799562835115943
0.46799562835115943
0.46799562835115943
0.46799562835115943
0.46799562835115943
0.46799562835115943
0.46799562835115943
0.46799562835115943
0.46799562835115943
0.46799562835115943
0.46799562835115943
0.46799562835115943
0.46799562835115943
0.46799562835115943
0.46799562835115943
0.46799562835115943
0.46799562835115943
0.46799562835115943
0.46799562835115943
0.46799562835115943
0.46799562835115943
0.46799562835115943
0.46799562835115943
0.46799562835115943
0.46799562835115943
0.46799562835115943
0.46799562835115943
0.46799562835115943
0.46799562835115943
0.46799562835115943
0.46799562835115943
0.46799562835115943
0.46799562835115943
0.46799562835115943
0.46799562835115943
0.46799562835115943
0.46799562835115943
0.46799562835115943
0.46799562835115943
0.46799562835115943
0.46799562835115943
0.46799562835115943
0.46799562835115943
0.46799562835115943
0.46799562835115943
0.46799562835115943
0.46799562835115943
0.46799562835115943
0.46799562835115943
0.46799562835115943
0.46799562835115943
0.46799562835115943
0.46799562835115943
0.46799562835115943
0.46799562835115943
0.46799562835115943
0.46799562835115943
0.46799562835115943
0.46799562835115943
0.46799562835115943
0.46799562835115943
0.46799562835115943
0.46799562835115943
0.46799562835115943
0.46799562835115943
0.46799562835115943
0.46799562835115943
0.46799562835115943
0.46799562835115943
0.46799562835115943
0.46799562835115943
0.46799562835115943
0.46799562835115943
0.46799562835115943
0.46799562835115943
0.46799562835115943
0.46799562835115943
0.46799562835115943
0.46799562835115943
0.46799562835115943
0.46799562835115943
0.46799562835115943
0.46799562835115943
0.46799562835115943
0.46799562835115943
0.46799562835115943
0.46799562835115943
0.46799562835115943
0.46799562835115943
0.46799562835115943
0.46799562835115943
0.46799562835115943
0.46799562835115943
0.46799562835115943
0.46799562835115943
0.46799562835115943
0.46799562835115943
0.46799562835115943
0.46799562835115943
0.46799562835115943
0.46799562835115943
0.46799562835115943
0.46799562835115943
0.46799562835115943
0.46799562835115943
0.46799562835115943
0.46799562835115943
0.46799562835115943
0.46799562835115943
0.46799562835115943
0.46799562835115943
0.46799562835115943
0.46799562835115943
0.46799562835115943
0.46799562835115943
0.46799562835115943
0.46799562835115943
0.46799562835115943
0.46799562835115943
0.46799562835115943
0.46799562835115943
0.46799562835115943
0.46799562835115943
0.46799562835115943
0.46799562835115943
0.46799562835115943
0.46799562835115943
0.46799562835115943
0.46799562835115943
0.46799562835115943
0.46799562835115943
0.46799562835115943
0.46799562835115943
0.46799562835115943
0.46799562835115943
0.46799562835115943
0.46799562835115943
0.46799562835115943
0.46799562835115943
0.46799562835115943
0.46799562835115943
0.46799562835115943
0.46799562835115943
0.46799562835115943
0.46799562835115943
0.46799562835115943
0.46799562835115943
0.46799562835115943
0.46799562835115943
0.46799562835115943
0.46799562835115943
0.46799562835115943
0.46799562835115943
0.46799562835115943
0.46799562835115943
0.46799562835115943
0.46799562835115943
0.46799562835115943
0.46799562835115943
0.46799562835115943
0.46799562835115943
0.46799562835115943
0.46799562835115943
0.46799562835115943
0.46799562835115943
0.46799562835115943
0.46799562835115943
0.46799562835115943
0.46799562835115943
0.46799562835115943
0.46799562835115943
0.46799562835115943
0.46799562835115943
0.46799562835115943
0.46799562835115943
0.46799562835115943
0.46799562835115943
0.46799562835115943
0.46799562835115943
0.46799562835115943
0.46799562835115943
0.46799562835115943
0.46799562835115943
0.46799562835115943
0.46799562835115943
0.46799562835115943
0.46799562835115943
0.46799562835115943
0.46799562835115943
0.46799562835115943
0.46799562835115943
0.46799562835115943
0.46799562835115943
0.46799562835115943
0.46799562835115943
0.46799562835115943
0.46799562835115943
0.46799562835115943
0.46799562835115943
0.46799562835115943
0.46799562835115943
0.46799562835115943
0.46799562835115943
0.46799562835115943
0.46799562835115943
0.46799562835115943
0.46799562835115943
0.46799562835115943
0.46799562835115943
0.46799562835115943
0.46799562835115943
0.46799562835115943
0.46799562835115943
0.46799562835115943
0.46799562835115943
0.46799562835115943
0.46799562835115943
0.46799562835115943
0.46799562835115943
0.46799562835115943
0.46799562835115943
0.46799562835115943
0.46799562835115943
0.46799562835115943
0.46799562835115943
0.46799562835115943
0.46799562835115943
0.46799562835115943
0.46799562835115943
0.46799562835115943
0.46799562835115943
0.46799562835115943
0.46799562835115943
0.46799562835115943
0.46799562835115943
0.46799562835115943
0.46799562835115943
0.46799562835115943
0.46799562835115943
0.46799562835115943
0.46799562835115943
0.46799562835115943
0.46799562835115943
0.46799562835115943
0.46799562835115943
0.46799562835115943
0.46799562835115943
0.46799562835115943
0.46799562835115943
0.46799562835115943
0.46799562835115943
0.46799562835115943
0.46799562835115943
0.46799562835115943
0.46799562835115943
0.46799562835115943
0.46799562835115943
0.46799562835115943
0.46799562835115943
0.46799562835115943
0.46799562835115943
0.46799562835115943
0.46799562835115943
0.46799562835115943
0.46799562835115943
0.46799562835115943
0.46799562835115943
0.46799562835115943
0.46799562835115943
0.46799562835115943
0.46799562835115943
0.46799562835115943
0.46799562835115943
0.46799562835115943
0.46799562835115943
0.46799562835115943
0.46799562835115943
0.46799562835115943
0.46799562835115943
0.46799562835115943
0.46799562835115943
0.46799562835115943
0.46799562835115943
0.46799562835115943
0.46799562835115943
0.46799562835115943
0.46799562835115943
0.46799562835115943
0.46799562835115943
0.46799562835115943
0.46799562835115943
0.46799562835115943
0.46799562835115943
0.46799562835115943
0.46799562835115943
0.46799562835115943
0.46799562835115943
0.46799562835115943
0.46799562835115943
0.46799562835115943
0.46799562835115943
0.46799562835115943
0.46799562835115943
0.46799562835115943
0.46799562835115943
0.46799562835115943
0.46799562835115943
0.46799562835115943
0.46799562835115943
0.46799562835115943
0.46799562835115943
0.46799562835115943
0.46799562835115943
0.46799562835115943
0.46799562835115943
0.46799562835115943
0.46799562835115943
0.46799562835115943
0.46799562835115943
0.46799562835115943
0.46799562835115943
0.46799562835115943
0.46799562835115943
0.46799562835115943
0.46799562835115943
0.46799562835115943
0.46799562835115943
0.46799562835115943
0.46799562835115943
0.46799562835115943
0.46799562835115943
0.46799562835115943
0.46799562835115943
0.46799562835115943
0.46799562835115943
0.46799562835115943
0.46799562835115943
0.46799562835115943
0.46799562835115943
0.46799562835115943
0.46799562835115943
0.46799562835115943
0.46799562835115943
0.46799562835115943
0.46799562835115943
0.46799562835115943
0.46799562835115943
0.46799562835115943
0.46799562835115943
0.46799562835115943
0.46799562835115943
0.46799562835115943
0.46799562835115943
0.46799562835115943
0.46799562835115943
0.46799562835115943
0.46799562835115943
0.46799562835115943
0.46799562835115943
0.46799562835115943
0.46799562835115943
0.46799562835115943
0.46799562835115943
0.46799562835115943
0.46799562835115943
0.46799562835115943
0.46799562835115943
0.46799562835115943
0.46799562835115943
0.46799562835115943
0.46799562835115943
0.46799562835115943
0.46799562835115943
0.46799562835115943
0.46799562835115943
0.46799562835115943
0.46799562835115943
0.46799562835115943
0.46799562835115943
0.46799562835115943
0.46799562835115943
0.46799562835115943
0.46799562835115943
0.46799562835115943
0.46799562835115943
0.46799562835115943
0.46799562835115943
0.46799562835115943
0.46799562835115943
0.46799562835115943
0.46799562835115943
0.46799562835115943
0.46799562835115943
0.46799562835115943
0.46799562835115943
0.46799562835115943
0.46799562835115943
0.46799562835115943
0.46799562835115943
0.46799562835115943
0.46799562835115943
0.46799562835115943
0.46799562835115943
0.46799562835115943
0.46799562835115943
0.46799562835115943
0.46799562835115943
0.46799562835115943
0.46799562835115943
0.46799562835115943
0.46799562835115943
0.46799562835115943
0.46799562835115943
0.46799562835115943
0.46799562835115943
0.46799562835115943
0.46799562835115943
0.46799562835115943
0.46799562835115943
0.46799562835115943
0.46799562835115943
0.46799562835115943
0.46799562835115943
0.46799562835115943
0.46799562835115943
0.46799562835115943
0.46799562835115943
0.46799562835115943
0.46799562835115943
0.46799562835115943
0.46799562835115943
0.46799562835115943
0.46799562835115943
0.46799562835115943
0.46799562835115943
0.46799562835115943
0.46799562835115943
0.46799562835115943
0.46799562835115943
0.46799562835115943
0.46799562835115943
0.46799562835115943
0.46799562835115943
0.46799562835115943
0.46799562835115943
0.46799562835115943
0.46799562835115943
0.46799562835115943
0.46799562835115943
0.46799562835115943
0.46799562835115943
0.46799562835115943
0.46799562835115943
0.46799562835115943
0.46799562835115943
0.46799562835115943
0.46799562835115943
0.46799562835115943
0.46799562835115943
0.46799562835115943
0.46799562835115943
0.46799562835115943
0.46799562835115943
0.46799562835115943
0.46799562835115943
0.46799562835115943
0.46799562835115943
0.46799562835115943
0.46799562835115943
0.46799562835115943
0.46799562835115943
0.46799562835115943
0.46799562835115943
0.46799562835115943
0.46799562835115943
0.46799562835115943
0.46799562835115943
0.46799562835115943
0.46799562835115943
0.46799562835115943
0.46799562835115943
0.46799562835115943
0.46799562835115943
0.46799562835115943
0.46799562835115943
0.46799562835115943
0.46799562835115943
0.46799562835115943
0.46799562835115943
0.46799562835115943
0.46799562835115943
0.46799562835115943
0.46799562835115943
0.46799562835115943
0.46799562835115943
0.46799562835115943
0.46799562835115943
0.46799562835115943
0.46799562835115943
0.46799562835115943
0.46799562835115943
0.46799562835115943
0.46799562835115943
0.46799562835115943
0.46799562835115943
0.46799562835115943
0.46799562835115943
0.46799562835115943
0.46799562835115943
0.46799562835115943
0.46799562835115943
0.46799562835115943
0.46799562835115943
0.46799562835115943
0.46799562835115943
0.46799562835115943
0.46799562835115943
0.46799562835115943
0.46799562835115943
0.46799562835115943
0.46799562835115943
0.46799562835115943
0.46799562835115943
0.46799562835115943
0.46799562835115943
0.46799562835115943
0.46799562835115943
0.46799562835115943
0.46799562835115943
0.46799562835115943
0.46799562835115943
0.46799562835115943
0.46799562835115943
0.46799562835115943
0.46799562835115943
0.46799562835115943
0.46799562835115943
0.46799562835115943
0.46799562835115943
0.46799562835115943
0.46799562835115943
0.46799562835115943
0.46799562835115943
0.46799562835115943
0.46799562835115943
0.46799562835115943
0.46799562835115943
0.46799562835115943
0.46799562835115943
0.46799562835115943
0.46799562835115943
0.46799562835115943
0.46799562835115943
0.46799562835115943
0.46799562835115943
0.46799562835115943
0.46799562835115943
0.46799562835115943
0.46799562835115943
0.46799562835115943
0.46799562835115943
0.46799562835115943
0.46799562835115943
0.46799562835115943
0.46799562835115943
0.46799562835115943
0.46799562835115943
0.46799562835115943
0.46799562835115943
0.46799562835115943
0.46799562835115943
0.46799562835115943
0.46799562835115943
0.46799562835115943
0.46799562835115943
0.46799562835115943
0.46799562835115943
0.46799562835115943
0.46799562835115943
0.46799562835115943
0.46799562835115943
0.46799562835115943
0.46799562835115943
0.46799562835115943
0.46799562835115943
0.46799562835115943
0.46799562835115943
0.46799562835115943
0.46799562835115943
0.46799562835115943
0.46799562835115943
0.46799562835115943
0.46799562835115943
0.46799562835115943
0.46799562835115943
0.46799562835115943
0.46799562835115943
0.46799562835115943
0.46799562835115943
0.46799562835115943
0.46799562835115943
0.46799562835115943
0.46799562835115943
0.46799562835115943
0.46799562835115943
0.46799562835115943
0.46799562835115943
0.46799562835115943
0.46799562835115943
0.46799562835115943
0.46799562835115943
0.46799562835115943
0.46799562835115943
0.46799562835115943
0.46799562835115943
0.46799562835115943
0.46799562835115943
0.46799562835115943
0.46799562835115943
0.46799562835115943
0.46799562835115943
0.46799562835115943
0.46799562835115943
0.46799562835115943
0.46799562835115943
0.46799562835115943
0.46799562835115943
0.46799562835115943
0.46799562835115943
0.46799562835115943
0.46799562835115943
0.46799562835115943
0.46799562835115943
0.46799562835115943
0.46799562835115943
0.46799562835115943
0.46799562835115943
0.46799562835115943
0.46799562835115943
0.46799562835115943
0.46799562835115943
0.46799562835115943
0.46799562835115943
0.46799562835115943
0.46799562835115943
0.46799562835115943
0.46799562835115943
0.46799562835115943
0.46799562835115943
0.46799562835115943
0.46799562835115943
0.46799562835115943
0.46799562835115943
0.46799562835115943
0.46799562835115943
0.46799562835115943
0.46799562835115943
0.46799562835115943
0.46799562835115943
0.46799562835115943
0.46799562835115943
0.46799562835115943
0.46799562835115943
0.46799562835115943
0.46799562835115943
0.46799562835115943
0.46799562835115943
0.46799562835115943
0.46799562835115943
0.46799562835115943
0.46799562835115943
0.46799562835115943
0.46799562835115943
0.46799562835115943
0.46799562835115943
0.46799562835115943
0.46799562835115943
0.46799562835115943
0.46799562835115943
0.46799562835115943
0.46799562835115943
0.46799562835115943
0.46799562835115943
0.46799562835115943
0.46799562835115943
0.46799562835115943
0.46799562835115943
0.46799562835115943
0.46799562835115943
0.46799562835115943
0.46799562835115943
0.46799562835115943
0.46799562835115943
0.46799562835115943
0.46799562835115943
0.46799562835115943
0.46799562835115943
0.46799562835115943
0.46799562835115943
0.46799562835115943
0.46799562835115943
0.46799562835115943
0.46799562835115943
0.46799562835115943
0.46799562835115943
0.46799562835115943
0.46799562835115943
0.46799562835115943
0.46799562835115943
0.46799562835115943
0.46799562835115943
0.46799562835115943
0.46799562835115943
0.46799562835115943
0.46799562835115943
0.46799562835115943
0.46799562835115943
0.46799562835115943
0.46799562835115943
0.46799562835115943
0.46799562835115943
0.46799562835115943
0.46799562835115943
0.46799562835115943
0.46799562835115943
0.46799562835115943
0.46799562835115943
0.46799562835115943
0.46799562835115943
0.46799562835115943
0.46799562835115943
0.46799562835115943
0.46799562835115943
0.46799562835115943
0.46799562835115943
0.46799562835115943
0.46799562835115943
0.46799562835115943
0.46799562835115943
0.46799562835115943
0.46799562835115943
0.46799562835115943
0.46799562835115943
0.46799562835115943
0.46799562835115943
0.46799562835115943
0.46799562835115943
0.46799562835115943
0.46799562835115943
0.44659394124700086
0.44659394124700086
0.44659394124700086
0.44659394124700086
0.44659394124700086
0.44659394124700086
0.44659394124700086
0.44659394124700086
0.44659394124700086
0.44659394124700086
0.44659394124700086
0.44659394124700086
0.44659394124700086
0.44659394124700086
0.44659394124700086
0.44659394124700086
0.44659394124700086
0.44659394124700086
0.44659394124700086
0.44659394124700086
0.44659394124700086
0.44659394124700086
0.44659394124700086
0.44659394124700086
0.44659394124700086
0.44659394124700086
0.44659394124700086
0.44659394124700086
0.44659394124700086
0.44659394124700086
0.44659394124700086
0.44659394124700086
0.44659394124700086
0.44659394124700086
0.44659394124700086
0.44659394124700086
0.44659394124700086
0.44659394124700086
0.44659394124700086
0.44659394124700086
0.44659394124700086
0.44659394124700086
0.44659394124700086
0.44659394124700086
0.44659394124700086
0.44659394124700086
0.44659394124700086
0.44659394124700086
0.44659394124700086
0.44659394124700086
0.44659394124700086
0.44659394124700086
0.44659394124700086
0.44659394124700086
0.44659394124700086
0.44659394124700086
0.44659394124700086
0.44659394124700086
0.44659394124700086
0.44659394124700086
0.44659394124700086
0.44659394124700086
0.44659394124700086
0.44659394124700086
0.44659394124700086
0.44659394124700086
0.44659394124700086
0.44659394124700086
0.44659394124700086
0.44659394124700086
0.44659394124700086
0.44659394124700086
0.44659394124700086
0.44659394124700086
0.44659394124700086
0.44659394124700086
0.44659394124700086
0.44659394124700086
0.44659394124700086
0.44659394124700086
0.44659394124700086
0.44659394124700086
0.44659394124700086
0.44659394124700086
0.44659394124700086
0.44659394124700086
0.44659394124700086
0.44659394124700086
0.44659394124700086
0.44659394124700086
0.44659394124700086
0.44659394124700086
0.44659394124700086
0.44659394124700086
0.44659394124700086
0.44659394124700086
0.44659394124700086
0.44659394124700086
0.44659394124700086
0.44659394124700086
0.44659394124700086
0.44659394124700086
0.44659394124700086
0.44659394124700086
0.44659394124700086
0.44659394124700086
0.44659394124700086
0.44659394124700086
0.44659394124700086
0.44659394124700086
0.44659394124700086
0.44659394124700086
0.44659394124700086
0.44659394124700086
0.44659394124700086
0.44659394124700086
0.44659394124700086
0.44659394124700086
0.44659394124700086
0.44659394124700086
0.44659394124700086
0.44659394124700086
0.44659394124700086
0.44659394124700086
0.44659394124700086
0.44659394124700086
0.44659394124700086
0.44659394124700086
0.44659394124700086
0.44659394124700086
0.44659394124700086
0.44659394124700086
0.44659394124700086
0.44659394124700086
0.44659394124700086
0.44659394124700086
0.44659394124700086
0.44659394124700086
0.44659394124700086
0.44659394124700086
0.44659394124700086
0.44659394124700086
0.44659394124700086
0.44659394124700086
0.44659394124700086
0.44659394124700086
0.44659394124700086
0.44659394124700086
0.44659394124700086
0.44659394124700086
0.44659394124700086
0.44659394124700086
0.44659394124700086
0.44659394124700086
0.44659394124700086
0.44659394124700086
0.44659394124700086
0.44659394124700086
0.44659394124700086
0.44659394124700086
0.44659394124700086
0.44659394124700086
0.44659394124700086
0.44659394124700086
0.44659394124700086
0.44659394124700086
0.44659394124700086
0.44659394124700086
0.44659394124700086
0.44659394124700086
0.44659394124700086
0.44659394124700086
0.44659394124700086
0.44659394124700086
0.44659394124700086
0.44659394124700086
0.44659394124700086
0.44659394124700086
0.44659394124700086
0.44659394124700086
0.44659394124700086
0.44659394124700086
0.44659394124700086
0.44659394124700086
0.44659394124700086
0.44659394124700086
0.44659394124700086
0.44659394124700086
0.44659394124700086
0.44659394124700086
0.44659394124700086
0.44659394124700086
0.44659394124700086
0.44659394124700086
0.44659394124700086
0.44659394124700086
0.44659394124700086
0.44659394124700086
0.44659394124700086
0.44659394124700086
0.44659394124700086
0.44659394124700086
0.44659394124700086
0.44659394124700086
0.44659394124700086
0.44659394124700086
0.44659394124700086
0.44659394124700086
0.44659394124700086
0.44659394124700086
0.44659394124700086
0.44659394124700086
0.44659394124700086
0.44659394124700086
0.44659394124700086
0.44659394124700086
0.44659394124700086
0.44659394124700086
0.44659394124700086
0.44659394124700086
0.44659394124700086
0.44659394124700086
0.44659394124700086
0.44659394124700086
0.44659394124700086
0.44659394124700086
0.44659394124700086
0.44659394124700086
0.44659394124700086
0.44659394124700086
0.44659394124700086
0.44659394124700086
0.44659394124700086
0.44659394124700086
0.44659394124700086
0.44659394124700086
0.44659394124700086
0.44659394124700086
0.44659394124700086
0.44659394124700086
0.44659394124700086
0.44659394124700086
0.44659394124700086
0.44659394124700086
0.44659394124700086
0.44659394124700086
0.44659394124700086
0.44659394124700086
0.44659394124700086
0.44659394124700086
0.44659394124700086
0.44659394124700086
0.44659394124700086
0.44659394124700086
0.44659394124700086
0.44659394124700086
0.44659394124700086
0.44659394124700086
0.44659394124700086
0.44659394124700086
0.44659394124700086
0.44659394124700086
0.44659394124700086
0.44659394124700086
0.44659394124700086
0.44659394124700086
0.44659394124700086
0.44659394124700086
0.44659394124700086
0.44659394124700086
0.44659394124700086
0.44659394124700086
0.44659394124700086
0.44659394124700086
0.44659394124700086
0.44659394124700086
0.44659394124700086
0.44659394124700086
0.44659394124700086
0.44659394124700086
0.44659394124700086
0.44659394124700086
0.44659394124700086
0.44659394124700086
0.44659394124700086
0.44659394124700086
0.44659394124700086
0.44659394124700086
0.44659394124700086
0.44659394124700086
0.44659394124700086
0.44659394124700086
0.44659394124700086
0.44659394124700086
0.44659394124700086
0.44659394124700086
0.44659394124700086
0.44659394124700086
0.44659394124700086
0.44659394124700086
0.44659394124700086
0.44659394124700086
0.44659394124700086
0.44659394124700086
0.44659394124700086
0.44659394124700086
0.44659394124700086
0.44659394124700086
0.44659394124700086
0.44659394124700086
0.44659394124700086
0.44659394124700086
0.44659394124700086
0.44659394124700086
0.44659394124700086
0.44659394124700086
0.44659394124700086
0.44659394124700086
0.44659394124700086
0.44659394124700086
0.44659394124700086
0.44659394124700086
0.44659394124700086
0.44659394124700086
0.44659394124700086
0.44659394124700086
0.44659394124700086
0.44659394124700086
0.44659394124700086
0.44659394124700086
0.44659394124700086
0.44659394124700086
0.44659394124700086
0.44659394124700086
0.44659394124700086
0.44659394124700086
0.44659394124700086
0.44659394124700086
0.44659394124700086
0.44659394124700086
0.44659394124700086
0.44659394124700086
0.44659394124700086
0.44659394124700086
0.44659394124700086
0.44659394124700086
0.44659394124700086
0.44659394124700086
0.44659394124700086
0.44659394124700086
0.44659394124700086
0.44659394124700086
0.44659394124700086
0.44659394124700086
0.44659394124700086
0.44659394124700086
0.44659394124700086
0.44659394124700086
0.44659394124700086
0.44659394124700086
0.44659394124700086
0.44659394124700086
0.44659394124700086
0.44659394124700086
0.44659394124700086
0.44659394124700086
0.44659394124700086
0.44659394124700086
0.44659394124700086
0.44659394124700086
0.44659394124700086
0.44659394124700086
0.44659394124700086
0.44659394124700086
0.44659394124700086
0.44659394124700086
0.44659394124700086
0.44659394124700086
0.44659394124700086
0.44659394124700086
0.44659394124700086
0.44659394124700086
0.44659394124700086
0.44659394124700086
0.44659394124700086
0.44659394124700086
0.44659394124700086
0.44659394124700086
0.44659394124700086
0.44659394124700086
0.44659394124700086
0.44659394124700086
0.44659394124700086
0.44659394124700086
0.44659394124700086
0.44659394124700086
0.44659394124700086
0.44659394124700086
0.44659394124700086
0.44659394124700086
0.44659394124700086
0.44659394124700086
0.44659394124700086
0.44659394124700086
0.44659394124700086
0.44659394124700086
0.44659394124700086
0.44659394124700086
0.44659394124700086
0.44659394124700086
0.44659394124700086
0.44659394124700086
0.44659394124700086
0.44659394124700086
0.44659394124700086
0.44659394124700086
0.44659394124700086
0.44659394124700086
0.44659394124700086
0.44659394124700086
0.44659394124700086
0.44659394124700086
0.44659394124700086
0.44659394124700086
0.44659394124700086
0.44659394124700086
0.44659394124700086
0.44659394124700086
0.44659394124700086
0.44659394124700086
0.44659394124700086
0.44659394124700086
0.44659394124700086
0.44659394124700086
0.44659394124700086
0.44659394124700086
0.44659394124700086
0.44659394124700086
0.44659394124700086
0.44659394124700086
0.44659394124700086
0.44659394124700086
0.44659394124700086
0.44659394124700086
0.44659394124700086
0.44659394124700086
0.44659394124700086
0.44659394124700086
0.44659394124700086
0.44659394124700086
0.44659394124700086
0.44659394124700086
0.44659394124700086
0.44659394124700086
0.44659394124700086
0.44659394124700086
0.44659394124700086
0.44659394124700086
0.44659394124700086
0.44659394124700086
0.44659394124700086
0.44659394124700086
0.44659394124700086
0.44659394124700086
0.44659394124700086
0.44659394124700086
0.44659394124700086
0.44659394124700086
0.44659394124700086
0.44659394124700086
0.44659394124700086
0.44659394124700086
0.44659394124700086
0.44659394124700086
0.44659394124700086
0.44659394124700086
0.44659394124700086
0.44659394124700086
0.44659394124700086
0.44659394124700086
0.44659394124700086
0.44659394124700086
0.44659394124700086
0.44659394124700086
0.44659394124700086
0.44659394124700086
0.44659394124700086
0.44659394124700086
0.44659394124700086
0.44659394124700086
0.44659394124700086
0.44659394124700086
0.44659394124700086
0.44659394124700086
0.44659394124700086
0.44659394124700086
0.44659394124700086
0.44659394124700086
0.44659394124700086
0.44659394124700086
0.44659394124700086
0.44659394124700086
0.44659394124700086
0.44659394124700086
0.44659394124700086
0.44659394124700086
0.44659394124700086
0.44659394124700086
0.44659394124700086
0.44659394124700086
0.44659394124700086
0.44659394124700086
0.44659394124700086
0.44659394124700086
0.44659394124700086
0.44659394124700086
0.44659394124700086
0.44659394124700086
0.44659394124700086
0.44659394124700086
0.44659394124700086
0.44659394124700086
0.44659394124700086
0.44659394124700086
0.44659394124700086
0.44659394124700086
0.44659394124700086
0.44659394124700086
0.44659394124700086
0.44659394124700086
0.44659394124700086
0.44659394124700086
0.44659394124700086
0.44659394124700086
0.44659394124700086
0.44659394124700086
0.44659394124700086
0.44659394124700086
0.44659394124700086
0.44659394124700086
0.44659394124700086
0.44659394124700086
0.44659394124700086
0.44659394124700086
0.44659394124700086
0.44659394124700086
0.44659394124700086
0.44659394124700086
0.44659394124700086
0.44659394124700086
0.44659394124700086
0.44659394124700086
0.44659394124700086
0.44659394124700086
0.44659394124700086
0.44659394124700086
0.44659394124700086
0.44659394124700086
0.44659394124700086
0.44659394124700086
0.44659394124700086
0.44659394124700086
0.44659394124700086
0.44659394124700086
0.44659394124700086
0.44659394124700086
0.44659394124700086
0.44659394124700086
0.44659394124700086
0.44659394124700086
0.44659394124700086
0.44659394124700086
0.44659394124700086
0.44659394124700086
0.44659394124700086
0.44659394124700086
0.44659394124700086
0.44659394124700086
0.44659394124700086
0.44659394124700086
0.44659394124700086
0.44659394124700086
0.44659394124700086
0.44659394124700086
0.44659394124700086
0.44659394124700086
0.44659394124700086
0.44659394124700086
0.44659394124700086
0.44659394124700086
0.44659394124700086
0.44659394124700086
0.44659394124700086
0.44659394124700086
0.44659394124700086
0.44659394124700086
0.44659394124700086
0.44659394124700086
0.44659394124700086
0.44659394124700086
0.44659394124700086
0.44659394124700086
0.44659394124700086
0.44659394124700086
0.44659394124700086
0.44659394124700086
0.44659394124700086
0.44659394124700086
0.44659394124700086
0.44659394124700086
0.44659394124700086
0.44659394124700086
0.44659394124700086
0.44659394124700086
0.44659394124700086
0.44659394124700086
0.44659394124700086
0.44659394124700086
0.44659394124700086
0.44659394124700086
0.44659394124700086
0.44659394124700086
0.44659394124700086
0.44659394124700086
0.44659394124700086
0.44659394124700086
0.44659394124700086
0.44659394124700086
0.44659394124700086
0.44659394124700086
0.44659394124700086
0.44659394124700086
0.44659394124700086
0.44659394124700086
0.44659394124700086
0.44659394124700086
0.44659394124700086
0.44659394124700086
0.44659394124700086
0.44659394124700086
0.44659394124700086
0.44659394124700086
0.44659394124700086
0.44659394124700086
0.44659394124700086
0.44659394124700086
0.44659394124700086
0.44659394124700086
0.44659394124700086
0.44659394124700086
0.44659394124700086
0.44659394124700086
0.44659394124700086
0.44659394124700086
0.44659394124700086
0.44659394124700086
0.44659394124700086
0.44659394124700086
0.44659394124700086
0.44659394124700086
0.44659394124700086
0.44659394124700086
0.44659394124700086
0.44659394124700086
0.44659394124700086
0.44659394124700086
0.44659394124700086
0.44659394124700086
0.44659394124700086
0.44659394124700086
0.44659394124700086
0.44659394124700086
0.44659394124700086
0.44659394124700086
0.44659394124700086
0.44659394124700086
0.44659394124700086
0.44659394124700086
0.44659394124700086
0.44659394124700086
0.44659394124700086
0.44659394124700086
0.44659394124700086
0.44659394124700086
0.44659394124700086
0.44659394124700086
0.44659394124700086
0.44659394124700086
0.44659394124700086
0.44659394124700086
0.44659394124700086
0.44659394124700086
0.44659394124700086
0.44659394124700086
0.44659394124700086
0.44659394124700086
0.44659394124700086
0.44659394124700086
0.44659394124700086
0.44659394124700086
0.44659394124700086
0.44659394124700086
0.44659394124700086
0.44659394124700086
0.44659394124700086
0.44659394124700086
0.44659394124700086
0.44659394124700086
0.44659394124700086
0.44659394124700086
0.44659394124700086
0.44659394124700086
0.44659394124700086
0.44659394124700086
0.44659394124700086
0.44659394124700086
0.44659394124700086
0.44659394124700086
0.44659394124700086
0.44659394124700086
0.44659394124700086
0.44659394124700086
0.44659394124700086
0.44659394124700086
0.44659394124700086
0.44659394124700086
0.44659394124700086
0.44659394124700086
0.44659394124700086
0.44659394124700086
0.44659394124700086
0.44659394124700086
0.44659394124700086
0.44659394124700086
0.44659394124700086
0.44659394124700086
0.44659394124700086
0.44659394124700086
0.44659394124700086
0.44659394124700086
0.44659394124700086
0.44659394124700086
0.44659394124700086
0.44659394124700086
0.44659394124700086
0.44659394124700086
0.44659394124700086
0.44659394124700086
0.44659394124700086
0.44659394124700086
0.44659394124700086
0.44659394124700086
0.44659394124700086
0.44659394124700086
0.44659394124700086
0.44659394124700086
0.44659394124700086
0.44659394124700086
0.44659394124700086
0.44659394124700086
0.44659394124700086
0.44659394124700086
0.44659394124700086
0.44659394124700086
0.44659394124700086
0.44659394124700086
0.44659394124700086
0.44659394124700086
0.44659394124700086
0.44659394124700086
0.44659394124700086
0.44659394124700086
0.44659394124700086
0.44659394124700086
0.44659394124700086
0.44659394124700086
0.44659394124700086
0.44659394124700086
0.44659394124700086
0.44659394124700086
0.44659394124700086
