29500.314037839104
29500.314037839104
29424.516244034556
29424.516244034556
29423.987376324454
29423.987376324454
29380.43963782829
29351.188291163795
29351.188291163795
29348.800750648206
29348.800750648206
29348.800750648206
29327.386614213665
29216.15054365626
29216.15054365626
29191.51073550551
29191.51073550551
29191.51073550551
29115.404843566237
29112.553387104836
29112.553387104836
29112.553387104836
28985.40016918928
28857.642110091045
28857.642110091045
28829.844616878476
28715.039544580228
28460.525069303418
28206.969563851184
27951.336838932042
27742.91366796596
27742.91366796596
27478.038229049533
27410.465398095334
27259.16977269206
27259.16977269206
27259.16977269206
27259.16977269206
27113.279848548103
26819.628997536307
26819.628997536307
26783.86903692093
26624.894968082608
26624.894968082608
26495.055376979504
26364.454441531107
26296.67311653319
26296.67311653319
26296.67311653319
26185.490385456524
26115.477219938526
25975.97619680589
25975.97619680589
25766.589143519683
25766.589143519683
25676.686571394246
25676.686571394246
25547.547258725448
25460.581290986895
25307.764777856904
25147.637973376
24935.47972454821
24864.454157380344
24864.454157380344
24810.953809690258
24810.953809690258
24810.953809690258
24560.806327984363
24560.806327984363
24446.558035604685
24446.558035604685
24446.558035604685
24446.558035604685
24326.225213634167
24124.779260864165
24124.779260864165
24123.78136080922
24064.482872513152
24064.482872513152
24064.482872513152
24064.482872513152
24064.482872513152
23962.601020430386
23962.601020430386
23834.46379925965
23834.46379925965
23834.46379925965
23834.46379925965
23834.46379925965
23834.46379925965
23830.78923143449
23637.829543277956
23505.07874766636
23505.07874766636
23364.69628209427
23364.69628209427
23364.69628209427
23246.82616720272
23218.312405635254
23218.312405635254
23124.644224814536
23120.51234856892
22945.09878801335
22945.09878801335
22756.79361889157
22523.231637591285
22523.231637591285
22397.30462830583
22324.007825486573
22270.766392257192
22164.44072760929
22107.296139238326
22107.296139238326
22059.707058907374
22059.707058907374
22046.108310264706
22046.108310264706
22046.108310264706
21805.36414413302
21805.36414413302
21805.36414413302
21805.36414413302
21805.36414413302
21776.827308212927
21705.64814122639
21486.90358319759
21376.421769479202
21376.421769479202
21159.29835393822
21104.113321288838
20766.660727458082
20504.326332776956
20419.29019730961
20419.29019730961
20419.29019730961
20419.29019730961
20343.87899381089
20343.87899381089
20143.629122704748
20133.793533447897
20106.49735565278
20098.66872553644
20021.11694611514
19868.435426887758
19611.407311195995
19611.407311195995
19611.407311195995
19610.71549962063
19514.040287841275
19514.040287841275
19513.928187868038
19411.18606001127
19181.941624015217
19114.240941740478
19024.945747634665
19024.945747634665
19024.945747634665
19024.945747634665
19024.945747634665
18986.74099481317
18986.74099481317
18986.74099481317
18829.45332395569
18715.431240769434
18715.431240769434
18715.431240769434
18715.431240769434
18715.431240769434
18596.90742378552
18350.084267513776
18350.084267513776
18350.084267513776
18350.084267513776
18350.084267513776
18350.084267513776
18350.084267513776
18350.084267513776
18350.084267513776
18350.084267513776
18350.084267513776
18350.084267513776
18350.084267513776
18315.309395866563
18315.309395866563
18315.309395866563
18315.309395866563
17960.214975543735
17960.214975543735
17960.214975543735
17794.139769647332
17746.852420077073
17674.372312500753
17674.372312500753
17674.372312500753
17650.490575492982
17465.430085381166
17218.920178191176
16990.519920488212
16990.519920488212
16978.476986710226
16978.476986710226
16918.912884903766
16918.912884903766
16866.790702866565
16807.304722079203
16726.8733576867
16582.332929917266
16426.378167690244
16426.378167690244
16411.34883874147
16411.34883874147
16202.236136395757
16010.254331691265
16010.254331691265
15976.820135302727
15906.981457696646
15906.981457696646
15778.883890615054
15751.940827004104
15751.940827004104
15722.182961175671
15722.182961175671
15687.513475068983
15516.288456299135
15482.847299885505
15345.06420294678
15321.932210934066
15321.932210934066
15227.847044944267
15227.847044944267
15126.648978054072
14901.652081607772
14829.77409598964
14829.77409598964
14829.77409598964
14829.77409598964
14703.097109590995
14560.779665806214
14501.702919092462
14501.702919092462
14418.87591786799
14418.87591786799
14418.87591786799
14418.87591786799
14363.476603793155
14363.476603793155
14347.17064706317
14347.17064706317
14330.870565135532
14330.870565135532
14330.870565135532
14330.870565135532
14251.327807370342
14184.051603800921
14024.720417418937
14016.223873917825
14016.223873917825
13914.146908103245
13832.242629027598
13657.85339173642
13512.640203032097
13439.493341020487
13391.135141631312
13391.135141631312
13391.135141631312
13391.135141631312
13391.135141631312
13391.135141631312
13363.073765827721
13358.385656151882
13358.385656151882
13183.803425913322
13183.803425913322
12985.050716966221
12908.84247416214
12812.072752231566
12812.072752231566
12812.072752231566
12812.072752231566
12812.072752231566
12766.076539650949
12766.076539650949
12761.94569416254
12736.98365092806
12736.98365092806
12630.803288666293
12475.03480142775
12475.03480142775
12475.03480142775
12250.083186006877
12241.25135954783
12241.25135954783
12132.784960687952
12132.784960687952
12132.784960687952
12132.784960687952
11986.415006260797
11986.415006260797
11877.97637980001
11810.862482719755
11810.862482719755
11810.862482719755
11802.107064318525
11649.64765186642
11493.052026251753
11422.449734525455
11210.460261276618
11210.460261276618
11210.460261276618
11210.460261276618
11210.460261276618
11153.025771365921
10976.601513688758
10976.601513688758
10972.778687400649
10972.778687400649
10972.778687400649
10972.778687400649
10972.778687400649
10778.889380998353
10717.727552126682
10665.936370997293
10469.919185748784
10412.348226835944
10382.961204376323
10382.961204376323
10382.961204376323
10319.134814470564
10295.963400709874
10229.903525393041
10042.671032900995
10042.671032900995
10011.823298973206
10011.823298973206
10011.823298973206
10011.823298973206
10011.823298973206
10011.823298973206
10011.823298973206
10011.823298973206
9955.14887328944
9796.969327123643
9776.471020326146
9776.471020326146
9776.471020326146
9776.471020326146
9776.471020326146
9776.471020326146
9650.43811434696
9605.961886848769
9556.545751254936
9450.526836102435
9390.119937411167
9326.082444134461
9326.082444134461
9326.082444134461
9261.27456597426
9230.041315652401
9074.444190543001
9074.444190543001
8960.287976302348
8921.432014354014
8838.231017095644
8838.231017095644
8818.83476591341
8818.83476591341
8818.83476591341
8818.83476591341
8683.403850840521
8683.403850840521
8683.403850840521
8683.403850840521
8653.165642435648
8653.165642435648
8636.437285963808
8582.07884584605
8582.07884584605
8544.172408497976
8544.172408497976
8509.952240878223
8509.952240878223
8509.952240878223
8379.235476569247
8144.367805150982
8144.367805150982
8127.727540702417
8127.727540702417
8127.727540702417
8096.0395081329825
8096.0395081329825
7902.332969132874
7863.210888898897
7755.625187553655
7736.711317350503
7681.407786977157
7568.1382214450405
7512.140151097691
7512.140151097691
7478.493877851244
7407.75462857337
7407.75462857337
7372.358819387843
7295.391685016252
7161.512392934232
7161.512392934232
7161.512392934232
7048.737027801506
6807.645348169109
6807.645348169109
6796.8373379971645
6762.9720713369925
6762.9720713369925
6762.9720713369925
6733.1841539288625
6585.388032550673
6570.266491120751
6521.214909651997
6521.214909651997
6521.214909651997
6521.214909651997
6521.214909651997
6521.214909651997
6412.793326192378
6412.793326192378
6412.793326192378
6368.3275274043335
6323.5641872857295
6155.493957341216
6074.94995498216
5953.9777455509775
5953.9777455509775
5921.420414197342
5865.136427330305
5727.047250128963
5727.047250128963
5682.870772751319
5650.977158321169
5624.468074832413
5616.037751295906
5616.037751295906
5616.037751295906
5616.037751295906
5573.216174934441
5573.216174934441
5573.216174934441
5573.216174934441
5573.216174934441
5565.047666223379
5565.047666223379
5565.047666223379
5565.047666223379
5565.047666223379
5530.918399865216
5502.541407626996
5438.021838387541
5438.021838387541
5434.920766788767
5327.687851856822
5327.687851856822
5327.687851856822
5327.687851856822
5327.687851856822
5319.303743158543
5265.442562270613
5265.442562270613
5187.800315736784
5157.021183459942
5151.661280254446
5094.78066030096
5030.4420603898425
5030.4420603898425
5030.4420603898425
4975.963598270877
4943.116588156631
4943.116588156631
4859.1500189916305
4859.1500189916305
4853.560289696207
4663.783925618921
4663.783925618921
4620.243851606539
4620.243851606539
4620.243851606539
4563.778659199126
4479.058096582086
4479.058096582086
4461.6664144483175
4461.6664144483175
4400.845135112127
4400.845135112127
4400.845135112127
4400.845135112127
4375.877827922057
4369.5490734801615
4369.5490734801615
4295.134942867657
4267.0701673980875
4141.654337651538
4088.8559056118384
4025.5325194418006
3854.186404511303
3822.655703955399
3699.7927117945496
3699.7927117945496
3699.7927117945496
3699.7927117945496
3652.4891176423625
3652.4891176423625
3590.507391455721
3523.865366643461
3523.865366643461
3523.865366643461
3445.2674638430603
3388.7757002076496
3337.75056148941
3323.9624113917166
3318.3876818602275
3318.3876818602275
3318.3876818602275
3318.3876818602275
3318.3876818602275
3318.3876818602275
3285.943474807157
3256.4501809754593
3256.4501809754593
3256.4501809754593
3256.4501809754593
3256.4501809754593
3232.8739908564494
3232.8739908564494
3176.776624323938
3176.776624323938
3165.309949344959
3154.843562691666
3154.843562691666
3154.843562691666
3117.869292388951
3117.869292388951
3063.112259816562
3063.112259816562
3063.112259816562
2999.432371091771
2999.432371091771
2905.930354719162
2905.930354719162
2905.930354719162
2905.930354719162
2905.930354719162
2842.148847936251
2842.148847936251
2836.223114485778
2836.223114485778
2836.223114485778
2836.223114485778
2836.223114485778
2819.4241416523905
2819.4241416523905
2703.875545231102
2699.959606147223
2699.959606147223
2699.959606147223
2699.707799781229
2672.0313950722266
2623.277160592239
2623.277160592239
2623.277160592239
2578.1285106207297
2504.328246115986
2504.328246115986
2504.328246115986
2461.885709533153
2461.885709533153
2461.885709533153
2461.885709533153
2453.1110143667
2371.081397888319
2277.7840301719907
2250.9909165317663
2250.9909165317663
2250.9909165317663
2219.8011035264567
2219.8011035264567
2219.8011035264567
2165.967080488019
2085.6268565869605
2002.982234691215
2001.7232554652683
1978.7594503758012
1978.7594503758012
1954.8056159656633
1947.772302324503
1932.0315214312004
1901.7032099407156
1862.642887311845
1862.642887311845
1862.642887311845
1862.642887311845
1812.5590742817265
1735.8639547127793
1668.0510926884067
1668.0510926884067
1621.250177286165
1536.7533089629896
1536.7533089629896
1519.7735171498796
1455.0165400004987
1437.51354986686
1428.020992564741
1428.020992564741
1428.020992564741
1428.020992564741
1379.9106914520291
1379.9106914520291
1351.7155480011909
1351.7155480011909
1351.7155480011909
1351.7155480011909
1351.7155480011909
1351.7155480011909
1351.7155480011909
1323.2983971543576
1303.8351278929053
1303.8351278929053
1261.970904713573
1261.970904713573
1261.970904713573
1261.970904713573
1261.970904713573
1261.970904713573
1261.970904713573
1251.8072039806955
1251.8072039806955
1251.8072039806955
1251.8072039806955
1251.8072039806955
1220.8237428393952
1220.8237428393952
1212.0578691159776
1212.0578691159776
1200.6034174939534
1163.9382288456495
1163.9382288456495
1146.4742144086163
1146.4742144086163
1146.4742144086163
1122.8431933123065
1121.247262097865
1121.247262097865
1121.247262097865
1121.247262097865
1110.352226136865
1110.352226136865
1067.7137533870286
1067.7137533870286
1067.7137533870286
1025.3042527338198
1015.8630138359058
1015.8630138359058
1005.272381906935
1002.7902626096845
1002.7902626096845
1002.7902626096845
995.501213361222
951.6586481980867
951.6586481980867
951.6586481980867
924.510011841738
881.4611382041641
870.727615697484
860.357657946103
860.357657946103
860.357657946103
860.357657946103
860.357657946103
860.357657946103
860.357657946103
860.357657946103
843.3370137482085
843.3370137482085
843.3370137482085
836.7079250596439
821.03578063994
773.3223339434
702.0054495781857
695.7399934786845
690.7525408753615
686.3791706802045
686.3791706802045
686.3791706802045
686.3791706802045
682.7900692164022
637.4459688264992
637.4459688264992
637.4459688264992
624.5263525351057
624.5263525351057
588.9839173823796
588.9839173823796
588.9839173823796
558.8510746944913
558.8510746944913
558.8510746944913
536.6817708644343
530.064996739899
530.064996739899
530.064996739899
530.064996739899
518.9185161352934
475.783805052755
442.62394573218376
442.62394573218376
442.62394573218376
442.62394573218376
442.62394573218376
410.62296329689116
389.81812350788437
361.42026351864826
338.08310733413356
337.5169364015823
337.5169364015823
337.5169364015823
336.40050145786813
330.9761743861673
330.9761743861673
330.9761743861673
322.6210457677425
317.42589459340564
291.69059360501683
291.69059360501683
282.1821687192139
282.1821687192139
282.1821687192139
282.1821687192139
266.21958880502956
243.9326618823864
243.9326618823864
243.37579464760853
243.37579464760853
243.37579464760853
243.37579464760853
243.37579464760853
231.6729410991082
229.48716679519674
229.48716679519674
229.48716679519674
216.45102168159283
216.45102168159283
216.45102168159283
208.7588752236691
195.38707191031756
179.40323802124072
179.40323802124072
179.40323802124072
179.40323802124072
177.48057082539924
164.10299293062738
149.69049225681442
149.69049225681442
144.08670206306607
140.35010684998568
140.04335868788758
140.04335868788758
138.7465117057181
129.97001733127001
129.40183923566343
110.60470325510386
104.91215296138147
102.27557413823901
90.11785059358712
85.58373631823234
85.58373631823234
70.9181282924034
58.5430565820231
58.5430565820231
58.5430565820231
55.934185908908354
55.934185908908354
55.934185908908354
40.53701605081055
36.050730750255646
36.050730750255646
36.050730750255646
36.050730750255646
36.050730750255646
36.050730750255646
36.050730750255646
25.832841465064575
23.191779973567535
23.191779973567535
23.191779973567535
23.191779973567535
22.507286648995535
15.644393684261836
14.499595377671932
14.499595377671932
14.499595377671932
14.499595377671932
13.52921822611264
10.95725818676255
9.77998908863435
9.77998908863435
9.77949659880452
9.77949659880452
9.77949659880452
9.77949659880452
9.702655395653222
9.702655395653222
9.702655395653222
9.702655395653222
9.702655395653222
9.702655395653222
9.702655395653222
9.702655395653222
9.101392606471462
9.101392606471462
9.101392606471462
7.777681887279474
7.3566425761072995
7.3566425761072995
7.3566425761072995
7.3566425761072995
7.3566425761072995
7.3566425761072995
7.06928065934988
7.06928065934988
7.06928065934988
4.293565357728133
4.293565357728133
4.293565357728133
4.293565357728133
4.293565357728133
4.293565357728133
4.293565357728133
4.293565357728133
4.293565357728133
4.293565357728133
4.293565357728133
4.293565357728133
3.804057022706421
3.804057022706421
3.804057022706421
3.804057022706421
3.804057022706421
3.804057022706421
3.804057022706421
3.804057022706421
3.804057022706421
3.804057022706421
3.804057022706421
3.804057022706421
3.804057022706421
3.804057022706421
3.804057022706421
3.804057022706421
3.804057022706421
2.831478785740404
2.831478785740404
2.831478785740404
2.831478785740404
2.831478785740404
2.831478785740404
2.831478785740404
2.831478785740404
2.831478785740404
2.831478785740404
2.831478785740404
2.831478785740404
2.831478785740404
2.831478785740404
2.831478785740404
2.831478785740404
2.831478785740404
2.831478785740404
2.831478785740404
2.416488495817087
2.416488495817087
2.416488495817087
2.416488495817087
2.416488495817087
2.416488495817087
2.416488495817087
2.416488495817087
2.416488495817087
2.416488495817087
2.416488495817087
2.416488495817087
2.416488495817087
2.416488495817087
2.416488495817087
2.416488495817087
2.416488495817087
2.416488495817087
2.416488495817087
2.416488495817087
2.416488495817087
2.416488495817087
2.416488495817087
2.416488495817087
2.416488495817087
2.416488495817087
2.416488495817087
2.416488495817087
2.416488495817087
2.416488495817087
2.416488495817087
2.416488495817087
2.416488495817087
2.416488495817087
2.416488495817087
2.416488495817087
2.416488495817087
2.416488495817087
2.416488495817087
2.416488495817087
2.416488495817087
2.416488495817087
2.416488495817087
2.416488495817087
2.416488495817087
2.416488495817087
2.416488495817087
2.416488495817087
2.416488495817087
2.416488495817087
2.416488495817087
2.416488495817087
2.416488495817087
2.416488495817087
1.9911167744815854
1.9911167744815854
1.9911167744815854
1.9911167744815854
1.9911167744815854
1.9911167744815854
1.9911167744815854
1.9911167744815854
1.9911167744815854
1.9911167744815854
1.9911167744815854
1.9911167744815854
1.9911167744815854
1.9911167744815854
1.9911167744815854
1.9911167744815854
1.9911167744815854
1.9911167744815854
1.9911167744815854
1.9911167744815854
1.9911167744815854
1.9911167744815854
1.9911167744815854
1.2367584793301938
1.2367584793301938
1.2367584793301938
1.2367584793301938
1.2367584793301938
1.2367584793301938
1.2367584793301938
1.2367584793301938
1.2367584793301938
1.2367584793301938
1.2367584793301938
1.2367584793301938
1.2367584793301938
1.2367584793301938
1.2367584793301938
1.2367584793301938
1.2367584793301938
1.2367584793301938
1.2367584793301938
1.2367584793301938
1.2367584793301938
1.2367584793301938
1.2367584793301938
1.2367584793301938
1.2367584793301938
1.2367584793301938
1.2367584793301938
1.2367584793301938
1.2367584793301938
1.2367584793301938
1.2367584793301938
1.2367584793301938
1.2367584793301938
1.2367584793301938
1.2367584793301938
1.2367584793301938
1.2367584793301938
1.2367584793301938
1.2367584793301938
1.2367584793301938
1.2367584793301938
1.2367584793301938
1.2367584793301938
1.2367584793301938
1.2367584793301938
1.2367584793301938
1.2367584793301938
1.2367584793301938
1.2367584793301938
1.2367584793301938
1.2367584793301938
1.2367584793301938
1.2367584793301938
1.2367584793301938
1.2367584793301938
1.2367584793301938
1.2367584793301938
1.2367584793301938
1.2367584793301938
1.2367584793301938
1.2367584793301938
1.2367584793301938
1.2367584793301938
1.2367584793301938
1.2367584793301938
1.2367584793301938
1.2367584793301938
1.2367584793301938
1.2367584793301938
1.2367584793301938
1.2367584793301938
1.2367584793301938
1.2367584793301938
1.2367584793301938
1.2367584793301938
1.2367584793301938
1.2367584793301938
1.2367584793301938
1.2367584793301938
1.2367584793301938
1.2367584793301938
1.2367584793301938
1.2367584793301938
1.2367584793301938
1.2367584793301938
1.2367584793301938
1.2367584793301938
1.2367584793301938
1.2367584793301938
1.2367584793301938
1.2367584793301938
1.2367584793301938
1.2367584793301938
1.2367584793301938
1.2367584793301938
1.2367584793301938
1.2367584793301938
1.2367584793301938
1.2367584793301938
1.2367584793301938
1.2367584793301938
1.2367584793301938
1.2367584793301938
1.2367584793301938
1.2367584793301938
1.2367584793301938
1.2367584793301938
1.2367584793301938
1.2367584793301938
1.2367584793301938
1.2367584793301938
1.2367584793301938
1.2367584793301938
1.2367584793301938
1.2367584793301938
1.2367584793301938
1.2367584793301938
1.0485970150719182
1.0485970150719182
1.0485970150719182
1.0485970150719182
1.0485970150719182
1.0485970150719182
1.0485970150719182
1.0485970150719182
1.0485970150719182
1.0485970150719182
1.0485970150719182
1.0485970150719182
1.0485970150719182
1.0485970150719182
1.0485970150719182
1.0485970150719182
1.0485970150719182
1.0485970150719182
1.0485970150719182
1.0485970150719182
1.0485970150719182
1.0485970150719182
1.0485970150719182
1.0485970150719182
1.0485970150719182
1.0485970150719182
1.0485970150719182
1.0485970150719182
1.0485970150719182
1.0485970150719182
1.0485970150719182
1.0485970150719182
1.0485970150719182
1.0485970150719182
1.0485970150719182
1.0485970150719182
0.9777316380708438
0.9777316380708438
0.9777316380708438
0.9777316380708438
0.9777316380708438
0.9777316380708438
0.9777316380708438
0.9777316380708438
0.9777316380708438
0.9777316380708438
0.9777316380708438
0.9777316380708438
0.9777316380708438
0.9777316380708438
0.9777316380708438
0.9777316380708438
0.9777316380708438
0.9777316380708438
0.9777316380708438
0.9777316380708438
0.9777316380708438
0.9777316380708438
0.9777316380708438
0.9777316380708438
0.9777316380708438
0.9777316380708438
0.9777316380708438
0.9777316380708438
0.9777316380708438
0.9777316380708438
0.9777316380708438
0.9777316380708438
0.9777316380708438
0.9777316380708438
0.9777316380708438
0.9777316380708438
0.9777316380708438
0.9777316380708438
0.9777316380708438
0.9777316380708438
0.9777316380708438
0.9777316380708438
0.9777316380708438
0.9777316380708438
0.9777316380708438
0.9777316380708438
0.9777316380708438
0.9777316380708438
0.9777316380708438
0.9777316380708438
0.9777316380708438
0.9777316380708438
0.9777316380708438
0.9777316380708438
0.9777316380708438
0.9777316380708438
0.9777316380708438
0.9777316380708438
0.9777316380708438
0.9777316380708438
0.9777316380708438
0.9777316380708438
0.9777316380708438
0.9777316380708438
0.9777316380708438
0.9777316380708438
0.9777316380708438
0.9777316380708438
0.9777316380708438
0.9777316380708438
0.9777316380708438
0.9777316380708438
0.9777316380708438
0.9777316380708438
0.9777316380708438
0.9777316380708438
0.9777316380708438
0.9777316380708438
0.9777316380708438
0.9777316380708438
0.9777316380708438
0.9777316380708438
0.9777316380708438
0.9777316380708438
0.956095998956588
0.956095998956588
0.956095998956588
0.956095998956588
0.956095998956588
0.956095998956588
0.956095998956588
0.956095998956588
0.956095998956588
0.956095998956588
0.956095998956588
0.956095998956588
0.956095998956588
0.956095998956588
0.956095998956588
0.956095998956588
0.956095998956588
0.956095998956588
0.956095998956588
0.956095998956588
0.956095998956588
0.956095998956588
0.956095998956588
0.956095998956588
0.956095998956588
0.956095998956588
0.956095998956588
0.956095998956588
0.956095998956588
0.956095998956588
0.956095998956588
0.956095998956588
0.956095998956588
0.956095998956588
0.956095998956588
0.956095998956588
0.956095998956588
0.956095998956588
0.956095998956588
0.956095998956588
0.956095998956588
0.956095998956588
0.956095998956588
0.956095998956588
0.956095998956588
0.956095998956588
0.956095998956588
0.956095998956588
0.956095998956588
0.956095998956588
0.956095998956588
0.956095998956588
0.956095998956588
0.956095998956588
0.956095998956588
0.956095998956588
0.956095998956588
0.956095998956588
0.956095998956588
0.956095998956588
0.956095998956588
0.956095998956588
0.956095998956588
0.956095998956588
0.956095998956588
0.956095998956588
0.956095998956588
0.956095998956588
0.956095998956588
0.956095998956588
0.956095998956588
0.956095998956588
0.956095998956588
0.956095998956588
0.956095998956588
0.956095998956588
0.956095998956588
0.956095998956588
0.956095998956588
0.956095998956588
0.956095998956588
0.956095998956588
0.956095998956588
0.956095998956588
0.956095998956588
0.956095998956588
0.956095998956588
0.956095998956588
0.956095998956588
0.956095998956588
0.956095998956588
0.956095998956588
0.956095998956588
0.956095998956588
0.956095998956588
0.956095998956588
0.956095998956588
0.956095998956588
0.956095998956588
0.956095998956588
0.956095998956588
0.956095998956588
0.956095998956588
0.956095998956588
0.956095998956588
0.956095998956588
0.956095998956588
0.956095998956588
0.956095998956588
0.956095998956588
0.956095998956588
0.956095998956588
0.956095998956588
0.956095998956588
0.956095998956588
0.956095998956588
0.956095998956588
0.956095998956588
0.956095998956588
0.956095998956588
0.956095998956588
0.956095998956588
0.956095998956588
0.956095998956588
0.956095998956588
0.956095998956588
0.956095998956588
0.956095998956588
0.956095998956588
0.956095998956588
0.956095998956588
0.956095998956588
0.956095998956588
0.956095998956588
0.956095998956588
0.956095998956588
0.956095998956588
0.956095998956588
0.956095998956588
0.956095998956588
0.956095998956588
0.956095998956588
0.956095998956588
0.956095998956588
0.956095998956588
0.956095998956588
0.956095998956588
0.956095998956588
0.956095998956588
0.956095998956588
0.956095998956588
0.956095998956588
0.956095998956588
0.956095998956588
0.956095998956588
0.956095998956588
0.956095998956588
0.956095998956588
0.956095998956588
0.956095998956588
0.956095998956588
0.956095998956588
0.956095998956588
0.956095998956588
0.956095998956588
0.956095998956588
0.956095998956588
0.956095998956588
0.956095998956588
0.956095998956588
0.956095998956588
0.956095998956588
0.956095998956588
0.956095998956588
0.956095998956588
0.956095998956588
0.956095998956588
0.956095998956588
0.956095998956588
0.956095998956588
0.956095998956588
0.956095998956588
0.956095998956588
0.956095998956588
0.956095998956588
0.956095998956588
0.956095998956588
0.956095998956588
0.956095998956588
0.956095998956588
0.956095998956588
0.956095998956588
0.956095998956588
0.956095998956588
0.956095998956588
0.956095998956588
0.956095998956588
0.956095998956588
0.956095998956588
0.956095998956588
0.956095998956588
0.956095998956588
0.956095998956588
0.956095998956588
0.956095998956588
0.956095998956588
0.956095998956588
0.956095998956588
0.956095998956588
0.956095998956588
0.956095998956588
0.956095998956588
0.956095998956588
0.956095998956588
0.956095998956588
0.956095998956588
0.956095998956588
0.956095998956588
0.956095998956588
0.956095998956588
0.956095998956588
0.956095998956588
0.956095998956588
0.956095998956588
0.956095998956588
0.956095998956588
0.956095998956588
0.956095998956588
0.956095998956588
0.956095998956588
0.956095998956588
0.956095998956588
0.956095998956588
0.956095998956588
0.956095998956588
0.956095998956588
0.956095998956588
0.956095998956588
0.956095998956588
0.956095998956588
0.956095998956588
0.956095998956588
0.956095998956588
0.956095998956588
0.956095998956588
0.956095998956588
0.956095998956588
0.956095998956588
0.956095998956588
0.956095998956588
0.956095998956588
0.956095998956588
0.956095998956588
0.956095998956588
0.956095998956588
0.956095998956588
0.956095998956588
0.956095998956588
0.956095998956588
0.956095998956588
0.956095998956588
0.956095998956588
0.956095998956588
0.956095998956588
0.956095998956588
0.956095998956588
0.956095998956588
0.956095998956588
0.956095998956588
0.956095998956588
0.956095998956588
0.956095998956588
0.956095998956588
0.956095998956588
0.956095998956588
0.956095998956588
0.956095998956588
0.956095998956588
0.956095998956588
0.956095998956588
0.956095998956588
0.956095998956588
0.956095998956588
0.956095998956588
0.956095998956588
0.956095998956588
0.956095998956588
0.956095998956588
0.956095998956588
0.956095998956588
0.956095998956588
0.956095998956588
0.956095998956588
0.956095998956588
0.956095998956588
0.956095998956588
0.956095998956588
0.956095998956588
0.956095998956588
0.956095998956588
0.956095998956588
0.956095998956588
0.956095998956588
0.956095998956588
0.956095998956588
0.956095998956588
0.956095998956588
0.956095998956588
0.956095998956588
0.956095998956588
0.956095998956588
0.956095998956588
0.956095998956588
0.956095998956588
0.956095998956588
0.956095998956588
0.956095998956588
0.956095998956588
0.956095998956588
0.956095998956588
0.956095998956588
0.956095998956588
0.956095998956588
0.956095998956588
0.956095998956588
0.956095998956588
0.956095998956588
0.956095998956588
0.6403431758980815
0.6403431758980815
0.6403431758980815
0.6403431758980815
0.6403431758980815
0.6403431758980815
0.6403431758980815
0.6403431758980815
0.6403431758980815
0.6403431758980815
0.6403431758980815
0.6403431758980815
0.6403431758980815
0.6403431758980815
0.6403431758980815
0.6403431758980815
0.6403431758980815
0.6403431758980815
0.6403431758980815
0.6403431758980815
0.6403431758980815
0.6403431758980815
0.6403431758980815
0.6403431758980815
0.6403431758980815
0.6403431758980815
0.6403431758980815
0.6403431758980815
0.6403431758980815
0.6403431758980815
0.6403431758980815
0.6403431758980815
0.6403431758980815
0.6403431758980815
0.6403431758980815
0.6403431758980815
0.6403431758980815
0.6403431758980815
0.6403431758980815
0.6403431758980815
0.6403431758980815
0.6403431758980815
0.6403431758980815
0.6403431758980815
0.6403431758980815
0.6403431758980815
0.6403431758980815
0.6403431758980815
0.6403431758980815
0.6403431758980815
0.6403431758980815
0.6403431758980815
0.6403431758980815
0.6403431758980815
0.6403431758980815
0.6403431758980815
0.6403431758980815
0.6403431758980815
0.6403431758980815
0.6403431758980815
0.6403431758980815
0.6403431758980815
0.6403431758980815
0.6403431758980815
0.6403431758980815
0.6403431758980815
0.6403431758980815
0.6403431758980815
0.6403431758980815
0.6403431758980815
0.6355076175683855
0.6355076175683855
0.6355076175683855
0.6355076175683855
0.6355076175683855
0.6355076175683855
0.6355076175683855
0.6355076175683855
0.6355076175683855
0.6355076175683855
0.6355076175683855
0.6355076175683855
0.6355076175683855
0.6355076175683855
0.6355076175683855
0.6355076175683855
0.6355076175683855
0.6355076175683855
0.6355076175683855
0.6355076175683855
0.6355076175683855
0.6355076175683855
0.6355076175683855
0.6355076175683855
0.6355076175683855
0.6355076175683855
0.6355076175683855
0.6355076175683855
0.6355076175683855
0.6355076175683855
0.6355076175683855
0.6355076175683855
0.6355076175683855
0.6355076175683855
0.6355076175683855
0.6355076175683855
0.6355076175683855
0.6355076175683855
0.6355076175683855
0.6355076175683855
0.6355076175683855
0.6355076175683855
0.6355076175683855
0.6355076175683855
0.6355076175683855
0.6355076175683855
0.6355076175683855
0.6355076175683855
0.6355076175683855
0.6355076175683855
0.6355076175683855
0.6355076175683855
0.6355076175683855
0.6355076175683855
0.6355076175683855
0.6355076175683855
0.6355076175683855
0.6355076175683855
0.6355076175683855
0.6355076175683855
0.6355076175683855
0.6355076175683855
0.6355076175683855
0.6355076175683855
0.6355076175683855
0.6355076175683855
0.6355076175683855
0.5631087307633774
0.5631087307633774
0.5631087307633774
0.5631087307633774
0.5631087307633774
0.5631087307633774
0.5631087307633774
0.5631087307633774
0.5631087307633774
0.5631087307633774
0.5631087307633774
0.5631087307633774
0.5631087307633774
0.5631087307633774
0.5631087307633774
0.5631087307633774
0.5631087307633774
0.5631087307633774
0.5631087307633774
0.5631087307633774
0.5631087307633774
0.5631087307633774
0.5631087307633774
0.5631087307633774
0.5631087307633774
0.5631087307633774
0.5631087307633774
0.5631087307633774
0.5631087307633774
0.5631087307633774
0.5631087307633774
0.5631087307633774
0.5631087307633774
0.5631087307633774
0.5631087307633774
0.5631087307633774
0.5107207208599592
0.5107207208599592
0.5107207208599592
0.5107207208599592
0.5107207208599592
0.5107207208599592
0.5107207208599592
0.5107207208599592
0.5107207208599592
0.5107207208599592
0.5107207208599592
0.5107207208599592
0.5107207208599592
0.5107207208599592
0.5107207208599592
0.5107207208599592
0.5107207208599592
0.5107207208599592
0.5107207208599592
0.5107207208599592
0.5107207208599592
0.5107207208599592
0.5107207208599592
0.5107207208599592
0.5107207208599592
0.5107207208599592
0.5107207208599592
0.5107207208599592
0.5107207208599592
0.5107207208599592
0.5107207208599592
0.5107207208599592
0.5107207208599592
0.5107207208599592
0.5107207208599592
0.5107207208599592
0.5107207208599592
0.5107207208599592
0.5107207208599592
0.5107207208599592
0.5107207208599592
0.5107207208599592
0.5107207208599592
0.5107207208599592
0.5107207208599592
0.5107207208599592
0.5107207208599592
0.5107207208599592
0.5107207208599592
0.5107207208599592
0.5107207208599592
0.5107207208599592
0.5107207208599592
0.5107207208599592
0.5107207208599592
0.5107207208599592
0.5107207208599592
0.5107207208599592
0.5107207208599592
0.5107207208599592
0.5107207208599592
0.5107207208599592
0.5107207208599592
0.5107207208599592
0.5107207208599592
0.5107207208599592
0.5107207208599592
0.5107207208599592
0.5107207208599592
0.5107207208599592
0.5107207208599592
0.5107207208599592
0.5107207208599592
0.5107207208599592
0.5107207208599592
0.5107207208599592
0.5107207208599592
0.5107207208599592
0.5107207208599592
0.5107207208599592
0.5107207208599592
0.5107207208599592
0.5107207208599592
0.5107207208599592
0.5107207208599592
0.5107207208599592
0.5107207208599592
0.5107207208599592
0.5107207208599592
0.5107207208599592
0.5107207208599592
0.5107207208599592
0.5107207208599592
0.5107207208599592
0.5107207208599592
0.5107207208599592
0.5107207208599592
0.5107207208599592
0.5107207208599592
0.5107207208599592
0.5107207208599592
0.5107207208599592
0.5107207208599592
0.5107207208599592
0.5107207208599592
0.5107207208599592
0.5107207208599592
0.5107207208599592
0.5107207208599592
0.5107207208599592
0.5107207208599592
0.5107207208599592
0.5107207208599592
0.5107207208599592
0.5107207208599592
0.5107207208599592
0.5107207208599592
0.5107207208599592
0.5107207208599592
0.5107207208599592
0.5107207208599592
0.5107207208599592
0.5107207208599592
0.5107207208599592
0.5107207208599592
0.5107207208599592
0.5107207208599592
0.5107207208599592
0.5107207208599592
0.5107207208599592
0.5107207208599592
0.5107207208599592
0.5107207208599592
0.5107207208599592
0.5107207208599592
0.5107207208599592
0.5107207208599592
0.5107207208599592
0.5107207208599592
0.5107207208599592
0.5107207208599592
0.5107207208599592
0.5107207208599592
0.5107207208599592
0.5107207208599592
0.5107207208599592
0.5107207208599592
0.5107207208599592
0.5107207208599592
0.5107207208599592
0.5107207208599592
0.5107207208599592
0.5107207208599592
0.5107207208599592
0.5107207208599592
0.5107207208599592
0.5107207208599592
0.5107207208599592
0.5107207208599592
0.5107207208599592
0.5107207208599592
0.5107207208599592
0.5107207208599592
0.5107207208599592
0.5107207208599592
0.5107207208599592
0.5107207208599592
0.5107207208599592
0.5107207208599592
0.5107207208599592
0.5107207208599592
0.5107207208599592
0.5107207208599592
0.5107207208599592
0.5107207208599592
0.5107207208599592
0.5107207208599592
0.5107207208599592
0.5107207208599592
0.5107207208599592
0.5107207208599592
0.5107207208599592
0.5107207208599592
0.5107207208599592
0.5107207208599592
0.5107207208599592
0.5107207208599592
0.5107207208599592
0.5107207208599592
0.5107207208599592
0.5107207208599592
0.5107207208599592
0.5107207208599592
0.5107207208599592
0.5107207208599592
0.5107207208599592
0.5107207208599592
0.5107207208599592
0.5107207208599592
0.5107207208599592
0.5107207208599592
0.5107207208599592
0.5107207208599592
0.5107207208599592
0.5107207208599592
0.5107207208599592
0.5107207208599592
0.5107207208599592
0.5107207208599592
0.5107207208599592
0.5107207208599592
0.5107207208599592
0.5107207208599592
0.5107207208599592
0.5107207208599592
0.5107207208599592
0.5107207208599592
0.5107207208599592
0.5107207208599592
0.5107207208599592
0.5107207208599592
0.5107207208599592
0.5107207208599592
0.5107207208599592
0.5107207208599592
0.5107207208599592
0.5107207208599592
0.5107207208599592
0.5107207208599592
0.5107207208599592
0.5107207208599592
0.5107207208599592
0.5107207208599592
0.5107207208599592
0.5107207208599592
0.5107207208599592
0.5107207208599592
0.5107207208599592
0.5107207208599592
0.5107207208599592
0.5107207208599592
0.5107207208599592
0.5107207208599592
0.5107207208599592
0.5107207208599592
0.5107207208599592
0.5107207208599592
0.4778314914894036
0.4778314914894036
0.4778314914894036
0.4778314914894036
0.4778314914894036
0.4778314914894036
0.4778314914894036
0.4778314914894036
0.4778314914894036
0.4778314914894036
0.4778314914894036
0.4778314914894036
0.4778314914894036
0.4778314914894036
0.4778314914894036
0.4778314914894036
0.4778314914894036
0.4778314914894036
0.4778314914894036
0.4778314914894036
0.4778314914894036
0.4778314914894036
0.4778314914894036
0.4778314914894036
0.4778314914894036
0.4778314914894036
0.4778314914894036
0.4778314914894036
0.4778314914894036
0.4778314914894036
0.4778314914894036
0.4778314914894036
0.4778314914894036
0.4778314914894036
0.4778314914894036
0.4778314914894036
0.4778314914894036
0.4778314914894036
0.4778314914894036
0.4778314914894036
0.4778314914894036
0.4778314914894036
0.4778314914894036
0.4778314914894036
0.4778314914894036
0.4778314914894036
0.4778314914894036
0.4778314914894036
0.4778314914894036
0.4778314914894036
0.4778314914894036
0.4778314914894036
0.4778314914894036
0.4778314914894036
0.4778314914894036
0.4778314914894036
0.4778314914894036
0.4778314914894036
0.4778314914894036
0.4778314914894036
0.4778314914894036
0.4778314914894036
0.4778314914894036
0.4778314914894036
0.4778314914894036
0.4778314914894036
0.4778314914894036
0.4778314914894036
0.4778314914894036
0.4778314914894036
0.4778314914894036
0.4778314914894036
0.4778314914894036
0.4778314914894036
0.4778314914894036
0.4778314914894036
0.4778314914894036
0.4778314914894036
0.4778314914894036
0.4778314914894036
0.4778314914894036
0.4778314914894036
0.4778314914894036
0.4778314914894036
0.4778314914894036
0.4778314914894036
0.4778314914894036
0.4778314914894036
0.4778314914894036
0.4778314914894036
0.4778314914894036
0.4778314914894036
0.4778314914894036
0.4778314914894036
0.4778314914894036
0.4778314914894036
0.4778314914894036
0.4778314914894036
0.4778314914894036
0.4778314914894036
0.4778314914894036
0.4778314914894036
0.4778314914894036
0.4778314914894036
0.4778314914894036
0.4778314914894036
0.4778314914894036
0.4778314914894036
0.4778314914894036
0.4778314914894036
0.4778314914894036
0.4778314914894036
0.4778314914894036
0.4778314914894036
0.4778314914894036
0.4778314914894036
0.4778314914894036
0.4778314914894036
0.4778314914894036
0.4778314914894036
0.4778314914894036
0.4778314914894036
0.4778314914894036
0.4778314914894036
0.4778314914894036
0.4778314914894036
0.4778314914894036
0.4778314914894036
0.4778314914894036
0.4778314914894036
0.4778314914894036
0.4778314914894036
0.4778314914894036
0.4778314914894036
0.4778314914894036
0.4778314914894036
0.4778314914894036
0.4778314914894036
0.4778314914894036
0.4778314914894036
0.4778314914894036
0.4778314914894036
0.4778314914894036
0.4778314914894036
0.4778314914894036
0.4778314914894036
0.4778314914894036
0.4778314914894036
0.4778314914894036
0.4778314914894036
0.4778314914894036
0.4778314914894036
0.4778314914894036
0.4778314914894036
0.4778314914894036
0.4778314914894036
0.4778314914894036
0.4778314914894036
0.4778314914894036
0.4778314914894036
0.4778314914894036
0.4778314914894036
0.4778314914894036
0.4778314914894036
0.4778314914894036
0.4778314914894036
0.4778314914894036
0.4778314914894036
0.4778314914894036
0.4778314914894036
0.4778314914894036
0.4778314914894036
0.4778314914894036
0.4778314914894036
0.4778314914894036
0.4778314914894036
0.4778314914894036
0.4778314914894036
0.4778314914894036
0.4778314914894036
0.4778314914894036
0.4778314914894036
0.4778314914894036
0.4778314914894036
0.4778314914894036
0.4778314914894036
0.4778314914894036
0.4778314914894036
0.4778314914894036
0.4778314914894036
0.4778314914894036
0.4778314914894036
0.4778314914894036
0.4778314914894036
0.4778314914894036
0.4778314914894036
0.4778314914894036
0.4778314914894036
0.4778314914894036
0.4778314914894036
0.4778314914894036
0.4778314914894036
0.4778314914894036
0.4778314914894036
0.4778314914894036
0.4778314914894036
0.4778314914894036
0.4778314914894036
0.4778314914894036
0.4778314914894036
0.4778314914894036
0.4778314914894036
0.4778314914894036
0.4778314914894036
0.4778314914894036
0.4778314914894036
0.4778314914894036
0.4778314914894036
0.4778314914894036
0.4778314914894036
0.4778314914894036
0.4778314914894036
0.4778314914894036
0.4778314914894036
0.4778314914894036
0.4778314914894036
0.4778314914894036
0.4778314914894036
0.4778314914894036
0.4778314914894036
0.4778314914894036
0.4778314914894036
0.4778314914894036
0.4778314914894036
0.4778314914894036
0.4778314914894036
0.4778314914894036
0.4778314914894036
0.4778314914894036
0.4778314914894036
0.4778314914894036
0.4778314914894036
0.4778314914894036
0.4778314914894036
0.4778314914894036
0.4778314914894036
0.4335605200008882
0.4335605200008882
0.4335605200008882
0.4335605200008882
0.4335605200008882
0.4335605200008882
0.4335605200008882
0.4335605200008882
0.4335605200008882
0.4335605200008882
0.4335605200008882
0.4335605200008882
0.4335605200008882
0.4335605200008882
0.4335605200008882
0.4335605200008882
0.4335605200008882
0.4335605200008882
0.4335605200008882
0.4335605200008882
0.4335605200008882
0.4335605200008882
0.4335605200008882
0.4335605200008882
0.4335605200008882
0.4335605200008882
0.4335605200008882
0.4335605200008882
0.4335605200008882
0.4335605200008882
0.4335605200008882
0.4335605200008882
0.4335605200008882
0.4335605200008882
0.4335605200008882
0.4335605200008882
0.4335605200008882
0.4335605200008882
0.4335605200008882
0.4335605200008882
0.4335605200008882
0.4335605200008882
0.4335605200008882
0.4335605200008882
0.4335605200008882
0.4335605200008882
0.4335605200008882
0.4335605200008882
0.4335605200008882
0.4335605200008882
0.4335605200008882
0.4335605200008882
0.4335605200008882
0.4335605200008882
0.4335605200008882
0.4335605200008882
0.4335605200008882
0.4335605200008882
0.4335605200008882
0.4335605200008882
0.4335605200008882
0.4335605200008882
0.4335605200008882
0.4335605200008882
0.4335605200008882
0.4335605200008882
0.4335605200008882
0.4335605200008882
0.4335605200008882
0.4335605200008882
0.4335605200008882
0.4335605200008882
0.4335605200008882
0.4335605200008882
0.4335605200008882
0.4335605200008882
0.4335605200008882
0.4335605200008882
0.4335605200008882
0.4335605200008882
0.413564400431783
0.413564400431783
0.413564400431783
0.413564400431783
0.413564400431783
0.413564400431783
0.413564400431783
0.413564400431783
0.413564400431783
0.413564400431783
0.413564400431783
0.413564400431783
0.413564400431783
0.413564400431783
0.413564400431783
0.413564400431783
0.413564400431783
0.413564400431783
0.413564400431783
0.413564400431783
0.413564400431783
0.413564400431783
0.413564400431783
0.413564400431783
0.413564400431783
0.413564400431783
0.413564400431783
0.413564400431783
0.413564400431783
0.413564400431783
0.413564400431783
0.413564400431783
0.413564400431783
0.413564400431783
0.413564400431783
0.413564400431783
0.413564400431783
0.413564400431783
0.413564400431783
0.413564400431783
0.413564400431783
0.413564400431783
0.413564400431783
0.413564400431783
0.413564400431783
0.413564400431783
0.413564400431783
0.413564400431783
0.413564400431783
0.413564400431783
0.413564400431783
0.413564400431783
0.413564400431783
0.413564400431783
0.413564400431783
0.413564400431783
0.413564400431783
0.413564400431783
0.413564400431783
0.413564400431783
0.413564400431783
0.413564400431783
0.413564400431783
0.413564400431783
0.413564400431783
0.413564400431783
0.413564400431783
0.413564400431783
0.413564400431783
0.413564400431783
0.413564400431783
0.413564400431783
0.413564400431783
0.413564400431783
0.413564400431783
0.413564400431783
0.413564400431783
0.413564400431783
0.413564400431783
0.413564400431783
0.413564400431783
0.413564400431783
0.413564400431783
0.413564400431783
0.413564400431783
0.413564400431783
0.413564400431783
0.413564400431783
0.413564400431783
0.413564400431783
0.413564400431783
0.413564400431783
0.413564400431783
0.413564400431783
0.413564400431783
0.413564400431783
0.413564400431783
0.413564400431783
0.413564400431783
0.413564400431783
0.413564400431783
0.413564400431783
0.413564400431783
0.413564400431783
0.413564400431783
0.413564400431783
0.413564400431783
0.413564400431783
0.413564400431783
0.413564400431783
0.413564400431783
0.413564400431783
0.413564400431783
0.413564400431783
0.413564400431783
0.413564400431783
0.413564400431783
0.413564400431783
0.413564400431783
0.413564400431783
0.413564400431783
0.413564400431783
0.413564400431783
0.413564400431783
0.413564400431783
0.413564400431783
0.413564400431783
0.413564400431783
0.413564400431783
0.413564400431783
0.413564400431783
0.413564400431783
0.413564400431783
0.413564400431783
0.413564400431783
0.413564400431783
0.413564400431783
0.413564400431783
0.413564400431783
0.413564400431783
0.413564400431783
0.413564400431783
0.413564400431783
0.413564400431783
0.413564400431783
0.413564400431783
0.413564400431783
0.413564400431783
0.413564400431783
0.413564400431783
0.413564400431783
0.413564400431783
0.413564400431783
0.413564400431783
0.413564400431783
0.413564400431783
0.413564400431783
0.413564400431783
0.413564400431783
0.413564400431783
0.413564400431783
0.413564400431783
0.413564400431783
0.413564400431783
0.413564400431783
0.413564400431783
0.413564400431783
0.413564400431783
0.413564400431783
0.413564400431783
0.413564400431783
0.413564400431783
0.413564400431783
0.413564400431783
0.413564400431783
0.413564400431783
0.413564400431783
0.413564400431783
0.413564400431783
0.413564400431783
0.413564400431783
0.413564400431783
0.413564400431783
0.413564400431783
0.413564400431783
0.413564400431783
0.413564400431783
0.413564400431783
0.413564400431783
0.413564400431783
0.413564400431783
0.413564400431783
0.413564400431783
0.413564400431783
0.413564400431783
0.413564400431783
0.413564400431783
0.413564400431783
0.413564400431783
0.413564400431783
0.413564400431783
0.413564400431783
0.413564400431783
0.413564400431783
0.413564400431783
0.413564400431783
0.413564400431783
0.413564400431783
0.413564400431783
0.413564400431783
0.413564400431783
0.413564400431783
0.413564400431783
0.413564400431783
0.413564400431783
0.413564400431783
0.413564400431783
0.413564400431783
0.413564400431783
0.413564400431783
0.413564400431783
0.413564400431783
0.413564400431783
0.413564400431783
0.413564400431783
0.413564400431783
0.413564400431783
0.413564400431783
0.413564400431783
0.413564400431783
0.413564400431783
0.413564400431783
0.413564400431783
0.413564400431783
0.413564400431783
0.413564400431783
0.413564400431783
0.413564400431783
0.413564400431783
0.413564400431783
0.413564400431783
0.413564400431783
0.413564400431783
0.413564400431783
0.413564400431783
0.413564400431783
0.413564400431783
0.413564400431783
0.413564400431783
0.413564400431783
0.413564400431783
0.413564400431783
0.413564400431783
0.413564400431783
0.413564400431783
0.413564400431783
0.413564400431783
0.413564400431783
0.413564400431783
0.413564400431783
0.413564400431783
0.413564400431783
0.413564400431783
0.413564400431783
0.413564400431783
0.413564400431783
0.413564400431783
0.413564400431783
0.413564400431783
0.413564400431783
0.413564400431783
0.413564400431783
0.413564400431783
0.413564400431783
0.413564400431783
0.413564400431783
0.413564400431783
0.413564400431783
0.413564400431783
0.413564400431783
0.413564400431783
0.413564400431783
0.413564400431783
0.413564400431783
0.413564400431783
0.413564400431783
0.413564400431783
0.413564400431783
0.413564400431783
0.413564400431783
0.413564400431783
0.413564400431783
0.413564400431783
0.413564400431783
0.413564400431783
0.413564400431783
0.413564400431783
0.413564400431783
0.413564400431783
0.413564400431783
0.413564400431783
0.413564400431783
0.413564400431783
0.413564400431783
0.413564400431783
0.413564400431783
0.413564400431783
0.413564400431783
0.413564400431783
0.413564400431783
0.413564400431783
0.413564400431783
0.413564400431783
0.413564400431783
0.413564400431783
0.413564400431783
0.413564400431783
0.413564400431783
0.413564400431783
0.413564400431783
0.413564400431783
0.413564400431783
0.413564400431783
0.413564400431783
0.413564400431783
0.413564400431783
0.413564400431783
0.413564400431783
0.413564400431783
0.413564400431783
0.413564400431783
0.413564400431783
0.413564400431783
0.413564400431783
0.413564400431783
0.413564400431783
0.413564400431783
0.413564400431783
0.413564400431783
0.413564400431783
0.413564400431783
0.413564400431783
0.413564400431783
0.413564400431783
0.413564400431783
0.413564400431783
0.413564400431783
0.413564400431783
0.413564400431783
0.413564400431783
0.413564400431783
0.413564400431783
0.413564400431783
0.413564400431783
0.413564400431783
0.413564400431783
0.413564400431783
0.413564400431783
0.413564400431783
0.413564400431783
0.413564400431783
0.413564400431783
0.413564400431783
0.413564400431783
0.413564400431783
0.413564400431783
0.413564400431783
0.413564400431783
0.413564400431783
0.413564400431783
0.413564400431783
0.413564400431783
0.413564400431783
0.413564400431783
0.413564400431783
0.413564400431783
0.413564400431783
0.413564400431783
0.413564400431783
0.413564400431783
0.413564400431783
0.413564400431783
0.413564400431783
0.413564400431783
0.413564400431783
0.413564400431783
0.413564400431783
0.413564400431783
0.413564400431783
0.413564400431783
0.413564400431783
0.413564400431783
0.413564400431783
0.413564400431783
0.413564400431783
0.413564400431783
0.413564400431783
0.413564400431783
0.413564400431783
0.413564400431783
0.413564400431783
0.413564400431783
0.413564400431783
0.413564400431783
0.413564400431783
0.413564400431783
0.413564400431783
0.413564400431783
0.413564400431783
0.413564400431783
0.413564400431783
0.413564400431783
0.413564400431783
0.413564400431783
0.413564400431783
0.413564400431783
0.413564400431783
0.413564400431783
0.413564400431783
0.413564400431783
0.413564400431783
0.413564400431783
0.413564400431783
0.413564400431783
0.413564400431783
0.413564400431783
0.413564400431783
0.413564400431783
0.413564400431783
0.413564400431783
0.413564400431783
0.413564400431783
0.413564400431783
0.413564400431783
0.413564400431783
0.413564400431783
0.413564400431783
0.413564400431783
0.413564400431783
0.413564400431783
0.413564400431783
0.413564400431783
0.413564400431783
0.413564400431783
0.413564400431783
0.413564400431783
0.413564400431783
0.413564400431783
0.413564400431783
0.413564400431783
0.413564400431783
0.413564400431783
0.413564400431783
0.413564400431783
0.413564400431783
0.413564400431783
0.413564400431783
0.413564400431783
0.413564400431783
0.413564400431783
0.413564400431783
0.413564400431783
0.413564400431783
0.413564400431783
0.413564400431783
0.413564400431783
0.413564400431783
0.413564400431783
0.413564400431783
0.413564400431783
0.413564400431783
0.413564400431783
0.413564400431783
0.413564400431783
0.413564400431783
0.413564400431783
0.413564400431783
0.413564400431783
0.413564400431783
0.413564400431783
0.413564400431783
0.413564400431783
0.413564400431783
0.413564400431783
0.413564400431783
0.413564400431783
0.413564400431783
0.413564400431783
0.413564400431783
0.413564400431783
0.413564400431783
0.413564400431783
0.413564400431783
0.413564400431783
0.413564400431783
0.413564400431783
0.413564400431783
0.413564400431783
0.413564400431783
0.413564400431783
0.413564400431783
0.413564400431783
0.413564400431783
0.413564400431783
0.413564400431783
0.413564400431783
0.413564400431783
0.413564400431783
0.413564400431783
0.413564400431783
0.413564400431783
0.413564400431783
0.413564400431783
0.413564400431783
0.413564400431783
0.413564400431783
0.413564400431783
0.413564400431783
0.413564400431783
0.413564400431783
0.413564400431783
0.413564400431783
0.413564400431783
0.413564400431783
0.413564400431783
0.413564400431783
0.413564400431783
0.413564400431783
0.413564400431783
0.413564400431783
0.413564400431783
0.413564400431783
0.413564400431783
0.413564400431783
0.413564400431783
0.413564400431783
0.413564400431783
0.413564400431783
0.413564400431783
0.413564400431783
0.413564400431783
0.413564400431783
0.413564400431783
0.413564400431783
0.413564400431783
0.413564400431783
0.413564400431783
0.413564400431783
0.413564400431783
0.413564400431783
0.413564400431783
0.413564400431783
0.413564400431783
0.413564400431783
0.413564400431783
0.413564400431783
0.413564400431783
0.413564400431783
0.413564400431783
0.413564400431783
0.413564400431783
0.413564400431783
0.413564400431783
0.413564400431783
0.413564400431783
0.413564400431783
0.413564400431783
0.413564400431783
0.413564400431783
0.413564400431783
0.413564400431783
0.413564400431783
0.413564400431783
0.413564400431783
0.413564400431783
0.413564400431783
0.413564400431783
0.413564400431783
0.413564400431783
0.413564400431783
0.413564400431783
0.413564400431783
0.413564400431783
0.413564400431783
0.413564400431783
0.413564400431783
0.413564400431783
0.413564400431783
0.413564400431783
0.413564400431783
0.413564400431783
0.413564400431783
0.413564400431783
0.413564400431783
0.413564400431783
0.413564400431783
0.413564400431783
0.413564400431783
0.413564400431783
0.413564400431783
0.413564400431783
0.413564400431783
0.413564400431783
0.413564400431783
0.413564400431783
0.413564400431783
0.413564400431783
0.413564400431783
0.413564400431783
0.413564400431783
0.413564400431783
0.413564400431783
0.413564400431783
0.413564400431783
0.413564400431783
0.413564400431783
0.413564400431783
0.413564400431783
0.413564400431783
0.413564400431783
0.413564400431783
0.413564400431783
0.413564400431783
0.413564400431783
0.413564400431783
0.413564400431783
0.413564400431783
0.413564400431783
0.413564400431783
0.413564400431783
0.413564400431783
0.413564400431783
0.413564400431783
0.413564400431783
0.413564400431783
0.413564400431783
0.413564400431783
0.413564400431783
0.413564400431783
0.413564400431783
0.413564400431783
0.413564400431783
0.413564400431783
0.413564400431783
0.413564400431783
0.413564400431783
0.413564400431783
0.413564400431783
0.413564400431783
0.413564400431783
0.413564400431783
0.413564400431783
0.413564400431783
0.413564400431783
0.413564400431783
0.413564400431783
0.413564400431783
0.413564400431783
0.413564400431783
0.413564400431783
0.413564400431783
0.413564400431783
0.413564400431783
0.413564400431783
0.413564400431783
0.413564400431783
0.413564400431783
0.413564400431783
0.413564400431783
0.413564400431783
0.413564400431783
0.413564400431783
0.413564400431783
0.413564400431783
0.413564400431783
0.413564400431783
0.413564400431783
0.413564400431783
0.413564400431783
0.413564400431783
0.413564400431783
0.413564400431783
0.413564400431783
0.413564400431783
0.413564400431783
0.413564400431783
0.413564400431783
0.413564400431783
0.413564400431783
0.413564400431783
0.413564400431783
0.413564400431783
0.413564400431783
0.413564400431783
0.413564400431783
0.413564400431783
0.413564400431783
0.413564400431783
0.413564400431783
0.413564400431783
0.413564400431783
0.413564400431783
0.413564400431783
0.413564400431783
0.413564400431783
0.413564400431783
0.413564400431783
0.413564400431783
0.413564400431783
0.413564400431783
0.413564400431783
0.413564400431783
0.413564400431783
0.413564400431783
0.413564400431783
0.413564400431783
0.413564400431783
0.413564400431783
0.413564400431783
0.413564400431783
0.413564400431783
0.413564400431783
0.413564400431783
0.413564400431783
0.413564400431783
0.413564400431783
0.413564400431783
0.413564400431783
0.413564400431783
0.413564400431783
0.413564400431783
0.413564400431783
0.413564400431783
0.413564400431783
0.413564400431783
0.413564400431783
0.413564400431783
0.413564400431783
0.413564400431783
0.413564400431783
0.413564400431783
0.413564400431783
0.413564400431783
0.413564400431783
0.413564400431783
0.413564400431783
0.413564400431783
0.413564400431783
0.413564400431783
0.413564400431783
0.413564400431783
0.413564400431783
0.413564400431783
0.413564400431783
0.413564400431783
0.413564400431783
0.413564400431783
0.413564400431783
0.413564400431783
0.413564400431783
0.413564400431783
0.413564400431783
0.413564400431783
0.413564400431783
0.413564400431783
0.413564400431783
0.413564400431783
0.413564400431783
0.413564400431783
0.413564400431783
0.413564400431783
0.413564400431783
0.413564400431783
0.413564400431783
0.413564400431783
0.413564400431783
0.413564400431783
0.413564400431783
0.413564400431783
0.413564400431783
0.413564400431783
0.413564400431783
0.413564400431783
0.413564400431783
0.413564400431783
0.413564400431783
0.413564400431783
0.413564400431783
0.413564400431783
0.413564400431783
0.413564400431783
0.413564400431783
0.413564400431783
0.413564400431783
0.413564400431783
0.413564400431783
0.413564400431783
0.413564400431783
0.413564400431783
0.413564400431783
0.413564400431783
0.413564400431783
0.413564400431783
0.413564400431783
0.413564400431783
0.413564400431783
0.413564400431783
0.413564400431783
0.413564400431783
0.413564400431783
0.413564400431783
0.413564400431783
0.413564400431783
0.413564400431783
0.413564400431783
0.413564400431783
0.413564400431783
0.413564400431783
0.413564400431783
0.413564400431783
0.413564400431783
0.413564400431783
0.413564400431783
0.413564400431783
0.413564400431783
0.413564400431783
0.413564400431783
0.413564400431783
0.413564400431783
0.413564400431783
0.413564400431783
0.413564400431783
0.413564400431783
0.413564400431783
0.413564400431783
0.413564400431783
0.413564400431783
0.413564400431783
0.413564400431783
0.413564400431783
0.413564400431783
0.413564400431783
0.413564400431783
0.413564400431783
0.413564400431783
0.413564400431783
0.413564400431783
0.413564400431783
0.413564400431783
0.413564400431783
0.413564400431783
0.413564400431783
0.413564400431783
0.413564400431783
0.413564400431783
0.413564400431783
0.413564400431783
0.413564400431783
0.413564400431783
0.413564400431783
0.413564400431783
0.413564400431783
0.413564400431783
0.413564400431783
0.413564400431783
0.413564400431783
0.413564400431783
0.413564400431783
0.413564400431783
0.413564400431783
0.413564400431783
0.413564400431783
0.413564400431783
0.413564400431783
0.413564400431783
0.413564400431783
0.413564400431783
0.413564400431783
0.413564400431783
0.413564400431783
0.413564400431783
0.413564400431783
0.413564400431783
0.413564400431783
0.413564400431783
0.413564400431783
0.413564400431783
0.413564400431783
0.413564400431783
0.413564400431783
0.413564400431783
0.413564400431783
0.413564400431783
0.413564400431783
0.413564400431783
0.413564400431783
0.413564400431783
0.413564400431783
0.413564400431783
0.413564400431783
0.413564400431783
0.413564400431783
0.413564400431783
0.413564400431783
0.413564400431783
0.413564400431783
0.413564400431783
0.413564400431783
0.413564400431783
0.413564400431783
0.413564400431783
0.413564400431783
0.413564400431783
0.413564400431783
0.413564400431783
0.413564400431783
0.413564400431783
0.413564400431783
0.413564400431783
0.413564400431783
0.413564400431783
0.413564400431783
0.413564400431783
0.413564400431783
0.413564400431783
0.413564400431783
0.413564400431783
0.413564400431783
0.413564400431783
0.413564400431783
0.413564400431783
0.413564400431783
0.413564400431783
0.413564400431783
0.413564400431783
0.413564400431783
0.413564400431783
0.413564400431783
0.413564400431783
0.413564400431783
0.413564400431783
0.413564400431783
0.413564400431783
0.413564400431783
0.413564400431783
0.413564400431783
0.413564400431783
0.413564400431783
0.413564400431783
0.413564400431783
0.413564400431783
0.413564400431783
0.413564400431783
0.413564400431783
0.413564400431783
0.413564400431783
0.413564400431783
0.413564400431783
0.413564400431783
0.413564400431783
0.413564400431783
0.413564400431783
0.413564400431783
0.413564400431783
0.413564400431783
0.413564400431783
0.413564400431783
0.413564400431783
0.413564400431783
0.413564400431783
0.413564400431783
0.413564400431783
0.413564400431783
0.413564400431783
0.413564400431783
0.413564400431783
0.413564400431783
0.413564400431783
0.413564400431783
0.413564400431783
0.413564400431783
0.413564400431783
0.413564400431783
0.413564400431783
0.413564400431783
0.413564400431783
0.413564400431783
0.413564400431783
0.413564400431783
0.413564400431783
0.413564400431783
0.413564400431783
0.413564400431783
0.413564400431783
0.413564400431783
0.413564400431783
0.413564400431783
0.413564400431783
0.413564400431783
0.413564400431783
0.413564400431783
0.413564400431783
0.413564400431783
0.413564400431783
0.413564400431783
0.413564400431783
0.413564400431783
0.413564400431783
0.413564400431783
0.413564400431783
0.413564400431783
0.413564400431783
0.413564400431783
0.413564400431783
0.413564400431783
0.413564400431783
0.413564400431783
0.413564400431783
0.413564400431783
0.413564400431783
0.413564400431783
0.413564400431783
0.413564400431783
0.413564400431783
0.413564400431783
0.37541909885461844
0.37541909885461844
0.37541909885461844
0.37541909885461844
0.37541909885461844
0.37541909885461844
0.37541909885461844
0.37541909885461844
0.37541909885461844
0.37541909885461844
0.37541909885461844
0.37541909885461844
0.37541909885461844
0.37541909885461844
0.37541909885461844
0.37541909885461844
0.37541909885461844
0.37541909885461844
0.37541909885461844
0.37541909885461844
0.37541909885461844
0.37541909885461844
0.37541909885461844
0.37541909885461844
0.37541909885461844
0.37541909885461844
0.37541909885461844
0.37541909885461844
0.37541909885461844
0.37541909885461844
0.37541909885461844
0.37541909885461844
0.37541909885461844
0.37541909885461844
0.37541909885461844
0.37541909885461844
0.37541909885461844
0.37541909885461844
0.37541909885461844
0.37541909885461844
0.37541909885461844
0.37541909885461844
0.37541909885461844
0.37541909885461844
0.37541909885461844
0.37541909885461844
0.37541909885461844
0.37541909885461844
0.37541909885461844
0.37541909885461844
0.37541909885461844
0.37541909885461844
0.37541909885461844
0.37541909885461844
0.37541909885461844
0.37541909885461844
0.37541909885461844
0.37541909885461844
0.37541909885461844
0.37541909885461844
0.37541909885461844
0.37541909885461844
0.37541909885461844
0.37541909885461844
0.37541909885461844
0.37541909885461844
0.37541909885461844
0.37541909885461844
0.37541909885461844
0.37541909885461844
0.37541909885461844
0.37541909885461844
0.37541909885461844
0.37541909885461844
0.37541909885461844
0.37541909885461844
0.37541909885461844
0.37541909885461844
0.37541909885461844
0.37541909885461844
0.37541909885461844
0.37541909885461844
0.37541909885461844
0.37541909885461844
0.37541909885461844
0.37541909885461844
0.37541909885461844
0.37541909885461844
0.37541909885461844
0.37541909885461844
0.37541909885461844
0.37541909885461844
0.37541909885461844
0.37541909885461844
0.37541909885461844
0.37541909885461844
0.37541909885461844
0.37541909885461844
0.37541909885461844
0.37541909885461844
0.37541909885461844
0.37541909885461844
0.37541909885461844
0.37541909885461844
0.37541909885461844
0.37541909885461844
0.37541909885461844
0.37541909885461844
0.37541909885461844
0.37541909885461844
0.37541909885461844
0.37541909885461844
0.37541909885461844
0.37541909885461844
0.37541909885461844
0.37541909885461844
0.37541909885461844
0.37541909885461844
0.37541909885461844
0.37541909885461844
0.37541909885461844
0.37541909885461844
0.37541909885461844
0.37541909885461844
0.37541909885461844
0.37541909885461844
0.37541909885461844
0.37541909885461844
0.37541909885461844
0.37541909885461844
0.37541909885461844
0.37541909885461844
0.37541909885461844
0.37541909885461844
0.37541909885461844
0.37541909885461844
0.37541909885461844
0.37541909885461844
0.37541909885461844
0.37541909885461844
0.37541909885461844
0.37541909885461844
0.37541909885461844
0.37541909885461844
0.37541909885461844
0.37541909885461844
0.37541909885461844
0.37541909885461844
0.37541909885461844
0.37541909885461844
0.37541909885461844
0.37541909885461844
0.37541909885461844
0.37541909885461844
0.37541909885461844
0.37541909885461844
0.37541909885461844
0.37541909885461844
0.37541909885461844
0.37541909885461844
0.37541909885461844
0.37541909885461844
0.37541909885461844
0.37541909885461844
0.37541909885461844
0.37541909885461844
0.37541909885461844
0.37541909885461844
0.37541909885461844
0.37541909885461844
0.37541909885461844
0.37541909885461844
0.37541909885461844
0.37541909885461844
0.37541909885461844
0.37541909885461844
0.37541909885461844
0.37541909885461844
0.37541909885461844
0.37541909885461844
0.37541909885461844
0.37541909885461844
0.37541909885461844
0.37541909885461844
0.37541909885461844
0.37541909885461844
0.37541909885461844
0.37541909885461844
0.37541909885461844
0.37541909885461844
0.37541909885461844
0.37541909885461844
0.37541909885461844
0.37541909885461844
0.37541909885461844
0.37541909885461844
0.37541909885461844
0.37541909885461844
0.37541909885461844
0.37541909885461844
0.37541909885461844
0.37541909885461844
0.37541909885461844
0.37541909885461844
0.37541909885461844
0.37541909885461844
0.37541909885461844
0.37541909885461844
0.37541909885461844
0.37541909885461844
0.37541909885461844
0.37541909885461844
0.37541909885461844
0.37541909885461844
0.37541909885461844
0.37541909885461844
0.37541909885461844
0.37541909885461844
0.37541909885461844
0.37541909885461844
0.37541909885461844
0.37541909885461844
0.37541909885461844
0.37541909885461844
0.37541909885461844
0.37541909885461844
0.37541909885461844
0.37541909885461844
0.37541909885461844
0.37541909885461844
0.37541909885461844
0.37541909885461844
0.37541909885461844
0.37541909885461844
0.37541909885461844
0.37541909885461844
0.37541909885461844
0.37541909885461844
0.37541909885461844
0.37541909885461844
0.37541909885461844
0.37541909885461844
0.37541909885461844
0.37541909885461844
0.37541909885461844
0.37541909885461844
0.37541909885461844
0.37541909885461844
0.37541909885461844
0.37541909885461844
0.37541909885461844
0.37541909885461844
0.37541909885461844
0.37541909885461844
0.37541909885461844
0.37541909885461844
0.37541909885461844
0.37541909885461844
0.37541909885461844
0.37541909885461844
0.37541909885461844
0.37541909885461844
0.37541909885461844
0.37541909885461844
0.37541909885461844
0.37541909885461844
0.37541909885461844
0.37541909885461844
0.37541909885461844
0.37541909885461844
0.37541909885461844
0.37541909885461844
0.37541909885461844
0.37541909885461844
0.37541909885461844
0.37541909885461844
0.37541909885461844
0.37541909885461844
0.37541909885461844
0.37541909885461844
0.37541909885461844
0.37541909885461844
0.37541909885461844
0.37541909885461844
0.37541909885461844
0.37541909885461844
0.37541909885461844
0.37541909885461844
0.37541909885461844
0.37541909885461844
0.37541909885461844
0.37541909885461844
0.37541909885461844
0.37541909885461844
0.37541909885461844
0.37541909885461844
0.37541909885461844
0.37541909885461844
0.37541909885461844
0.37541909885461844
0.37541909885461844
0.37541909885461844
0.37541909885461844
0.37541909885461844
0.37541909885461844
0.37541909885461844
0.37541909885461844
0.37541909885461844
0.37541909885461844
0.37541909885461844
0.37541909885461844
0.37541909885461844
0.37541909885461844
0.37541909885461844
0.37541909885461844
0.37541909885461844
0.37541909885461844
0.37541909885461844
0.37541909885461844
0.37541909885461844
0.37541909885461844
0.37541909885461844
0.37541909885461844
0.37541909885461844
0.37541909885461844
0.37541909885461844
0.37541909885461844
0.37541909885461844
0.37541909885461844
0.37541909885461844
0.37541909885461844
0.37541909885461844
0.37541909885461844
0.37541909885461844
0.37541909885461844
0.37541909885461844
0.37541909885461844
0.37541909885461844
0.37541909885461844
0.37541909885461844
0.37541909885461844
0.37541909885461844
0.37541909885461844
0.37541909885461844
0.37541909885461844
0.37541909885461844
0.37541909885461844
0.37541909885461844
0.37541909885461844
0.37541909885461844
0.37541909885461844
0.37541909885461844
0.37541909885461844
0.37541909885461844
0.37541909885461844
0.37541909885461844
0.37541909885461844
0.37541909885461844
0.37541909885461844
0.37541909885461844
0.37541909885461844
0.37541909885461844
0.37541909885461844
0.37541909885461844
0.37541909885461844
0.37541909885461844
0.37541909885461844
0.37541909885461844
0.37541909885461844
0.37541909885461844
0.37541909885461844
0.37541909885461844
0.37541909885461844
0.37541909885461844
0.37541909885461844
0.37541909885461844
0.37541909885461844
0.37541909885461844
0.37541909885461844
0.37541909885461844
0.37541909885461844
0.37541909885461844
0.37541909885461844
0.37541909885461844
0.37541909885461844
0.37541909885461844
0.37541909885461844
0.37541909885461844
0.37541909885461844
0.37541909885461844
0.37541909885461844
0.37541909885461844
0.37541909885461844
0.37541909885461844
0.37541909885461844
0.37541909885461844
0.37541909885461844
0.37541909885461844
0.37541909885461844
0.37541909885461844
0.37541909885461844
0.37541909885461844
0.37541909885461844
0.37541909885461844
0.37541909885461844
0.37541909885461844
0.37541909885461844
0.37541909885461844
0.37541909885461844
0.37541909885461844
0.37541909885461844
0.37541909885461844
0.37541909885461844
0.37541909885461844
0.37541909885461844
0.37541909885461844
0.37541909885461844
0.37541909885461844
0.37541909885461844
0.37541909885461844
0.37541909885461844
0.37541909885461844
0.37541909885461844
0.37541909885461844
0.37541909885461844
0.37541909885461844
0.37541909885461844
0.37541909885461844
0.37541909885461844
0.37541909885461844
0.37541909885461844
0.37541909885461844
0.37541909885461844
0.37541909885461844
0.37541909885461844
0.37541909885461844
0.37541909885461844
0.37541909885461844
0.37541909885461844
0.37541909885461844
0.37541909885461844
0.37541909885461844
0.37541909885461844
0.37541909885461844
0.37541909885461844
0.37541909885461844
0.37541909885461844
0.37541909885461844
0.37541909885461844
0.37541909885461844
0.37541909885461844
0.37541909885461844
0.37541909885461844
0.37541909885461844
0.37541909885461844
0.37541909885461844
0.37541909885461844
0.37541909885461844
0.37541909885461844
0.37541909885461844
0.37541909885461844
0.37541909885461844
0.37541909885461844
0.37541909885461844
0.37541909885461844
0.37541909885461844
0.37541909885461844
0.37541909885461844
0.37541909885461844
0.37541909885461844
0.37541909885461844
0.37541909885461844
0.37541909885461844
0.37541909885461844
0.37541909885461844
0.37541909885461844
0.37541909885461844
0.37541909885461844
0.37541909885461844
0.37541909885461844
0.37541909885461844
0.37541909885461844
0.37541909885461844
0.37541909885461844
0.37541909885461844
0.37541909885461844
0.37541909885461844
0.37541909885461844
0.37541909885461844
0.37541909885461844
0.37541909885461844
0.37541909885461844
0.37541909885461844
0.37541909885461844
0.37541909885461844
0.37541909885461844
0.37541909885461844
0.37541909885461844
0.37541909885461844
0.37541909885461844
0.37541909885461844
0.37541909885461844
0.37541909885461844
0.37541909885461844
0.37541909885461844
0.37541909885461844
0.37541909885461844
0.37541909885461844
0.37541909885461844
0.37541909885461844
0.37541909885461844
0.37541909885461844
0.37541909885461844
0.37541909885461844
0.37541909885461844
0.37541909885461844
0.37541909885461844
0.37541909885461844
0.37541909885461844
0.37541909885461844
0.37541909885461844
0.37541909885461844
0.37541909885461844
0.37541909885461844
0.37541909885461844
0.37541909885461844
0.37541909885461844
0.37541909885461844
0.37541909885461844
0.37541909885461844
0.37541909885461844
0.37541909885461844
0.37541909885461844
0.37541909885461844
0.37541909885461844
0.37541909885461844
0.37541909885461844
0.37541909885461844
0.37541909885461844
0.37541909885461844
0.37541909885461844
0.37541909885461844
0.37541909885461844
0.37541909885461844
0.37541909885461844
0.37541909885461844
0.37541909885461844
0.37541909885461844
0.37541909885461844
0.37541909885461844
0.37541909885461844
0.37541909885461844
0.37541909885461844
0.37541909885461844
0.37541909885461844
0.37541909885461844
0.37541909885461844
0.37541909885461844
0.37541909885461844
0.37541909885461844
0.37541909885461844
0.37541909885461844
0.37541909885461844
0.37541909885461844
0.37541909885461844
0.37541909885461844
0.37541909885461844
0.37541909885461844
0.37541909885461844
0.37541909885461844
0.37541909885461844
0.37541909885461844
0.37541909885461844
0.37541909885461844
0.37541909885461844
0.37541909885461844
0.37541909885461844
0.37541909885461844
0.37541909885461844
0.37541909885461844
0.37541909885461844
0.37541909885461844
0.37541909885461844
0.37541909885461844
0.37541909885461844
0.37541909885461844
0.37541909885461844
0.37541909885461844
0.37541909885461844
0.37541909885461844
0.37541909885461844
0.37541909885461844
0.37541909885461844
0.37541909885461844
0.37541909885461844
0.37541909885461844
0.37541909885461844
0.37541909885461844
0.37541909885461844
0.37541909885461844
0.37541909885461844
0.37541909885461844
0.37541909885461844
0.37541909885461844
0.37541909885461844
0.37541909885461844
0.37541909885461844
0.37541909885461844
0.37541909885461844
0.37541909885461844
0.37541909885461844
0.37541909885461844
0.37541909885461844
0.37541909885461844
0.37541909885461844
0.37541909885461844
0.37541909885461844
0.37541909885461844
0.37541909885461844
0.37541909885461844
0.37541909885461844
0.37541909885461844
0.37541909885461844
0.37541909885461844
0.37541909885461844
0.37541909885461844
0.37541909885461844
0.37541909885461844
0.37541909885461844
0.37541909885461844
0.37541909885461844
0.37541909885461844
0.37541909885461844
0.37541909885461844
0.37541909885461844
0.37541909885461844
0.37541909885461844
0.37541909885461844
0.37541909885461844
0.37541909885461844
0.37541909885461844
0.37541909885461844
0.37541909885461844
0.37541909885461844
0.37541909885461844
0.37541909885461844
0.37541909885461844
0.37541909885461844
0.37541909885461844
0.37541909885461844
0.37541909885461844
0.37541909885461844
0.37541909885461844
0.37541909885461844
0.37541909885461844
0.37541909885461844
0.37541909885461844
0.37541909885461844
0.37541909885461844
0.37541909885461844
0.37541909885461844
0.37541909885461844
0.37541909885461844
0.37541909885461844
0.37541909885461844
0.37541909885461844
0.37541909885461844
0.37541909885461844
0.37541909885461844
0.37541909885461844
0.37541909885461844
0.37541909885461844
0.37541909885461844
0.37541909885461844
0.37541909885461844
0.37541909885461844
0.37541909885461844
0.37541909885461844
0.37541909885461844
0.37541909885461844
0.37541909885461844
0.37541909885461844
0.37541909885461844
0.37541909885461844
0.37541909885461844
0.37541909885461844
0.37541909885461844
0.37541909885461844
0.37541909885461844
0.37541909885461844
0.37541909885461844
0.37541909885461844
0.37541909885461844
0.37541909885461844
0.37541909885461844
0.37541909885461844
0.37541909885461844
0.37541909885461844
0.37541909885461844
0.37541909885461844
0.37541909885461844
0.37541909885461844
0.37541909885461844
0.37541909885461844
0.37541909885461844
0.37541909885461844
0.37541909885461844
0.37541909885461844
0.37541909885461844
0.37541909885461844
0.37541909885461844
0.37541909885461844
0.37541909885461844
0.37541909885461844
0.37541909885461844
0.37541909885461844
0.37541909885461844
0.37541909885461844
0.37541909885461844
0.37541909885461844
0.37541909885461844
0.37541909885461844
0.37541909885461844
0.37541909885461844
0.37541909885461844
0.37541909885461844
0.37541909885461844
0.37541909885461844
0.37541909885461844
0.37541909885461844
0.37541909885461844
0.37541909885461844
0.37541909885461844
0.37541909885461844
0.37541909885461844
0.37541909885461844
0.37541909885461844
0.37541909885461844
0.37541909885461844
0.37541909885461844
0.37541909885461844
0.37541909885461844
0.37541909885461844
0.37541909885461844
0.37541909885461844
0.37541909885461844
0.37541909885461844
0.37541909885461844
0.37541909885461844
0.37541909885461844
0.37541909885461844
0.37541909885461844
0.37541909885461844
0.37541909885461844
0.37541909885461844
0.37541909885461844
0.37541909885461844
0.37541909885461844
0.37541909885461844
0.37541909885461844
0.37541909885461844
0.37541909885461844
0.37541909885461844
0.37541909885461844
0.37541909885461844
0.37541909885461844
0.37541909885461844
0.37541909885461844
0.37541909885461844
0.37541909885461844
0.37541909885461844
0.37541909885461844
0.37541909885461844
0.37541909885461844
0.37541909885461844
0.37541909885461844
0.37541909885461844
0.37541909885461844
0.37541909885461844
0.37541909885461844
0.37541909885461844
0.37541909885461844
0.37541909885461844
0.37541909885461844
0.37541909885461844
0.37541909885461844
0.37541909885461844
0.37541909885461844
0.37541909885461844
0.37541909885461844
0.37541909885461844
0.37541909885461844
0.37541909885461844
0.37541909885461844
0.37541909885461844
0.37541909885461844
0.37541909885461844
0.37541909885461844
0.37541909885461844
0.37541909885461844
0.37541909885461844
0.37541909885461844
0.37541909885461844
0.37541909885461844
0.37541909885461844
0.37541909885461844
0.37541909885461844
0.37541909885461844
0.37541909885461844
0.37541909885461844
0.37541909885461844
0.37541909885461844
0.37541909885461844
0.37541909885461844
0.37541909885461844
0.37541909885461844
0.37541909885461844
0.37541909885461844
0.37541909885461844
0.37541909885461844
0.37541909885461844
0.37541909885461844
0.37541909885461844
0.37541909885461844
0.37541909885461844
0.37541909885461844
0.37541909885461844
0.37541909885461844
0.37541909885461844
0.37541909885461844
0.37541909885461844
0.37541909885461844
0.37541909885461844
0.37541909885461844
0.37541909885461844
0.37541909885461844
0.37541909885461844
0.37541909885461844
0.37541909885461844
0.37541909885461844
0.37541909885461844
0.37541909885461844
0.37541909885461844
0.37541909885461844
0.37541909885461844
0.37541909885461844
0.37541909885461844
0.37541909885461844
0.37541909885461844
0.37541909885461844
0.37541909885461844
0.37541909885461844
0.37541909885461844
0.37541909885461844
0.37541909885461844
0.37541909885461844
0.37541909885461844
0.37541909885461844
0.37541909885461844
0.37541909885461844
0.37541909885461844
0.37541909885461844
0.37541909885461844
0.37541909885461844
0.37541909885461844
0.37541909885461844
0.37541909885461844
0.37541909885461844
0.37541909885461844
0.37541909885461844
0.37541909885461844
0.37541909885461844
0.37541909885461844
0.37541909885461844
0.37541909885461844
0.37541909885461844
0.37541909885461844
0.37541909885461844
0.37541909885461844
0.37541909885461844
0.37541909885461844
0.37541909885461844
0.37541909885461844
0.37541909885461844
0.37541909885461844
0.37541909885461844
0.37541909885461844
0.37541909885461844
0.37541909885461844
0.37541909885461844
0.37541909885461844
0.37541909885461844
0.37541909885461844
0.37541909885461844
0.37541909885461844
0.37541909885461844
0.37541909885461844
0.37541909885461844
0.37541909885461844
0.37541909885461844
0.37541909885461844
0.37541909885461844
0.37541909885461844
0.37541909885461844
0.37541909885461844
0.37541909885461844
0.37541909885461844
0.37541909885461844
0.37541909885461844
0.37541909885461844
0.37541909885461844
0.37541909885461844
0.37541909885461844
0.37541909885461844
0.37541909885461844
0.37541909885461844
0.37541909885461844
0.37541909885461844
0.37541909885461844
0.37541909885461844
0.37541909885461844
0.37541909885461844
0.37541909885461844
0.37541909885461844
0.37541909885461844
0.37541909885461844
0.37541909885461844
0.37541909885461844
0.37541909885461844
0.37541909885461844
0.37541909885461844
0.37541909885461844
0.37541909885461844
0.37541909885461844
0.37541909885461844
0.37541909885461844
0.37541909885461844
0.37541909885461844
0.37541909885461844
0.37541909885461844
0.37541909885461844
0.37541909885461844
0.37541909885461844
0.37541909885461844
0.37541909885461844
0.37541909885461844
0.37541909885461844
0.37541909885461844
0.37541909885461844
0.37541909885461844
0.37541909885461844
0.37541909885461844
0.37541909885461844
0.37541909885461844
0.37541909885461844
0.37541909885461844
0.37541909885461844
0.37541909885461844
0.37541909885461844
0.37541909885461844
0.37541909885461844
0.37541909885461844
0.37541909885461844
0.37541909885461844
0.37541909885461844
0.37541909885461844
0.37541909885461844
0.37541909885461844
0.37541909885461844
0.37541909885461844
0.37541909885461844
0.37541909885461844
0.37541909885461844
0.37541909885461844
0.37541909885461844
0.37541909885461844
0.37541909885461844
0.37541909885461844
0.37541909885461844
0.37541909885461844
0.37541909885461844
0.37541909885461844
0.37541909885461844
0.37541909885461844
0.37541909885461844
0.37541909885461844
0.37541909885461844
0.37541909885461844
0.37541909885461844
0.37541909885461844
0.37541909885461844
0.37541909885461844
0.37541909885461844
0.37541909885461844
0.37541909885461844
0.37541909885461844
0.37541909885461844
0.37541909885461844
0.37541909885461844
0.37541909885461844
0.37541909885461844
0.37541909885461844
0.37541909885461844
0.37541909885461844
0.37541909885461844
0.37541909885461844
0.37541909885461844
0.37541909885461844
0.37541909885461844
0.37541909885461844
0.37541909885461844
0.37541909885461844
0.37541909885461844
0.37541909885461844
0.37541909885461844
0.37541909885461844
0.37541909885461844
0.37541909885461844
0.37541909885461844
0.37541909885461844
0.37541909885461844
0.37541909885461844
0.37541909885461844
0.37541909885461844
0.37541909885461844
0.37541909885461844
0.37541909885461844
0.37541909885461844
0.37541909885461844
0.37541909885461844
0.37541909885461844
0.37541909885461844
0.37541909885461844
0.37541909885461844
0.37541909885461844
0.37541909885461844
0.37541909885461844
0.37541909885461844
0.37541909885461844
0.37541909885461844
0.37541909885461844
0.37541909885461844
0.37541909885461844
0.37541909885461844
0.37541909885461844
0.37541909885461844
0.37541909885461844
0.37541909885461844
0.37541909885461844
0.37541909885461844
0.37541909885461844
0.37541909885461844
0.37541909885461844
0.37541909885461844
0.37541909885461844
0.37541909885461844
0.37541909885461844
0.37541909885461844
0.37541909885461844
0.37541909885461844
0.37541909885461844
0.37541909885461844
0.37541909885461844
0.37541909885461844
0.37541909885461844
0.37541909885461844
0.37541909885461844
0.37541909885461844
0.37541909885461844
0.37541909885461844
0.37541909885461844
0.37541909885461844
0.37541909885461844
0.37541909885461844
0.37541909885461844
0.37541909885461844
0.37541909885461844
0.37541909885461844
0.37541909885461844
0.37541909885461844
0.37541909885461844
0.37541909885461844
0.37541909885461844
0.37541909885461844
0.37541909885461844
0.37541909885461844
0.37541909885461844
0.37541909885461844
0.37541909885461844
0.37541909885461844
0.37541909885461844
0.37541909885461844
0.37541909885461844
0.37541909885461844
0.37541909885461844
0.37541909885461844
0.37541909885461844
0.37541909885461844
0.37541909885461844
0.37541909885461844
0.37541909885461844
0.37541909885461844
0.37541909885461844
0.37541909885461844
0.37541909885461844
0.37541909885461844
0.37541909885461844
0.37541909885461844
0.37541909885461844
0.37541909885461844
0.37541909885461844
0.37541909885461844
0.37541909885461844
0.37541909885461844
0.37541909885461844
0.37541909885461844
0.37541909885461844
0.37541909885461844
0.37541909885461844
0.37541909885461844
0.37541909885461844
0.37541909885461844
0.37541909885461844
0.37541909885461844
0.37541909885461844
0.37541909885461844
0.37541909885461844
0.37541909885461844
0.37541909885461844
0.37541909885461844
0.37541909885461844
0.37541909885461844
0.37541909885461844
0.37541909885461844
0.37541909885461844
0.37541909885461844
0.37541909885461844
0.37541909885461844
0.37541909885461844
0.37541909885461844
0.37541909885461844
0.37541909885461844
0.37541909885461844
0.37541909885461844
0.37541909885461844
0.37541909885461844
0.37541909885461844
0.37541909885461844
0.37541909885461844
0.37541909885461844
0.37541909885461844
0.37541909885461844
0.37541909885461844
0.37541909885461844
0.37541909885461844
0.37541909885461844
0.37541909885461844
0.37541909885461844
0.37541909885461844
0.37541909885461844
0.37541909885461844
0.37541909885461844
0.37541909885461844
0.37541909885461844
0.37541909885461844
0.37541909885461844
0.37541909885461844
0.37541909885461844
0.37541909885461844
0.37541909885461844
0.37541909885461844
0.37541909885461844
0.37541909885461844
0.37541909885461844
0.37541909885461844
0.37541909885461844
0.37541909885461844
0.37541909885461844
0.37541909885461844
0.37541909885461844
0.37541909885461844
0.37541909885461844
0.37541909885461844
0.37541909885461844
0.37541909885461844
0.37541909885461844
0.37541909885461844
0.37541909885461844
0.37541909885461844
0.37541909885461844
0.37541909885461844
0.37541909885461844
0.37541909885461844
0.37541909885461844
0.37541909885461844
0.37541909885461844
0.37541909885461844
0.37541909885461844
0.37541909885461844
0.37541909885461844
0.37541909885461844
0.37541909885461844
0.37541909885461844
0.37541909885461844
0.37541909885461844
0.37541909885461844
0.37541909885461844
0.37541909885461844
0.37541909885461844
0.37541909885461844
0.37541909885461844
0.37541909885461844
0.37541909885461844
0.37541909885461844
0.37541909885461844
0.37541909885461844
0.37541909885461844
0.37541909885461844
0.37541909885461844
0.37541909885461844
0.37541909885461844
0.37541909885461844
0.37541909885461844
0.37541909885461844
0.37541909885461844
0.37541909885461844
0.37541909885461844
0.37541909885461844
0.37541909885461844
0.37541909885461844
0.37541909885461844
0.37541909885461844
0.37541909885461844
0.37541909885461844
0.37541909885461844
0.37541909885461844
0.37541909885461844
0.37541909885461844
0.37541909885461844
0.37541909885461844
0.37541909885461844
0.37541909885461844
0.37541909885461844
0.37541909885461844
0.37541909885461844
0.37541909885461844
0.37541909885461844
0.37541909885461844
0.37541909885461844
0.37541909885461844
0.37541909885461844
0.37541909885461844
0.37541909885461844
0.37541909885461844
0.37541909885461844
0.37541909885461844
0.37541909885461844
0.37541909885461844
0.37541909885461844
0.37541909885461844
0.37541909885461844
0.37541909885461844
0.37541909885461844
0.37541909885461844
0.37541909885461844
0.37541909885461844
0.37541909885461844
0.37541909885461844
0.37541909885461844
0.37541909885461844
0.37541909885461844
0.37541909885461844
0.37541909885461844
0.37541909885461844
0.37541909885461844
0.37541909885461844
0.37541909885461844
0.37541909885461844
0.37541909885461844
0.37541909885461844
0.37541909885461844
0.37541909885461844
0.37541909885461844
0.37541909885461844
0.37541909885461844
0.37541909885461844
0.37541909885461844
0.37541909885461844
0.37541909885461844
0.37541909885461844
0.37541909885461844
0.37541909885461844
0.37541909885461844
0.37541909885461844
0.37541909885461844
0.37541909885461844
0.37541909885461844
0.37541909885461844
0.37541909885461844
0.37541909885461844
0.37541909885461844
0.37541909885461844
0.37541909885461844
0.37541909885461844
0.37541909885461844
0.37541909885461844
0.37541909885461844
0.37541909885461844
0.37541909885461844
0.37541909885461844
0.37541909885461844
0.37541909885461844
0.37541909885461844
0.37541909885461844
0.37541909885461844
0.37541909885461844
0.37541909885461844
0.37541909885461844
0.37541909885461844
0.37541909885461844
0.37541909885461844
0.37541909885461844
0.37541909885461844
0.37541909885461844
0.37541909885461844
0.37541909885461844
0.37541909885461844
0.37541909885461844
0.37541909885461844
0.37541909885461844
0.37541909885461844
0.37541909885461844
0.37541909885461844
0.37541909885461844
0.37541909885461844
0.37541909885461844
0.37541909885461844
0.37541909885461844
0.37541909885461844
0.37541909885461844
0.37541909885461844
0.37541909885461844
0.37541909885461844
0.37541909885461844
0.37541909885461844
0.37541909885461844
0.37541909885461844
0.37541909885461844
0.37541909885461844
0.37541909885461844
0.37541909885461844
0.37541909885461844
0.37541909885461844
0.37541909885461844
0.37541909885461844
0.37541909885461844
0.37541909885461844
0.37541909885461844
0.37541909885461844
0.37541909885461844
0.37541909885461844
0.37541909885461844
0.37541909885461844
0.37541909885461844
0.37541909885461844
0.37541909885461844
0.37541909885461844
0.37541909885461844
0.37541909885461844
0.37541909885461844
0.37541909885461844
0.37541909885461844
0.37541909885461844
0.37541909885461844
0.37541909885461844
0.37541909885461844
0.37541909885461844
0.37541909885461844
0.37541909885461844
0.37541909885461844
0.37541909885461844
0.37541909885461844
0.37541909885461844
0.37541909885461844
0.37541909885461844
0.37541909885461844
0.37541909885461844
0.37541909885461844
0.37541909885461844
0.37541909885461844
0.37541909885461844
0.37541909885461844
0.37541909885461844
0.37541909885461844
0.37541909885461844
0.37541909885461844
0.37541909885461844
0.37541909885461844
0.37541909885461844
0.37541909885461844
0.37541909885461844
0.37541909885461844
0.37541909885461844
0.37541909885461844
0.37541909885461844
0.37541909885461844
0.37541909885461844
0.37541909885461844
0.37541909885461844
0.37541909885461844
0.37541909885461844
0.37541909885461844
0.37541909885461844
0.37541909885461844
0.37541909885461844
0.37541909885461844
0.37541909885461844
0.37541909885461844
0.37541909885461844
0.37541909885461844
0.37541909885461844
0.37541909885461844
0.37541909885461844
0.37541909885461844
0.37541909885461844
0.37541909885461844
0.37541909885461844
0.37541909885461844
0.37541909885461844
0.37541909885461844
0.37541909885461844
0.37541909885461844
0.37541909885461844
0.37541909885461844
0.37541909885461844
0.37541909885461844
0.37541909885461844
0.37541909885461844
0.37541909885461844
0.37541909885461844
0.37541909885461844
0.37541909885461844
0.37541909885461844
0.37541909885461844
0.37541909885461844
0.37541909885461844
0.37541909885461844
0.37541909885461844
0.37541909885461844
0.37541909885461844
0.37541909885461844
0.37541909885461844
0.37541909885461844
0.37541909885461844
0.37541909885461844
0.37541909885461844
0.37541909885461844
0.37541909885461844
0.37541909885461844
0.37541909885461844
0.37541909885461844
0.37541909885461844
0.37541909885461844
0.37541909885461844
0.37541909885461844
0.37541909885461844
0.37541909885461844
0.37541909885461844
0.37541909885461844
0.37541909885461844
0.37541909885461844
0.37541909885461844
0.37541909885461844
0.37541909885461844
0.37541909885461844
0.37541909885461844
0.37541909885461844
0.37541909885461844
0.37541909885461844
0.37541909885461844
0.37541909885461844
0.37541909885461844
0.37541909885461844
0.37541909885461844
0.37541909885461844
0.37541909885461844
0.37541909885461844
0.37541909885461844
0.37541909885461844
0.37541909885461844
0.37541909885461844
0.37541909885461844
0.37541909885461844
0.37541909885461844
0.37541909885461844
0.37541909885461844
0.37541909885461844
0.37541909885461844
0.37541909885461844
0.37541909885461844
0.37541909885461844
0.37541909885461844
0.37541909885461844
0.37541909885461844
0.37541909885461844
0.37541909885461844
0.37541909885461844
0.37541909885461844
0.37541909885461844
0.37541909885461844
0.37541909885461844
0.37541909885461844
0.37541909885461844
0.37541909885461844
0.37541909885461844
0.37541909885461844
0.37541909885461844
0.37541909885461844
0.37541909885461844
0.37541909885461844
0.37541909885461844
0.37541909885461844
0.37541909885461844
0.37541909885461844
0.37541909885461844
0.37541909885461844
0.37541909885461844
0.37541909885461844
0.37541909885461844
0.37541909885461844
0.37541909885461844
0.37541909885461844
0.37541909885461844
0.37541909885461844
0.37541909885461844
0.37541909885461844
0.37541909885461844
0.37541909885461844
0.37541909885461844
0.37541909885461844
0.37541909885461844
0.37541909885461844
0.37541909885461844
0.37541909885461844
0.37541909885461844
0.37541909885461844
0.37541909885461844
0.37541909885461844
0.37541909885461844
0.37541909885461844
0.37541909885461844
0.37541909885461844
0.37541909885461844
0.37541909885461844
0.37541909885461844
0.37541909885461844
0.37541909885461844
0.37541909885461844
0.37541909885461844
0.37541909885461844
0.37541909885461844
0.37541909885461844
0.37541909885461844
0.37541909885461844
0.37541909885461844
0.37541909885461844
0.37541909885461844
0.37541909885461844
0.37541909885461844
0.37541909885461844
0.37541909885461844
0.37541909885461844
0.37541909885461844
0.37541909885461844
0.37541909885461844
0.37541909885461844
0.37541909885461844
0.37541909885461844
0.37541909885461844
0.37541909885461844
0.37541909885461844
0.37541909885461844
0.37541909885461844
0.37541909885461844
0.37541909885461844
0.37541909885461844
0.37541909885461844
0.37541909885461844
0.37541909885461844
0.37541909885461844
0.37541909885461844
0.37541909885461844
0.37541909885461844
0.37541909885461844
0.37541909885461844
0.37541909885461844
0.37541909885461844
0.37541909885461844
0.37541909885461844
0.37541909885461844
0.37541909885461844
0.37541909885461844
0.37541909885461844
0.37541909885461844
0.37541909885461844
0.37541909885461844
0.37541909885461844
0.37541909885461844
0.37541909885461844
0.37541909885461844
0.37541909885461844
0.37541909885461844
0.37541909885461844
0.37541909885461844
0.37541909885461844
0.37541909885461844
0.37541909885461844
0.37541909885461844
0.37541909885461844
0.37541909885461844
0.37541909885461844
0.37541909885461844
0.37541909885461844
0.37541909885461844
0.37541909885461844
0.37541909885461844
0.37541909885461844
0.37541909885461844
0.37541909885461844
0.37541909885461844
0.37541909885461844
0.37541909885461844
0.37541909885461844
0.37541909885461844
0.37541909885461844
0.37541909885461844
0.37541909885461844
0.37541909885461844
0.37541909885461844
0.37541909885461844
0.37541909885461844
0.37541909885461844
0.37541909885461844
0.37541909885461844
0.37541909885461844
0.37541909885461844
0.37541909885461844
0.37541909885461844
0.37541909885461844
0.37541909885461844
0.37541909885461844
0.37541909885461844
0.37541909885461844
0.37541909885461844
0.37541909885461844
0.37541909885461844
0.37541909885461844
0.37541909885461844
0.37541909885461844
0.37541909885461844
0.37541909885461844
0.37541909885461844
0.37541909885461844
0.37541909885461844
0.37541909885461844
0.37541909885461844
0.37541909885461844
0.37541909885461844
0.37541909885461844
0.37541909885461844
0.37541909885461844
0.37541909885461844
0.37541909885461844
0.37541909885461844
0.37541909885461844
0.37541909885461844
0.37541909885461844
0.37541909885461844
0.37541909885461844
0.37541909885461844
0.37541909885461844
0.37541909885461844
0.37541909885461844
0.37541909885461844
0.37541909885461844
0.37541909885461844
0.37541909885461844
0.37541909885461844
0.37541909885461844
0.37541909885461844
0.37541909885461844
0.37541909885461844
0.37541909885461844
0.37541909885461844
0.37541909885461844
0.37541909885461844
0.37541909885461844
0.37541909885461844
0.37541909885461844
0.37541909885461844
0.37541909885461844
0.37541909885461844
0.37541909885461844
0.37541909885461844
0.37541909885461844
0.37541909885461844
0.37541909885461844
0.37541909885461844
0.37541909885461844
0.37541909885461844
0.37541909885461844
0.37541909885461844
0.37541909885461844
