35351.03543036879
35299.65538952933
35235.94745729592
35190.644817259905
35172.89186164162
35132.754486227954
34953.28516010475
34953.28516010475
34949.65593361014
34787.79222020099
34787.79222020099
34648.62380158174
34648.62380158174
34585.88757979843
34585.88757979843
34449.22695774446
34449.22695774446
34449.22695774446
34421.43522959741
34421.43522959741
34221.116664497196
34221.116664497196
34008.85550541631
33945.12192764573
33945.12192764573
33945.12192764573
33899.763329324676
33826.456876880766
33588.759643064404
33390.29632874978
33164.615646574
32999.23334973941
32934.604031520605
32934.604031520605
32934.604031520605
32934.604031520605
32800.689495356666
32800.689495356666
32645.96183642148
32645.96183642148
32645.96183642148
32332.07287088165
32199.62371099707
31985.3886945467
31985.3886945467
31985.3886945467
31985.3886945467
31826.88993583731
31813.753336671074
31813.753336671074
31813.753336671074
31711.16872394369
31711.16872394369
31707.669381798587
31570.22842609269
31303.52257023195
31019.30136612905
31019.30136612905
30876.748906472152
30839.767053773125
30709.613073386907
30709.613073386907
30709.613073386907
30709.613073386907
30709.613073386907
30709.613073386907
30675.38357548295
30675.38357548295
30675.38357548295
30675.38357548295
30675.38357548295
30452.169482513233
30361.672710632003
30338.90865961811
30338.90865961811
30338.90865961811
30139.014548823994
30139.014548823994
30049.49871313881
29972.541264917578
29651.800880258783
29563.402333915485
29547.661974298324
29535.463254525785
29422.1651212117
29248.39137345166
29248.39137345166
29248.39137345166
29189.943335916938
29048.960972642868
29016.33716327383
29016.33716327383
28948.969609029566
28948.969609029566
28948.969609029566
28948.969609029566
28572.614858351833
28454.906380981745
28132.939709814615
28132.939709814615
28132.939709814615
27714.738640564545
27714.738640564545
27714.738640564545
27325.592694280822
27306.693126230643
27063.57842484667
27063.57842484667
27063.57842484667
27063.57842484667
26863.628365643282
26787.379352462995
26668.496223139962
26668.496223139962
26668.496223139962
26668.496223139962
26668.496223139962
26664.160444945304
26576.21707227931
26558.13062136678
26558.13062136678
26499.953547621775
26257.361506719215
26257.361506719215
26217.190846604968
26047.01813582372
26040.907493726183
26040.907493726183
25994.53805343775
25985.499579948282
25985.499579948282
25985.499579948282
25745.67005143141
25670.941836119302
25670.941836119302
25670.941836119302
25582.15461885611
25582.15461885611
25391.570375733238
25391.570375733238
25313.842465024765
25313.842465024765
25313.842465024765
25313.842465024765
24997.465082048544
24997.465082048544
24893.976251997246
24893.976251997246
24893.976251997246
24613.19831055973
24565.50458197297
24391.269298761472
24388.228627737775
24388.228627737775
24388.228627737775
24311.663578198724
24254.364503730758
24115.104734398577
24115.104734398577
24115.104734398577
24089.42275406909
24085.293023952003
24085.293023952003
24085.293023952003
24008.63145088231
24008.63145088231
24008.63145088231
24008.63145088231
24008.63145088231
24008.63145088231
23870.493058529
23852.147927689468
23764.431148720556
23764.431148720556
23764.431148720556
23649.402636745046
23649.402636745046
23649.402636745046
23477.041290323563
23477.041290323563
23463.219555268373
23372.784256325605
23372.784256325605
23372.784256325605
23372.784256325605
23313.552212570845
23313.552212570845
23313.552212570845
23313.552212570845
23313.552212570845
23313.552212570845
23214.419891341007
22918.713874926798
22892.803047069363
22781.2121376036
22518.178334039363
22518.178334039363
22421.474709859984
22417.28381060037
22417.28381060037
22417.28381060037
22278.89258926107
22278.89258926107
22278.89258926107
22038.682511239855
21956.285541472564
21956.285541472564
21956.285541472564
21956.285541472564
21956.285541472564
21956.285541472564
21956.285541472564
21749.74468302599
21589.1134945218
21589.1134945218
21589.1134945218
21567.53987316514
21567.53987316514
21545.244420596857
21545.244420596857
21545.244420596857
21505.480900855695
21505.480900855695
21462.364564125623
21462.364564125623
21301.02525404115
21281.649356176076
21281.649356176076
21258.122863441207
21258.122863441207
20957.550853278914
20896.426679344004
20863.05496778975
20693.91998175702
20673.30880466136
20663.478172002193
20663.478172002193
20374.755315926363
20254.349028354925
20197.36191234616
20197.36191234616
20197.36191234616
20167.736441431083
20011.066743890675
19909.393087967914
19909.393087967914
19909.393087967914
19756.37171966213
19756.37171966213
19756.37171966213
19556.84729851208
19556.84729851208
19556.84729851208
19526.403841313582
19497.21817747111
19305.088623317515
19177.774455215418
19094.251547473013
19094.251547473013
19094.251547473013
19094.251547473013
19094.251547473013
19090.499180481893
19033.085265269106
18880.174652304773
18630.93110550946
18630.93110550946
18582.957100743657
18582.957100743657
18472.649139697787
18329.000129339685
18329.000129339685
18245.12253398467
18105.89951714918
18064.585666417748
18064.585666417748
18064.585666417748
18009.781747216948
17900.345862845155
17647.66306403015
17621.679873096626
17621.679873096626
17621.679873096626
17518.342898822826
17518.342898822826
17518.342898822826
17396.048090555436
17396.048090555436
17396.048090555436
17380.21284133998
17202.891886910962
17202.891886910962
17158.430227131736
17158.430227131736
17142.226200731737
17073.06352834138
17024.26508709708
17024.26508709708
17024.26508709708
16856.243973070857
16856.243973070857
16810.791356022964
16810.791356022964
16810.791356022964
16810.791356022964
16742.601244116046
16594.915149235687
16594.915149235687
16594.915149235687
16352.215455868682
16352.215455868682
16128.17123870926
16128.17123870926
16128.17123870926
16033.470236324189
16033.470236324189
16002.97064742084
16002.97064742084
16002.97064742084
15790.394775668585
15617.559066744143
15526.38792035004
15526.38792035004
15482.746542187446
15415.912803507268
15415.912803507268
15282.595649871815
15259.254095153483
15259.254095153483
15161.63565325562
15070.946899290413
15037.51396926057
15037.51396926057
15037.51396926057
15037.51396926057
15037.51396926057
15037.51396926057
14812.801748811671
14674.758315031362
14674.758315031362
14600.885116813235
14600.885116813235
14303.701920077143
14208.958146502016
14041.603518788857
13908.41587900511
13908.41587900511
13908.41587900511
13908.41587900511
13908.41587900511
13908.41587900511
13835.990178881206
13671.42346822398
13599.1412192967
13537.397778617935
13352.286685899573
13274.74904232427
13274.74904232427
13224.443087654277
13224.443087654277
12948.510612512508
12751.32043487418
12751.32043487418
12751.32043487418
12665.828561057167
12665.828561057167
12665.828561057167
12665.828561057167
12665.828561057167
12665.828561057167
12657.519518172701
12657.519518172701
12657.519518172701
12657.519518172701
12657.519518172701
12590.509496377148
12590.509496377148
12574.5022478056
12574.5022478056
12574.5022478056
12574.5022478056
12574.5022478056
12425.67990000172
12425.67990000172
12376.923005256827
12308.861285523102
12274.01482835113
12261.753950348922
12261.753950348922
12200.593782994092
12200.593782994092
12200.593782994092
12200.593782994092
12200.593782994092
12200.593782994092
11992.956678486551
11893.13556264742
11815.322218175797
11776.109174041168
11776.109174041168
11718.085968849644
11667.917729230963
11667.251218285424
11531.274065564801
11531.274065564801
11497.232998263877
11497.232998263877
11497.232998263877
11497.232998263877
11497.232998263877
11476.895434632817
11476.895434632817
11476.895434632817
11344.603114492522
11344.603114492522
11344.603114492522
11273.371898318783
11000.293662700627
10952.81300324615
10952.81300324615
10952.81300324615
10815.557272005808
10815.557272005808
10815.557272005808
10815.557272005808
10815.557272005808
10815.557272005808
10713.143242602888
10713.143242602888
10713.143242602888
10571.720614127033
10552.444292812066
10479.68100494535
10479.68100494535
10476.850802694746
10308.916822993737
10281.606121630974
10281.606121630974
10281.606121630974
10281.606121630974
10281.606121630974
10169.523270032123
10169.523270032123
10169.523270032123
10169.523270032123
10030.81537228785
10030.81537228785
10030.81537228785
9949.84908576476
9944.933416101972
9944.933416101972
9944.933416101972
9926.30953628664
9926.30953628664
9812.884027649594
9812.884027649594
9790.847215902679
9790.847215902679
9790.847215902679
9671.771376607763
9671.771376607763
9671.771376607763
9669.984559993847
9669.984559993847
9669.984559993847
9613.804534609786
9567.326736132532
9562.41593194673
9562.41593194673
9553.883824566756
9553.883824566756
9553.883824566756
9553.883824566756
9547.752300664884
9547.752300664884
9547.752300664884
9547.752300664884
9512.909835871193
9390.075871437988
9390.075871437988
9390.075871437988
9387.208490733852
9162.354479774582
8934.961133364175
8934.961133364175
8927.489641537502
8927.489641537502
8918.614621499632
8908.767854528209
8845.20876569909
8845.20876569909
8845.20876569909
8845.20876569909
8845.20876569909
8704.098525244612
8651.558620859105
8651.558620859105
8592.870511194913
8581.287009922371
8581.287009922371
8396.696731925353
8396.696731925353
8396.696731925353
8396.696731925353
8396.696731925353
8396.696731925353
8322.179330478566
8265.33248339865
8265.33248339865
8193.949944032658
8120.473507686626
8120.473507686626
8120.473507686626
8047.618463509381
8047.618463509381
7983.7201833988265
7977.134610163309
7934.274440480182
7809.6402721962095
7728.818688160788
7499.646129581989
7452.047769736052
7452.047769736052
7385.259191052911
7385.259191052911
7308.962710366266
7239.30462306995
7239.30462306995
7239.30462306995
7239.30462306995
7239.30462306995
7127.914535475444
7127.914535475444
7112.661738781448
7006.87793868905
6979.92087114471
6979.92087114471
6979.92087114471
6979.92087114471
6979.92087114471
6979.92087114471
6940.5747517808795
6940.5747517808795
6930.435730527257
6930.435730527257
6867.95790855954
6836.750111975544
6740.969856127903
6608.217785787569
6597.125886273597
6597.125886273597
6575.734254859978
6575.734254859978
6553.362337855879
6527.817237807029
6527.817237807029
6446.808120976464
6436.372648098724
6339.89234523256
6339.89234523256
6285.502832773795
6258.053558000844
6258.053558000844
6258.053558000844
6258.053558000844
6242.518284972297
6241.250182381496
6196.738800676143
6196.738800676143
6196.738800676143
6143.586706237247
6123.607230645744
6123.074098157656
6123.074098157656
6115.933168608807
6115.933168608807
6115.933168608807
6056.724976215345
6056.724976215345
6055.991891753126
5925.6063510933745
5909.01316681641
5780.745373453253
5735.465765273304
5680.5254181537475
5680.5254181537475
5680.5254181537475
5536.432183657946
5503.728507932257
5499.080554827715
5390.35582741601
5390.35582741601
5329.908385488478
5329.908385488478
5329.908385488478
5271.637331076547
5252.757700201285
5186.847297688767
5184.683063202765
5184.683063202765
5154.296847649839
5154.296847649839
5109.642204609518
5109.642204609518
5109.642204609518
5109.642204609518
5109.642204609518
5109.642204609518
4955.149805946829
4955.149805946829
4876.016882923692
4876.016882923692
4876.016882923692
4824.991954716107
4787.94953969673
4787.94953969673
4787.94953969673
4787.914193223515
4787.914193223515
4787.914193223515
4787.914193223515
4787.914193223515
4787.914193223515
4787.914193223515
4787.914193223515
4735.469145418572
4735.469145418572
4735.469145418572
4735.469145418572
4735.469145418572
4735.469145418572
4735.469145418572
4735.469145418572
4735.469145418572
4735.469145418572
4729.49951601423
4703.311351773764
4703.311351773764
4703.311351773764
4703.311351773764
4703.311351773764
4703.311351773764
4682.587889793631
4682.587889793631
4682.587889793631
4682.587889793631
4682.587889793631
4682.587889793631
4682.587889793631
4668.897794410937
4668.897794410937
4652.624901009648
4572.026415627912
4572.026415627912
4550.52607921443
4550.52607921443
4550.52607921443
4462.659164305705
4462.659164305705
4462.659164305705
4462.659164305705
4371.523380307675
4371.523380307675
4371.523380307675
4371.523380307675
4371.523380307675
4371.523380307675
4371.523380307675
4345.238231812158
4345.238231812158
4319.454203459941
4319.454203459941
4319.454203459941
4265.5656480466005
4255.238976924108
4147.229538827931
4143.11867202765
4086.1825014339433
4051.9476489680947
3982.0217055247585
3982.0217055247585
3939.9438325492183
3927.2009355926953
3920.7079574529344
3920.7079574529344
3878.735037159574
3829.090850737791
3776.193599456943
3756.152252143766
3756.152252143766
3739.901042285433
3710.18271317798
3699.0650764565853
3645.8172519826117
3636.7047089659286
3636.7047089659286
3636.7047089659286
3614.5877427097207
3608.1142650675733
3601.393246652337
3514.470616401094
3514.470616401094
3498.3342229220298
3480.1412976394768
3480.1412976394768
3480.1412976394768
3480.1412976394768
3480.1412976394768
3480.1412976394768
3470.4745613295154
3470.4745613295154
3470.4745613295154
3470.4745613295154
3470.329939736413
3470.329939736413
3435.623222482396
3380.5811811307617
3380.5811811307617
3376.0802973578707
3376.0802973578707
3376.0802973578707
3376.0802973578707
3315.9864493664895
3293.29919026173
3189.3697858221262
3189.3697858221262
3156.7194114752097
3156.7194114752097
3156.7194114752097
3133.062800927181
3050.2813691760293
3038.755643992775
3010.233967093723
3010.233967093723
2930.095501648651
2925.334603114976
2925.334603114976
2882.244306151212
2882.244306151212
2882.244306151212
2873.624157933393
2862.635677640565
2838.000512883667
2838.000512883667
2838.000512883667
2838.000512883667
2819.2291313967667
2790.539302659344
2756.1524517916246
2756.1524517916246
2756.1524517916246
2756.1524517916246
2756.1524517916246
2756.1524517916246
2677.425141918352
2655.977806451864
2655.977806451864
2655.977806451864
2655.977806451864
2565.4802654090167
2565.4802654090167
2508.217879420107
2439.8388186815096
2439.8388186815096
2348.085770062929
2348.085770062929
2348.085770062929
2308.018825105417
2290.570857545207
2290.570857545207
2273.4191354625345
2273.4191354625345
2259.2142599399435
2253.6776080962272
2241.06908023553
2241.06908023553
2241.06908023553
2241.06908023553
2241.06908023553
2204.995435150485
2204.995435150485
2153.294605919532
2153.294605919532
2153.294605919532
2153.294605919532
2127.5058559783206
2099.465070995855
2079.800220007136
2079.800220007136
2022.1438872179322
2022.1438872179322
1952.4929009033638
1938.933258377679
1938.933258377679
1933.9212994143513
1933.9212994143513
1933.9212994143513
1933.9212994143513
1920.8035078108085
1843.5378845247333
1776.7931130581655
1776.7931130581655
1776.7931130581655
1776.7931130581655
1776.7931130581655
1753.652049280005
1753.652049280005
1750.8517243361462
1746.4707565416725
1746.4707565416725
1746.4707565416725
1746.4707565416725
1746.4707565416725
1746.4707565416725
1728.539570120734
1728.539570120734
1728.539570120734
1701.5324446711713
1682.312258864689
1649.4819674108778
1649.4819674108778
1649.4819674108778
1634.5426335314546
1550.3407527505633
1550.3407527505633
1524.7775173384337
1497.4711284424754
1486.6938470760663
1478.448330030952
1432.8648087941444
1432.8648087941444
1432.8648087941444
1428.1819716715547
1396.674501240558
1396.674501240558
1396.674501240558
1394.7670272889675
1374.3871172455977
1374.3871172455977
1374.3871172455977
1343.2571753793993
1343.2571753793993
1343.2571753793993
1328.8956769889155
1300.6870670412216
1300.6870670412216
1295.221435031413
1240.4608582903402
1240.4608582903402
1240.4608582903402
1239.1689813970747
1186.3863074380922
1186.3863074380922
1161.6833137263511
1161.5963592306
1161.5963592306
1161.5963592306
1161.5963592306
1161.5963592306
1161.5963592306
1161.5963592306
1159.2827987849448
1154.1148302652082
1154.1148302652082
1154.1148302652082
1154.1148302652082
1089.0304511104507
1089.0304511104507
1073.6741182481996
1073.6741182481996
1073.6741182481996
1049.244408825325
1049.244408825325
1036.6848688968598
1036.6848688968598
1025.5035807737318
1025.5035807737318
1025.5035807737318
1025.5035807737318
1025.5035807737318
977.2750568214342
933.6583598130605
933.6583598130605
933.6583598130605
919.1132175101195
919.1132175101195
914.779023827216
914.779023827216
914.779023827216
914.779023827216
914.779023827216
914.779023827216
912.412498946822
912.412498946822
908.4658297776306
902.5813035215893
862.2760386461542
851.572908302405
851.572908302405
851.572908302405
837.0440372291733
837.0440372291733
837.0440372291733
837.0440372291733
837.0440372291733
837.0440372291733
837.0440372291733
837.0440372291733
813.3650506564027
800.9831032321266
755.6101062987274
755.6101062987274
730.4564508079295
722.2828872647427
722.2828872647427
718.5947436783986
718.2457388398163
718.2457388398163
691.5188607416471
691.5188607416471
691.5188607416471
691.5188607416471
691.5188607416471
691.5188607416471
691.5188607416471
691.5188607416471
650.2830251093233
650.2830251093233
621.8279742120519
621.8279742120519
621.8279742120519
621.8279742120519
621.8279742120519
602.124176722423
579.614257341148
579.614257341148
578.0380279193034
578.0380279193034
568.9039502912943
568.9039502912943
568.9039502912943
568.9039502912943
552.5814609283136
552.5814609283136
544.7234380957028
531.2040139126682
531.2040139126682
511.89668726922156
511.89668726922156
511.89668726922156
506.07105086886145
506.07105086886145
503.7160027188181
469.46834465902384
469.46834465902384
469.46834465902384
469.46834465902384
469.46834465902384
452.1733931427106
432.7443181598818
428.80043374757776
428.80043374757776
428.80043374757776
428.80043374757776
428.80043374757776
419.85746151000546
419.85746151000546
419.85746151000546
419.85746151000546
400.59456450198945
400.59456450198945
400.59456450198945
400.59456450198945
400.59456450198945
387.26071970145824
339.2424144726562
339.2424144726562
339.2424144726562
339.2424144726562
339.2424144726562
339.2424144726562
330.77381587283867
330.77381587283867
323.1497475482419
323.1497475482419
323.1497475482419
322.0859834889073
322.0859834889073
301.42236684520793
292.7368789373593
280.994129429621
272.5333237129373
265.60277396308373
265.60277396308373
265.60277396308373
265.60277396308373
264.58113829328755
249.87642328073449
249.87642328073449
238.64064256065805
238.3434347848959
212.24005348419482
200.2821961124919
198.03817868941357
198.03817868941357
188.03297281182267
188.03297281182267
188.03297281182267
173.55390464292154
162.54389648775518
162.54389648775518
156.52136551344782
156.52136551344782
156.52136551344782
144.45839494549753
144.11690546776586
137.18952504596953
137.18952504596953
137.18952504596953
134.02800817804442
134.02800817804442
127.45506234938419
127.45506234938419
127.45506234938419
127.45506234938419
118.34398857077876
115.29172430549704
115.29172430549704
115.29172430549704
115.29172430549704
115.08497819909557
112.58744896605798
112.57679726072429
98.86051930407469
98.86051930407469
98.86051930407469
98.86051930407469
90.7902237807001
90.7902237807001
90.7902237807001
89.16168624630873
89.16168624630873
89.16168624630873
89.16168624630873
79.35966817340524
79.35966817340524
79.35966817340524
79.35966817340524
79.35966817340524
76.76083811517447
73.04730975808559
73.04730975808559
71.08447238111253
71.08447238111253
70.45200182445882
70.45200182445882
53.371836624121414
53.371836624121414
53.371836624121414
51.50140453079972
51.50140453079972
51.50140453079972
51.50140453079972
51.50140453079972
51.50140453079972
51.50140453079972
51.50140453079972
47.82564859463814
47.82564859463814
47.82564859463814
45.412666217281945
45.412666217281945
41.8807226732339
34.19905091652353
28.446595419761685
28.446595419761685
28.446595419761685
27.042797037304144
20.961341225407466
20.961341225407466
20.961341225407466
13.054438754527503
13.054438754527503
13.054438754527503
13.054438754527503
13.054438754527503
9.32484445151932
9.32484445151932
9.32484445151932
9.32484445151932
8.790127336010958
7.99480913990836
7.99480913990836
7.99480913990836
7.99480913990836
6.156795763223567
4.970580856552971
4.970580856552971
4.970580856552971
4.970580856552971
4.970580856552971
4.058663346611324
3.6916817540445512
3.6916817540445512
2.5950934672624224
2.5950934672624224
2.5950934672624224
2.5950934672624224
2.5950934672624224
2.5950934672624224
2.5950934672624224
2.5950934672624224
2.5950934672624224
1.412750757462848
1.412750757462848
1.412750757462848
1.412750757462848
1.2850975298653928
1.2850975298653928
1.2850975298653928
1.2850975298653928
1.2850975298653928
1.2850975298653928
1.2850975298653928
1.2850975298653928
1.2850975298653928
1.2850975298653928
1.2850975298653928
1.2850975298653928
1.121778092080698
1.121778092080698
1.121778092080698
1.121778092080698
1.121778092080698
1.121778092080698
1.121778092080698
1.121778092080698
1.121778092080698
1.121778092080698
1.121778092080698
1.121778092080698
1.121778092080698
1.121778092080698
1.121778092080698
1.121778092080698
1.121778092080698
1.121778092080698
1.121778092080698
1.121778092080698
1.121778092080698
1.121778092080698
1.121778092080698
1.121778092080698
1.121778092080698
1.121778092080698
1.121778092080698
1.121778092080698
1.121778092080698
1.121778092080698
1.121778092080698
1.121778092080698
1.121778092080698
1.121778092080698
1.121778092080698
1.121778092080698
1.121778092080698
1.121778092080698
1.121778092080698
1.121778092080698
1.121778092080698
1.121778092080698
1.121778092080698
1.121778092080698
1.121778092080698
1.121778092080698
1.121778092080698
1.121778092080698
1.121778092080698
1.121778092080698
1.121778092080698
1.121778092080698
1.121778092080698
1.121778092080698
1.121778092080698
1.121778092080698
1.121778092080698
1.121778092080698
1.121778092080698
1.121778092080698
1.121778092080698
1.121778092080698
1.121778092080698
1.121778092080698
1.121778092080698
1.121778092080698
1.121778092080698
1.121778092080698
1.121778092080698
1.121778092080698
1.121778092080698
1.121778092080698
1.121778092080698
1.121778092080698
1.121778092080698
1.121778092080698
1.121778092080698
1.121778092080698
1.121778092080698
1.121778092080698
1.121778092080698
1.121778092080698
1.121778092080698
1.121778092080698
1.121778092080698
1.121778092080698
1.121778092080698
1.121778092080698
1.121778092080698
1.121778092080698
1.121778092080698
1.121778092080698
1.121778092080698
1.121778092080698
1.121778092080698
1.121778092080698
1.121778092080698
1.121778092080698
1.121778092080698
1.121778092080698
1.121778092080698
1.121778092080698
1.121778092080698
1.121778092080698
1.121778092080698
1.121778092080698
1.121778092080698
1.121778092080698
1.121778092080698
1.121778092080698
1.121778092080698
1.121778092080698
1.121778092080698
1.121778092080698
1.121778092080698
1.121778092080698
1.121778092080698
1.121778092080698
1.121778092080698
1.121778092080698
1.121778092080698
1.121778092080698
1.121778092080698
1.121778092080698
1.121778092080698
1.121778092080698
1.121778092080698
1.121778092080698
1.121778092080698
1.121778092080698
1.121778092080698
1.121778092080698
1.121778092080698
1.121778092080698
1.121778092080698
1.121778092080698
1.121778092080698
1.121778092080698
1.121778092080698
1.121778092080698
1.121778092080698
1.121778092080698
1.121778092080698
1.121778092080698
1.121778092080698
1.121778092080698
1.121778092080698
1.121778092080698
1.121778092080698
1.121778092080698
1.121778092080698
1.121778092080698
1.121778092080698
1.121778092080698
1.121778092080698
1.121778092080698
1.121778092080698
1.121778092080698
1.121778092080698
1.121778092080698
1.121778092080698
1.121778092080698
1.121778092080698
1.121778092080698
1.121778092080698
1.121778092080698
1.121778092080698
1.121778092080698
1.121778092080698
1.121778092080698
1.121778092080698
1.121778092080698
1.121778092080698
1.121778092080698
1.121778092080698
1.121778092080698
1.121778092080698
1.121778092080698
1.121778092080698
1.121778092080698
1.121778092080698
1.121778092080698
1.121778092080698
1.121778092080698
1.121778092080698
1.121778092080698
1.121778092080698
1.121778092080698
1.121778092080698
1.121778092080698
1.121778092080698
1.121778092080698
1.121778092080698
1.121778092080698
1.121778092080698
1.121778092080698
1.121778092080698
1.121778092080698
1.121778092080698
1.121778092080698
1.121778092080698
1.121778092080698
1.121778092080698
1.121778092080698
1.121778092080698
1.121778092080698
1.121778092080698
1.121778092080698
1.121778092080698
0.8793183565398995
0.8793183565398995
0.8793183565398995
0.8793183565398995
0.8793183565398995
0.8793183565398995
0.8793183565398995
0.8793183565398995
0.8793183565398995
0.8793183565398995
0.8793183565398995
0.8793183565398995
0.8793183565398995
0.8793183565398995
0.8793183565398995
0.8793183565398995
0.8793183565398995
0.8793183565398995
0.8793183565398995
0.8793183565398995
0.8793183565398995
0.8793183565398995
0.8793183565398995
0.8793183565398995
0.8793183565398995
0.8793183565398995
0.8793183565398995
0.8793183565398995
0.8793183565398995
0.8793183565398995
0.8793183565398995
0.8793183565398995
0.8793183565398995
0.8793183565398995
0.8793183565398995
0.8793183565398995
0.8793183565398995
0.8793183565398995
0.8793183565398995
0.8793183565398995
0.8793183565398995
0.8793183565398995
0.8793183565398995
0.8793183565398995
0.8793183565398995
0.8793183565398995
0.8793183565398995
0.8793183565398995
0.8793183565398995
0.8793183565398995
0.7974214152590383
0.7974214152590383
0.7974214152590383
0.7974214152590383
0.7974214152590383
0.7974214152590383
0.7974214152590383
0.7974214152590383
0.7974214152590383
0.7974214152590383
0.7974214152590383
0.7974214152590383
0.7974214152590383
0.7974214152590383
0.7974214152590383
0.7974214152590383
0.7974214152590383
0.7974214152590383
0.7974214152590383
0.7974214152590383
0.7974214152590383
0.7974214152590383
0.7974214152590383
0.7974214152590383
0.7974214152590383
0.7974214152590383
0.7974214152590383
0.7974214152590383
0.7974214152590383
0.7974214152590383
0.7974214152590383
0.7974214152590383
0.7974214152590383
0.7974214152590383
0.7974214152590383
0.7974214152590383
0.7974214152590383
0.7974214152590383
0.7974214152590383
0.7974214152590383
0.7974214152590383
0.7974214152590383
0.7974214152590383
0.7974214152590383
0.7974214152590383
0.7974214152590383
0.7974214152590383
0.7974214152590383
0.7974214152590383
0.7974214152590383
0.7974214152590383
0.7974214152590383
0.7974214152590383
0.7974214152590383
0.7974214152590383
0.7974214152590383
0.7974214152590383
0.7974214152590383
0.7974214152590383
0.7974214152590383
0.7974214152590383
0.7974214152590383
0.7974214152590383
0.7974214152590383
0.7974214152590383
0.7974214152590383
0.7974214152590383
0.7974214152590383
0.7974214152590383
0.7974214152590383
0.7974214152590383
0.7974214152590383
0.7974214152590383
0.7974214152590383
0.7974214152590383
0.7974214152590383
0.7974214152590383
0.7974214152590383
0.7974214152590383
0.7974214152590383
0.7974214152590383
0.7974214152590383
0.7974214152590383
0.7974214152590383
0.7974214152590383
0.7974214152590383
0.7974214152590383
0.7974214152590383
0.7974214152590383
0.7974214152590383
0.7974214152590383
0.7974214152590383
0.7974214152590383
0.7974214152590383
0.7974214152590383
0.7974214152590383
0.7974214152590383
0.7974214152590383
0.7974214152590383
0.7974214152590383
0.7974214152590383
0.7974214152590383
0.7974214152590383
0.7974214152590383
0.7974214152590383
0.7974214152590383
0.7974214152590383
0.7974214152590383
0.7974214152590383
0.7974214152590383
0.7974214152590383
0.7974214152590383
0.7974214152590383
0.7974214152590383
0.7974214152590383
0.7974214152590383
0.7974214152590383
0.7974214152590383
0.7974214152590383
0.7974214152590383
0.7974214152590383
0.7974214152590383
0.7974214152590383
0.7974214152590383
0.7974214152590383
0.7974214152590383
0.7974214152590383
0.7974214152590383
0.7974214152590383
0.7974214152590383
0.7974214152590383
0.7974214152590383
0.7974214152590383
0.7974214152590383
0.7974214152590383
0.7974214152590383
0.7974214152590383
0.7974214152590383
0.7974214152590383
0.7974214152590383
0.7974214152590383
0.7974214152590383
0.7974214152590383
0.7974214152590383
0.7974214152590383
0.7974214152590383
0.7974214152590383
0.7974214152590383
0.7974214152590383
0.7974214152590383
0.7974214152590383
0.7974214152590383
0.7974214152590383
0.7974214152590383
0.7974214152590383
0.7974214152590383
0.7974214152590383
0.7974214152590383
0.7974214152590383
0.7974214152590383
0.7974214152590383
0.7974214152590383
0.7974214152590383
0.7974214152590383
0.7974214152590383
0.7974214152590383
0.7974214152590383
0.7974214152590383
0.7974214152590383
0.7974214152590383
0.7974214152590383
0.7974214152590383
0.7974214152590383
0.7974214152590383
0.7974214152590383
0.7974214152590383
0.7974214152590383
0.7974214152590383
0.7974214152590383
0.7974214152590383
0.7974214152590383
0.7974214152590383
0.7974214152590383
0.7974214152590383
0.7974214152590383
0.7974214152590383
0.7974214152590383
0.7974214152590383
0.7974214152590383
0.7974214152590383
0.7974214152590383
0.7974214152590383
0.7974214152590383
0.7974214152590383
0.7974214152590383
0.7974214152590383
0.7974214152590383
0.7974214152590383
0.7974214152590383
0.7974214152590383
0.7974214152590383
0.7974214152590383
0.7974214152590383
0.7974214152590383
0.7974214152590383
0.7974214152590383
0.7974214152590383
0.7974214152590383
0.7974214152590383
0.7974214152590383
0.7974214152590383
0.7974214152590383
0.7974214152590383
0.7974214152590383
0.7974214152590383
0.7974214152590383
0.7974214152590383
0.7974214152590383
0.7974214152590383
0.7974214152590383
0.7974214152590383
0.7974214152590383
0.7974214152590383
0.7974214152590383
0.7974214152590383
0.7974214152590383
0.7974214152590383
0.7974214152590383
0.7974214152590383
0.7974214152590383
0.7974214152590383
0.7974214152590383
0.7974214152590383
0.7974214152590383
0.7974214152590383
0.7974214152590383
0.7974214152590383
0.7974214152590383
0.7974214152590383
0.7974214152590383
0.7974214152590383
0.7974214152590383
0.7974214152590383
0.7974214152590383
0.7974214152590383
0.7974214152590383
0.7974214152590383
0.7974214152590383
0.7974214152590383
0.7974214152590383
0.7974214152590383
0.7974214152590383
0.7974214152590383
0.7974214152590383
0.7974214152590383
0.7974214152590383
0.7974214152590383
0.7974214152590383
0.7974214152590383
0.7974214152590383
0.7974214152590383
0.7974214152590383
0.7974214152590383
0.7974214152590383
0.7974214152590383
0.7974214152590383
0.7974214152590383
0.7974214152590383
0.7974214152590383
0.7974214152590383
0.7974214152590383
0.7974214152590383
0.7974214152590383
0.7974214152590383
0.7974214152590383
0.7974214152590383
0.7974214152590383
0.7974214152590383
0.7974214152590383
0.7974214152590383
0.7974214152590383
0.7974214152590383
0.7974214152590383
0.7974214152590383
0.7974214152590383
0.7974214152590383
0.7974214152590383
0.7974214152590383
0.7974214152590383
0.7974214152590383
0.7974214152590383
0.7974214152590383
0.7974214152590383
0.7974214152590383
0.7974214152590383
0.7974214152590383
0.7974214152590383
0.7974214152590383
0.7974214152590383
0.7974214152590383
0.7974214152590383
0.7974214152590383
0.7974214152590383
0.7974214152590383
0.7974214152590383
0.7974214152590383
0.7974214152590383
0.7974214152590383
0.7974214152590383
0.7974214152590383
0.7974214152590383
0.7974214152590383
0.7974214152590383
0.7974214152590383
0.7974214152590383
0.7974214152590383
0.7974214152590383
0.7974214152590383
0.7974214152590383
0.7974214152590383
0.7974214152590383
0.7974214152590383
0.5345921338857897
0.5345921338857897
0.5345921338857897
0.5345921338857897
0.5345921338857897
0.5345921338857897
0.5345921338857897
0.5345921338857897
0.5345921338857897
0.5345921338857897
0.5345921338857897
0.5345921338857897
0.5345921338857897
0.5345921338857897
0.5345921338857897
0.5345921338857897
0.5345921338857897
0.5345921338857897
0.5345921338857897
0.5345921338857897
0.5345921338857897
0.5345921338857897
0.5345921338857897
0.5345921338857897
0.5345921338857897
0.5345921338857897
0.5345921338857897
0.5345921338857897
0.5345921338857897
0.5345921338857897
0.5345921338857897
0.5345921338857897
0.5345921338857897
0.5345921338857897
0.5345921338857897
0.5345921338857897
0.5345921338857897
0.5345921338857897
0.5345921338857897
0.5345921338857897
0.5345921338857897
0.5345921338857897
0.5345921338857897
0.5345921338857897
0.5345921338857897
0.5345921338857897
0.5345921338857897
0.5345921338857897
0.5345921338857897
0.5345921338857897
0.5345921338857897
0.5345921338857897
0.5345921338857897
0.5345921338857897
0.5345921338857897
0.5345921338857897
0.5345921338857897
0.5345921338857897
0.5345921338857897
0.5345921338857897
0.5345921338857897
0.5345921338857897
0.5345921338857897
0.5345921338857897
0.5345921338857897
0.5345921338857897
0.5345921338857897
0.5345921338857897
0.5345921338857897
0.5345921338857897
0.5345921338857897
0.5345921338857897
0.5345921338857897
0.5345921338857897
0.5345921338857897
0.5345921338857897
0.5345921338857897
0.5345921338857897
0.5345921338857897
0.5345921338857897
0.5345921338857897
0.5345921338857897
0.5345921338857897
0.5345921338857897
0.5345921338857897
0.5345921338857897
0.5345921338857897
0.5345921338857897
0.5345921338857897
0.5345921338857897
0.5345921338857897
0.5345921338857897
0.5345921338857897
0.5345921338857897
0.5345921338857897
0.5345921338857897
0.5345921338857897
0.5345921338857897
0.5345921338857897
0.5345921338857897
0.5345921338857897
0.5345921338857897
0.5345921338857897
0.5345921338857897
0.5345921338857897
0.5345921338857897
0.5345921338857897
0.5345921338857897
0.5345921338857897
0.5345921338857897
0.5345921338857897
0.5345921338857897
0.5345921338857897
0.5345921338857897
0.5345921338857897
0.5345921338857897
0.5345921338857897
0.5345921338857897
0.5345921338857897
0.5345921338857897
0.5345921338857897
0.5345921338857897
0.5345921338857897
0.5345921338857897
0.5345921338857897
0.5345921338857897
0.5345921338857897
0.5345921338857897
0.5345921338857897
0.5345921338857897
0.5345921338857897
0.5345921338857897
0.5345921338857897
0.5345921338857897
0.5345921338857897
0.5345921338857897
0.5345921338857897
0.5345921338857897
0.5345921338857897
0.5345921338857897
0.5345921338857897
0.5345921338857897
0.5345921338857897
0.5345921338857897
0.5345921338857897
0.5345921338857897
0.5345921338857897
0.5345921338857897
0.5345921338857897
0.5345921338857897
0.5345921338857897
0.5345921338857897
0.5345921338857897
0.5345921338857897
0.5345921338857897
0.5345921338857897
0.5345921338857897
0.5345921338857897
0.5345921338857897
0.5345921338857897
0.5345921338857897
0.5345921338857897
0.5345921338857897
0.5345921338857897
0.5345921338857897
0.5345921338857897
0.5345921338857897
0.5345921338857897
0.5345921338857897
0.5345921338857897
0.5345921338857897
0.5345921338857897
0.5345921338857897
0.5345921338857897
0.5345921338857897
0.5345921338857897
0.5345921338857897
0.5345921338857897
0.5345921338857897
0.5345921338857897
0.5345921338857897
0.5345921338857897
0.5345921338857897
0.5345921338857897
0.5345921338857897
0.5345921338857897
0.5345921338857897
0.5345921338857897
0.5345921338857897
0.5345921338857897
0.5345921338857897
0.5345921338857897
0.5345921338857897
0.5345921338857897
0.5345921338857897
0.5345921338857897
0.5345921338857897
0.5345921338857897
0.5345921338857897
0.5345921338857897
0.5345921338857897
0.5345921338857897
0.5345921338857897
0.5345921338857897
0.5345921338857897
0.5345921338857897
0.5345921338857897
0.5345921338857897
0.5345921338857897
0.5345921338857897
0.5345921338857897
0.5345921338857897
0.5345921338857897
0.5345921338857897
0.5345921338857897
0.5345921338857897
0.5345921338857897
0.5345921338857897
0.5345921338857897
0.5345921338857897
0.5345921338857897
0.5345921338857897
0.5345921338857897
0.5345921338857897
0.5345921338857897
0.5345921338857897
0.5345921338857897
0.5345921338857897
0.5345921338857897
0.5345921338857897
0.5345921338857897
0.5345921338857897
0.5345921338857897
0.5345921338857897
0.5345921338857897
0.5345921338857897
0.5345921338857897
0.5345921338857897
0.5345921338857897
0.5345921338857897
0.5345921338857897
0.5345921338857897
0.5345921338857897
0.5345921338857897
0.5345921338857897
0.5345921338857897
0.5345921338857897
0.5345921338857897
0.5345921338857897
0.5345921338857897
0.5345921338857897
0.5345921338857897
0.5345921338857897
0.5345921338857897
0.5345921338857897
0.5345921338857897
0.5345921338857897
0.5345921338857897
0.5345921338857897
0.5345921338857897
0.5345921338857897
0.5345921338857897
0.5345921338857897
0.5345921338857897
0.5345921338857897
0.5345921338857897
0.5345921338857897
0.5345921338857897
0.5345921338857897
0.5345921338857897
0.5345921338857897
0.5345921338857897
0.5345921338857897
0.5345921338857897
0.5345921338857897
0.5345921338857897
0.5345921338857897
0.5345921338857897
0.5345921338857897
0.5345921338857897
0.5345921338857897
0.5345921338857897
0.5345921338857897
0.5345921338857897
0.5345921338857897
0.5345921338857897
0.5345921338857897
0.5345921338857897
0.5345921338857897
0.5345921338857897
0.5345921338857897
0.5345921338857897
0.5345921338857897
0.5345921338857897
0.5345921338857897
0.5345921338857897
0.5345921338857897
0.5345921338857897
0.5345921338857897
0.5345921338857897
0.5345921338857897
0.5345921338857897
0.5345921338857897
0.5345921338857897
0.5345921338857897
0.5345921338857897
0.5345921338857897
0.5345921338857897
0.5345921338857897
0.5345921338857897
0.5345921338857897
0.5345921338857897
0.5345921338857897
0.5345921338857897
0.5345921338857897
0.5345921338857897
0.5345921338857897
0.5345921338857897
0.5345921338857897
0.5345921338857897
0.5345921338857897
0.5345921338857897
0.5345921338857897
0.5345921338857897
0.5345921338857897
0.5345921338857897
0.5345921338857897
0.5345921338857897
0.5345921338857897
0.5345921338857897
0.5345921338857897
0.5345921338857897
0.5345921338857897
0.5345921338857897
0.5345921338857897
0.5345921338857897
0.5345921338857897
0.5345921338857897
0.5345921338857897
0.5345921338857897
0.5345921338857897
0.5345921338857897
0.5345921338857897
0.5345921338857897
0.5345921338857897
0.5345921338857897
0.5345921338857897
0.5345921338857897
0.5345921338857897
0.5345921338857897
0.5345921338857897
0.5345921338857897
0.5345921338857897
0.5345921338857897
0.5345921338857897
0.5345921338857897
0.5345921338857897
0.5345921338857897
0.5345921338857897
0.5345921338857897
0.5345921338857897
0.5345921338857897
0.5345921338857897
0.5345921338857897
0.5345921338857897
0.5345921338857897
0.5345921338857897
0.5345921338857897
0.5345921338857897
0.5345921338857897
0.5345921338857897
0.5345921338857897
0.5345921338857897
0.5345921338857897
0.5345921338857897
0.5345921338857897
0.5345921338857897
0.5345921338857897
0.5345921338857897
0.5345921338857897
0.5345921338857897
0.5345921338857897
0.5345921338857897
0.5345921338857897
0.5092665119865989
0.5092665119865989
0.5092665119865989
0.5092665119865989
0.5092665119865989
0.5092665119865989
0.5092665119865989
0.5092665119865989
0.5092665119865989
0.5092665119865989
0.5092665119865989
0.5092665119865989
0.5092665119865989
0.5092665119865989
0.5092665119865989
0.5092665119865989
0.5092665119865989
0.5092665119865989
0.5092665119865989
0.5092665119865989
0.5092665119865989
0.5092665119865989
0.5092665119865989
0.5092665119865989
0.5092665119865989
0.5092665119865989
0.5092665119865989
0.5092665119865989
0.5092665119865989
0.5092665119865989
0.5092665119865989
0.5092665119865989
0.5092665119865989
0.5092665119865989
0.5092665119865989
0.5092665119865989
0.5092665119865989
0.5092665119865989
0.5092665119865989
0.5092665119865989
0.5092665119865989
0.5092665119865989
0.5092665119865989
0.5092665119865989
0.5092665119865989
0.5092665119865989
0.5092665119865989
0.5092665119865989
0.5092665119865989
0.5092665119865989
0.5092665119865989
0.5092665119865989
0.5092665119865989
0.5092665119865989
0.5092665119865989
0.5092665119865989
0.5092665119865989
0.5092665119865989
0.5092665119865989
0.5092665119865989
0.5092665119865989
0.5092665119865989
0.5092665119865989
0.5092665119865989
0.5092665119865989
0.5092665119865989
0.5092665119865989
0.5092665119865989
0.5092665119865989
0.5092665119865989
0.5092665119865989
0.5092665119865989
0.5092665119865989
0.5092665119865989
0.5092665119865989
0.5092665119865989
0.5092665119865989
0.5092665119865989
0.5092665119865989
0.5092665119865989
0.5092665119865989
0.5092665119865989
0.5092665119865989
0.5092665119865989
0.5092665119865989
0.5092665119865989
0.5092665119865989
0.5092665119865989
0.5092665119865989
0.5092665119865989
0.5092665119865989
0.5092665119865989
0.5092665119865989
0.5092665119865989
0.5092665119865989
0.5092665119865989
0.5092665119865989
0.5092665119865989
0.5092665119865989
0.5092665119865989
0.5092665119865989
0.5092665119865989
0.5092665119865989
0.5092665119865989
0.5092665119865989
0.5092665119865989
0.5092665119865989
0.5092665119865989
0.5092665119865989
0.5092665119865989
0.5092665119865989
0.5092665119865989
0.5092665119865989
0.5092665119865989
0.5092665119865989
0.5092665119865989
0.5092665119865989
0.5092665119865989
0.5092665119865989
0.5092665119865989
0.5092665119865989
0.5092665119865989
0.5092665119865989
0.5092665119865989
0.5092665119865989
0.5092665119865989
0.5092665119865989
0.5092665119865989
0.5092665119865989
0.5092665119865989
0.5092665119865989
0.5092665119865989
0.5092665119865989
0.5092665119865989
0.5092665119865989
0.5092665119865989
0.5092665119865989
0.5092665119865989
0.5092665119865989
0.5092665119865989
0.5092665119865989
0.5092665119865989
0.5092665119865989
0.5092665119865989
0.5092665119865989
0.5092665119865989
0.5092665119865989
0.5092665119865989
0.5092665119865989
0.5092665119865989
0.5092665119865989
0.5092665119865989
0.5092665119865989
0.5092665119865989
0.5092665119865989
0.5092665119865989
0.5092665119865989
0.5092665119865989
0.5092665119865989
0.5092665119865989
0.5092665119865989
0.5092665119865989
0.5092665119865989
0.5092665119865989
0.5092665119865989
0.5092665119865989
0.5092665119865989
0.5092665119865989
0.5092665119865989
0.5092665119865989
0.5092665119865989
0.5092665119865989
0.5092665119865989
0.5092665119865989
0.5092665119865989
0.5092665119865989
0.5092665119865989
0.5092665119865989
0.5092665119865989
0.5092665119865989
0.5092665119865989
0.5092665119865989
0.5092665119865989
0.5092665119865989
0.5092665119865989
0.5092665119865989
0.5092665119865989
0.5092665119865989
0.5092665119865989
0.5092665119865989
0.5092665119865989
0.5092665119865989
0.5092665119865989
0.5092665119865989
0.5092665119865989
0.5092665119865989
0.5092665119865989
0.5092665119865989
0.5092665119865989
0.5092665119865989
0.5092665119865989
0.5092665119865989
0.5092665119865989
0.5092665119865989
0.5092665119865989
0.5092665119865989
0.5092665119865989
0.5092665119865989
0.5092665119865989
0.5092665119865989
0.5092665119865989
0.5092665119865989
0.5092665119865989
0.5092665119865989
0.5092665119865989
0.5092665119865989
0.5092665119865989
0.5092665119865989
0.5092665119865989
0.5092665119865989
0.5092665119865989
0.5092665119865989
0.5092665119865989
0.5092665119865989
0.5092665119865989
0.5092665119865989
0.5092665119865989
0.5092665119865989
0.5092665119865989
0.5092665119865989
0.5092665119865989
0.5092665119865989
0.5092665119865989
0.5092665119865989
0.5092665119865989
0.5092665119865989
0.5092665119865989
0.5092665119865989
0.5092665119865989
0.5092665119865989
0.5092665119865989
0.5092665119865989
0.5092665119865989
0.5092665119865989
0.5092665119865989
0.5092665119865989
0.5092665119865989
0.5092665119865989
0.5092665119865989
0.5092665119865989
0.5092665119865989
0.5092665119865989
0.5092665119865989
0.5092665119865989
0.5092665119865989
0.5092665119865989
0.5092665119865989
0.5092665119865989
0.5092665119865989
0.5092665119865989
0.5092665119865989
0.5092665119865989
0.5092665119865989
0.5092665119865989
0.5092665119865989
0.5092665119865989
0.5092665119865989
0.5092665119865989
0.5092665119865989
0.5092665119865989
0.5092665119865989
0.5092665119865989
0.5092665119865989
0.5092665119865989
0.5092665119865989
0.5092665119865989
0.5092665119865989
0.5092665119865989
0.5092665119865989
0.5092665119865989
0.5092665119865989
0.5092665119865989
0.5092665119865989
0.5092665119865989
0.5092665119865989
0.5092665119865989
0.5092665119865989
0.5092665119865989
0.5092665119865989
0.5092665119865989
0.5092665119865989
0.5092665119865989
0.5092665119865989
0.5092665119865989
0.5092665119865989
0.5092665119865989
0.5092665119865989
0.5092665119865989
0.5092665119865989
0.5092665119865989
0.5092665119865989
0.5092665119865989
0.5092665119865989
0.5092665119865989
0.5092665119865989
0.5092665119865989
0.5092665119865989
0.5092665119865989
0.5092665119865989
0.5092665119865989
0.5092665119865989
0.5092665119865989
0.5092665119865989
0.5092665119865989
0.5092665119865989
0.5092665119865989
0.5092665119865989
0.5092665119865989
0.5092665119865989
0.5092665119865989
0.5092665119865989
0.5092665119865989
0.5092665119865989
0.5092665119865989
0.5092665119865989
0.5092665119865989
0.5092665119865989
0.5092665119865989
0.5092665119865989
0.5092665119865989
0.5092665119865989
0.5092665119865989
0.5092665119865989
0.5092665119865989
0.5092665119865989
0.5092665119865989
0.5092665119865989
0.5092665119865989
0.5092665119865989
0.5092665119865989
0.5092665119865989
0.5092665119865989
0.5092665119865989
0.5092665119865989
0.5092665119865989
0.5092665119865989
0.5092665119865989
0.5092665119865989
0.5092665119865989
0.5092665119865989
0.5092665119865989
0.5092665119865989
0.5092665119865989
0.5092665119865989
0.5092665119865989
0.5092665119865989
0.5092665119865989
0.5092665119865989
0.5092665119865989
0.5092665119865989
0.5092665119865989
0.5092665119865989
0.5092665119865989
0.5092665119865989
0.5092665119865989
0.5092665119865989
0.5092665119865989
0.5092665119865989
0.5092665119865989
0.5092665119865989
0.5092665119865989
0.5092665119865989
0.5092665119865989
0.5092665119865989
0.5092665119865989
0.5092665119865989
0.5092665119865989
0.5092665119865989
0.5092665119865989
0.5092665119865989
0.5092665119865989
0.5092665119865989
0.5092665119865989
0.5092665119865989
0.5092665119865989
0.5092665119865989
0.5092665119865989
0.5092665119865989
0.5092665119865989
0.5092665119865989
0.5092665119865989
0.5092665119865989
0.5092665119865989
0.5092665119865989
0.5092665119865989
0.5092665119865989
0.5092665119865989
0.5092665119865989
0.5092665119865989
0.5092665119865989
0.5092665119865989
0.488781733496015
0.488781733496015
0.488781733496015
0.488781733496015
0.488781733496015
0.488781733496015
0.488781733496015
0.488781733496015
0.488781733496015
0.488781733496015
0.488781733496015
0.488781733496015
0.488781733496015
0.488781733496015
0.488781733496015
0.488781733496015
0.488781733496015
0.488781733496015
0.488781733496015
0.488781733496015
0.488781733496015
0.488781733496015
0.488781733496015
0.488781733496015
0.488781733496015
0.488781733496015
0.488781733496015
0.488781733496015
0.488781733496015
0.488781733496015
0.488781733496015
0.488781733496015
0.488781733496015
0.488781733496015
0.488781733496015
0.488781733496015
0.488781733496015
0.488781733496015
0.488781733496015
0.488781733496015
0.488781733496015
0.488781733496015
0.488781733496015
0.488781733496015
0.488781733496015
0.488781733496015
0.488781733496015
0.488781733496015
0.488781733496015
0.488781733496015
0.488781733496015
0.488781733496015
0.488781733496015
0.488781733496015
0.488781733496015
0.488781733496015
0.488781733496015
0.488781733496015
0.488781733496015
0.488781733496015
0.488781733496015
0.488781733496015
0.488781733496015
0.488781733496015
0.488781733496015
0.488781733496015
0.488781733496015
0.488781733496015
0.488781733496015
0.488781733496015
0.488781733496015
0.488781733496015
0.488781733496015
0.488781733496015
0.488781733496015
0.488781733496015
0.488781733496015
0.488781733496015
0.488781733496015
0.488781733496015
0.488781733496015
0.488781733496015
0.488781733496015
0.488781733496015
0.488781733496015
0.488781733496015
0.488781733496015
0.488781733496015
0.488781733496015
0.488781733496015
0.488781733496015
0.488781733496015
0.488781733496015
0.488781733496015
0.488781733496015
0.488781733496015
0.488781733496015
0.488781733496015
0.488781733496015
0.488781733496015
0.488781733496015
0.488781733496015
0.488781733496015
0.488781733496015
0.488781733496015
0.488781733496015
0.488781733496015
0.488781733496015
0.488781733496015
0.488781733496015
0.488781733496015
0.488781733496015
0.488781733496015
0.488781733496015
0.488781733496015
0.488781733496015
0.488781733496015
0.488781733496015
0.488781733496015
0.488781733496015
0.488781733496015
0.488781733496015
0.488781733496015
0.488781733496015
0.488781733496015
0.488781733496015
0.488781733496015
0.488781733496015
0.488781733496015
0.488781733496015
0.488781733496015
0.488781733496015
0.488781733496015
0.488781733496015
0.488781733496015
0.488781733496015
0.488781733496015
0.488781733496015
0.488781733496015
0.488781733496015
0.488781733496015
0.488781733496015
0.488781733496015
0.488781733496015
0.488781733496015
0.488781733496015
0.488781733496015
0.488781733496015
0.488781733496015
0.488781733496015
0.488781733496015
0.488781733496015
0.488781733496015
0.488781733496015
0.488781733496015
0.488781733496015
0.488781733496015
0.488781733496015
0.488781733496015
0.488781733496015
0.488781733496015
0.488781733496015
0.488781733496015
0.488781733496015
0.488781733496015
0.488781733496015
0.488781733496015
0.488781733496015
0.488781733496015
0.488781733496015
0.488781733496015
0.488781733496015
0.488781733496015
0.488781733496015
0.488781733496015
0.488781733496015
0.488781733496015
0.488781733496015
0.488781733496015
0.488781733496015
0.488781733496015
0.488781733496015
0.488781733496015
0.488781733496015
0.488781733496015
0.488781733496015
0.488781733496015
0.488781733496015
0.488781733496015
0.488781733496015
0.488781733496015
0.488781733496015
0.488781733496015
0.488781733496015
0.488781733496015
0.488781733496015
0.488781733496015
0.488781733496015
0.488781733496015
0.488781733496015
0.488781733496015
0.488781733496015
0.488781733496015
0.488781733496015
0.488781733496015
0.488781733496015
0.488781733496015
0.488781733496015
0.488781733496015
0.488781733496015
0.488781733496015
0.488781733496015
0.488781733496015
0.488781733496015
0.488781733496015
0.488781733496015
0.488781733496015
0.488781733496015
0.488781733496015
0.488781733496015
0.488781733496015
0.488781733496015
0.488781733496015
0.488781733496015
0.488781733496015
0.488781733496015
0.488781733496015
0.488781733496015
0.488781733496015
0.488781733496015
0.488781733496015
0.488781733496015
0.488781733496015
0.488781733496015
0.488781733496015
0.488781733496015
0.488781733496015
0.488781733496015
0.488781733496015
0.488781733496015
0.488781733496015
0.488781733496015
0.488781733496015
0.488781733496015
0.488781733496015
0.488781733496015
0.488781733496015
0.488781733496015
0.488781733496015
0.488781733496015
0.488781733496015
0.488781733496015
0.488781733496015
0.488781733496015
0.488781733496015
0.488781733496015
0.488781733496015
0.488781733496015
0.488781733496015
0.488781733496015
0.488781733496015
0.488781733496015
0.488781733496015
0.488781733496015
0.488781733496015
0.488781733496015
0.488781733496015
0.488781733496015
0.488781733496015
0.488781733496015
0.488781733496015
0.488781733496015
0.488781733496015
0.488781733496015
0.488781733496015
0.488781733496015
0.488781733496015
0.488781733496015
0.488781733496015
0.488781733496015
0.488781733496015
0.488781733496015
0.488781733496015
0.488781733496015
0.488781733496015
0.488781733496015
0.488781733496015
0.488781733496015
0.488781733496015
0.488781733496015
0.488781733496015
0.488781733496015
0.488781733496015
0.488781733496015
0.488781733496015
0.488781733496015
0.488781733496015
0.488781733496015
0.488781733496015
0.488781733496015
0.488781733496015
0.488781733496015
0.488781733496015
0.488781733496015
0.488781733496015
0.488781733496015
0.488781733496015
0.488781733496015
0.488781733496015
0.488781733496015
0.488781733496015
0.488781733496015
0.488781733496015
0.488781733496015
0.488781733496015
0.488781733496015
0.488781733496015
0.488781733496015
0.488781733496015
0.488781733496015
0.488781733496015
0.488781733496015
0.488781733496015
0.488781733496015
0.488781733496015
0.488781733496015
0.488781733496015
0.488781733496015
0.488781733496015
0.488781733496015
0.488781733496015
0.488781733496015
0.488781733496015
0.488781733496015
0.488781733496015
0.488781733496015
0.488781733496015
0.488781733496015
0.488781733496015
0.488781733496015
0.488781733496015
0.488781733496015
0.488781733496015
0.488781733496015
0.488781733496015
0.488781733496015
0.488781733496015
0.488781733496015
0.488781733496015
0.488781733496015
0.488781733496015
0.488781733496015
0.488781733496015
0.488781733496015
0.488781733496015
0.488781733496015
0.488781733496015
0.488781733496015
0.488781733496015
0.488781733496015
0.488781733496015
0.488781733496015
0.488781733496015
0.488781733496015
0.488781733496015
0.488781733496015
0.488781733496015
0.488781733496015
0.488781733496015
0.488781733496015
0.488781733496015
0.488781733496015
0.488781733496015
0.488781733496015
0.488781733496015
0.488781733496015
0.488781733496015
0.488781733496015
0.488781733496015
0.488781733496015
0.488781733496015
0.488781733496015
0.488781733496015
0.488781733496015
0.488781733496015
0.488781733496015
0.488781733496015
0.488781733496015
0.488781733496015
0.488781733496015
0.488781733496015
0.488781733496015
0.488781733496015
0.488781733496015
0.488781733496015
0.488781733496015
0.488781733496015
0.488781733496015
0.488781733496015
0.488781733496015
0.488781733496015
0.488781733496015
0.488781733496015
0.488781733496015
0.488781733496015
0.488781733496015
0.488781733496015
0.488781733496015
0.488781733496015
0.488781733496015
0.488781733496015
0.488781733496015
0.488781733496015
0.488781733496015
0.488781733496015
0.488781733496015
0.488781733496015
0.488781733496015
0.488781733496015
0.488781733496015
0.488781733496015
0.488781733496015
0.488781733496015
0.488781733496015
0.488781733496015
0.488781733496015
0.488781733496015
0.488781733496015
0.488781733496015
0.488781733496015
0.488781733496015
0.488781733496015
0.488781733496015
0.488781733496015
0.488781733496015
0.488781733496015
0.488781733496015
0.488781733496015
0.488781733496015
0.488781733496015
0.488781733496015
0.488781733496015
0.488781733496015
0.488781733496015
0.488781733496015
0.488781733496015
0.488781733496015
0.488781733496015
0.488781733496015
0.488781733496015
0.488781733496015
0.488781733496015
0.488781733496015
0.488781733496015
0.488781733496015
0.488781733496015
0.488781733496015
0.488781733496015
0.488781733496015
0.488781733496015
0.488781733496015
0.488781733496015
0.488781733496015
0.488781733496015
0.488781733496015
0.488781733496015
0.488781733496015
0.488781733496015
0.488781733496015
0.488781733496015
0.488781733496015
0.488781733496015
0.488781733496015
0.488781733496015
0.488781733496015
0.488781733496015
0.488781733496015
0.488781733496015
0.488781733496015
0.488781733496015
0.488781733496015
0.488781733496015
0.488781733496015
0.488781733496015
0.488781733496015
0.488781733496015
0.488781733496015
0.488781733496015
0.488781733496015
0.488781733496015
0.488781733496015
0.488781733496015
0.488781733496015
0.488781733496015
0.488781733496015
0.488781733496015
0.488781733496015
0.488781733496015
0.488781733496015
0.488781733496015
0.488781733496015
0.488781733496015
0.488781733496015
0.488781733496015
0.488781733496015
0.488781733496015
0.488781733496015
0.488781733496015
0.488781733496015
0.488781733496015
0.488781733496015
0.488781733496015
0.488781733496015
0.488781733496015
0.488781733496015
0.488781733496015
0.488781733496015
0.488781733496015
0.488781733496015
0.488781733496015
0.488781733496015
0.488781733496015
0.488781733496015
0.488781733496015
0.488781733496015
0.488781733496015
0.488781733496015
0.488781733496015
0.488781733496015
0.488781733496015
0.488781733496015
0.488781733496015
0.488781733496015
0.488781733496015
0.488781733496015
0.488781733496015
0.488781733496015
0.488781733496015
0.488781733496015
0.488781733496015
0.488781733496015
0.488781733496015
0.488781733496015
0.488781733496015
0.488781733496015
0.488781733496015
0.488781733496015
0.488781733496015
0.488781733496015
0.488781733496015
0.488781733496015
0.488781733496015
0.488781733496015
0.488781733496015
0.488781733496015
0.488781733496015
0.488781733496015
0.488781733496015
0.488781733496015
0.488781733496015
0.488781733496015
0.488781733496015
0.488781733496015
0.488781733496015
0.488781733496015
0.488781733496015
0.488781733496015
0.488781733496015
0.488781733496015
0.488781733496015
0.488781733496015
0.488781733496015
0.488781733496015
0.488781733496015
0.488781733496015
0.488781733496015
0.488781733496015
0.488781733496015
0.488781733496015
0.488781733496015
0.488781733496015
0.488781733496015
0.488781733496015
0.488781733496015
0.488781733496015
0.488781733496015
0.488781733496015
0.488781733496015
0.488781733496015
0.488781733496015
0.488781733496015
0.488781733496015
0.488781733496015
0.488781733496015
0.488781733496015
0.488781733496015
0.488781733496015
0.488781733496015
0.488781733496015
0.488781733496015
0.488781733496015
0.488781733496015
0.488781733496015
0.488781733496015
0.488781733496015
0.488781733496015
0.488781733496015
0.488781733496015
0.488781733496015
0.488781733496015
0.488781733496015
0.488781733496015
0.488781733496015
0.488781733496015
0.488781733496015
0.488781733496015
0.488781733496015
0.488781733496015
0.488781733496015
0.488781733496015
0.488781733496015
0.488781733496015
0.488781733496015
0.488781733496015
0.488781733496015
0.488781733496015
0.488781733496015
0.488781733496015
0.488781733496015
0.488781733496015
0.488781733496015
0.488781733496015
0.488781733496015
0.488781733496015
0.488781733496015
0.488781733496015
0.488781733496015
0.488781733496015
0.488781733496015
0.488781733496015
0.488781733496015
0.488781733496015
0.488781733496015
0.488781733496015
0.488781733496015
0.488781733496015
0.488781733496015
0.488781733496015
0.488781733496015
0.488781733496015
0.488781733496015
0.488781733496015
0.488781733496015
0.488781733496015
0.488781733496015
0.488781733496015
0.488781733496015
0.488781733496015
0.488781733496015
0.488781733496015
0.488781733496015
0.488781733496015
0.488781733496015
0.488781733496015
0.488781733496015
0.488781733496015
0.488781733496015
0.488781733496015
0.488781733496015
0.488781733496015
0.488781733496015
0.488781733496015
0.488781733496015
0.488781733496015
0.488781733496015
0.488781733496015
0.488781733496015
0.488781733496015
0.488781733496015
0.488781733496015
0.488781733496015
0.488781733496015
0.488781733496015
0.488781733496015
0.488781733496015
0.488781733496015
0.488781733496015
0.488781733496015
0.488781733496015
0.488781733496015
0.488781733496015
0.488781733496015
0.488781733496015
0.488781733496015
0.488781733496015
0.488781733496015
0.488781733496015
0.488781733496015
0.488781733496015
0.488781733496015
0.488781733496015
0.488781733496015
0.488781733496015
0.488781733496015
0.488781733496015
0.488781733496015
0.488781733496015
0.488781733496015
0.488781733496015
0.488781733496015
0.488781733496015
0.488781733496015
0.488781733496015
0.488781733496015
0.488781733496015
0.488781733496015
0.488781733496015
0.488781733496015
0.488781733496015
0.488781733496015
0.488781733496015
0.488781733496015
0.488781733496015
0.488781733496015
0.488781733496015
0.488781733496015
0.488781733496015
0.488781733496015
0.488781733496015
0.488781733496015
0.488781733496015
0.488781733496015
0.488781733496015
0.488781733496015
0.488781733496015
0.488781733496015
0.488781733496015
0.488781733496015
0.488781733496015
0.488781733496015
0.488781733496015
0.488781733496015
0.488781733496015
0.488781733496015
0.488781733496015
0.488781733496015
0.488781733496015
0.488781733496015
0.488781733496015
0.488781733496015
0.488781733496015
0.488781733496015
0.488781733496015
0.488781733496015
0.488781733496015
0.488781733496015
0.488781733496015
0.488781733496015
0.488781733496015
0.488781733496015
0.488781733496015
0.488781733496015
0.488781733496015
0.488781733496015
0.488781733496015
0.488781733496015
0.488781733496015
0.488781733496015
0.488781733496015
0.488781733496015
0.488781733496015
0.488781733496015
0.488781733496015
0.488781733496015
0.488781733496015
0.488781733496015
0.488781733496015
0.488781733496015
0.488781733496015
0.488781733496015
0.488781733496015
0.488781733496015
0.488781733496015
0.488781733496015
0.488781733496015
0.488781733496015
0.488781733496015
0.488781733496015
0.488781733496015
0.488781733496015
0.488781733496015
0.488781733496015
0.488781733496015
0.488781733496015
0.488781733496015
0.488781733496015
0.488781733496015
0.488781733496015
0.488781733496015
0.488781733496015
0.488781733496015
0.488781733496015
0.488781733496015
0.488781733496015
0.488781733496015
0.488781733496015
0.488781733496015
0.488781733496015
0.488781733496015
0.488781733496015
0.488781733496015
0.488781733496015
0.488781733496015
0.488781733496015
0.488781733496015
0.488781733496015
0.488781733496015
0.488781733496015
0.488781733496015
0.488781733496015
0.488781733496015
0.488781733496015
0.488781733496015
0.488781733496015
0.488781733496015
0.488781733496015
0.488781733496015
0.488781733496015
0.488781733496015
0.488781733496015
0.488781733496015
0.488781733496015
0.488781733496015
0.488781733496015
0.488781733496015
0.488781733496015
0.488781733496015
0.488781733496015
0.488781733496015
0.488781733496015
0.488781733496015
0.488781733496015
0.488781733496015
0.488781733496015
0.488781733496015
0.488781733496015
0.488781733496015
0.488781733496015
0.488781733496015
0.488781733496015
0.488781733496015
0.488781733496015
0.488781733496015
0.488781733496015
0.488781733496015
0.488781733496015
0.488781733496015
0.488781733496015
0.488781733496015
0.488781733496015
0.488781733496015
0.488781733496015
0.488781733496015
0.488781733496015
0.488781733496015
0.488781733496015
0.488781733496015
0.488781733496015
0.488781733496015
0.488781733496015
0.488781733496015
0.488781733496015
0.488781733496015
0.488781733496015
0.488781733496015
0.488781733496015
0.488781733496015
0.488781733496015
0.488781733496015
0.488781733496015
0.488781733496015
0.488781733496015
0.488781733496015
0.488781733496015
0.488781733496015
0.488781733496015
0.488781733496015
0.488781733496015
0.488781733496015
0.488781733496015
0.488781733496015
0.488781733496015
0.488781733496015
0.488781733496015
0.488781733496015
0.488781733496015
0.488781733496015
0.488781733496015
0.488781733496015
0.488781733496015
0.488781733496015
0.488781733496015
0.488781733496015
0.488781733496015
0.488781733496015
0.488781733496015
0.488781733496015
0.488781733496015
0.488781733496015
0.488781733496015
0.488781733496015
0.488781733496015
0.488781733496015
0.488781733496015
0.488781733496015
0.488781733496015
0.488781733496015
0.488781733496015
0.488781733496015
0.488781733496015
0.488781733496015
0.488781733496015
0.488781733496015
0.488781733496015
0.488781733496015
0.488781733496015
0.488781733496015
0.488781733496015
0.488781733496015
0.488781733496015
0.488781733496015
0.488781733496015
0.488781733496015
0.488781733496015
0.488781733496015
0.488781733496015
0.488781733496015
0.488781733496015
0.488781733496015
0.488781733496015
0.488781733496015
0.488781733496015
0.488781733496015
0.488781733496015
0.488781733496015
0.488781733496015
0.488781733496015
0.488781733496015
0.488781733496015
0.488781733496015
0.488781733496015
0.488781733496015
0.488781733496015
0.488781733496015
0.488781733496015
0.488781733496015
0.488781733496015
0.488781733496015
0.488781733496015
0.488781733496015
0.488781733496015
0.488781733496015
0.488781733496015
0.488781733496015
0.488781733496015
0.488781733496015
0.488781733496015
0.488781733496015
0.488781733496015
0.488781733496015
0.488781733496015
0.488781733496015
0.488781733496015
0.488781733496015
0.488781733496015
0.488781733496015
0.488781733496015
0.488781733496015
0.488781733496015
0.488781733496015
0.488781733496015
0.488781733496015
0.488781733496015
0.488781733496015
0.488781733496015
0.488781733496015
0.488781733496015
0.488781733496015
0.488781733496015
0.488781733496015
0.488781733496015
0.488781733496015
0.488781733496015
0.488781733496015
0.488781733496015
0.488781733496015
0.488781733496015
0.488781733496015
0.488781733496015
0.488781733496015
0.488781733496015
0.488781733496015
0.488781733496015
0.488781733496015
0.488781733496015
0.488781733496015
0.488781733496015
0.488781733496015
0.488781733496015
0.488781733496015
0.488781733496015
0.488781733496015
0.488781733496015
0.488781733496015
0.488781733496015
0.488781733496015
0.488781733496015
0.488781733496015
0.488781733496015
0.488781733496015
0.488781733496015
0.488781733496015
0.488781733496015
0.488781733496015
0.488781733496015
0.488781733496015
0.488781733496015
0.488781733496015
0.488781733496015
0.488781733496015
0.488781733496015
0.488781733496015
0.488781733496015
0.488781733496015
0.488781733496015
0.488781733496015
0.488781733496015
0.488781733496015
0.488781733496015
0.488781733496015
0.488781733496015
0.488781733496015
0.488781733496015
0.488781733496015
0.488781733496015
0.488781733496015
0.488781733496015
0.488781733496015
0.488781733496015
0.488781733496015
0.488781733496015
0.488781733496015
0.488781733496015
0.488781733496015
0.488781733496015
0.488781733496015
0.488781733496015
0.488781733496015
0.488781733496015
0.488781733496015
0.488781733496015
0.488781733496015
0.488781733496015
0.488781733496015
0.488781733496015
0.488781733496015
0.488781733496015
0.488781733496015
0.488781733496015
0.488781733496015
0.488781733496015
0.488781733496015
0.488781733496015
0.488781733496015
0.488781733496015
0.488781733496015
0.488781733496015
0.488781733496015
0.488781733496015
0.488781733496015
0.488781733496015
0.488781733496015
0.488781733496015
0.488781733496015
0.488781733496015
0.488781733496015
0.488781733496015
0.488781733496015
0.488781733496015
0.488781733496015
0.488781733496015
0.488781733496015
0.488781733496015
0.488781733496015
0.488781733496015
0.488781733496015
0.488781733496015
0.488781733496015
0.488781733496015
0.488781733496015
0.488781733496015
0.488781733496015
0.488781733496015
0.488781733496015
0.488781733496015
0.488781733496015
0.488781733496015
0.488781733496015
0.488781733496015
0.488781733496015
0.488781733496015
0.488781733496015
0.488781733496015
0.488781733496015
0.488781733496015
0.488781733496015
0.488781733496015
0.488781733496015
0.488781733496015
0.488781733496015
0.488781733496015
0.488781733496015
0.488781733496015
0.488781733496015
0.488781733496015
0.488781733496015
0.488781733496015
0.488781733496015
0.488781733496015
0.488781733496015
0.488781733496015
0.488781733496015
0.488781733496015
0.488781733496015
0.488781733496015
0.488781733496015
0.488781733496015
0.488781733496015
0.488781733496015
0.488781733496015
0.488781733496015
0.488781733496015
0.488781733496015
0.488781733496015
0.488781733496015
0.488781733496015
0.488781733496015
0.488781733496015
0.488781733496015
0.488781733496015
0.488781733496015
0.488781733496015
0.488781733496015
0.488781733496015
0.488781733496015
0.488781733496015
0.488781733496015
0.488781733496015
0.488781733496015
0.488781733496015
0.488781733496015
0.488781733496015
0.488781733496015
0.488781733496015
0.488781733496015
0.488781733496015
0.488781733496015
0.488781733496015
0.488781733496015
0.488781733496015
0.488781733496015
0.488781733496015
0.488781733496015
0.488781733496015
0.488781733496015
0.488781733496015
0.488781733496015
0.488781733496015
0.488781733496015
0.488781733496015
0.488781733496015
0.488781733496015
0.488781733496015
0.488781733496015
0.488781733496015
0.488781733496015
0.488781733496015
0.488781733496015
0.488781733496015
0.488781733496015
0.488781733496015
0.488781733496015
0.488781733496015
0.488781733496015
0.488781733496015
0.488781733496015
0.488781733496015
0.488781733496015
0.488781733496015
0.488781733496015
0.488781733496015
0.488781733496015
0.488781733496015
0.488781733496015
0.488781733496015
0.488781733496015
0.488781733496015
0.488781733496015
0.488781733496015
0.488781733496015
0.488781733496015
0.488781733496015
0.488781733496015
0.488781733496015
0.488781733496015
0.488781733496015
0.488781733496015
0.488781733496015
0.488781733496015
0.488781733496015
0.488781733496015
0.488781733496015
0.488781733496015
0.488781733496015
0.488781733496015
0.488781733496015
0.488781733496015
0.488781733496015
0.488781733496015
0.488781733496015
0.488781733496015
0.488781733496015
0.488781733496015
0.488781733496015
0.488781733496015
0.488781733496015
0.488781733496015
0.488781733496015
0.488781733496015
0.488781733496015
0.488781733496015
0.488781733496015
0.488781733496015
0.488781733496015
0.488781733496015
0.488781733496015
0.488781733496015
0.488781733496015
0.488781733496015
0.488781733496015
0.488781733496015
0.488781733496015
0.488781733496015
0.488781733496015
0.488781733496015
0.488781733496015
0.488781733496015
0.488781733496015
0.488781733496015
0.488781733496015
0.488781733496015
0.488781733496015
0.488781733496015
0.488781733496015
0.488781733496015
0.488781733496015
0.488781733496015
0.488781733496015
0.488781733496015
0.488781733496015
0.488781733496015
0.488781733496015
0.488781733496015
0.488781733496015
0.488781733496015
0.488781733496015
0.488781733496015
0.488781733496015
0.488781733496015
0.488781733496015
0.488781733496015
0.488781733496015
0.488781733496015
0.488781733496015
0.488781733496015
0.488781733496015
0.488781733496015
0.488781733496015
0.488781733496015
0.488781733496015
0.488781733496015
0.488781733496015
0.488781733496015
0.488781733496015
0.488781733496015
0.488781733496015
0.488781733496015
0.488781733496015
0.488781733496015
0.488781733496015
0.488781733496015
0.488781733496015
0.488781733496015
0.488781733496015
0.488781733496015
0.488781733496015
0.488781733496015
0.488781733496015
0.488781733496015
0.488781733496015
0.488781733496015
0.488781733496015
0.488781733496015
0.488781733496015
0.488781733496015
0.488781733496015
0.488781733496015
0.488781733496015
0.488781733496015
0.488781733496015
0.488781733496015
0.488781733496015
0.488781733496015
0.488781733496015
0.488781733496015
0.488781733496015
0.488781733496015
0.488781733496015
0.488781733496015
0.488781733496015
0.488781733496015
0.488781733496015
0.488781733496015
0.488781733496015
0.488781733496015
0.488781733496015
0.488781733496015
0.488781733496015
0.488781733496015
0.488781733496015
0.488781733496015
0.488781733496015
0.488781733496015
0.488781733496015
0.488781733496015
0.488781733496015
0.488781733496015
0.488781733496015
0.488781733496015
0.488781733496015
0.488781733496015
0.488781733496015
0.488781733496015
0.488781733496015
0.488781733496015
0.488781733496015
0.488781733496015
0.488781733496015
0.488781733496015
0.488781733496015
0.488781733496015
0.488781733496015
0.488781733496015
0.488781733496015
0.488781733496015
0.488781733496015
0.488781733496015
0.488781733496015
0.488781733496015
0.488781733496015
0.488781733496015
0.488781733496015
0.488781733496015
0.488781733496015
0.488781733496015
0.488781733496015
0.488781733496015
0.488781733496015
0.488781733496015
0.488781733496015
0.488781733496015
0.488781733496015
0.488781733496015
0.488781733496015
0.488781733496015
0.488781733496015
0.488781733496015
0.488781733496015
0.488781733496015
0.488781733496015
0.488781733496015
0.488781733496015
0.488781733496015
0.488781733496015
0.488781733496015
0.488781733496015
0.488781733496015
0.488781733496015
0.488781733496015
0.488781733496015
0.488781733496015
0.488781733496015
0.488781733496015
0.488781733496015
0.488781733496015
0.488781733496015
0.488781733496015
0.488781733496015
0.488781733496015
0.488781733496015
0.488781733496015
0.488781733496015
0.488781733496015
0.488781733496015
0.488781733496015
0.488781733496015
0.488781733496015
0.488781733496015
0.488781733496015
0.488781733496015
0.488781733496015
0.488781733496015
0.488781733496015
0.488781733496015
0.488781733496015
0.488781733496015
0.488781733496015
0.488781733496015
0.488781733496015
0.488781733496015
0.488781733496015
0.488781733496015
0.488781733496015
0.488781733496015
0.488781733496015
0.488781733496015
0.488781733496015
0.488781733496015
0.488781733496015
0.488781733496015
0.488781733496015
0.488781733496015
0.488781733496015
0.488781733496015
0.488781733496015
0.488781733496015
0.488781733496015
0.488781733496015
0.488781733496015
0.488781733496015
0.488781733496015
0.488781733496015
0.488781733496015
0.488781733496015
0.488781733496015
0.488781733496015
0.488781733496015
0.488781733496015
0.488781733496015
0.488781733496015
0.488781733496015
0.488781733496015
0.488781733496015
0.488781733496015
0.488781733496015
0.488781733496015
0.488781733496015
0.488781733496015
0.488781733496015
0.488781733496015
0.488781733496015
0.488781733496015
0.488781733496015
0.488781733496015
0.488781733496015
0.488781733496015
0.488781733496015
0.488781733496015
0.488781733496015
0.488781733496015
0.488781733496015
0.488781733496015
0.488781733496015
0.488781733496015
0.488781733496015
0.488781733496015
0.488781733496015
0.488781733496015
0.488781733496015
0.488781733496015
0.488781733496015
0.488781733496015
0.488781733496015
0.488781733496015
0.488781733496015
0.488781733496015
0.488781733496015
0.488781733496015
0.488781733496015
0.488781733496015
0.488781733496015
0.488781733496015
0.488781733496015
0.488781733496015
0.488781733496015
0.488781733496015
0.488781733496015
0.488781733496015
0.488781733496015
0.488781733496015
0.488781733496015
0.488781733496015
0.488781733496015
0.488781733496015
0.488781733496015
0.488781733496015
0.488781733496015
0.488781733496015
0.488781733496015
0.488781733496015
0.488781733496015
0.488781733496015
0.488781733496015
0.488781733496015
0.488781733496015
0.488781733496015
0.488781733496015
0.488781733496015
0.488781733496015
0.488781733496015
0.488781733496015
0.488781733496015
0.488781733496015
0.488781733496015
0.488781733496015
0.488781733496015
0.488781733496015
0.488781733496015
0.488781733496015
0.488781733496015
0.488781733496015
0.488781733496015
0.488781733496015
0.488781733496015
0.488781733496015
0.488781733496015
0.488781733496015
0.488781733496015
0.488781733496015
0.488781733496015
0.488781733496015
0.488781733496015
0.488781733496015
0.488781733496015
0.488781733496015
0.488781733496015
0.488781733496015
0.488781733496015
0.488781733496015
0.488781733496015
0.488781733496015
0.488781733496015
0.488781733496015
0.488781733496015
0.488781733496015
0.488781733496015
0.488781733496015
0.488781733496015
0.488781733496015
0.488781733496015
0.488781733496015
0.488781733496015
0.488781733496015
0.488781733496015
0.488781733496015
0.488781733496015
0.488781733496015
0.488781733496015
0.488781733496015
0.488781733496015
0.488781733496015
0.4156151250372275
0.4156151250372275
0.4156151250372275
0.4156151250372275
0.4156151250372275
0.4156151250372275
0.4156151250372275
0.4156151250372275
0.4156151250372275
0.4156151250372275
0.4156151250372275
0.4156151250372275
0.4156151250372275
0.4156151250372275
0.4156151250372275
0.4156151250372275
0.4156151250372275
0.4156151250372275
0.4156151250372275
0.4156151250372275
0.4156151250372275
0.4156151250372275
0.4156151250372275
0.4156151250372275
0.4156151250372275
0.4156151250372275
0.4156151250372275
0.4156151250372275
0.4156151250372275
0.4156151250372275
0.4156151250372275
0.4156151250372275
0.4156151250372275
0.4156151250372275
0.4156151250372275
0.4156151250372275
0.4156151250372275
0.4156151250372275
0.4156151250372275
0.4156151250372275
0.4156151250372275
0.4156151250372275
0.4156151250372275
0.4156151250372275
0.4156151250372275
0.4156151250372275
0.4156151250372275
0.4156151250372275
0.4156151250372275
0.4156151250372275
0.4156151250372275
0.4156151250372275
0.4156151250372275
0.4156151250372275
0.4156151250372275
0.4156151250372275
0.4156151250372275
0.4156151250372275
0.4156151250372275
0.4156151250372275
0.4156151250372275
0.4156151250372275
0.4156151250372275
0.4156151250372275
0.4156151250372275
0.4156151250372275
0.4156151250372275
0.4156151250372275
0.4156151250372275
0.4156151250372275
0.4156151250372275
0.4156151250372275
0.4156151250372275
0.4156151250372275
0.4156151250372275
0.4156151250372275
0.4156151250372275
0.4156151250372275
0.4156151250372275
0.4156151250372275
0.4156151250372275
0.4156151250372275
0.4156151250372275
0.4156151250372275
0.4156151250372275
0.4156151250372275
0.4156151250372275
0.4156151250372275
0.4156151250372275
0.4156151250372275
0.4156151250372275
0.4156151250372275
0.4156151250372275
0.4156151250372275
0.4156151250372275
0.4156151250372275
0.4156151250372275
0.4156151250372275
0.4156151250372275
0.4156151250372275
0.4156151250372275
0.4156151250372275
0.4156151250372275
0.4156151250372275
0.4156151250372275
0.4156151250372275
0.4156151250372275
0.4156151250372275
0.4156151250372275
0.4156151250372275
0.4156151250372275
0.4156151250372275
0.4156151250372275
0.4156151250372275
0.4156151250372275
0.4156151250372275
0.4156151250372275
0.4156151250372275
0.4156151250372275
0.4156151250372275
0.4156151250372275
0.4156151250372275
0.4156151250372275
0.4156151250372275
0.4156151250372275
0.4156151250372275
0.4156151250372275
0.4156151250372275
0.4156151250372275
0.4156151250372275
0.4156151250372275
0.4156151250372275
0.4156151250372275
0.4156151250372275
0.4156151250372275
0.4156151250372275
0.4156151250372275
0.4156151250372275
0.4156151250372275
0.4156151250372275
0.4156151250372275
0.4156151250372275
0.4156151250372275
0.4156151250372275
0.4156151250372275
0.4156151250372275
0.4156151250372275
0.4156151250372275
0.4156151250372275
0.4156151250372275
0.4156151250372275
0.4156151250372275
0.4156151250372275
0.4156151250372275
0.4156151250372275
0.4156151250372275
0.4156151250372275
0.4156151250372275
0.4156151250372275
0.4156151250372275
0.4156151250372275
0.4156151250372275
0.4156151250372275
0.4156151250372275
0.4156151250372275
0.4156151250372275
0.4156151250372275
0.4156151250372275
0.4156151250372275
0.4156151250372275
0.4156151250372275
0.4156151250372275
0.4156151250372275
0.4156151250372275
0.4156151250372275
0.4156151250372275
0.4156151250372275
0.4156151250372275
0.4156151250372275
0.4156151250372275
0.4156151250372275
0.4156151250372275
0.4156151250372275
0.4156151250372275
0.4156151250372275
0.4156151250372275
0.4156151250372275
0.4156151250372275
0.4156151250372275
0.4156151250372275
0.4156151250372275
0.4156151250372275
0.4156151250372275
0.4156151250372275
0.4156151250372275
0.4156151250372275
0.4156151250372275
0.4156151250372275
0.4156151250372275
0.4156151250372275
0.4156151250372275
0.4156151250372275
0.4156151250372275
0.4156151250372275
0.4156151250372275
0.4156151250372275
0.4156151250372275
0.4156151250372275
0.4156151250372275
0.4156151250372275
0.4156151250372275
0.4156151250372275
0.4156151250372275
0.4156151250372275
0.4156151250372275
0.4156151250372275
0.4156151250372275
0.4156151250372275
0.4156151250372275
0.4156151250372275
0.4156151250372275
0.4156151250372275
0.4156151250372275
0.4156151250372275
0.4156151250372275
0.4156151250372275
0.4156151250372275
0.4156151250372275
0.4156151250372275
0.4156151250372275
0.4156151250372275
0.4156151250372275
0.4156151250372275
0.4156151250372275
0.4156151250372275
0.4156151250372275
0.4156151250372275
0.4156151250372275
0.4156151250372275
0.4156151250372275
0.4156151250372275
0.4156151250372275
0.4156151250372275
0.4156151250372275
0.4156151250372275
0.4156151250372275
0.4156151250372275
0.4156151250372275
0.4156151250372275
0.4156151250372275
0.4156151250372275
0.4156151250372275
0.4156151250372275
0.4156151250372275
0.4156151250372275
0.4156151250372275
0.4156151250372275
0.4156151250372275
0.4156151250372275
0.4156151250372275
0.4156151250372275
0.4156151250372275
0.4156151250372275
0.4156151250372275
0.4156151250372275
0.4156151250372275
0.4156151250372275
0.4156151250372275
0.4156151250372275
0.4156151250372275
0.4156151250372275
0.4156151250372275
0.4156151250372275
0.4156151250372275
0.4156151250372275
0.4156151250372275
0.4156151250372275
0.4156151250372275
0.4156151250372275
0.4156151250372275
0.4156151250372275
0.4156151250372275
0.4156151250372275
0.4156151250372275
0.4156151250372275
0.4156151250372275
0.4156151250372275
0.4156151250372275
0.4156151250372275
0.4156151250372275
0.4156151250372275
0.4156151250372275
0.4156151250372275
0.4156151250372275
0.4156151250372275
0.4156151250372275
0.4156151250372275
0.4156151250372275
0.4156151250372275
0.4156151250372275
0.4156151250372275
0.4156151250372275
0.4156151250372275
0.4156151250372275
0.4156151250372275
0.4156151250372275
0.4156151250372275
0.4156151250372275
0.4156151250372275
0.4156151250372275
0.4156151250372275
0.4156151250372275
0.4156151250372275
0.4156151250372275
0.4156151250372275
0.4156151250372275
0.4156151250372275
0.4156151250372275
0.4156151250372275
0.4156151250372275
0.4156151250372275
0.4156151250372275
0.4156151250372275
0.4156151250372275
0.4156151250372275
0.4156151250372275
0.4156151250372275
0.4156151250372275
0.4156151250372275
0.4156151250372275
0.4156151250372275
0.4156151250372275
0.4156151250372275
0.4156151250372275
0.4156151250372275
0.4156151250372275
0.4156151250372275
0.4156151250372275
0.4156151250372275
0.4156151250372275
0.4156151250372275
0.4156151250372275
0.4156151250372275
0.4156151250372275
0.4156151250372275
0.4156151250372275
0.4156151250372275
0.4156151250372275
0.4156151250372275
0.4156151250372275
0.4156151250372275
0.4156151250372275
0.4156151250372275
0.4156151250372275
0.4156151250372275
0.4156151250372275
0.4156151250372275
0.4156151250372275
0.4156151250372275
0.4156151250372275
0.4156151250372275
0.4156151250372275
0.4156151250372275
0.4156151250372275
0.4156151250372275
0.4156151250372275
0.4156151250372275
0.4156151250372275
0.4156151250372275
0.4156151250372275
0.4156151250372275
0.4156151250372275
0.4156151250372275
0.4156151250372275
0.4156151250372275
0.4156151250372275
0.4156151250372275
0.4156151250372275
0.4156151250372275
0.4156151250372275
0.4156151250372275
0.4156151250372275
0.4156151250372275
0.4156151250372275
0.4156151250372275
0.4156151250372275
0.4156151250372275
0.4156151250372275
0.4156151250372275
0.4156151250372275
0.4156151250372275
0.4156151250372275
0.4156151250372275
0.4156151250372275
0.4156151250372275
0.4156151250372275
0.4156151250372275
0.4156151250372275
0.4156151250372275
0.4156151250372275
0.4156151250372275
0.4156151250372275
0.4156151250372275
0.4156151250372275
0.4156151250372275
0.4156151250372275
0.4156151250372275
0.4156151250372275
0.4156151250372275
0.4156151250372275
0.4156151250372275
0.4156151250372275
0.4156151250372275
0.4156151250372275
0.4156151250372275
0.4156151250372275
0.4156151250372275
0.4156151250372275
0.4156151250372275
0.4156151250372275
0.4156151250372275
0.4156151250372275
0.4156151250372275
0.4156151250372275
0.4156151250372275
0.4156151250372275
0.4156151250372275
0.4156151250372275
0.4156151250372275
0.4156151250372275
0.4156151250372275
0.4156151250372275
0.4156151250372275
0.4156151250372275
0.4156151250372275
0.4156151250372275
0.4156151250372275
0.4156151250372275
0.4156151250372275
0.4156151250372275
0.4156151250372275
0.4156151250372275
0.4156151250372275
0.4156151250372275
0.4156151250372275
0.4156151250372275
0.4156151250372275
0.4156151250372275
0.4156151250372275
0.4156151250372275
0.4156151250372275
0.4156151250372275
0.4156151250372275
0.4156151250372275
0.4156151250372275
0.4156151250372275
0.4156151250372275
0.4156151250372275
0.4156151250372275
0.4156151250372275
0.4156151250372275
0.4156151250372275
0.4156151250372275
0.4156151250372275
0.4156151250372275
0.4156151250372275
0.4156151250372275
0.4156151250372275
0.4156151250372275
0.4156151250372275
0.4156151250372275
0.4156151250372275
0.4156151250372275
0.4156151250372275
0.4156151250372275
0.4156151250372275
0.4156151250372275
0.4156151250372275
0.4156151250372275
0.4156151250372275
0.4156151250372275
0.4156151250372275
0.4156151250372275
0.4156151250372275
0.4156151250372275
0.4156151250372275
0.4156151250372275
0.4156151250372275
0.4156151250372275
0.4156151250372275
0.4156151250372275
0.4156151250372275
0.4156151250372275
0.4156151250372275
0.4156151250372275
0.4156151250372275
0.4156151250372275
0.4156151250372275
0.4156151250372275
0.4156151250372275
0.4156151250372275
0.4156151250372275
0.4156151250372275
0.4156151250372275
0.4156151250372275
0.4156151250372275
0.4156151250372275
0.4156151250372275
0.4156151250372275
0.4156151250372275
0.4156151250372275
0.4156151250372275
0.4156151250372275
0.4156151250372275
0.4156151250372275
0.4156151250372275
0.4156151250372275
0.4156151250372275
0.4156151250372275
0.4156151250372275
0.4156151250372275
0.4156151250372275
0.4156151250372275
0.4156151250372275
0.4156151250372275
0.4156151250372275
0.4156151250372275
0.4156151250372275
0.4156151250372275
0.4156151250372275
0.4156151250372275
0.4156151250372275
0.4156151250372275
0.4156151250372275
0.4156151250372275
0.4156151250372275
0.4156151250372275
0.4156151250372275
0.4156151250372275
0.4156151250372275
0.4156151250372275
0.4156151250372275
0.4156151250372275
0.4156151250372275
0.4156151250372275
0.4156151250372275
0.4156151250372275
0.4156151250372275
0.4156151250372275
0.4156151250372275
0.4156151250372275
0.4156151250372275
0.4156151250372275
0.4156151250372275
0.4156151250372275
0.4156151250372275
0.4156151250372275
0.4156151250372275
0.4156151250372275
0.4156151250372275
0.4156151250372275
0.4156151250372275
0.4156151250372275
0.4156151250372275
0.4156151250372275
0.4156151250372275
0.4156151250372275
0.4156151250372275
0.4156151250372275
0.4156151250372275
0.4156151250372275
0.4156151250372275
0.4156151250372275
0.4156151250372275
0.4156151250372275
0.4156151250372275
0.4156151250372275
0.4156151250372275
0.4156151250372275
0.4156151250372275
0.4156151250372275
0.4156151250372275
0.4156151250372275
0.4156151250372275
0.4156151250372275
0.4156151250372275
0.4156151250372275
0.4156151250372275
0.4156151250372275
0.4156151250372275
0.4156151250372275
0.4156151250372275
0.4156151250372275
0.4156151250372275
0.4156151250372275
0.4156151250372275
0.4156151250372275
0.4156151250372275
0.4156151250372275
0.4156151250372275
0.4156151250372275
0.4156151250372275
0.4156151250372275
0.4156151250372275
0.4156151250372275
0.4156151250372275
0.4156151250372275
0.4156151250372275
0.4156151250372275
0.4156151250372275
0.4156151250372275
0.4156151250372275
0.4156151250372275
0.4156151250372275
0.4156151250372275
0.4156151250372275
0.4156151250372275
0.4156151250372275
0.4156151250372275
0.4156151250372275
0.4156151250372275
0.4156151250372275
0.4156151250372275
0.4156151250372275
0.4156151250372275
0.4156151250372275
0.4156151250372275
0.4156151250372275
0.4156151250372275
0.4156151250372275
0.4156151250372275
0.4156151250372275
0.4156151250372275
0.4156151250372275
0.4156151250372275
0.4156151250372275
0.4156151250372275
0.4156151250372275
0.4156151250372275
0.4156151250372275
0.4156151250372275
0.4156151250372275
0.4156151250372275
0.4156151250372275
0.4156151250372275
0.4156151250372275
0.4156151250372275
0.4156151250372275
0.4156151250372275
0.4156151250372275
0.4156151250372275
0.4156151250372275
0.4156151250372275
0.4156151250372275
0.4156151250372275
0.4156151250372275
0.4156151250372275
0.4156151250372275
0.4156151250372275
0.4156151250372275
0.4156151250372275
0.4156151250372275
0.4156151250372275
0.4156151250372275
0.4156151250372275
0.4156151250372275
0.4156151250372275
0.4156151250372275
0.4156151250372275
0.4156151250372275
0.4156151250372275
0.4156151250372275
0.4156151250372275
0.4156151250372275
0.4156151250372275
0.4156151250372275
0.4156151250372275
0.4156151250372275
0.4156151250372275
0.4156151250372275
0.4156151250372275
0.4156151250372275
0.4156151250372275
0.4156151250372275
0.4156151250372275
0.4156151250372275
0.4156151250372275
0.4156151250372275
0.4156151250372275
0.4156151250372275
0.4156151250372275
0.4156151250372275
0.4156151250372275
0.4156151250372275
0.4156151250372275
0.4156151250372275
0.4156151250372275
0.4156151250372275
0.4156151250372275
0.4156151250372275
0.4156151250372275
0.4156151250372275
0.4156151250372275
0.4156151250372275
0.4156151250372275
0.4156151250372275
0.4156151250372275
0.4156151250372275
0.4156151250372275
0.4156151250372275
0.4156151250372275
0.4156151250372275
0.4156151250372275
0.4156151250372275
0.4156151250372275
0.4156151250372275
0.4156151250372275
0.4156151250372275
0.4156151250372275
0.4156151250372275
0.4156151250372275
0.4156151250372275
0.4156151250372275
0.4156151250372275
0.4156151250372275
0.4156151250372275
0.4156151250372275
0.4156151250372275
0.4156151250372275
0.4156151250372275
0.4156151250372275
0.4156151250372275
0.4156151250372275
0.4156151250372275
0.4156151250372275
0.4156151250372275
0.4156151250372275
0.4156151250372275
0.4156151250372275
0.4156151250372275
0.4156151250372275
0.4156151250372275
0.4156151250372275
0.4156151250372275
0.4156151250372275
0.4156151250372275
0.4156151250372275
0.4156151250372275
0.4156151250372275
0.4156151250372275
0.4156151250372275
0.4156151250372275
0.4156151250372275
0.4156151250372275
0.4156151250372275
0.4156151250372275
0.4156151250372275
0.4156151250372275
0.4156151250372275
0.4156151250372275
0.4156151250372275
0.4156151250372275
0.4156151250372275
0.4156151250372275
0.4156151250372275
0.4156151250372275
0.4156151250372275
0.4156151250372275
0.4156151250372275
0.4156151250372275
0.4156151250372275
0.4156151250372275
0.4156151250372275
0.4156151250372275
0.4156151250372275
0.4156151250372275
0.4156151250372275
0.4156151250372275
0.4156151250372275
0.4156151250372275
0.4156151250372275
0.4156151250372275
0.4156151250372275
0.4156151250372275
0.4156151250372275
0.4156151250372275
0.4156151250372275
0.4156151250372275
0.4156151250372275
0.4156151250372275
0.4156151250372275
0.4156151250372275
0.4156151250372275
0.4156151250372275
0.4156151250372275
0.4156151250372275
0.4156151250372275
0.4156151250372275
0.4156151250372275
0.4156151250372275
0.4156151250372275
0.4156151250372275
0.4156151250372275
0.4156151250372275
0.4156151250372275
0.4156151250372275
0.4156151250372275
0.4156151250372275
0.4156151250372275
0.4156151250372275
0.4156151250372275
0.4156151250372275
0.4156151250372275
0.4156151250372275
0.4156151250372275
0.4156151250372275
0.4156151250372275
0.4156151250372275
0.4156151250372275
0.4156151250372275
0.4156151250372275
0.4156151250372275
0.4156151250372275
0.4156151250372275
0.4156151250372275
0.4156151250372275
0.4156151250372275
0.4156151250372275
0.4156151250372275
0.4156151250372275
0.4156151250372275
0.4156151250372275
0.4156151250372275
0.4156151250372275
0.4156151250372275
0.4156151250372275
0.4156151250372275
0.4156151250372275
0.4156151250372275
0.4156151250372275
0.4156151250372275
0.4156151250372275
0.4156151250372275
0.4156151250372275
0.4156151250372275
0.4156151250372275
0.4156151250372275
0.4156151250372275
0.4156151250372275
0.4156151250372275
0.4156151250372275
0.4156151250372275
0.4156151250372275
0.4156151250372275
0.4156151250372275
0.4156151250372275
0.4156151250372275
0.4156151250372275
0.4156151250372275
0.41543088294184605
0.41543088294184605
0.41543088294184605
0.41543088294184605
0.41543088294184605
0.41543088294184605
0.41543088294184605
0.41543088294184605
0.41543088294184605
0.41543088294184605
0.41543088294184605
0.41543088294184605
0.41543088294184605
0.41543088294184605
0.41543088294184605
0.41543088294184605
0.41543088294184605
0.41543088294184605
0.41543088294184605
0.41543088294184605
0.41543088294184605
0.41543088294184605
0.41543088294184605
0.41543088294184605
0.41543088294184605
0.41543088294184605
0.41543088294184605
0.41543088294184605
0.41543088294184605
0.41543088294184605
0.41543088294184605
0.41543088294184605
0.41543088294184605
0.41543088294184605
0.41543088294184605
0.41543088294184605
0.41543088294184605
0.41543088294184605
0.41543088294184605
0.41543088294184605
0.41543088294184605
0.41543088294184605
0.41543088294184605
0.41543088294184605
0.41543088294184605
0.41543088294184605
0.41543088294184605
0.41543088294184605
0.41543088294184605
0.41543088294184605
0.41543088294184605
0.41543088294184605
0.41543088294184605
0.41543088294184605
0.41543088294184605
0.41543088294184605
0.41543088294184605
0.41543088294184605
0.41543088294184605
0.41543088294184605
0.41543088294184605
0.41543088294184605
0.41543088294184605
0.41543088294184605
0.41543088294184605
