38708.61190654551
38534.02959919243
38430.109391057245
38430.109391057245
38430.109391057245
38305.478298206464
38038.268039766255
38021.786447035374
38021.786447035374
38021.786447035374
38015.024723118535
38015.024723118535
38015.024723118535
37973.270633072854
37973.270633072854
37973.270633072854
37973.270633072854
37973.270633072854
37973.270633072854
37973.270633072854
37973.270633072854
37973.270633072854
37973.270633072854
37707.30288163765
37707.30288163765
37381.47175702016
37381.47175702016
37159.09519913672
36993.52099515409
36808.026595891664
36808.026595891664
36808.026595891664
36808.026595891664
36808.026595891664
36558.45174818006
36394.504170632084
36387.78161514313
36387.78161514313
36358.50549506617
36325.27292290607
36325.27292290607
36122.90802108648
35869.46730354412
35757.87017997049
35757.87017997049
35757.87017997049
35688.25879732717
35380.35029100933
35380.35029100933
35380.35029100933
35380.35029100933
35380.35029100933
35380.35029100933
35181.47018129083
35061.53160686938
35061.53160686938
35019.24668102384
35019.24668102384
35017.0608141917
35017.0608141917
34904.37039594375
34904.37039594375
34570.81693835489
34568.47714749364
34387.115307448956
34387.115307448956
34387.115307448956
34309.35082115027
34309.35082115027
34309.35082115027
34309.35082115027
34211.07920368045
34211.07920368045
34211.07920368045
34211.07920368045
34182.44336971988
34182.44336971988
34182.44336971988
34182.44336971988
34036.57408548971
34036.57408548971
34036.57408548971
34005.24515260997
33897.77518128625
33897.77518128625
33554.82588058296
33554.82588058296
33554.82588058296
33554.82588058296
33554.82588058296
33494.538205595134
33355.05264110637
33355.05264110637
33355.05264110637
33336.63262412827
33336.63262412827
33329.224666719674
33329.224666719674
33329.224666719674
33320.5306623067
33161.80989661427
33028.07685471413
33028.07685471413
32916.91228701224
32913.13236692239
32537.84939082952
32537.84939082952
32537.84939082952
32536.97154010932
32536.97154010932
32430.40845675185
32430.40845675185
32344.381897799798
32344.381897799798
32032.745029040878
32032.745029040878
32032.745029040878
31948.259429642574
31857.93458862683
31575.564013951807
31575.564013951807
31534.91953230772
31445.759200124136
31445.759200124136
31445.59435672523
31244.113424912775
31244.113424912775
31165.342001279714
31165.342001279714
30999.20669737662
30994.36832795657
30927.96571839587
30927.96571839587
30927.96571839587
30839.914550407997
30839.914550407997
30707.504131371796
30530.392490568807
30426.900217843526
30235.704047728497
30062.691048217428
30062.691048217428
29996.89554046869
29984.014036136035
29984.014036136035
29984.014036136035
29984.014036136035
29984.014036136035
29906.821154980396
29906.821154980396
29888.304603405206
29762.462021438347
29762.462021438347
29762.462021438347
29762.462021438347
29546.432161489643
29495.409960414116
29424.540620611624
29358.460908927525
29358.460908927525
29358.460908927525
29358.460908927525
29295.569645127107
29295.569645127107
29295.569645127107
29258.25908958004
29258.25908958004
29153.233373147028
28874.377203177453
28651.035437133844
28651.035437133844
28402.413942139192
28081.18216603041
28081.18216603041
28081.18216603041
28081.18216603041
28081.18216603041
27888.935331079054
27888.935331079054
27887.634666334787
27887.634666334787
27887.634666334787
27876.439705153367
27876.439705153367
27752.498222551672
27752.498222551672
27752.498222551672
27700.426837556293
27412.75251623684
27412.75251623684
27412.75251623684
27412.75251623684
27412.75251623684
27412.75251623684
27412.75251623684
27278.10774529009
27143.11225345917
27069.033969645483
27069.033969645483
27069.033969645483
26951.299448605554
26951.299448605554
26951.299448605554
26682.38439489419
26593.19426144574
26593.19426144574
26346.481637750272
26346.481637750272
26346.481637750272
26346.481637750272
26346.481637750272
26346.481637750272
26346.481637750272
26346.481637750272
26346.481637750272
26346.481637750272
26346.481637750272
26346.481637750272
26249.84255306644
25979.28382029895
25767.810015218678
25767.810015218678
25627.012479834928
25600.516353958974
25388.359110662746
25388.359110662746
25375.81551551334
25253.193643530012
25184.416109631773
25184.416109631773
25184.416109631773
25184.416109631773
25184.416109631773
25050.97396489417
25050.97396489417
24923.567317315064
24799.71688130745
24728.558956740373
24695.895297649513
24466.42869223597
24466.42869223597
24242.485118412133
24127.11528240093
23985.147816145407
23936.4130132558
23936.4130132558
23936.4130132558
23936.4130132558
23699.3204621894
23699.3204621894
23534.69922818234
23377.02866171609
23377.02866171609
23330.149149928493
23330.149149928493
23200.309563856714
22945.33106120933
22945.33106120933
22945.33106120933
22940.419240194286
22808.721885709187
22808.721885709187
22808.721885709187
22526.619820910553
22425.84580446285
22425.84580446285
22237.512012551266
22237.512012551266
22237.512012551266
22237.512012551266
22237.512012551266
22237.512012551266
22131.681789735838
22085.308737662417
22085.308737662417
22085.308737662417
21818.655831617445
21818.655831617445
21818.655831617445
21693.221197570434
21557.981823027654
21557.981823027654
21488.54781320332
21479.123709941316
21355.76760563426
21355.76760563426
21355.76760563426
21355.76760563426
21234.155084957583
21184.550134907586
21072.55938831522
21072.55938831522
20983.884777475218
20871.107631108385
20776.09667431844
20776.09667431844
20776.09667431844
20699.869772549388
20558.488727191067
20337.018624072854
20104.96274710918
20087.194849393625
20087.194849393625
20087.194849393625
20087.194849393625
19925.629483613793
19925.629483613793
19925.629483613793
19925.629483613793
19925.629483613793
19925.629483613793
19797.826378535105
19797.826378535105
19632.91968500817
19632.91968500817
19632.91968500817
19581.283542047437
19478.398097074205
19348.987098524707
19196.705962019987
19196.705962019987
19196.705962019987
19196.705962019987
19196.705962019987
19114.086640270227
18688.79933619323
18688.79933619323
18688.79933619323
18688.79933619323
18612.880213436118
18441.11884263156
18441.11884263156
18390.66691100466
18269.519029206804
18269.519029206804
18269.519029206804
18269.519029206804
18215.73708146546
18215.73708146546
18150.04030688842
18150.04030688842
18150.04030688842
18150.04030688842
18150.04030688842
18150.04030688842
18150.04030688842
18146.93501723798
17817.038504409764
17628.27315348983
17628.27315348983
17628.27315348983
17628.27315348983
17628.27315348983
17628.27315348983
17628.27315348983
17628.27315348983
17628.27315348983
17370.27995681637
17354.09404411396
17354.09404411396
17186.395111721362
17171.499810336063
17171.499810336063
17171.499810336063
17098.08043607043
17098.08043607043
17082.025152421407
17053.797754418796
16877.296671444463
16877.296671444463
16877.296671444463
16877.296671444463
16834.163139143067
16741.119321817576
16741.119321817576
16741.119321817576
16689.949537904788
16689.949537904788
16524.72251442513
16423.869842860073
16233.613586290616
16146.135983744443
16146.135983744443
16092.916152430185
15724.872058329134
15629.611652991467
15544.453353395966
15464.69122236329
15372.028490812945
15372.028490812945
15372.028490812945
15236.051897078925
15236.051897078925
15236.051897078925
15220.226550730795
15220.226550730795
15220.226550730795
15123.210727647644
15123.210727647644
15102.072407205975
15064.919374924299
15064.919374924299
15064.919374924299
14950.966961383401
14860.209885474822
14860.209885474822
14860.209885474822
14860.209885474822
14860.209885474822
14860.209885474822
14708.840919124825
14575.707727274978
14520.331635183993
14520.331635183993
14520.331635183993
14512.275979990347
14368.09399019209
14368.09399019209
14285.160054415337
14285.160054415337
14241.13780409601
14136.733780487564
13994.110825692851
13929.35786945858
13816.999786722015
13736.520289150114
13679.644700549894
13679.644700549894
13648.049653054826
13600.7385234561
13600.7385234561
13508.788816307311
13463.176639004168
13463.176639004168
13439.559056072678
13439.559056072678
13256.70565173773
13256.70565173773
13067.431841386242
12989.271416008694
12952.852768662076
12952.852768662076
12952.852768662076
12952.852768662076
12929.03221877991
12856.117270701108
12844.371584322957
12844.371584322957
12804.773260178945
12804.773260178945
12804.773260178945
12802.154939076845
12802.154939076845
12802.154939076845
12641.917050841494
12641.917050841494
12641.917050841494
12641.917050841494
12522.920893060724
12522.920893060724
12483.808196329323
12483.808196329323
12358.88667442996
12339.182268386912
12339.182268386912
12300.217364117998
12300.217364117998
12137.302120221795
12137.302120221795
11961.582814538167
11805.063046722948
11805.063046722948
11805.063046722948
11805.063046722948
11565.20939490953
11565.20939490953
11565.20939490953
11565.20939490953
11550.252276595611
11478.691974910249
11478.691974910249
11478.691974910249
11380.11070221488
11380.11070221488
11380.11070221488
11338.270928867101
11338.270928867101
11324.36911269891
11135.427720675654
11135.427720675654
10987.710498387247
10911.741922904472
10837.982345902252
10836.847107202273
10678.02535691988
10518.2881204842
10365.670658346498
10315.76624179601
10231.380650572324
10154.115627963702
9949.339792849561
9949.339792849561
9938.696123852867
9938.696123852867
9938.696123852867
9891.72847974868
9811.931629531273
9811.931629531273
9811.931629531273
9811.931629531273
9811.931629531273
9715.812065834645
9574.226304129957
9574.226304129957
9418.91854807062
9397.395091954988
9397.395091954988
9305.741702840422
9305.741702840422
9305.741702840422
9305.741702840422
9201.128427726899
9068.351662162253
8991.236094444484
8904.621164863456
8904.621164863456
8880.977374937891
8880.977374937891
8880.977374937891
8880.977374937891
8880.977374937891
8858.513624843297
8765.415835799748
8667.018156982194
8667.018156982194
8646.260542672186
8646.260542672186
8646.260542672186
8593.250035052328
8593.250035052328
8559.066656372128
8507.057970017971
8507.057970017971
8369.31260746107
8369.31260746107
8369.31260746107
8369.31260746107
8369.31260746107
8369.31260746107
8226.886001965599
8226.886001965599
8226.886001965599
8226.886001965599
8226.886001965599
8226.886001965599
8226.886001965599
8132.584179053449
8081.978815905249
7995.021070723208
7995.021070723208
7962.693498618967
7852.516812310098
7852.516812310098
7765.845296780785
7624.1535690538885
7561.991179954543
7556.914478011998
7556.914478011998
7518.834669933969
7518.834669933969
7482.4162154751175
7482.4162154751175
7469.673653662403
7469.673653662403
7469.673653662403
7424.167805409908
7424.167805409908
7424.167805409908
7321.398856461248
7264.734469717413
7216.994519729535
7201.807959358276
7131.61494122951
6997.196604877347
6997.196604877347
6997.196604877347
6925.924202347281
6885.029501477711
6796.093848295666
6796.093848295666
6796.093848295666
6796.093848295666
6796.093848295666
6796.093848295666
6672.517320888634
6573.766007739665
6573.766007739665
6573.766007739665
6573.766007739665
6573.766007739665
6573.766007739665
6532.816546753684
6532.816546753684
6464.344018946426
6289.833105658972
6289.833105658972
6187.4672769359395
6187.4672769359395
6187.4672769359395
6129.462838787691
6013.6443823751415
5995.640833043546
5995.640833043546
5995.640833043546
5995.640833043546
5994.772609832756
5882.152772798996
5882.152772798996
5802.096563751742
5768.598281419739
5752.558918331165
5719.726981528665
5719.726981528665
5719.726981528665
5642.251395600286
5618.26329942821
5618.26329942821
5618.26329942821
5481.901271116076
5481.901271116076
5481.901271116076
5437.8867487485195
5415.531761025167
5415.531761025167
5415.531761025167
5410.958703394464
5330.895139452474
5330.895139452474
5330.895139452474
5330.895139452474
5258.176289691323
5258.176289691323
5199.9138315190685
5152.014821524052
5152.014821524052
5152.014821524052
5152.014821524052
5152.014821524052
5137.522036917789
5093.088024132602
5093.088024132602
5093.088024132602
5093.088024132602
5005.884838139015
4944.961201221605
4888.067295462524
4888.067295462524
4888.067295462524
4878.201764132093
4809.297521880665
4769.3431734290125
4769.3431734290125
4769.3431734290125
4769.3431734290125
4711.747018966854
4648.896704938289
4648.896704938289
4648.896704938289
4648.896704938289
4628.139092500358
4559.975432113407
4545.3804598241495
4545.3804598241495
4526.3122051640175
4526.3122051640175
4526.3122051640175
4526.3122051640175
4526.3122051640175
4526.3122051640175
4516.849596805262
4509.148929009279
4509.148929009279
4347.213976024968
4347.213976024968
4347.213976024968
4347.213976024968
4347.213976024968
4347.213976024968
4347.213976024968
4293.528207127091
4293.528207127091
4273.646771995462
4145.721680665294
4145.721680665294
4145.721680665294
4103.243868610109
4097.257874410417
4097.257874410417
4010.989200253513
4003.7829767436046
4003.7829767436046
4003.7829767436046
4003.7829767436046
3934.126098638689
3881.5616117608133
3881.5616117608133
3881.5616117608133
3875.8568127305007
3875.8568127305007
3875.8568127305007
3875.8568127305007
3860.915547961898
3806.5226344941184
3725.067233865065
3683.0911822488415
3683.0911822488415
3683.0911822488415
3680.2844236065334
3680.2844236065334
3680.2844236065334
3680.2844236065334
3631.9732445756226
3631.9732445756226
3566.878372057161
3555.9806346092064
3555.9806346092064
3486.2287728823085
3410.42459817344
3410.42459817344
3410.42459817344
3320.3589281353306
3320.3589281353306
3263.5852053928693
3263.5852053928693
3260.5023577464813
3254.963697423226
3208.4642320917856
3208.4642320917856
3208.4642320917856
3167.1545606556483
3166.0212762388383
3070.122812984644
3067.555156033837
3067.555156033837
3045.5803965099963
3002.948802975253
3002.948802975253
2995.2610661997583
2995.2610661997583
2995.2610661997583
2957.2853280505446
2957.2853280505446
2912.5628452520214
2911.034642856654
2875.4699028052323
2830.601191197465
2766.782646910052
2766.782646910052
2766.782646910052
2766.507915669904
2766.507915669904
2695.89181152384
2695.89181152384
2695.89181152384
2695.89181152384
2634.7225357107836
2620.2215128349317
2569.5313786562115
2479.6462406702744
2479.6462406702744
2479.6462406702744
2464.970400816703
2422.2707331478014
2407.4255862078207
2398.447879883957
2398.447879883957
2349.9102283760762
2323.642616975586
2297.155021057773
2297.155021057773
2273.471891175427
2102.9492983999903
2102.9492983999903
2102.9492983999903
2100.8697802733136
2100.8697802733136
2088.7633794954186
2088.7633794954186
2088.7633794954186
2073.203411938308
2073.203411938308
2073.203411938308
2033.8578779741254
2033.8578779741254
1980.3554956950757
1948.2693113175724
1886.5193597431585
1886.5193597431585
1862.2217940304408
1857.700441795149
1857.700441795149
1857.700441795149
1828.3839134131538
1828.3839134131538
1773.1068571681012
1773.1068571681012
1773.1068571681012
1750.7742708362764
1705.5237589611843
1705.5237589611843
1705.5237589611843
1685.6355742323967
1672.2711222101739
1672.2711222101739
1672.2711222101739
1672.2711222101739
1585.1309965433134
1576.6390520961957
1562.1265827578452
1562.1265827578452
1562.1265827578452
1559.1268019932336
1559.1268019932336
1559.1268019932336
1559.1268019932336
1559.1268019932336
1559.1268019932336
1476.8159783846927
1457.9073670955947
1447.8091415766194
1447.8091415766194
1447.8091415766194
1447.8091415766194
1437.2721010032858
1437.2721010032858
1415.3653007113405
1382.0490037297573
1357.9919612454303
1340.7043763304187
1340.7043763304187
1332.8077179041625
1332.8077179041625
1305.0979787445106
1245.929773393398
1245.929773393398
1196.2770491053477
1186.5074964765756
1186.5074964765756
1186.5074964765756
1186.5074964765756
1186.5074964765756
1186.5074964765756
1186.5074964765756
1186.5074964765756
1171.0848181436402
1171.0848181436402
1171.0848181436402
1166.9289575156342
1165.4859241531167
1165.4859241531167
1148.2716143942116
1111.9147725567195
1111.9147725567195
1111.9147725567195
1111.9147725567195
1086.817460171128
1076.224932913156
1076.224932913156
1070.3238573170609
1066.0087628545755
1066.0087628545755
1046.5782544986962
1046.5782544986962
1032.4076941876608
1032.4076941876608
989.8374061566117
913.274162702236
876.356207502211
876.356207502211
811.5275813339825
807.2004122934876
806.7398749643382
796.6483941441364
786.8772678822689
757.5050839106298
732.0818634751049
732.0818634751049
723.4139406535834
720.5656099270838
716.4957247904763
714.3857286559265
714.3857286559265
714.3857286559265
707.6739658891601
684.9575656196932
674.362054782789
674.362054782789
660.0352982898925
660.0352982898925
660.0352982898925
645.0435849804003
645.0435849804003
625.4132174557408
625.4132174557408
624.7519904188811
580.794776092769
580.794776092769
580.794776092769
577.8833825712065
577.8833825712065
562.261858066066
562.261858066066
562.261858066066
503.9840931057871
492.51072704134447
480.2384283003038
480.2384283003038
480.2384283003038
480.2384283003038
466.0739412350867
466.0739412350867
466.0739412350867
463.48507184723934
463.48507184723934
444.50251609964215
444.50251609964215
418.6209928515297
397.1339948152887
384.2378322185452
384.2378322185452
384.2378322185452
384.2378322185452
375.6491045544305
375.6491045544305
351.8714155173804
351.8714155173804
351.8714155173804
351.8714155173804
351.8714155173804
351.8714155173804
328.97730509491026
302.41460889764215
302.41460889764215
302.41460889764215
302.41460889764215
302.41460889764215
302.41460889764215
302.41460889764215
302.41460889764215
302.41460889764215
285.3964695525007
285.3964695525007
281.3932978042389
281.3932978042389
281.3932978042389
271.671969234597
271.13689169182555
264.9755717522308
264.9755717522308
250.04803566157008
250.04803566157008
250.04803566157008
250.04803566157008
248.26250644574588
248.26250644574588
248.26250644574588
209.78266456225808
209.78266456225808
209.78266456225808
209.78266456225808
209.78266456225808
206.4854977806953
205.53450175742222
205.53450175742222
192.59250376573465
192.59250376573465
183.16542789213577
183.16542789213577
183.16542789213577
169.73638310604
164.63010646871027
164.63010646871027
157.76550369630093
157.76550369630093
157.76550369630093
157.76550369630093
156.97324122454512
155.13058022375924
150.9058424310855
150.9058424310855
150.9058424310855
150.9058424310855
150.9058424310855
139.0534180936826
139.0534180936826
131.14319976250115
131.14319976250115
131.14319976250115
131.14319976250115
131.14319976250115
117.68180666319627
117.68180666319627
112.20053688484377
108.9342380909521
103.48533585289924
101.62193464789655
101.62193464789655
98.58721540461222
98.58721540461222
97.83054203355934
86.00036372870389
70.3114873986176
70.3114873986176
70.3114873986176
68.09421134397087
67.00364480152751
64.32417257304661
54.90796573333394
49.92722777570093
44.057172948347585
44.057172948347585
41.085338256783
40.823684952234494
40.823684952234494
38.50401594436886
38.50401594436886
36.75556335576421
36.75556335576421
36.75556335576421
32.20779962097349
32.20779962097349
26.370366133687227
26.370366133687227
26.370366133687227
26.370366133687227
26.370366133687227
24.581456558014185
24.581456558014185
24.581456558014185
24.581456558014185
24.581456558014185
24.581456558014185
20.046911747483538
20.046911747483538
20.046911747483538
20.046911747483538
19.373242279711675
16.21541780896238
16.21541780896238
16.21541780896238
16.21541780896238
16.21541780896238
16.21541780896238
16.21541780896238
16.21541780896238
16.21541780896238
16.21541780896238
16.21541780896238
11.41224307160796
11.41224307160796
11.41224307160796
11.41224307160796
11.41224307160796
11.41224307160796
11.41224307160796
6.925029094470297
6.925029094470297
6.925029094470297
6.925029094470297
6.925029094470297
4.174378667905533
4.174378667905533
4.174378667905533
4.0602756121276125
4.0602756121276125
4.0602756121276125
4.0602756121276125
1.963279944180183
1.963279944180183
1.963279944180183
1.4626547062644906
1.4626547062644906
1.4626547062644906
1.4626547062644906
1.4626547062644906
1.4626547062644906
1.4626547062644906
1.4626547062644906
1.4626547062644906
1.4626547062644906
1.4626547062644906
1.4626547062644906
1.4626547062644906
1.4626547062644906
1.4626547062644906
1.4626547062644906
1.4626547062644906
1.4626547062644906
1.4626547062644906
1.4626547062644906
1.4626547062644906
1.4626547062644906
1.4626547062644906
1.4626547062644906
1.4626547062644906
1.4626547062644906
1.4626547062644906
1.4626547062644906
1.4626547062644906
1.4626547062644906
1.4626547062644906
1.4626547062644906
1.4626547062644906
1.4626547062644906
1.4626547062644906
1.4626547062644906
1.4626547062644906
1.2624965360534353
1.2624965360534353
1.2624965360534353
1.2624965360534353
1.2624965360534353
1.2624965360534353
1.2624965360534353
1.2624965360534353
1.2624965360534353
1.2624965360534353
1.2624965360534353
1.2624965360534353
1.2624965360534353
1.2624965360534353
1.2624965360534353
1.2624965360534353
1.2624965360534353
1.2624965360534353
1.2624965360534353
1.2624965360534353
1.2624965360534353
1.2624965360534353
1.2624965360534353
1.2624965360534353
1.2624965360534353
1.2624965360534353
1.2624965360534353
1.2624965360534353
1.2624965360534353
1.2624965360534353
1.2624965360534353
1.2624965360534353
1.2624965360534353
1.2624965360534353
1.2624965360534353
1.2624965360534353
1.2624965360534353
1.2624965360534353
1.2624965360534353
1.2624965360534353
0.781051578113651
0.781051578113651
0.781051578113651
0.781051578113651
0.781051578113651
0.781051578113651
0.781051578113651
0.781051578113651
0.781051578113651
0.781051578113651
0.7750126846911922
0.7750126846911922
0.7750126846911922
0.7750126846911922
0.7750126846911922
0.7750126846911922
0.7750126846911922
0.7750126846911922
0.7750126846911922
0.7750126846911922
0.7750126846911922
0.7750126846911922
0.7750126846911922
0.7750126846911922
0.7750126846911922
0.7750126846911922
0.7750126846911922
0.7750126846911922
0.7750126846911922
0.7750126846911922
0.7750126846911922
0.7750126846911922
0.7750126846911922
0.7750126846911922
0.7750126846911922
0.7750126846911922
0.7750126846911922
0.7750126846911922
0.7750126846911922
0.7750126846911922
0.7750126846911922
0.7750126846911922
0.7750126846911922
0.7750126846911922
0.7750126846911922
0.7750126846911922
0.7750126846911922
0.7750126846911922
0.7750126846911922
0.7750126846911922
0.7750126846911922
0.7750126846911922
0.7750126846911922
0.7750126846911922
0.7750126846911922
0.7750126846911922
0.7750126846911922
0.7750126846911922
0.7750126846911922
0.7750126846911922
0.7750126846911922
0.7750126846911922
0.7750126846911922
0.7750126846911922
0.7750126846911922
0.7750126846911922
0.7750126846911922
0.7750126846911922
0.7750126846911922
0.7750126846911922
0.7750126846911922
0.7750126846911922
0.7750126846911922
0.7750126846911922
0.7750126846911922
0.7750126846911922
0.7750126846911922
0.7750126846911922
0.7750126846911922
0.7750126846911922
0.7750126846911922
0.7750126846911922
0.7750126846911922
0.7750126846911922
0.7750126846911922
0.7750126846911922
0.7750126846911922
0.7750126846911922
0.7750126846911922
0.7750126846911922
0.7750126846911922
0.7750126846911922
0.7750126846911922
0.7750126846911922
0.7750126846911922
0.7750126846911922
0.7750126846911922
0.7750126846911922
0.7750126846911922
0.7750126846911922
0.7750126846911922
0.7750126846911922
0.7750126846911922
0.7750126846911922
0.7750126846911922
0.7750126846911922
0.7750126846911922
0.7750126846911922
0.7750126846911922
0.7750126846911922
0.7750126846911922
0.7750126846911922
0.7750126846911922
0.7750126846911922
0.7750126846911922
0.7750126846911922
0.7750126846911922
0.7750126846911922
0.7750126846911922
0.7750126846911922
0.7750126846911922
0.7750126846911922
0.7750126846911922
0.7750126846911922
0.7750126846911922
0.7750126846911922
0.7750126846911922
0.7750126846911922
0.7750126846911922
0.7750126846911922
0.7750126846911922
0.7750126846911922
0.7750126846911922
0.7750126846911922
0.7750126846911922
0.7750126846911922
0.7750126846911922
0.7750126846911922
0.7750126846911922
0.7750126846911922
0.7750126846911922
0.7750126846911922
0.7750126846911922
0.7750126846911922
0.7750126846911922
0.7750126846911922
0.7750126846911922
0.7750126846911922
0.7750126846911922
0.7750126846911922
0.7750126846911922
0.7750126846911922
0.7750126846911922
0.7750126846911922
0.7750126846911922
0.7750126846911922
0.7750126846911922
0.7750126846911922
0.7750126846911922
0.7750126846911922
0.7750126846911922
0.7750126846911922
0.7750126846911922
0.7750126846911922
0.7750126846911922
0.7750126846911922
0.7750126846911922
0.7750126846911922
0.7750126846911922
0.7750126846911922
0.7750126846911922
0.7750126846911922
0.7750126846911922
0.7750126846911922
0.7750126846911922
0.7750126846911922
0.7750126846911922
0.7750126846911922
0.7750126846911922
0.7750126846911922
0.7750126846911922
0.7750126846911922
0.7750126846911922
0.7750126846911922
0.7750126846911922
0.7750126846911922
0.7750126846911922
0.7750126846911922
0.7750126846911922
0.7750126846911922
0.7750126846911922
0.7750126846911922
0.7750126846911922
0.7750126846911922
0.7750126846911922
0.7750126846911922
0.7750126846911922
0.7750126846911922
0.7750126846911922
0.7750126846911922
0.7750126846911922
0.7750126846911922
0.7750126846911922
0.7750126846911922
0.7750126846911922
0.7750126846911922
0.7750126846911922
0.7750126846911922
0.7750126846911922
0.7750126846911922
0.7750126846911922
0.7750126846911922
0.7750126846911922
0.7750126846911922
0.7750126846911922
0.7750126846911922
0.7750126846911922
0.7750126846911922
0.7750126846911922
0.7750126846911922
0.7750126846911922
0.7750126846911922
0.7750126846911922
0.7750126846911922
0.7750126846911922
0.7750126846911922
0.7750126846911922
0.7750126846911922
0.7750126846911922
0.7750126846911922
0.7750126846911922
0.7750126846911922
0.7750126846911922
0.7750126846911922
0.7750126846911922
0.7750126846911922
0.7750126846911922
0.7750126846911922
0.7750126846911922
0.7750126846911922
0.7750126846911922
0.7750126846911922
0.7750126846911922
0.7750126846911922
0.7750126846911922
0.7750126846911922
0.7750126846911922
0.7750126846911922
0.7750126846911922
0.7750126846911922
0.7750126846911922
0.7750126846911922
0.7750126846911922
0.7750126846911922
0.6021072888721022
0.6021072888721022
0.6021072888721022
0.6021072888721022
0.6021072888721022
0.6021072888721022
0.6021072888721022
0.6021072888721022
0.6021072888721022
0.6021072888721022
0.6021072888721022
0.6021072888721022
0.6021072888721022
0.6021072888721022
0.6021072888721022
0.6021072888721022
0.6021072888721022
0.6021072888721022
0.6021072888721022
0.6021072888721022
0.6021072888721022
0.6021072888721022
0.6021072888721022
0.6021072888721022
0.6021072888721022
0.6021072888721022
0.6021072888721022
0.6021072888721022
0.6021072888721022
0.6021072888721022
0.6021072888721022
0.6021072888721022
0.6021072888721022
0.6021072888721022
0.6021072888721022
0.6021072888721022
0.6021072888721022
0.6021072888721022
0.6021072888721022
0.6021072888721022
0.6021072888721022
0.6021072888721022
0.6021072888721022
0.6021072888721022
0.6021072888721022
0.6021072888721022
0.6021072888721022
0.6021072888721022
0.6021072888721022
0.6021072888721022
0.6021072888721022
0.6021072888721022
0.6021072888721022
0.6021072888721022
0.6021072888721022
0.6021072888721022
0.6021072888721022
0.6021072888721022
0.6021072888721022
0.6021072888721022
0.6021072888721022
0.6021072888721022
0.6021072888721022
0.6021072888721022
0.6021072888721022
0.6021072888721022
0.4799294753239911
0.4799294753239911
0.4799294753239911
0.4799294753239911
0.4799294753239911
0.4799294753239911
0.4799294753239911
0.4799294753239911
0.4799294753239911
0.4799294753239911
0.4799294753239911
0.4799294753239911
0.4799294753239911
0.4799294753239911
0.4799294753239911
0.4799294753239911
0.4799294753239911
0.4799294753239911
0.4799294753239911
0.4799294753239911
0.4799294753239911
0.4799294753239911
0.4799294753239911
0.4799294753239911
0.4799294753239911
0.4799294753239911
0.4799294753239911
0.4799294753239911
0.4799294753239911
0.4799294753239911
0.4799294753239911
0.4799294753239911
0.4799294753239911
0.4799294753239911
0.4799294753239911
0.4799294753239911
0.4799294753239911
0.4799294753239911
0.4799294753239911
0.4799294753239911
0.4799294753239911
0.4799294753239911
0.4799294753239911
0.4799294753239911
0.4799294753239911
0.4799294753239911
0.4799294753239911
0.4799294753239911
0.4799294753239911
0.4799294753239911
0.4799294753239911
0.4799294753239911
0.4799294753239911
0.4799294753239911
0.4799294753239911
0.4799294753239911
0.4799294753239911
0.4799294753239911
0.4799294753239911
0.4799294753239911
0.4799294753239911
0.4799294753239911
0.4799294753239911
0.4799294753239911
0.4799294753239911
0.4799294753239911
0.4799294753239911
0.4799294753239911
0.4799294753239911
0.4799294753239911
0.4799294753239911
0.4799294753239911
0.4799294753239911
0.4799294753239911
0.4799294753239911
0.4799294753239911
0.4799294753239911
0.4799294753239911
0.4799294753239911
0.4799294753239911
0.4799294753239911
0.4799294753239911
0.4799294753239911
0.4799294753239911
0.4799294753239911
0.4799294753239911
0.4799294753239911
0.4799294753239911
0.4799294753239911
0.4799294753239911
0.4799294753239911
0.4799294753239911
0.4799294753239911
0.4799294753239911
0.4799294753239911
0.4799294753239911
0.4799294753239911
0.4799294753239911
0.4799294753239911
0.4799294753239911
0.4799294753239911
0.4799294753239911
0.4799294753239911
0.4799294753239911
0.4799294753239911
0.4799294753239911
0.4799294753239911
0.4799294753239911
0.4799294753239911
0.4799294753239911
0.4799294753239911
0.4799294753239911
0.4799294753239911
0.4799294753239911
0.4799294753239911
0.4799294753239911
0.4799294753239911
0.4799294753239911
0.4799294753239911
0.4799294753239911
0.4799294753239911
0.4799294753239911
0.4799294753239911
0.4799294753239911
0.4799294753239911
0.4799294753239911
0.4799294753239911
0.4799294753239911
0.4799294753239911
0.4799294753239911
0.4799294753239911
0.4799294753239911
0.4799294753239911
0.4799294753239911
0.4799294753239911
0.4799294753239911
0.4799294753239911
0.4799294753239911
0.4799294753239911
0.4799294753239911
0.4799294753239911
0.4799294753239911
0.4799294753239911
0.4799294753239911
0.4799294753239911
0.4799294753239911
0.4799294753239911
0.4799294753239911
0.4799294753239911
0.4799294753239911
0.4799294753239911
0.4799294753239911
0.4799294753239911
0.4799294753239911
0.4799294753239911
0.4799294753239911
0.4799294753239911
0.4799294753239911
0.4799294753239911
0.4799294753239911
0.4799294753239911
0.4799294753239911
0.4799294753239911
0.4799294753239911
0.4799294753239911
0.4799294753239911
0.4799294753239911
0.4799294753239911
0.4799294753239911
0.4799294753239911
0.4799294753239911
0.4799294753239911
0.4799294753239911
0.4799294753239911
0.4799294753239911
0.4799294753239911
0.4799294753239911
0.4799294753239911
0.4799294753239911
0.4799294753239911
0.4799294753239911
0.4799294753239911
0.4799294753239911
0.4799294753239911
0.4799294753239911
0.4799294753239911
0.4799294753239911
0.4799294753239911
0.4799294753239911
0.4799294753239911
0.4799294753239911
0.4799294753239911
0.4799294753239911
0.4799294753239911
0.4799294753239911
0.4799294753239911
0.4799294753239911
0.4799294753239911
0.4799294753239911
0.4799294753239911
0.4799294753239911
0.4799294753239911
0.4799294753239911
0.4799294753239911
0.4799294753239911
0.4799294753239911
0.4799294753239911
0.4799294753239911
0.4799294753239911
0.4799294753239911
0.4799294753239911
0.4799294753239911
0.4799294753239911
0.4799294753239911
0.4799294753239911
0.4799294753239911
0.4799294753239911
0.4799294753239911
0.4799294753239911
0.4799294753239911
0.4799294753239911
0.4799294753239911
0.4799294753239911
0.4799294753239911
0.4799294753239911
0.4799294753239911
0.4799294753239911
0.4799294753239911
0.4799294753239911
0.4799294753239911
0.4799294753239911
0.4799294753239911
0.4799294753239911
0.4799294753239911
0.4799294753239911
0.4799294753239911
0.4799294753239911
0.4799294753239911
0.4799294753239911
0.4799294753239911
0.4799294753239911
0.4799294753239911
0.4799294753239911
0.4799294753239911
0.4799294753239911
0.4799294753239911
0.4799294753239911
0.4799294753239911
0.4799294753239911
0.4799294753239911
0.4799294753239911
0.4799294753239911
0.4799294753239911
0.4799294753239911
0.4799294753239911
0.4799294753239911
0.4799294753239911
0.4799294753239911
0.4799294753239911
0.4799294753239911
0.4799294753239911
0.4799294753239911
0.4799294753239911
0.4799294753239911
0.4799294753239911
0.4799294753239911
0.4799294753239911
0.4799294753239911
0.4799294753239911
0.4799294753239911
0.4799294753239911
0.4799294753239911
0.4799294753239911
0.4799294753239911
0.4799294753239911
0.4799294753239911
0.4799294753239911
0.4799294753239911
0.4799294753239911
0.4799294753239911
0.4799294753239911
0.4799294753239911
0.4799294753239911
0.4799294753239911
0.4799294753239911
0.4799294753239911
0.4799294753239911
0.4799294753239911
0.4799294753239911
0.4799294753239911
0.4799294753239911
0.37672282294806203
0.37672282294806203
0.37672282294806203
0.37672282294806203
0.37672282294806203
0.37672282294806203
0.37672282294806203
0.37672282294806203
0.37672282294806203
0.37672282294806203
0.37672282294806203
0.37672282294806203
0.37672282294806203
0.37672282294806203
0.37672282294806203
0.37672282294806203
0.37672282294806203
0.37672282294806203
0.37672282294806203
0.37672282294806203
0.37672282294806203
0.37672282294806203
0.37672282294806203
0.37672282294806203
0.37672282294806203
0.37672282294806203
0.37672282294806203
0.37672282294806203
0.37672282294806203
0.37672282294806203
0.37672282294806203
0.37672282294806203
0.37672282294806203
0.37672282294806203
0.37672282294806203
0.37672282294806203
0.37672282294806203
0.37672282294806203
0.37672282294806203
0.37672282294806203
0.37672282294806203
0.37672282294806203
0.37672282294806203
0.37672282294806203
0.37672282294806203
0.37672282294806203
0.37672282294806203
0.37672282294806203
0.37672282294806203
0.37672282294806203
0.37672282294806203
0.37672282294806203
0.37672282294806203
0.37672282294806203
0.37672282294806203
0.37672282294806203
0.37672282294806203
0.37672282294806203
0.37672282294806203
0.37672282294806203
0.37672282294806203
0.37672282294806203
0.37672282294806203
0.37672282294806203
0.37672282294806203
0.37672282294806203
0.37672282294806203
0.37672282294806203
0.37672282294806203
0.37672282294806203
0.37672282294806203
0.37672282294806203
0.37672282294806203
0.37672282294806203
0.37672282294806203
0.37672282294806203
0.37672282294806203
0.37672282294806203
0.37672282294806203
0.37672282294806203
0.37672282294806203
0.37672282294806203
0.37672282294806203
0.37672282294806203
0.37672282294806203
0.37672282294806203
0.37672282294806203
0.37672282294806203
0.37672282294806203
0.37672282294806203
0.37672282294806203
0.37672282294806203
0.37672282294806203
0.37672282294806203
0.37672282294806203
0.37672282294806203
0.37672282294806203
0.37672282294806203
0.37672282294806203
0.37672282294806203
0.37672282294806203
0.37672282294806203
0.37672282294806203
0.37672282294806203
0.37672282294806203
0.37672282294806203
0.37672282294806203
0.37672282294806203
0.37672282294806203
0.37672282294806203
0.37672282294806203
0.37672282294806203
0.37672282294806203
0.37672282294806203
0.37672282294806203
0.37672282294806203
0.37672282294806203
0.37672282294806203
0.37672282294806203
0.37672282294806203
0.37672282294806203
0.37672282294806203
0.37672282294806203
0.37672282294806203
0.37672282294806203
0.37672282294806203
0.37672282294806203
0.37672282294806203
0.37672282294806203
0.37672282294806203
0.37672282294806203
0.37672282294806203
0.37672282294806203
0.37672282294806203
0.37672282294806203
0.37672282294806203
0.37672282294806203
0.37672282294806203
0.37672282294806203
0.37672282294806203
0.37672282294806203
0.37672282294806203
0.37672282294806203
0.37672282294806203
0.37672282294806203
0.37672282294806203
0.37672282294806203
0.37672282294806203
0.37672282294806203
0.37672282294806203
0.37672282294806203
0.37672282294806203
0.37672282294806203
0.37672282294806203
0.37672282294806203
0.37672282294806203
0.37672282294806203
0.37672282294806203
0.37672282294806203
0.37672282294806203
0.37672282294806203
0.37672282294806203
0.37672282294806203
0.37672282294806203
0.37672282294806203
0.37672282294806203
0.37672282294806203
0.37672282294806203
0.37672282294806203
0.37672282294806203
0.37672282294806203
0.37672282294806203
0.37672282294806203
0.37672282294806203
0.37672282294806203
0.37672282294806203
0.37672282294806203
0.37672282294806203
0.37672282294806203
0.37672282294806203
0.37672282294806203
0.37672282294806203
0.37672282294806203
0.37672282294806203
0.37672282294806203
0.37672282294806203
0.37672282294806203
0.37672282294806203
0.37672282294806203
0.37672282294806203
0.37672282294806203
0.37672282294806203
0.37672282294806203
0.37672282294806203
0.37672282294806203
0.37672282294806203
0.37672282294806203
0.37672282294806203
0.37672282294806203
0.37672282294806203
0.37672282294806203
0.37672282294806203
0.37672282294806203
0.37672282294806203
0.37672282294806203
0.37672282294806203
0.37672282294806203
0.37672282294806203
0.37672282294806203
0.37672282294806203
0.37672282294806203
0.37672282294806203
0.37672282294806203
0.37672282294806203
0.37672282294806203
0.37672282294806203
0.37672282294806203
0.37672282294806203
0.37672282294806203
0.37672282294806203
0.37672282294806203
0.37672282294806203
0.37672282294806203
0.37672282294806203
0.37672282294806203
0.37672282294806203
0.37672282294806203
0.37672282294806203
0.37672282294806203
0.37672282294806203
0.37672282294806203
0.37672282294806203
0.37672282294806203
0.37672282294806203
0.37672282294806203
0.37672282294806203
0.37672282294806203
0.37672282294806203
0.37672282294806203
0.37672282294806203
0.37672282294806203
0.37672282294806203
0.37672282294806203
0.37672282294806203
0.37672282294806203
0.37672282294806203
0.37672282294806203
0.37672282294806203
0.37672282294806203
0.37672282294806203
0.37672282294806203
0.37672282294806203
0.37672282294806203
0.37672282294806203
0.37672282294806203
0.37672282294806203
0.37672282294806203
0.37672282294806203
0.37672282294806203
0.37672282294806203
0.37672282294806203
0.37672282294806203
0.37672282294806203
0.37672282294806203
0.37672282294806203
0.37672282294806203
0.37672282294806203
0.37672282294806203
0.37672282294806203
0.37672282294806203
0.37672282294806203
0.37672282294806203
0.37672282294806203
0.37672282294806203
0.37672282294806203
0.37672282294806203
0.37672282294806203
0.37672282294806203
0.37672282294806203
0.37672282294806203
0.37672282294806203
0.37672282294806203
0.37672282294806203
0.37672282294806203
0.37672282294806203
0.37672282294806203
0.37672282294806203
0.37672282294806203
0.37672282294806203
0.37672282294806203
0.37672282294806203
0.37672282294806203
0.37672282294806203
0.37672282294806203
0.37672282294806203
0.37672282294806203
0.37672282294806203
0.37672282294806203
0.37672282294806203
0.37672282294806203
0.37672282294806203
0.37672282294806203
0.37672282294806203
0.37672282294806203
0.37672282294806203
0.37672282294806203
0.37672282294806203
0.37672282294806203
0.37672282294806203
0.37672282294806203
0.37672282294806203
0.37672282294806203
0.37672282294806203
0.37672282294806203
0.37672282294806203
0.37672282294806203
0.37672282294806203
0.37672282294806203
0.37672282294806203
0.37672282294806203
0.37672282294806203
0.37672282294806203
0.37672282294806203
0.37672282294806203
0.37672282294806203
0.37672282294806203
0.37672282294806203
0.37672282294806203
0.37672282294806203
0.37672282294806203
0.37672282294806203
0.37672282294806203
0.37672282294806203
0.37672282294806203
0.37672282294806203
0.37672282294806203
0.37672282294806203
0.37672282294806203
0.37672282294806203
0.37672282294806203
0.37672282294806203
0.37672282294806203
0.37672282294806203
0.37672282294806203
0.37672282294806203
0.37672282294806203
0.37672282294806203
0.37672282294806203
0.37672282294806203
0.37672282294806203
0.37672282294806203
0.37672282294806203
0.37672282294806203
0.37672282294806203
0.37672282294806203
0.37672282294806203
0.37672282294806203
0.37672282294806203
0.37672282294806203
0.37672282294806203
0.37672282294806203
0.37672282294806203
0.37672282294806203
0.37672282294806203
0.37672282294806203
0.37672282294806203
0.37672282294806203
0.37672282294806203
0.37672282294806203
0.37672282294806203
0.37672282294806203
0.37672282294806203
0.37672282294806203
0.37672282294806203
0.37672282294806203
0.37672282294806203
0.37672282294806203
0.37672282294806203
0.37672282294806203
0.37672282294806203
0.37672282294806203
0.37672282294806203
0.37672282294806203
0.37672282294806203
0.37672282294806203
0.37672282294806203
0.37672282294806203
0.37672282294806203
0.37672282294806203
0.37672282294806203
0.37672282294806203
0.37672282294806203
0.37672282294806203
0.37672282294806203
0.37672282294806203
0.37672282294806203
0.37672282294806203
0.37672282294806203
0.37672282294806203
0.37672282294806203
0.37672282294806203
0.37672282294806203
0.37672282294806203
0.37672282294806203
0.37672282294806203
0.37672282294806203
0.37672282294806203
0.37672282294806203
0.37672282294806203
0.37672282294806203
0.37672282294806203
0.37672282294806203
0.37672282294806203
0.37672282294806203
0.37672282294806203
0.37672282294806203
0.37672282294806203
0.37672282294806203
0.37672282294806203
0.37672282294806203
0.37672282294806203
0.37672282294806203
0.37672282294806203
0.37672282294806203
0.37672282294806203
0.37672282294806203
0.37672282294806203
0.37672282294806203
0.37672282294806203
0.37672282294806203
0.37672282294806203
0.37672282294806203
0.37672282294806203
0.37672282294806203
0.37672282294806203
0.37672282294806203
0.37672282294806203
0.37672282294806203
0.37672282294806203
0.37672282294806203
0.37672282294806203
0.37672282294806203
0.37672282294806203
0.37672282294806203
0.37672282294806203
0.37672282294806203
0.37672282294806203
0.37672282294806203
0.37672282294806203
0.37672282294806203
0.37672282294806203
0.37672282294806203
0.37672282294806203
0.37672282294806203
0.37672282294806203
0.37672282294806203
0.37672282294806203
0.37672282294806203
0.37672282294806203
0.37672282294806203
0.37672282294806203
0.37672282294806203
0.37672282294806203
0.37672282294806203
0.37672282294806203
0.37672282294806203
0.37672282294806203
0.37672282294806203
0.37672282294806203
0.37672282294806203
0.37672282294806203
0.37672282294806203
0.37672282294806203
0.37672282294806203
0.37672282294806203
0.37672282294806203
0.37672282294806203
0.37672282294806203
0.37672282294806203
0.37672282294806203
0.37672282294806203
0.37672282294806203
0.37672282294806203
0.37672282294806203
0.37672282294806203
0.37672282294806203
0.37672282294806203
0.37672282294806203
0.37672282294806203
0.37672282294806203
0.37672282294806203
0.37672282294806203
0.37672282294806203
0.37672282294806203
0.37672282294806203
0.37672282294806203
0.37672282294806203
0.37672282294806203
0.37672282294806203
0.37672282294806203
0.37672282294806203
0.37672282294806203
0.37672282294806203
0.37672282294806203
0.37672282294806203
0.37672282294806203
0.37672282294806203
0.37672282294806203
0.37672282294806203
0.37672282294806203
0.37672282294806203
0.37672282294806203
0.37672282294806203
0.37672282294806203
0.37672282294806203
0.37672282294806203
0.37672282294806203
0.37672282294806203
0.37672282294806203
0.37672282294806203
0.37672282294806203
0.37672282294806203
0.37672282294806203
0.37672282294806203
0.37672282294806203
0.37672282294806203
0.37672282294806203
0.37672282294806203
0.37672282294806203
0.37672282294806203
0.37672282294806203
0.37672282294806203
0.37672282294806203
0.37672282294806203
0.37672282294806203
0.37672282294806203
0.37672282294806203
0.37672282294806203
0.37672282294806203
0.37672282294806203
0.37672282294806203
0.37672282294806203
0.37672282294806203
0.37672282294806203
0.37672282294806203
0.37672282294806203
0.37672282294806203
0.37672282294806203
0.37672282294806203
0.37672282294806203
0.37672282294806203
0.37672282294806203
0.37672282294806203
0.37672282294806203
0.37672282294806203
0.37672282294806203
0.37672282294806203
0.37672282294806203
0.37672282294806203
0.37672282294806203
0.37672282294806203
0.37672282294806203
0.37672282294806203
0.37672282294806203
0.37672282294806203
0.37672282294806203
0.37672282294806203
0.37672282294806203
0.37672282294806203
0.37672282294806203
0.37672282294806203
0.37672282294806203
0.37672282294806203
0.37672282294806203
0.37672282294806203
0.37672282294806203
0.37672282294806203
0.37672282294806203
0.37672282294806203
0.37672282294806203
0.37672282294806203
0.37672282294806203
0.37672282294806203
0.37672282294806203
0.37672282294806203
0.37672282294806203
0.37672282294806203
0.37672282294806203
0.37672282294806203
0.37672282294806203
0.37672282294806203
0.37672282294806203
0.37672282294806203
0.37672282294806203
0.37672282294806203
0.37672282294806203
0.37672282294806203
0.37672282294806203
0.37672282294806203
0.37672282294806203
0.37672282294806203
0.37672282294806203
0.37672282294806203
0.37672282294806203
0.37672282294806203
0.37672282294806203
0.37672282294806203
0.37672282294806203
0.37672282294806203
0.37672282294806203
0.37672282294806203
0.37672282294806203
0.37672282294806203
0.37672282294806203
0.37672282294806203
0.37672282294806203
0.37672282294806203
0.37672282294806203
0.37672282294806203
0.37672282294806203
0.37672282294806203
0.37672282294806203
0.37672282294806203
0.37672282294806203
0.37672282294806203
0.37672282294806203
0.37672282294806203
0.37672282294806203
0.37672282294806203
0.37672282294806203
0.37672282294806203
0.37672282294806203
0.37672282294806203
0.37672282294806203
0.37672282294806203
0.37672282294806203
0.37672282294806203
0.37672282294806203
0.37672282294806203
0.37672282294806203
0.37672282294806203
0.37672282294806203
0.37672282294806203
0.37672282294806203
0.37672282294806203
0.37672282294806203
0.37672282294806203
0.37672282294806203
0.37672282294806203
0.37672282294806203
0.37672282294806203
0.37672282294806203
0.37672282294806203
0.37672282294806203
0.37672282294806203
0.37672282294806203
0.37672282294806203
0.37672282294806203
0.37672282294806203
0.37672282294806203
0.37672282294806203
0.37672282294806203
0.37672282294806203
0.37672282294806203
0.37672282294806203
0.37672282294806203
0.37672282294806203
0.37672282294806203
0.37672282294806203
0.37672282294806203
0.37672282294806203
0.37672282294806203
0.37672282294806203
0.37672282294806203
0.37672282294806203
0.37672282294806203
0.37672282294806203
0.37672282294806203
0.37672282294806203
0.37672282294806203
0.37672282294806203
0.37672282294806203
0.37672282294806203
0.37672282294806203
0.37672282294806203
0.37672282294806203
0.37672282294806203
0.37672282294806203
0.37672282294806203
0.37672282294806203
0.37672282294806203
0.37672282294806203
0.37672282294806203
0.37672282294806203
0.37672282294806203
0.37672282294806203
0.37672282294806203
0.37672282294806203
0.37672282294806203
0.37672282294806203
0.37672282294806203
0.37672282294806203
0.37672282294806203
0.37672282294806203
0.37672282294806203
0.37672282294806203
0.37672282294806203
0.37672282294806203
0.37672282294806203
0.37672282294806203
0.37672282294806203
0.37672282294806203
0.37672282294806203
0.37672282294806203
0.37672282294806203
0.37672282294806203
0.37672282294806203
0.37672282294806203
0.37672282294806203
0.37672282294806203
0.37672282294806203
0.37672282294806203
0.37672282294806203
0.37672282294806203
0.37672282294806203
0.37672282294806203
0.37672282294806203
0.37672282294806203
0.37672282294806203
0.37672282294806203
0.37672282294806203
0.37672282294806203
0.37672282294806203
0.37672282294806203
0.37672282294806203
0.37672282294806203
0.37672282294806203
0.37672282294806203
0.37672282294806203
0.37672282294806203
0.37672282294806203
0.37672282294806203
0.37672282294806203
0.37672282294806203
0.37672282294806203
0.37672282294806203
0.37672282294806203
0.37672282294806203
0.37672282294806203
0.37672282294806203
0.37672282294806203
0.37672282294806203
0.37672282294806203
0.37672282294806203
0.37672282294806203
0.37672282294806203
0.37672282294806203
0.37672282294806203
0.37672282294806203
0.37672282294806203
0.37672282294806203
0.37672282294806203
0.37672282294806203
0.37672282294806203
0.37672282294806203
0.37672282294806203
0.37672282294806203
0.37672282294806203
0.37672282294806203
0.37672282294806203
0.37672282294806203
0.37672282294806203
0.37672282294806203
0.37672282294806203
0.37672282294806203
0.37672282294806203
0.37672282294806203
0.37672282294806203
0.37672282294806203
0.37672282294806203
0.37672282294806203
0.37672282294806203
0.37672282294806203
0.37672282294806203
0.37672282294806203
0.37672282294806203
0.37672282294806203
0.37672282294806203
0.37672282294806203
0.37672282294806203
0.37672282294806203
0.37672282294806203
0.37672282294806203
0.37672282294806203
0.37672282294806203
0.37672282294806203
0.37672282294806203
0.37672282294806203
0.37672282294806203
0.37672282294806203
0.37672282294806203
0.37672282294806203
0.37672282294806203
0.37672282294806203
0.37672282294806203
0.37672282294806203
0.37672282294806203
0.37672282294806203
0.37672282294806203
0.37672282294806203
0.37672282294806203
0.37672282294806203
0.37672282294806203
0.37672282294806203
0.37672282294806203
0.37672282294806203
0.37672282294806203
0.37672282294806203
0.37672282294806203
0.37672282294806203
0.37672282294806203
0.37672282294806203
0.37672282294806203
0.37672282294806203
0.37672282294806203
0.37672282294806203
0.37672282294806203
0.37672282294806203
0.37672282294806203
0.37672282294806203
0.37672282294806203
0.37672282294806203
0.37672282294806203
0.37672282294806203
0.37672282294806203
0.37672282294806203
0.37672282294806203
0.37672282294806203
0.37672282294806203
0.37672282294806203
0.37672282294806203
0.37672282294806203
0.37672282294806203
0.37672282294806203
0.37672282294806203
0.37672282294806203
0.37672282294806203
0.37672282294806203
0.37672282294806203
0.37672282294806203
0.37672282294806203
0.37672282294806203
0.37672282294806203
0.37672282294806203
0.37672282294806203
0.37672282294806203
0.37672282294806203
0.37672282294806203
0.37672282294806203
0.37672282294806203
0.37672282294806203
0.37672282294806203
0.37672282294806203
0.37672282294806203
0.37672282294806203
0.37672282294806203
0.37672282294806203
0.37672282294806203
0.37672282294806203
0.37672282294806203
0.37672282294806203
0.37672282294806203
0.37672282294806203
0.37672282294806203
0.37672282294806203
0.37672282294806203
0.37672282294806203
0.37672282294806203
0.37672282294806203
0.37672282294806203
0.37672282294806203
0.37672282294806203
0.37672282294806203
0.37672282294806203
0.37672282294806203
0.37672282294806203
0.37672282294806203
0.37672282294806203
0.37672282294806203
0.37672282294806203
0.37672282294806203
0.37672282294806203
0.37672282294806203
0.37672282294806203
0.37672282294806203
0.37672282294806203
0.37672282294806203
0.37672282294806203
0.37672282294806203
0.37672282294806203
0.37672282294806203
0.37672282294806203
0.37672282294806203
0.37672282294806203
0.37672282294806203
0.37672282294806203
0.37672282294806203
0.37672282294806203
0.37672282294806203
0.37672282294806203
0.37672282294806203
0.37672282294806203
0.37672282294806203
0.37672282294806203
0.37672282294806203
0.37672282294806203
0.37672282294806203
0.37672282294806203
0.37672282294806203
0.37672282294806203
0.37672282294806203
0.37672282294806203
0.37672282294806203
0.37672282294806203
0.37672282294806203
0.37672282294806203
0.37672282294806203
0.37672282294806203
0.37672282294806203
0.37672282294806203
0.37672282294806203
0.37672282294806203
0.37672282294806203
0.37672282294806203
0.37672282294806203
0.37672282294806203
0.37672282294806203
0.37672282294806203
0.37672282294806203
0.37672282294806203
0.37672282294806203
0.37672282294806203
0.37672282294806203
0.37672282294806203
0.37672282294806203
0.37672282294806203
0.37672282294806203
0.37672282294806203
0.37672282294806203
0.37672282294806203
0.37672282294806203
0.37672282294806203
0.37672282294806203
0.37672282294806203
0.37672282294806203
0.37672282294806203
0.37672282294806203
0.37672282294806203
0.37672282294806203
0.37672282294806203
0.37672282294806203
0.37672282294806203
0.37672282294806203
0.37672282294806203
0.37672282294806203
0.37672282294806203
0.37672282294806203
0.37672282294806203
0.37672282294806203
0.37672282294806203
0.37672282294806203
0.37672282294806203
0.37672282294806203
0.37672282294806203
0.37672282294806203
0.37672282294806203
0.37672282294806203
0.37672282294806203
0.37672282294806203
0.37672282294806203
0.37672282294806203
0.37672282294806203
0.37672282294806203
0.37672282294806203
0.37672282294806203
0.37672282294806203
0.37672282294806203
0.37672282294806203
0.37672282294806203
0.37672282294806203
0.37672282294806203
0.37672282294806203
0.37672282294806203
0.37672282294806203
0.37672282294806203
0.37672282294806203
0.37672282294806203
0.37672282294806203
0.37672282294806203
0.37672282294806203
0.37672282294806203
0.37672282294806203
0.37672282294806203
0.37672282294806203
0.37672282294806203
0.37672282294806203
0.37672282294806203
0.37672282294806203
0.37672282294806203
0.37672282294806203
0.37672282294806203
0.37672282294806203
0.37672282294806203
0.37672282294806203
0.37672282294806203
0.37672282294806203
0.37672282294806203
0.37672282294806203
0.37672282294806203
0.37672282294806203
0.37672282294806203
0.37672282294806203
0.37672282294806203
0.37672282294806203
0.37672282294806203
0.37672282294806203
0.37672282294806203
0.37672282294806203
0.37672282294806203
0.37672282294806203
0.37672282294806203
0.37672282294806203
0.37672282294806203
0.37672282294806203
0.37672282294806203
0.37672282294806203
0.37672282294806203
0.37672282294806203
0.37672282294806203
0.37672282294806203
0.37672282294806203
0.37672282294806203
0.37672282294806203
0.37672282294806203
0.37672282294806203
0.37672282294806203
0.37672282294806203
0.37672282294806203
0.37672282294806203
0.37672282294806203
0.37672282294806203
0.37672282294806203
0.37672282294806203
0.37672282294806203
0.37672282294806203
0.37672282294806203
0.37672282294806203
0.37672282294806203
0.37672282294806203
0.37672282294806203
0.37672282294806203
0.37672282294806203
0.37672282294806203
0.37672282294806203
0.37672282294806203
0.37672282294806203
0.37672282294806203
0.37672282294806203
0.37672282294806203
0.37672282294806203
0.37672282294806203
0.37672282294806203
0.37672282294806203
0.37672282294806203
0.37672282294806203
0.37672282294806203
0.37672282294806203
0.37672282294806203
0.37672282294806203
0.37672282294806203
0.37672282294806203
0.37672282294806203
0.37672282294806203
0.37672282294806203
0.37672282294806203
0.37672282294806203
0.37672282294806203
0.37672282294806203
0.37672282294806203
0.37672282294806203
0.37672282294806203
0.37672282294806203
0.37672282294806203
0.37672282294806203
0.37672282294806203
0.37672282294806203
0.37672282294806203
0.37672282294806203
0.37672282294806203
0.37672282294806203
0.37672282294806203
0.37672282294806203
0.37672282294806203
0.37672282294806203
0.37672282294806203
0.37672282294806203
0.37672282294806203
0.37672282294806203
0.37672282294806203
0.37672282294806203
0.37672282294806203
0.37672282294806203
0.37672282294806203
0.37672282294806203
0.37672282294806203
0.37672282294806203
0.37672282294806203
0.37672282294806203
0.37672282294806203
0.37672282294806203
0.37672282294806203
0.37672282294806203
0.37672282294806203
0.37672282294806203
0.37672282294806203
0.37672282294806203
0.37672282294806203
0.37672282294806203
0.37672282294806203
0.37672282294806203
0.37672282294806203
0.37672282294806203
0.37672282294806203
0.37672282294806203
0.37672282294806203
0.37672282294806203
0.37672282294806203
0.37672282294806203
0.37672282294806203
0.37672282294806203
0.37672282294806203
0.37672282294806203
0.37672282294806203
0.37672282294806203
0.37672282294806203
0.37672282294806203
0.37672282294806203
0.37672282294806203
0.37672282294806203
0.37672282294806203
0.37672282294806203
0.37672282294806203
0.37672282294806203
0.37672282294806203
0.37672282294806203
0.37672282294806203
0.37672282294806203
0.37672282294806203
0.37672282294806203
0.37672282294806203
0.37672282294806203
0.37672282294806203
0.37672282294806203
0.37672282294806203
0.37672282294806203
0.37672282294806203
0.37672282294806203
0.37672282294806203
0.37672282294806203
0.37672282294806203
0.37672282294806203
0.37672282294806203
0.37672282294806203
0.37672282294806203
0.37672282294806203
0.37672282294806203
0.37672282294806203
0.37672282294806203
0.37672282294806203
0.37672282294806203
0.37672282294806203
0.37672282294806203
0.37672282294806203
0.37672282294806203
0.37672282294806203
0.37672282294806203
0.37672282294806203
0.37672282294806203
0.37672282294806203
0.37672282294806203
0.37672282294806203
0.37672282294806203
0.37672282294806203
0.37672282294806203
0.37672282294806203
0.37672282294806203
0.37672282294806203
0.37672282294806203
0.37672282294806203
0.37672282294806203
0.37672282294806203
0.37672282294806203
0.37672282294806203
0.37672282294806203
0.37672282294806203
0.37672282294806203
0.37672282294806203
0.37672282294806203
0.37672282294806203
0.37672282294806203
0.37672282294806203
0.37672282294806203
0.37672282294806203
0.37672282294806203
0.37672282294806203
0.37672282294806203
0.37672282294806203
0.37672282294806203
0.37672282294806203
0.37672282294806203
0.37672282294806203
0.37672282294806203
0.37672282294806203
0.37672282294806203
0.37672282294806203
0.37672282294806203
0.37672282294806203
0.37672282294806203
0.37672282294806203
0.37672282294806203
0.37672282294806203
0.37672282294806203
0.37672282294806203
0.37672282294806203
0.37672282294806203
0.37672282294806203
0.37672282294806203
0.37672282294806203
0.37672282294806203
0.37672282294806203
0.37672282294806203
0.37672282294806203
0.37672282294806203
0.37672282294806203
0.37672282294806203
0.37672282294806203
0.37672282294806203
0.37672282294806203
0.37672282294806203
0.37672282294806203
0.37672282294806203
0.37672282294806203
0.37672282294806203
0.37672282294806203
0.37672282294806203
0.37672282294806203
0.37672282294806203
0.37672282294806203
0.37672282294806203
0.37672282294806203
0.37672282294806203
0.37672282294806203
0.37672282294806203
0.37672282294806203
0.37672282294806203
0.37672282294806203
0.37672282294806203
0.37672282294806203
0.37672282294806203
0.37672282294806203
0.37672282294806203
0.37672282294806203
0.37672282294806203
0.37672282294806203
0.37672282294806203
0.37672282294806203
0.37672282294806203
0.37672282294806203
0.37672282294806203
0.37672282294806203
0.37672282294806203
0.37672282294806203
0.37672282294806203
0.37672282294806203
0.37672282294806203
0.37672282294806203
0.37672282294806203
0.37672282294806203
0.37672282294806203
0.37672282294806203
0.37672282294806203
0.37672282294806203
0.37672282294806203
0.37672282294806203
0.37672282294806203
0.37672282294806203
0.37672282294806203
0.37672282294806203
0.37672282294806203
0.37672282294806203
0.37672282294806203
0.37672282294806203
0.37672282294806203
0.37672282294806203
0.37672282294806203
0.37672282294806203
0.37672282294806203
0.37672282294806203
0.37672282294806203
0.37672282294806203
0.37672282294806203
0.37672282294806203
0.37672282294806203
0.37672282294806203
0.37672282294806203
0.37672282294806203
0.37672282294806203
0.37672282294806203
0.37672282294806203
0.37672282294806203
0.37672282294806203
0.37672282294806203
0.37672282294806203
0.37672282294806203
0.37672282294806203
0.37672282294806203
0.37672282294806203
0.37672282294806203
0.37672282294806203
0.37672282294806203
0.37672282294806203
0.37672282294806203
0.37672282294806203
0.37672282294806203
0.37672282294806203
0.37672282294806203
0.37672282294806203
0.37672282294806203
0.37672282294806203
0.37672282294806203
0.37672282294806203
0.37672282294806203
0.37672282294806203
0.37672282294806203
0.37672282294806203
0.37672282294806203
0.37672282294806203
0.37672282294806203
0.37672282294806203
0.37672282294806203
0.37672282294806203
0.37672282294806203
0.37672282294806203
0.37672282294806203
0.37672282294806203
0.37672282294806203
0.37672282294806203
0.37672282294806203
0.37672282294806203
0.37672282294806203
0.37672282294806203
0.37672282294806203
0.37672282294806203
0.37672282294806203
0.37672282294806203
0.37672282294806203
0.37672282294806203
0.37672282294806203
0.37672282294806203
0.37672282294806203
0.37672282294806203
0.37672282294806203
0.37672282294806203
0.37672282294806203
0.37672282294806203
0.37672282294806203
0.37672282294806203
0.37672282294806203
0.37672282294806203
0.37672282294806203
0.37672282294806203
0.37672282294806203
0.37672282294806203
0.37672282294806203
0.37672282294806203
0.37672282294806203
0.37672282294806203
0.37672282294806203
0.37672282294806203
0.37672282294806203
0.37672282294806203
0.37672282294806203
0.37672282294806203
0.37672282294806203
0.37672282294806203
0.37672282294806203
0.37672282294806203
0.37672282294806203
0.37672282294806203
0.37672282294806203
0.37672282294806203
0.37672282294806203
0.37672282294806203
0.37672282294806203
0.37672282294806203
0.37672282294806203
0.37672282294806203
0.37672282294806203
0.37672282294806203
0.37672282294806203
0.37672282294806203
0.37672282294806203
0.37672282294806203
0.37672282294806203
0.37672282294806203
0.37672282294806203
0.37672282294806203
0.37672282294806203
0.37672282294806203
0.37672282294806203
0.37672282294806203
0.37672282294806203
0.37672282294806203
0.37672282294806203
0.37672282294806203
0.37672282294806203
0.37672282294806203
0.37672282294806203
0.37672282294806203
0.37672282294806203
0.37672282294806203
0.37672282294806203
0.37672282294806203
0.37672282294806203
0.37672282294806203
0.37672282294806203
0.37672282294806203
0.37672282294806203
0.37672282294806203
0.37672282294806203
0.37672282294806203
0.37672282294806203
0.37672282294806203
0.37672282294806203
0.37672282294806203
0.37672282294806203
0.37672282294806203
0.37672282294806203
0.37672282294806203
0.37672282294806203
0.37672282294806203
0.37672282294806203
0.37672282294806203
0.37672282294806203
0.37672282294806203
0.37672282294806203
0.37672282294806203
0.37672282294806203
0.37672282294806203
0.37672282294806203
0.37672282294806203
0.37672282294806203
0.37672282294806203
0.37672282294806203
0.37672282294806203
0.37672282294806203
0.37672282294806203
0.37672282294806203
0.37672282294806203
0.37672282294806203
0.37672282294806203
0.37672282294806203
0.37672282294806203
0.37672282294806203
0.37672282294806203
0.37672282294806203
0.37672282294806203
0.37672282294806203
0.37672282294806203
0.37672282294806203
0.37672282294806203
0.37672282294806203
0.37672282294806203
0.37672282294806203
0.37672282294806203
0.37672282294806203
0.37672282294806203
0.37672282294806203
0.37672282294806203
0.37672282294806203
0.37672282294806203
0.37672282294806203
0.37672282294806203
0.37672282294806203
0.37672282294806203
0.37672282294806203
0.37672282294806203
0.37672282294806203
0.37672282294806203
0.37672282294806203
0.37672282294806203
0.37672282294806203
0.37672282294806203
0.37672282294806203
0.37672282294806203
0.37672282294806203
0.37672282294806203
0.37672282294806203
0.37672282294806203
0.37672282294806203
0.37672282294806203
0.37672282294806203
0.37672282294806203
0.37672282294806203
0.37672282294806203
0.37672282294806203
0.37672282294806203
0.37672282294806203
0.37672282294806203
0.37672282294806203
0.37672282294806203
0.37672282294806203
0.37672282294806203
0.37672282294806203
0.37672282294806203
0.37672282294806203
0.37672282294806203
0.37672282294806203
0.37672282294806203
0.37672282294806203
0.37672282294806203
0.37672282294806203
0.37672282294806203
0.37672282294806203
0.37672282294806203
0.37672282294806203
0.37672282294806203
0.37672282294806203
0.37672282294806203
0.37672282294806203
0.37672282294806203
0.37672282294806203
0.37672282294806203
0.37672282294806203
0.37672282294806203
0.37672282294806203
0.37672282294806203
0.37672282294806203
0.37672282294806203
0.37672282294806203
0.37672282294806203
0.37672282294806203
0.37672282294806203
0.37672282294806203
0.37672282294806203
0.37672282294806203
0.37672282294806203
0.37672282294806203
0.37672282294806203
0.37672282294806203
0.37672282294806203
0.37672282294806203
0.37672282294806203
0.37672282294806203
0.37672282294806203
0.37672282294806203
0.37672282294806203
0.37672282294806203
0.37672282294806203
0.37672282294806203
0.37672282294806203
0.37672282294806203
0.37672282294806203
0.37672282294806203
0.37672282294806203
0.37672282294806203
0.37672282294806203
0.37672282294806203
0.37672282294806203
0.37672282294806203
0.37672282294806203
0.37672282294806203
0.37672282294806203
0.37672282294806203
0.37672282294806203
0.37672282294806203
0.37672282294806203
0.37672282294806203
0.37672282294806203
0.37672282294806203
0.37672282294806203
0.37672282294806203
0.37672282294806203
0.37672282294806203
0.37672282294806203
0.37672282294806203
0.37672282294806203
0.37672282294806203
0.37672282294806203
0.37672282294806203
0.37672282294806203
0.37672282294806203
0.37672282294806203
0.37672282294806203
0.37672282294806203
0.37672282294806203
0.37672282294806203
0.37672282294806203
0.37672282294806203
0.37672282294806203
0.37672282294806203
0.37672282294806203
0.37672282294806203
0.37672282294806203
0.37672282294806203
0.37672282294806203
0.37672282294806203
0.37672282294806203
0.37672282294806203
0.37672282294806203
0.37672282294806203
0.37672282294806203
0.37672282294806203
0.37672282294806203
0.37672282294806203
0.37672282294806203
0.37672282294806203
0.37672282294806203
0.37672282294806203
0.37672282294806203
0.37672282294806203
0.37672282294806203
0.37672282294806203
0.37672282294806203
0.37672282294806203
0.37672282294806203
0.37672282294806203
0.37672282294806203
0.37672282294806203
0.37672282294806203
0.37672282294806203
0.37672282294806203
0.37672282294806203
0.37672282294806203
0.37672282294806203
0.37672282294806203
0.37672282294806203
0.37672282294806203
0.37672282294806203
0.37672282294806203
0.37672282294806203
0.37672282294806203
0.37672282294806203
0.37672282294806203
0.37672282294806203
0.37672282294806203
0.37672282294806203
0.37672282294806203
0.37672282294806203
0.37672282294806203
0.37672282294806203
0.37672282294806203
0.37672282294806203
0.37672282294806203
0.37672282294806203
0.37672282294806203
0.37672282294806203
0.37672282294806203
0.37672282294806203
0.37672282294806203
0.37672282294806203
0.37672282294806203
0.37672282294806203
0.37672282294806203
0.37672282294806203
0.37672282294806203
0.37672282294806203
0.37672282294806203
0.37672282294806203
0.37672282294806203
0.37672282294806203
0.37672282294806203
0.37672282294806203
0.37672282294806203
0.37672282294806203
0.37672282294806203
0.37672282294806203
0.37672282294806203
0.37672282294806203
0.37672282294806203
0.37672282294806203
0.37672282294806203
0.37672282294806203
0.37672282294806203
0.37672282294806203
0.37672282294806203
0.37672282294806203
0.37672282294806203
0.37672282294806203
0.37672282294806203
0.37672282294806203
0.37672282294806203
0.37672282294806203
0.37672282294806203
0.37672282294806203
0.37672282294806203
0.37672282294806203
0.37672282294806203
0.37672282294806203
0.37672282294806203
0.37672282294806203
0.37672282294806203
0.37672282294806203
0.37672282294806203
0.37672282294806203
0.37672282294806203
0.37672282294806203
0.37672282294806203
0.37672282294806203
0.37672282294806203
0.37672282294806203
0.37672282294806203
0.37672282294806203
0.37672282294806203
0.37672282294806203
0.37672282294806203
0.37672282294806203
0.37672282294806203
0.37672282294806203
0.37672282294806203
0.37672282294806203
0.37672282294806203
0.37672282294806203
0.37672282294806203
0.37672282294806203
0.37672282294806203
0.37672282294806203
0.37672282294806203
0.37672282294806203
0.37672282294806203
0.37672282294806203
0.37672282294806203
0.37672282294806203
0.37672282294806203
0.37672282294806203
0.37672282294806203
0.37672282294806203
0.37672282294806203
0.37672282294806203
0.37672282294806203
0.37672282294806203
0.37672282294806203
0.37672282294806203
0.37672282294806203
0.37672282294806203
0.37672282294806203
0.37672282294806203
0.37672282294806203
0.37672282294806203
0.37672282294806203
0.37672282294806203
0.37672282294806203
0.37672282294806203
0.37672282294806203
0.37672282294806203
0.37672282294806203
0.37672282294806203
0.37672282294806203
0.37672282294806203
0.37672282294806203
0.37672282294806203
0.37672282294806203
0.37672282294806203
0.37672282294806203
0.37672282294806203
0.37672282294806203
0.37672282294806203
0.37672282294806203
0.37672282294806203
0.37672282294806203
0.37672282294806203
0.37672282294806203
0.37672282294806203
0.37672282294806203
0.37672282294806203
0.37672282294806203
0.37672282294806203
0.37672282294806203
0.37672282294806203
0.37672282294806203
0.37672282294806203
0.37672282294806203
0.37672282294806203
0.37672282294806203
0.37672282294806203
0.37672282294806203
0.37672282294806203
0.37672282294806203
0.37672282294806203
0.37672282294806203
0.37672282294806203
0.37672282294806203
0.37672282294806203
0.37672282294806203
0.37672282294806203
0.37672282294806203
0.37672282294806203
0.37672282294806203
0.37672282294806203
0.37672282294806203
0.37672282294806203
0.37672282294806203
0.37672282294806203
0.37672282294806203
0.37672282294806203
0.37672282294806203
0.37672282294806203
0.37672282294806203
0.37672282294806203
0.37672282294806203
0.37672282294806203
0.37672282294806203
0.37672282294806203
0.37672282294806203
0.37672282294806203
0.37672282294806203
0.37672282294806203
0.37672282294806203
0.37672282294806203
0.37672282294806203
0.37672282294806203
0.37672282294806203
0.37672282294806203
0.37672282294806203
0.37672282294806203
0.37672282294806203
0.37672282294806203
0.37672282294806203
0.37672282294806203
0.37672282294806203
0.37672282294806203
0.37672282294806203
0.37672282294806203
0.37672282294806203
0.37672282294806203
0.37672282294806203
0.37672282294806203
0.37672282294806203
0.37672282294806203
0.37672282294806203
0.37672282294806203
0.37672282294806203
0.37672282294806203
0.37672282294806203
0.37672282294806203
0.37672282294806203
0.37672282294806203
0.37672282294806203
0.37672282294806203
0.37672282294806203
0.37672282294806203
0.37672282294806203
0.37672282294806203
0.37672282294806203
0.37672282294806203
0.37672282294806203
0.37672282294806203
0.37672282294806203
0.37672282294806203
0.37672282294806203
0.37672282294806203
0.37672282294806203
0.37672282294806203
0.37672282294806203
0.37672282294806203
0.37672282294806203
0.37672282294806203
0.37672282294806203
0.37672282294806203
0.37672282294806203
0.37672282294806203
0.37672282294806203
0.37672282294806203
0.37672282294806203
0.37672282294806203
0.37672282294806203
0.37672282294806203
0.37672282294806203
0.37672282294806203
0.37672282294806203
0.37672282294806203
0.37672282294806203
0.37672282294806203
0.37672282294806203
0.37672282294806203
0.37672282294806203
0.37672282294806203
0.37672282294806203
0.37672282294806203
0.37672282294806203
0.37672282294806203
0.37672282294806203
0.37672282294806203
0.37672282294806203
0.37672282294806203
0.37672282294806203
0.37672282294806203
0.37672282294806203
0.37672282294806203
0.37672282294806203
0.37672282294806203
0.37672282294806203
0.37672282294806203
0.37672282294806203
0.37672282294806203
0.37672282294806203
0.37672282294806203
0.37672282294806203
0.37672282294806203
0.37672282294806203
0.37672282294806203
0.37672282294806203
0.37672282294806203
0.37672282294806203
0.37672282294806203
0.37672282294806203
0.37672282294806203
0.37672282294806203
0.37672282294806203
0.37672282294806203
0.37672282294806203
0.37672282294806203
0.37672282294806203
0.37672282294806203
0.37672282294806203
0.37672282294806203
0.37672282294806203
0.37672282294806203
0.37672282294806203
0.37672282294806203
0.37672282294806203
0.37672282294806203
0.37672282294806203
0.37672282294806203
0.37672282294806203
0.37672282294806203
0.37672282294806203
0.37672282294806203
0.37672282294806203
0.37672282294806203
0.37672282294806203
0.37672282294806203
0.37672282294806203
0.37672282294806203
0.37672282294806203
0.37672282294806203
0.37672282294806203
0.37672282294806203
0.37672282294806203
0.37672282294806203
0.37672282294806203
0.37672282294806203
0.37672282294806203
0.37672282294806203
0.37672282294806203
0.37672282294806203
0.37672282294806203
0.37672282294806203
0.37672282294806203
0.37672282294806203
0.37672282294806203
0.37672282294806203
0.37672282294806203
0.37672282294806203
0.37672282294806203
0.37672282294806203
0.37672282294806203
0.37672282294806203
0.37672282294806203
0.37672282294806203
0.37672282294806203
0.37672282294806203
0.37672282294806203
0.37672282294806203
0.37672282294806203
0.37672282294806203
0.37672282294806203
0.37672282294806203
0.37672282294806203
0.37672282294806203
0.37672282294806203
0.37672282294806203
0.37672282294806203
0.37672282294806203
0.37672282294806203
0.37672282294806203
0.37672282294806203
0.37672282294806203
0.37672282294806203
0.37672282294806203
0.37672282294806203
0.37672282294806203
0.37672282294806203
0.37672282294806203
0.37672282294806203
0.37672282294806203
0.37672282294806203
0.37672282294806203
0.37672282294806203
0.37672282294806203
0.37672282294806203
0.37672282294806203
0.37672282294806203
0.37672282294806203
0.37672282294806203
0.37672282294806203
0.37672282294806203
0.37672282294806203
0.37672282294806203
0.37672282294806203
0.37672282294806203
0.37672282294806203
0.37672282294806203
0.37672282294806203
0.37672282294806203
0.37672282294806203
0.37672282294806203
0.37672282294806203
0.37672282294806203
0.37672282294806203
0.37672282294806203
0.34582646041389226
0.34582646041389226
0.34582646041389226
0.34582646041389226
0.34582646041389226
0.34582646041389226
0.34582646041389226
0.34582646041389226
0.34582646041389226
0.34582646041389226
0.34582646041389226
0.34582646041389226
0.34582646041389226
0.34582646041389226
0.34582646041389226
0.34582646041389226
0.34582646041389226
0.34582646041389226
0.34582646041389226
0.34582646041389226
0.34582646041389226
0.34582646041389226
0.34582646041389226
0.34582646041389226
0.34582646041389226
0.34582646041389226
0.34582646041389226
0.34582646041389226
0.34582646041389226
0.34582646041389226
0.34582646041389226
0.34582646041389226
0.34582646041389226
0.34582646041389226
0.34582646041389226
0.34582646041389226
0.34582646041389226
0.34582646041389226
0.34582646041389226
0.34582646041389226
0.34582646041389226
0.34582646041389226
0.34582646041389226
0.34582646041389226
0.34582646041389226
0.34582646041389226
0.34582646041389226
0.34582646041389226
0.34582646041389226
0.34582646041389226
0.34582646041389226
0.34582646041389226
0.34582646041389226
0.34582646041389226
0.34582646041389226
0.34582646041389226
0.34582646041389226
0.34582646041389226
0.34582646041389226
0.34582646041389226
0.34582646041389226
0.34582646041389226
0.34582646041389226
0.34582646041389226
0.34582646041389226
0.34582646041389226
0.34582646041389226
0.34582646041389226
0.34582646041389226
0.34582646041389226
0.34582646041389226
0.34582646041389226
0.34582646041389226
0.34582646041389226
0.34582646041389226
0.34582646041389226
0.34582646041389226
0.34582646041389226
0.34582646041389226
0.34582646041389226
0.34582646041389226
0.34582646041389226
0.34582646041389226
0.34582646041389226
0.34582646041389226
0.34582646041389226
0.34582646041389226
0.34582646041389226
0.34582646041389226
0.34582646041389226
0.34582646041389226
0.34582646041389226
0.34582646041389226
0.34582646041389226
0.34582646041389226
0.34582646041389226
0.34582646041389226
0.34582646041389226
0.34582646041389226
0.34582646041389226
0.34582646041389226
0.34582646041389226
0.34582646041389226
0.34582646041389226
0.34582646041389226
0.34582646041389226
0.34582646041389226
0.34582646041389226
0.34582646041389226
0.34582646041389226
0.34582646041389226
0.34582646041389226
0.34582646041389226
0.34582646041389226
0.34582646041389226
0.34582646041389226
0.34582646041389226
0.34582646041389226
0.34582646041389226
0.34582646041389226
0.34582646041389226
0.34582646041389226
0.34582646041389226
0.34582646041389226
0.34582646041389226
0.34582646041389226
0.34582646041389226
0.34582646041389226
0.34582646041389226
0.34582646041389226
0.34582646041389226
0.34582646041389226
0.34582646041389226
0.34582646041389226
0.34582646041389226
0.34582646041389226
0.34582646041389226
0.34582646041389226
0.34582646041389226
0.34582646041389226
0.34582646041389226
0.34582646041389226
0.34582646041389226
0.34582646041389226
0.34582646041389226
0.34582646041389226
0.34582646041389226
0.34582646041389226
0.34582646041389226
0.34582646041389226
0.34582646041389226
0.34582646041389226
0.34582646041389226
0.34582646041389226
0.34582646041389226
0.34582646041389226
0.34582646041389226
0.34582646041389226
0.34582646041389226
0.34582646041389226
0.34582646041389226
0.34582646041389226
0.34582646041389226
0.34582646041389226
0.34582646041389226
0.34582646041389226
0.34582646041389226
0.34582646041389226
0.34582646041389226
0.34582646041389226
0.34582646041389226
0.34582646041389226
0.34582646041389226
0.34582646041389226
0.34582646041389226
0.34582646041389226
0.34582646041389226
0.34582646041389226
0.34582646041389226
0.34582646041389226
0.34582646041389226
0.34582646041389226
0.34582646041389226
0.34582646041389226
0.34582646041389226
0.34582646041389226
0.34582646041389226
0.34582646041389226
0.34582646041389226
0.34582646041389226
0.34582646041389226
0.34582646041389226
0.34582646041389226
0.34582646041389226
0.34582646041389226
0.34582646041389226
0.34582646041389226
0.34582646041389226
0.34582646041389226
0.34582646041389226
0.34582646041389226
0.34582646041389226
0.34582646041389226
0.34582646041389226
0.34582646041389226
0.34582646041389226
0.34582646041389226
0.34582646041389226
0.34582646041389226
0.34582646041389226
0.34582646041389226
0.34582646041389226
0.34582646041389226
0.34582646041389226
0.34582646041389226
0.34582646041389226
0.34582646041389226
0.34582646041389226
0.34582646041389226
0.34582646041389226
0.34582646041389226
0.34582646041389226
0.34582646041389226
0.34582646041389226
0.34582646041389226
0.34582646041389226
0.34582646041389226
0.34582646041389226
0.34582646041389226
0.34582646041389226
0.34582646041389226
0.34582646041389226
0.34582646041389226
0.34582646041389226
0.34582646041389226
0.34582646041389226
0.34582646041389226
0.34582646041389226
0.34582646041389226
0.34582646041389226
0.34582646041389226
0.34582646041389226
0.34582646041389226
0.34582646041389226
0.34582646041389226
0.34582646041389226
0.34582646041389226
0.34582646041389226
0.34582646041389226
0.34582646041389226
0.34582646041389226
0.34582646041389226
0.34582646041389226
0.34582646041389226
0.34582646041389226
0.34582646041389226
0.34582646041389226
0.34582646041389226
0.34582646041389226
0.34582646041389226
0.34582646041389226
0.34582646041389226
0.34582646041389226
0.34582646041389226
0.34582646041389226
0.34582646041389226
0.34582646041389226
0.34582646041389226
0.34582646041389226
0.34582646041389226
0.34582646041389226
0.34582646041389226
0.34582646041389226
0.34582646041389226
0.34582646041389226
0.34582646041389226
0.34582646041389226
0.34582646041389226
0.34582646041389226
0.34582646041389226
0.34582646041389226
0.34582646041389226
0.34582646041389226
0.34582646041389226
0.34582646041389226
0.34582646041389226
0.34582646041389226
0.34582646041389226
0.34582646041389226
0.34582646041389226
0.34582646041389226
0.34582646041389226
0.34582646041389226
0.34582646041389226
0.34582646041389226
0.34582646041389226
0.34582646041389226
0.34582646041389226
0.34582646041389226
0.34582646041389226
0.34582646041389226
0.34582646041389226
0.34582646041389226
0.34582646041389226
0.34582646041389226
0.34582646041389226
0.34582646041389226
0.34582646041389226
0.34582646041389226
0.34582646041389226
0.34582646041389226
0.34582646041389226
0.34582646041389226
0.34582646041389226
0.34582646041389226
0.34582646041389226
0.34582646041389226
0.34582646041389226
0.34582646041389226
0.34582646041389226
0.34582646041389226
0.34582646041389226
0.34582646041389226
0.34582646041389226
0.34582646041389226
0.34582646041389226
0.34582646041389226
0.34582646041389226
0.34582646041389226
0.34582646041389226
0.34582646041389226
0.34582646041389226
0.34582646041389226
0.34582646041389226
0.34582646041389226
0.34582646041389226
0.34582646041389226
0.34582646041389226
0.34582646041389226
0.34582646041389226
0.34582646041389226
0.34582646041389226
0.34582646041389226
0.34582646041389226
0.34582646041389226
0.34582646041389226
0.34582646041389226
0.34582646041389226
0.34582646041389226
0.34582646041389226
0.34582646041389226
0.34582646041389226
0.34582646041389226
0.34582646041389226
0.34582646041389226
0.34582646041389226
0.34582646041389226
0.34582646041389226
0.34582646041389226
0.34582646041389226
0.34582646041389226
0.34582646041389226
0.34582646041389226
0.34582646041389226
0.34582646041389226
0.34582646041389226
0.34582646041389226
0.34582646041389226
0.34582646041389226
0.34582646041389226
0.34582646041389226
0.34582646041389226
0.34582646041389226
0.34582646041389226
0.34582646041389226
0.34582646041389226
0.34582646041389226
0.34582646041389226
0.34582646041389226
0.34582646041389226
0.34582646041389226
0.34582646041389226
0.34582646041389226
0.34582646041389226
0.34582646041389226
0.34582646041389226
0.34582646041389226
0.34582646041389226
0.34582646041389226
0.34582646041389226
0.34582646041389226
0.34582646041389226
0.34582646041389226
0.34582646041389226
0.34582646041389226
0.34582646041389226
0.34582646041389226
0.34582646041389226
0.34582646041389226
0.34582646041389226
0.34582646041389226
0.34582646041389226
0.34582646041389226
0.34582646041389226
0.34582646041389226
0.34582646041389226
0.34582646041389226
0.34582646041389226
0.34582646041389226
0.34582646041389226
0.34582646041389226
0.34582646041389226
0.34582646041389226
0.34582646041389226
0.34582646041389226
0.34582646041389226
0.34582646041389226
0.34582646041389226
0.34582646041389226
0.34582646041389226
0.34582646041389226
0.34582646041389226
0.34582646041389226
0.34582646041389226
0.34582646041389226
0.34582646041389226
0.34582646041389226
0.34582646041389226
0.34582646041389226
0.34582646041389226
0.34582646041389226
0.34582646041389226
0.34582646041389226
0.34582646041389226
0.34582646041389226
0.34582646041389226
0.34582646041389226
0.34582646041389226
0.34582646041389226
0.34582646041389226
0.34582646041389226
0.34582646041389226
0.34582646041389226
0.34582646041389226
0.34582646041389226
0.34582646041389226
0.34582646041389226
0.34582646041389226
0.34582646041389226
0.34582646041389226
0.34582646041389226
0.34582646041389226
0.34582646041389226
0.34582646041389226
0.34582646041389226
0.34582646041389226
0.34582646041389226
0.34582646041389226
0.34582646041389226
0.34582646041389226
0.34582646041389226
0.34582646041389226
0.34582646041389226
0.34582646041389226
0.34582646041389226
0.34582646041389226
0.34582646041389226
0.34582646041389226
0.34582646041389226
0.34582646041389226
0.34582646041389226
0.34582646041389226
0.34582646041389226
0.34582646041389226
0.34582646041389226
0.34582646041389226
0.34582646041389226
0.34582646041389226
0.34582646041389226
0.34582646041389226
0.34582646041389226
0.34582646041389226
0.34582646041389226
0.34582646041389226
0.34582646041389226
0.34582646041389226
0.34582646041389226
0.34582646041389226
0.34582646041389226
0.34582646041389226
0.34582646041389226
0.34582646041389226
0.34582646041389226
0.34582646041389226
0.34582646041389226
0.34582646041389226
0.34582646041389226
0.34582646041389226
0.34582646041389226
0.34582646041389226
0.34582646041389226
0.34582646041389226
0.34582646041389226
0.34582646041389226
0.34582646041389226
0.34582646041389226
0.34582646041389226
0.34582646041389226
0.34582646041389226
0.34582646041389226
0.34582646041389226
0.34582646041389226
0.34582646041389226
0.34582646041389226
0.34582646041389226
0.34582646041389226
0.34582646041389226
0.34582646041389226
0.34582646041389226
0.34582646041389226
0.34582646041389226
0.34582646041389226
0.34582646041389226
0.34582646041389226
0.34582646041389226
0.34582646041389226
0.34582646041389226
0.34582646041389226
0.34582646041389226
0.34582646041389226
0.34582646041389226
0.34582646041389226
0.34582646041389226
0.34582646041389226
0.34582646041389226
0.34582646041389226
0.34582646041389226
0.34582646041389226
0.34582646041389226
0.34582646041389226
0.34582646041389226
0.34582646041389226
0.34582646041389226
0.34582646041389226
0.34582646041389226
0.34582646041389226
0.34582646041389226
0.34582646041389226
0.34582646041389226
0.34582646041389226
0.34582646041389226
0.34582646041389226
0.34582646041389226
0.34582646041389226
0.34582646041389226
0.34582646041389226
0.34582646041389226
0.34582646041389226
0.34582646041389226
0.34582646041389226
0.34582646041389226
0.34582646041389226
0.34582646041389226
0.34582646041389226
0.34582646041389226
0.34582646041389226
0.34582646041389226
0.34582646041389226
0.34582646041389226
0.34582646041389226
0.34582646041389226
0.34582646041389226
0.34582646041389226
0.34582646041389226
0.34582646041389226
0.34582646041389226
0.34582646041389226
0.34582646041389226
0.34582646041389226
0.34582646041389226
0.34582646041389226
0.34582646041389226
0.34582646041389226
0.34582646041389226
0.34582646041389226
0.34582646041389226
0.34582646041389226
0.34582646041389226
0.34582646041389226
0.34582646041389226
0.34582646041389226
0.34582646041389226
0.34582646041389226
0.34582646041389226
0.34582646041389226
0.34582646041389226
0.34582646041389226
0.34582646041389226
0.34582646041389226
0.34582646041389226
0.34582646041389226
0.34582646041389226
0.34582646041389226
0.34582646041389226
0.34582646041389226
0.34582646041389226
0.34582646041389226
0.34582646041389226
0.34582646041389226
0.34582646041389226
0.34582646041389226
0.34582646041389226
0.34582646041389226
0.34582646041389226
0.34582646041389226
0.34582646041389226
0.34582646041389226
0.34582646041389226
0.34582646041389226
0.34582646041389226
0.34582646041389226
0.34582646041389226
0.34582646041389226
0.34582646041389226
0.34582646041389226
0.34582646041389226
0.34582646041389226
0.34582646041389226
0.34582646041389226
0.34582646041389226
0.34582646041389226
0.34582646041389226
0.34582646041389226
0.34582646041389226
0.34582646041389226
0.34582646041389226
0.34582646041389226
0.34582646041389226
0.34582646041389226
0.34582646041389226
0.34582646041389226
0.34582646041389226
0.34582646041389226
0.34582646041389226
0.34582646041389226
0.34582646041389226
0.34582646041389226
0.34582646041389226
0.34582646041389226
0.34582646041389226
0.34582646041389226
0.34582646041389226
0.34582646041389226
0.34582646041389226
0.34582646041389226
0.34582646041389226
0.34582646041389226
0.34582646041389226
0.34582646041389226
0.34582646041389226
0.34582646041389226
0.34582646041389226
0.34582646041389226
0.34582646041389226
0.34582646041389226
0.34582646041389226
0.34582646041389226
0.34582646041389226
0.34582646041389226
0.34582646041389226
0.34582646041389226
0.34582646041389226
0.34582646041389226
0.34582646041389226
0.34582646041389226
0.34582646041389226
0.34582646041389226
0.34582646041389226
0.34582646041389226
0.34582646041389226
0.34582646041389226
0.34582646041389226
0.34582646041389226
0.34582646041389226
0.34582646041389226
0.34582646041389226
0.34582646041389226
0.34582646041389226
0.34582646041389226
0.34582646041389226
0.34582646041389226
0.34582646041389226
0.34582646041389226
0.34582646041389226
0.34582646041389226
0.34582646041389226
0.34582646041389226
0.34582646041389226
0.34582646041389226
0.34582646041389226
0.34582646041389226
0.34582646041389226
0.34582646041389226
0.34582646041389226
0.34582646041389226
0.34582646041389226
0.34582646041389226
0.34582646041389226
0.34582646041389226
0.34582646041389226
0.34582646041389226
0.34582646041389226
0.34582646041389226
0.34582646041389226
0.34582646041389226
0.34582646041389226
0.34582646041389226
0.34582646041389226
0.34582646041389226
0.34582646041389226
0.34582646041389226
0.34582646041389226
0.34582646041389226
0.34582646041389226
0.34582646041389226
0.34582646041389226
0.34582646041389226
0.34582646041389226
0.34582646041389226
0.34582646041389226
0.34582646041389226
0.34582646041389226
0.34582646041389226
0.34582646041389226
0.34582646041389226
0.34582646041389226
0.34582646041389226
0.34582646041389226
0.34582646041389226
0.34582646041389226
0.34582646041389226
0.34582646041389226
0.34582646041389226
0.34582646041389226
0.34582646041389226
0.34582646041389226
0.34582646041389226
0.34582646041389226
0.34582646041389226
0.34582646041389226
0.34582646041389226
0.34582646041389226
0.34582646041389226
0.34582646041389226
0.34582646041389226
0.34582646041389226
0.34582646041389226
0.34582646041389226
0.34582646041389226
0.34582646041389226
0.34582646041389226
0.34582646041389226
0.34582646041389226
0.34582646041389226
0.34582646041389226
0.34582646041389226
0.34582646041389226
0.34582646041389226
0.34582646041389226
0.34582646041389226
0.34582646041389226
0.34582646041389226
0.34582646041389226
0.34582646041389226
0.34582646041389226
0.34582646041389226
0.34582646041389226
0.34582646041389226
0.34582646041389226
0.34582646041389226
0.34582646041389226
0.34582646041389226
0.34582646041389226
0.34582646041389226
0.34582646041389226
0.34582646041389226
0.34582646041389226
0.34582646041389226
0.34582646041389226
0.34582646041389226
0.34582646041389226
0.34582646041389226
0.34582646041389226
0.34582646041389226
0.34582646041389226
0.34582646041389226
0.34582646041389226
0.34582646041389226
0.34582646041389226
0.34582646041389226
0.34582646041389226
0.34582646041389226
0.34582646041389226
0.34582646041389226
0.34582646041389226
0.34582646041389226
0.34582646041389226
0.34582646041389226
0.34582646041389226
0.34582646041389226
0.34582646041389226
0.34582646041389226
0.34582646041389226
0.34582646041389226
0.34582646041389226
0.34582646041389226
0.34582646041389226
0.34582646041389226
0.34582646041389226
0.34582646041389226
0.34582646041389226
0.34582646041389226
0.34582646041389226
0.34582646041389226
0.34582646041389226
0.34582646041389226
0.34582646041389226
0.34582646041389226
0.34582646041389226
0.34582646041389226
0.34582646041389226
0.34582646041389226
0.34582646041389226
0.34582646041389226
0.34582646041389226
0.34582646041389226
0.34582646041389226
0.34582646041389226
0.34582646041389226
0.34582646041389226
0.34582646041389226
0.34582646041389226
0.34582646041389226
0.34582646041389226
0.34582646041389226
0.34582646041389226
0.34582646041389226
0.34582646041389226
0.34582646041389226
0.34582646041389226
0.34582646041389226
0.34582646041389226
0.34582646041389226
0.34582646041389226
0.34582646041389226
0.34582646041389226
0.34582646041389226
0.34582646041389226
0.34582646041389226
0.34582646041389226
0.34582646041389226
0.34582646041389226
0.34582646041389226
0.34582646041389226
0.34582646041389226
0.34582646041389226
0.34582646041389226
0.34582646041389226
0.34582646041389226
0.34582646041389226
0.34582646041389226
0.34582646041389226
0.34582646041389226
0.34582646041389226
0.34582646041389226
0.34582646041389226
0.34582646041389226
0.34582646041389226
0.34582646041389226
0.34582646041389226
0.34582646041389226
0.34582646041389226
0.34582646041389226
0.34582646041389226
0.34582646041389226
0.34582646041389226
0.34582646041389226
0.34582646041389226
0.34582646041389226
0.34582646041389226
0.34582646041389226
0.34582646041389226
0.34582646041389226
0.34582646041389226
0.34582646041389226
0.34582646041389226
0.34582646041389226
0.34582646041389226
0.34582646041389226
0.34582646041389226
0.34582646041389226
0.34582646041389226
0.34582646041389226
0.34582646041389226
0.34582646041389226
0.34582646041389226
0.34582646041389226
0.34582646041389226
0.34582646041389226
0.34582646041389226
0.34582646041389226
0.34582646041389226
0.34582646041389226
0.34582646041389226
0.34582646041389226
0.34582646041389226
0.34582646041389226
0.34582646041389226
0.34582646041389226
0.34582646041389226
0.34582646041389226
0.34582646041389226
0.34582646041389226
0.34582646041389226
0.34582646041389226
0.34582646041389226
0.34582646041389226
0.34582646041389226
0.34582646041389226
0.34582646041389226
0.34582646041389226
0.34582646041389226
0.34582646041389226
0.34582646041389226
0.34582646041389226
0.34582646041389226
0.34582646041389226
0.34582646041389226
0.34582646041389226
0.34582646041389226
0.34582646041389226
0.34582646041389226
0.34582646041389226
0.34582646041389226
0.34582646041389226
0.34582646041389226
0.34582646041389226
0.34582646041389226
0.34582646041389226
0.34582646041389226
0.34582646041389226
0.34582646041389226
0.34582646041389226
0.34582646041389226
0.34582646041389226
0.34582646041389226
0.34582646041389226
0.34582646041389226
0.34582646041389226
0.34582646041389226
0.34582646041389226
0.34582646041389226
0.34582646041389226
0.34582646041389226
0.34582646041389226
0.34582646041389226
0.34582646041389226
0.34582646041389226
0.34582646041389226
0.34582646041389226
0.34582646041389226
0.34582646041389226
0.34582646041389226
0.34582646041389226
0.34582646041389226
0.34582646041389226
0.34582646041389226
0.34582646041389226
0.34582646041389226
0.34582646041389226
0.34582646041389226
0.34582646041389226
0.34582646041389226
0.34582646041389226
0.34582646041389226
0.34582646041389226
0.34582646041389226
0.34582646041389226
0.34582646041389226
0.34582646041389226
0.34582646041389226
0.34582646041389226
0.34582646041389226
0.34582646041389226
0.34582646041389226
0.34582646041389226
0.34582646041389226
0.34582646041389226
0.34582646041389226
0.34582646041389226
0.34582646041389226
0.34582646041389226
0.34582646041389226
0.34582646041389226
0.34582646041389226
0.34582646041389226
0.34582646041389226
0.34582646041389226
0.34582646041389226
0.34582646041389226
0.34582646041389226
0.34582646041389226
0.34582646041389226
0.34582646041389226
0.34582646041389226
0.34582646041389226
0.34582646041389226
0.34582646041389226
0.34582646041389226
0.34582646041389226
0.34582646041389226
0.34582646041389226
0.34582646041389226
0.34582646041389226
0.34582646041389226
0.34582646041389226
0.34582646041389226
0.34582646041389226
0.34582646041389226
0.34582646041389226
0.34582646041389226
0.34582646041389226
0.34582646041389226
0.34582646041389226
0.34582646041389226
0.34582646041389226
0.34582646041389226
0.34582646041389226
0.34582646041389226
0.34582646041389226
0.34582646041389226
0.34582646041389226
0.34582646041389226
0.34582646041389226
0.34582646041389226
0.34582646041389226
0.34582646041389226
0.34582646041389226
0.34582646041389226
0.34582646041389226
0.34582646041389226
0.34582646041389226
0.34582646041389226
0.34582646041389226
0.34582646041389226
0.34582646041389226
0.34582646041389226
0.34582646041389226
0.34582646041389226
0.34582646041389226
0.34582646041389226
0.34582646041389226
0.34582646041389226
0.34582646041389226
0.34582646041389226
0.34582646041389226
0.34582646041389226
0.34582646041389226
0.34582646041389226
0.34582646041389226
0.34582646041389226
0.34582646041389226
0.34582646041389226
0.34582646041389226
0.34582646041389226
0.34582646041389226
0.34582646041389226
0.34582646041389226
0.34582646041389226
0.34582646041389226
0.34582646041389226
0.34582646041389226
0.34582646041389226
0.34582646041389226
0.34582646041389226
0.34582646041389226
0.34582646041389226
0.34582646041389226
0.34582646041389226
0.34582646041389226
0.34582646041389226
0.34582646041389226
0.34582646041389226
0.34582646041389226
0.34582646041389226
0.34582646041389226
0.34582646041389226
0.34582646041389226
0.34582646041389226
0.34582646041389226
0.34582646041389226
0.34582646041389226
0.34582646041389226
0.34582646041389226
0.34582646041389226
0.34582646041389226
0.34582646041389226
0.34582646041389226
0.34582646041389226
0.34582646041389226
0.34582646041389226
0.34582646041389226
0.34582646041389226
0.34582646041389226
0.34582646041389226
0.34582646041389226
0.34582646041389226
0.34582646041389226
0.34582646041389226
0.34582646041389226
0.34582646041389226
0.34582646041389226
0.34582646041389226
0.34582646041389226
0.34582646041389226
0.34582646041389226
0.34582646041389226
0.34582646041389226
0.34582646041389226
0.34582646041389226
0.34582646041389226
0.34582646041389226
0.34582646041389226
0.34582646041389226
0.34582646041389226
0.34582646041389226
0.34582646041389226
0.34582646041389226
0.34582646041389226
0.34582646041389226
0.34582646041389226
0.34582646041389226
0.34582646041389226
0.34582646041389226
0.34582646041389226
0.34582646041389226
0.34582646041389226
0.34582646041389226
0.34582646041389226
0.34582646041389226
0.34582646041389226
0.34582646041389226
0.34582646041389226
0.34582646041389226
0.34582646041389226
0.34582646041389226
0.34582646041389226
0.34582646041389226
0.34582646041389226
0.34582646041389226
0.34582646041389226
0.34582646041389226
0.34582646041389226
0.34582646041389226
0.34582646041389226
0.34582646041389226
0.34582646041389226
0.34582646041389226
0.34582646041389226
0.34582646041389226
0.34582646041389226
0.34582646041389226
0.34582646041389226
0.34582646041389226
0.34582646041389226
0.34582646041389226
0.34582646041389226
0.34582646041389226
0.34582646041389226
0.34582646041389226
0.34582646041389226
0.34582646041389226
0.34582646041389226
0.34582646041389226
0.34582646041389226
0.34582646041389226
0.34582646041389226
0.34582646041389226
0.34582646041389226
0.34582646041389226
0.34582646041389226
0.34582646041389226
0.34582646041389226
0.34582646041389226
0.34582646041389226
0.34582646041389226
0.34582646041389226
0.34582646041389226
0.34582646041389226
0.34582646041389226
0.34582646041389226
