43809.68993228189
43686.084189412344
43534.71435194666
43534.71435194666
43267.85441438517
43267.85441438517
42897.956641536075
42820.304398933375
42611.223034603594
42611.223034603594
42520.36259028815
42169.6569019756
42169.6569019756
42152.50705785498
41843.49883503618
41843.49883503618
41694.91672193507
41531.507448358556
41388.39141359822
41206.53743413084
40984.95153502847
40984.95153502847
40867.955914412654
40660.72042963983
40660.72042963983
40659.64672715226
40398.85085756122
40398.85085756122
40283.452817324345
40283.452817324345
40050.31204180891
39792.53094815599
39643.114776231596
39643.114776231596
39643.114776231596
39505.13850479498
39505.13850479498
39505.13850479498
39335.03088927033
39335.03088927033
39335.03088927033
39278.56573387425
39277.61232724076
38933.49243241452
38777.246823611335
38770.534095382936
38454.15909924453
38233.31688803642
38233.31688803642
38233.31688803642
38233.31688803642
38096.648981068305
38074.20607063198
37928.00125985462
37658.29376888813
37552.30092812394
37552.30092812394
37552.30092812394
37552.30092812394
37231.96067954718
37082.23402074843
36948.6981268824
36948.6981268824
36948.6981268824
36787.49280179796
36787.49280179796
36787.49280179796
36604.16814950765
36461.200694779145
36261.99290655806
36261.99290655806
36261.99290655806
36261.99290655806
36045.11595356729
36045.11595356729
35885.14134444956
35885.14134444956
35809.31089246648
35809.31089246648
35809.31089246648
35809.31089246648
35793.556487715636
35525.34563206454
35525.34563206454
35525.34563206454
35293.45447258527
35293.45447258527
35142.29956874503
35142.29956874503
35142.29956874503
34792.91403837516
34440.816169374375
34440.816169374375
34440.816169374375
34440.816169374375
34424.46524658761
34233.28693151131
34197.985685629574
33888.62033377427
33836.39845660983
33701.47660122889
33617.38456288735
33617.38456288735
33447.72859055781
33330.217281041456
33228.38516288222
33228.38516288222
33228.38516288222
33064.15991699321
33064.15991699321
33064.15991699321
32775.13219027203
32775.13219027203
32584.95159366612
32584.95159366612
32570.429965252828
32528.001771323976
32452.019485263318
32452.019485263318
32175.351683421846
32175.351683421846
31928.51810915224
31928.51810915224
31928.51810915224
31908.132065962905
31908.132065962905
31908.132065962905
31908.132065962905
31908.132065962905
31908.132065962905
31908.132065962905
31908.132065962905
31908.132065962905
31908.132065962905
31886.72427186514
31868.954003066872
31868.954003066872
31468.500308515828
31446.32279771219
31446.32279771219
31446.32279771219
31446.32279771219
31146.656362580772
30699.496797065553
30699.496797065553
30699.496797065553
30641.742806520877
30429.97035218504
30404.780202610706
30314.82762854316
30314.82762854316
30314.82762854316
30207.23691595367
29847.360382130988
29584.125967350148
29584.125967350148
29584.125967350148
29584.125967350148
29448.343267660253
29448.343267660253
29127.031440526167
29124.229268637133
28964.72048715626
28964.72048715626
28964.72048715626
28964.72048715626
28939.787801590042
28939.787801590042
28939.787801590042
28939.787801590042
28684.99922446033
28684.99922446033
28684.99922446033
28684.99922446033
28684.99922446033
28428.89697551885
28298.423838542378
28018.552605748755
27898.453681199862
27677.351103118643
27549.603678522333
27549.603678522333
27408.120299329716
27408.120299329716
27408.120299329716
27408.120299329716
27060.00027028612
26986.16772705419
26986.16772705419
26880.175342266535
26880.175342266535
26880.175342266535
26880.175342266535
26880.175342266535
26782.961113922505
26782.961113922505
26577.785631334027
26577.785631334027
26121.20033236358
25904.841031532498
25904.841031532498
25793.763922519145
25709.458822204248
25709.458822204248
25709.458822204248
25709.458822204248
25709.458822204248
25690.84811906222
25445.06127936686
25434.935068209026
25434.935068209026
25143.961382540947
25137.826940435592
25137.826940435592
25060.00729904966
25060.00729904966
25060.00729904966
24972.241747237924
24972.241747237924
24972.241747237924
24827.57279734548
24756.570649768302
24474.913547480453
24473.53863987606
24473.53863987606
24423.74947264347
24423.74947264347
24423.74947264347
24423.74947264347
24212.139994413472
24126.58736983923
23871.2860433352
23826.042676413017
23826.042676413017
23826.042676413017
23826.042676413017
23826.042676413017
23826.042676413017
23663.3385550064
23663.3385550064
23663.3385550064
23663.3385550064
23455.771248576893
23421.09376192948
23421.09376192948
23320.469552892002
23172.74891390973
23172.74891390973
23172.74891390973
22986.960480060912
22986.960480060912
22986.960480060912
22986.960480060912
22986.960480060912
22986.960480060912
22723.949588687057
22723.949588687057
22723.949588687057
22698.781495687246
22624.30680018995
22624.30680018995
22594.157108421245
22594.157108421245
22359.647824186995
22359.647824186995
22359.647824186995
22292.6974004188
22205.829708213965
22205.829708213965
22205.829708213965
22153.283190707076
22115.637533984875
21974.83011183354
21974.83011183354
21974.83011183354
21974.83011183354
21974.83011183354
21974.83011183354
21974.83011183354
21974.83011183354
21708.015340944996
21708.015340944996
21708.015340944996
21644.16636121187
21510.47011987858
21510.47011987858
21510.47011987858
21510.47011987858
21432.859762977492
21432.859762977492
21343.71603064386
21343.71603064386
21343.71603064386
21273.206369451505
21273.206369451505
21273.206369451505
21273.206369451505
21273.206369451505
21165.133889145218
21165.133889145218
21165.133889145218
21165.133889145218
21165.133889145218
21165.133889145218
21138.843841556627
20896.524022721704
20818.89811055353
20811.384886163334
20811.384886163334
20811.384886163334
20780.27114148076
20755.64852575839
20755.64852575839
20755.64852575839
20679.990353055044
20679.990353055044
20677.36172759541
20535.50896479462
20535.50896479462
20535.50896479462
20535.50896479462
20453.42422220998
20412.240448914345
20403.111982099494
20403.111982099494
20403.111982099494
20365.191438234804
20312.875321785443
20312.875321785443
20157.275401132225
19990.322843149
19939.27252787374
19811.566465077827
19761.995751394985
19643.254925204637
19643.254925204637
19643.254925204637
19431.46160158392
19431.46160158392
19431.46160158392
19431.46160158392
19087.327013497103
18958.10004558583
18825.78230461041
18573.405959053223
18573.405959053223
18528.622814133818
18173.467673354953
18173.467673354953
18173.467673354953
18082.65291087445
18082.65291087445
17892.667792208984
17892.667792208984
17892.667792208984
17732.13450918967
17732.13450918967
17705.828290918616
17504.15045201407
17291.30725858855
17291.30725858855
17291.30725858855
17291.30725858855
17291.30725858855
17291.30725858855
17291.30725858855
17291.30725858855
17291.30725858855
17291.30725858855
17244.537467908456
17244.537467908456
17232.30649757621
17232.30649757621
17220.519106461543
17220.519106461543
17220.519106461543
17220.519106461543
17220.519106461543
17125.58464867404
17125.58464867404
17040.40227652581
17040.40227652581
17040.40227652581
16874.030003751883
16874.030003751883
16732.009907607408
16332.40476912701
16301.75595554442
16301.75595554442
16254.647203723738
16210.425282929187
16186.537615345042
16166.388638764965
16054.498302035112
15917.235681304772
15917.235681304772
15917.235681304772
15901.560658020657
15901.560658020657
15901.560658020657
15901.560658020657
15822.464783614158
15822.464783614158
15822.464783614158
15613.886723080588
15547.940205003124
15547.940205003124
15547.940205003124
15545.391352805726
15462.191210154251
15426.777442971685
15426.777442971685
15370.182982461185
15370.182982461185
15178.01578887396
15123.534780683556
14924.125083441319
14921.066371408233
14750.329665222982
14590.468708725179
14451.608050580044
14437.142604121294
14437.142604121294
14437.142604121294
14437.142604121294
14437.142604121294
14437.142604121294
14301.777366736373
14117.816476288677
14117.816476288677
14117.816476288677
14029.70286807129
14029.70286807129
14029.70286807129
14029.70286807129
13969.928976558522
13969.928976558522
13969.928976558522
13957.92852164637
13934.02531559194
13934.02531559194
13934.02531559194
13847.772054275647
13785.743187132899
13662.568087340333
13662.568087340333
13623.79391270787
13564.016144355515
13564.016144355515
13504.749428827585
13481.136693600316
13481.136693600316
13481.136693600316
13481.136693600316
13399.444870918498
13343.822273982754
13343.822273982754
13343.822273982754
13180.573573319303
13180.573573319303
13062.936717407089
13062.936717407089
13062.936717407089
13062.936717407089
13062.936717407089
12970.610326816699
12970.610326816699
12772.74642641292
12772.74642641292
12772.74642641292
12772.74642641292
12609.546518294628
12609.20196501354
12547.451429967883
12547.451429967883
12294.16065232756
12188.815239623484
12188.815239623484
12188.815239623484
12188.815239623484
12013.620136617074
11846.235983669101
11772.07813020146
11772.07813020146
11745.807563599865
11604.73851765283
11604.73851765283
11552.600436160348
11436.427677629486
11436.427677629486
11258.561049248132
11258.561049248132
11258.561049248132
11258.561049248132
11258.561049248132
11243.749464133978
11106.444020676649
11102.0227948033
11102.0227948033
11092.973917355497
11045.044300147169
11018.056163229248
10862.133897620846
10862.133897620846
10862.133897620846
10661.244850403671
10661.244850403671
10528.457402861219
10528.457402861219
10485.704055038535
10485.704055038535
10485.704055038535
10455.499753409485
10455.499753409485
10383.134248189075
10383.134248189075
10383.134248189075
10243.494890012907
10202.771450620105
10202.771450620105
10202.771450620105
10202.771450620105
10202.771450620105
10046.766912486593
9940.332025253267
9940.332025253267
9940.332025253267
9818.546635962857
9818.546635962857
9818.546635962857
9727.098625740846
9699.481023527736
9699.481023527736
9588.067341338443
9588.067341338443
9485.229406407027
9485.229406407027
9417.473688383816
9417.473688383816
9417.473688383816
9414.15339574569
9414.15339574569
9414.15339574569
9092.050170274813
9074.172052672595
9008.329166449772
8965.273466482793
8797.524854190842
8797.524854190842
8797.524854190842
8688.111310412856
8539.008096293092
8523.566593801577
8356.466718463413
8312.010495033099
8312.010495033099
8312.010495033099
8312.010495033099
8312.010495033099
8312.010495033099
8262.210251353954
8149.522011939645
8149.522011939645
8149.522011939645
8086.780936590692
8086.780936590692
7992.964176858592
7949.396368523858
7949.396368523858
7949.396368523858
7949.396368523858
7949.396368523858
7949.396368523858
7864.124623390822
7819.906357855499
7819.906357855499
7792.424126414948
7735.61157377541
7612.055050199004
7487.633781605026
7240.9567960882105
7032.376675459377
7032.376675459377
6945.824842074524
6912.996442361234
6912.996442361234
6868.104801370753
6804.591519419759
6754.961457295871
6646.7648450155375
6646.7648450155375
6618.9821508100995
6618.9821508100995
6618.9821508100995
6618.9821508100995
6618.9821508100995
6618.9821508100995
6594.1260833020915
6465.5516593670945
6465.5516593670945
6410.961214605269
6358.640581420104
6358.640581420104
6358.640581420104
6358.640581420104
6339.109662971066
6339.109662971066
6326.910875418173
6288.057976874704
6277.849410022562
6272.020883431636
6272.020883431636
6272.020883431636
6272.020883431636
6112.80397735748
6072.8878132594855
6063.019564725264
6063.019564725264
6063.019564725264
6004.698115283612
5898.034865523795
5890.284431929171
5834.257261811639
5834.257261811639
5834.257261811639
5834.257261811639
5834.257261811639
5795.345044332336
5777.499040594468
5777.499040594468
5777.499040594468
5777.499040594468
5777.499040594468
5725.787900280729
5725.787900280729
5713.924588386832
5713.924588386832
5675.114795886044
5675.114795886044
5597.421888518953
5597.421888518953
5541.115806322365
5462.395640155653
5462.395640155653
5462.395640155653
5413.3347620409195
5352.007983705095
5288.391198050364
5196.79408213412
5196.79408213412
5196.79408213412
5196.79408213412
5196.79408213412
5196.79408213412
5196.79408213412
5196.79408213412
5196.79408213412
5196.79408213412
5166.2717971361935
5166.2717971361935
5158.748474741534
5158.748474741534
5118.3915672272105
5055.245554928035
5055.245554928035
5055.245554928035
5055.245554928035
5035.497273013759
5014.023192413606
4992.803978009522
4956.823591918376
4956.823591918376
4910.926889575613
4808.54322840658
4808.54322840658
4804.591658815749
4804.591658815749
4804.591658815749
4804.591658815749
4804.591658815749
4804.591658815749
4804.591658815749
4736.304098547531
4736.304098547531
4736.304098547531
4736.304098547531
4736.304098547531
4736.304098547531
4590.629777564148
4590.629777564148
4577.098170489942
4522.982198033118
4522.982198033118
4522.982198033118
4489.50353387407
4489.50353387407
4480.163144342653
4459.576538592131
4435.607986716476
4376.400268561775
4376.400268561775
4376.400268561775
4364.266555518182
4312.253427560497
4312.253427560497
4312.253427560497
4312.253427560497
4312.253427560497
4284.979529568197
4235.04359592057
4217.232256985129
4197.3596374592435
4174.805870847977
4174.805870847977
4174.805870847977
4174.805870847977
4149.003567280936
4149.003567280936
4149.003567280936
4127.2842669575875
4059.2794892766233
3962.602491859271
3962.602491859271
3847.6511583829188
3847.6511583829188
3746.4451285961477
3727.5543934855923
3723.138354402025
3723.138354402025
3719.243460870831
3719.243460870831
3719.243460870831
3680.044471203646
3625.3457459069136
3619.063830158394
3609.221787587171
3609.221787587171
3539.8325815079565
3539.8325815079565
3490.8822934873388
3453.7971128171093
3412.007020077065
3412.007020077065
3412.007020077065
3412.007020077065
3322.2373171949444
3322.2373171949444
3197.3630897981457
3197.3630897981457
3137.009483322179
3137.009483322179
3137.009483322179
3070.001532489159
3023.369031298339
2961.5287241594306
2902.2565009996965
2902.2565009996965
2902.2565009996965
2804.6249030660856
2804.6249030660856
2736.3216470141565
2736.3216470141565
2736.3216470141565
2728.0882774161205
2706.845336772347
2706.845336772347
2706.845336772347
2631.9843493398985
2572.9220853824836
2549.8979997487254
2549.8979997487254
2549.8979997487254
2538.6246773739485
2531.819214035712
2531.819214035712
2519.500046136724
2506.900496582245
2506.900496582245
2461.924855838674
2375.8153627299016
2296.389979099812
2296.389979099812
2296.389979099812
2285.6222380396816
2285.6222380396816
2270.5863365009777
2270.5863365009777
2270.5863365009777
2197.788450730068
2197.788450730068
2197.788450730068
2197.788450730068
2169.4797609954467
2169.4797609954467
2169.4797609954467
2167.9265621953737
2167.9265621953737
2167.9265621953737
2113.5867478771524
2095.2899781794986
2095.2899781794986
2089.3151568614303
2089.3151568614303
2089.3151568614303
2011.211952353627
2008.8160796914822
1923.4599300025277
1890.3614084233432
1890.3614084233432
1820.8426252132638
1820.8426252132638
1811.1534139413307
1811.1534139413307
1811.1534139413307
1747.8908791687063
1747.8908791687063
1747.8908791687063
1663.0049715834207
1634.2752325315919
1634.2752325315919
1613.0414529511213
1613.0414529511213
1613.0414529511213
1607.4011668116532
1577.3208597379398
1506.261240504787
1474.3064078447055
1456.3543958172343
1456.3543958172343
1407.4187248125093
1407.4187248125093
1407.4187248125093
1407.4187248125093
1407.4187248125093
1374.1037686625325
1374.1037686625325
1374.1037686625325
1374.1037686625325
1374.1037686625325
1340.5491429721753
1340.5491429721753
1340.5491429721753
1335.3751117929364
1335.3751117929364
1335.3751117929364
1335.3751117929364
1335.3751117929364
1305.666810921864
1305.666810921864
1305.666810921864
1293.007877935079
1242.7689056969
1242.7689056969
1242.7689056969
1172.2647234689289
1172.2647234689289
1159.4765130293076
1150.8304010852976
1150.8304010852976
1150.8304010852976
1100.4876206285708
1100.4876206285708
1100.4876206285708
1100.4876206285708
1060.7186332333254
1042.8656033431444
1042.8656033431444
1042.8656033431444
1042.8656033431444
1021.9104796043262
977.5524959609054
977.5524959609054
974.6312386236875
940.1407305747712
940.1407305747712
940.1407305747712
940.1407305747712
905.4698315940071
905.4698315940071
903.0059962733627
857.428364458355
857.428364458355
793.0339047153816
783.5038607646507
783.5038607646507
783.5038607646507
783.5038607646507
783.5038607646507
774.1278697443821
774.1278697443821
746.9340620279286
746.9340620279286
746.9340620279286
727.1278270143825
704.9307504586496
704.9307504586496
672.6753231798555
672.6753231798555
672.6753231798555
672.6753231798555
659.9446376457304
659.9446376457304
658.7096438170695
657.4236277132734
657.4236277132734
657.4236277132734
637.8511630858661
637.8511630858661
621.1895566183923
621.1895566183923
621.1895566183923
621.1895566183923
621.1895566183923
621.1895566183923
615.9473313462565
615.9473313462565
615.9473313462565
615.9473313462565
615.9473313462565
609.1640192001616
609.1640192001616
609.1640192001616
609.1640192001616
577.0246964145375
520.6590284335664
486.03423665426936
462.2992683695864
462.2992683695864
432.82931681619436
432.82931681619436
421.1939086590543
421.1939086590543
415.47858082400893
415.47858082400893
415.47858082400893
400.9799519354012
400.9799519354012
398.26931421362997
366.851853310598
366.851853310598
366.851853310598
366.851853310598
365.9297169894882
365.9297169894882
365.9297169894882
351.53571602850184
351.53571602850184
327.90972843086575
326.6123057748717
299.8795919491624
299.8795919491624
299.8795919491624
299.8795919491624
299.8795919491624
299.8795919491624
290.5411234260149
285.5230724958099
277.2373719476074
270.1338401992466
246.1629303606257
246.1629303606257
246.1629303606257
246.1629303606257
246.1629303606257
246.1629303606257
246.1629303606257
229.86432852332194
229.86432852332194
229.86432852332194
229.86432852332194
215.81321447638885
215.81321447638885
214.44975759176242
214.44975759176242
214.44975759176242
185.79515927565242
179.89320427610403
170.83958014398587
170.83958014398587
170.83958014398587
170.83958014398587
167.84106589288282
150.54485838806443
139.58827219359185
139.58827219359185
138.5065430441737
131.32139356943233
130.4818785939565
130.4818785939565
115.77192325824346
115.77192325824346
115.20855198938375
115.20855198938375
113.97228670561239
113.97228670561239
111.32204625505874
104.40089061834799
104.40089061834799
94.4524091429525
94.37154270930102
87.35138975347175
87.35138975347175
87.35138975347175
82.94322663404955
82.94322663404955
78.66017154340128
78.66017154340128
75.47879525605804
68.20228709532213
68.20228709532213
64.86527540390422
64.86527540390422
64.86527540390422
63.718000302760636
63.718000302760636
63.718000302760636
56.89025858390402
56.89025858390402
56.89025858390402
48.052497113691274
48.052497113691274
48.052497113691274
48.052497113691274
38.06650381806857
38.06650381806857
38.06650381806857
38.06650381806857
38.06650381806857
38.06650381806857
38.06650381806857
38.06650381806857
38.06650381806857
38.06650381806857
38.06650381806857
38.06650381806857
31.096271241855483
31.096271241855483
31.096271241855483
26.911722880929773
26.911722880929773
26.911722880929773
26.911722880929773
22.908079796029526
22.908079796029526
22.908079796029526
18.725368191084865
18.725368191084865
18.725368191084865
18.725368191084865
18.725368191084865
18.725368191084865
16.789093450180943
16.22214986408413
16.22214986408413
16.22214986408413
16.22214986408413
14.865318307796054
14.865318307796054
13.841205079043146
12.285020683253709
12.285020683253709
12.285020683253709
12.285020683253709
12.285020683253709
12.090763559576816
12.090763559576816
12.090763559576816
12.090763559576816
12.090763559576816
12.090763559576816
12.090763559576816
12.090763559576816
12.090763559576816
12.090763559576816
12.090763559576816
12.090763559576816
12.090763559576816
12.090763559576816
12.090763559576816
9.889802924721867
9.889802924721867
9.889802924721867
9.299632359475332
9.299632359475332
9.299632359475332
8.825742695394403
8.825742695394403
8.825742695394403
8.825742695394403
5.303733264187425
5.303733264187425
4.413876253229433
3.3984157308076304
3.3984157308076304
3.3984157308076304
3.3984157308076304
3.3984157308076304
3.3984157308076304
3.3984157308076304
3.1535507762078105
3.1535507762078105
3.1535507762078105
3.1535507762078105
3.1535507762078105
3.1535507762078105
3.1535507762078105
3.1535507762078105
3.1535507762078105
3.1535507762078105
3.1535507762078105
3.1535507762078105
3.1535507762078105
3.1535507762078105
3.1535507762078105
3.1535507762078105
3.1535507762078105
3.1535507762078105
3.1535507762078105
3.1535507762078105
3.1535507762078105
3.1535507762078105
3.1535507762078105
3.1535507762078105
3.1535507762078105
3.1535507762078105
3.1535507762078105
3.1535507762078105
3.1535507762078105
3.1535507762078105
3.1535507762078105
3.1535507762078105
3.1535507762078105
3.1535507762078105
3.1535507762078105
3.1535507762078105
3.1535507762078105
3.1535507762078105
3.1535507762078105
3.1535507762078105
3.1535507762078105
3.1535507762078105
3.1535507762078105
3.1535507762078105
3.1535507762078105
2.8404916691795186
2.8404916691795186
2.8404916691795186
2.8404916691795186
2.8404916691795186
2.8404916691795186
2.8404916691795186
2.8404916691795186
2.8404916691795186
2.8404916691795186
2.8404916691795186
2.8404916691795186
2.8404916691795186
2.8404916691795186
2.8404916691795186
2.8404916691795186
2.8404916691795186
2.8404916691795186
2.8404916691795186
2.8404916691795186
2.8404916691795186
2.8404916691795186
1.8896797213531733
1.8896797213531733
1.8896797213531733
1.8896797213531733
1.8896797213531733
1.8896797213531733
1.8896797213531733
1.8896797213531733
1.8896797213531733
1.8896797213531733
1.8896797213531733
1.8896797213531733
1.8896797213531733
1.8896797213531733
1.8896797213531733
1.8896797213531733
1.8896797213531733
1.8896797213531733
1.8896797213531733
1.8896797213531733
1.8896797213531733
1.8896797213531733
1.8896797213531733
1.3553725517356556
1.3553725517356556
1.3553725517356556
1.3553725517356556
1.3553725517356556
1.3553725517356556
1.3553725517356556
1.3553725517356556
1.3553725517356556
1.3553725517356556
1.3553725517356556
1.3553725517356556
1.3553725517356556
1.3553725517356556
1.3553725517356556
1.3553725517356556
1.3553725517356556
1.3553725517356556
1.3553725517356556
1.3553725517356556
1.3553725517356556
1.3553725517356556
1.3553725517356556
1.3553725517356556
1.3553725517356556
1.3553725517356556
1.3553725517356556
1.3553725517356556
1.3553725517356556
1.3553725517356556
1.3553725517356556
1.3553725517356556
1.3553725517356556
1.3553725517356556
1.3553725517356556
1.3553725517356556
1.3553725517356556
1.3553725517356556
1.3553725517356556
1.3553725517356556
1.3553725517356556
1.3553725517356556
1.3553725517356556
1.3553725517356556
1.3553725517356556
1.3553725517356556
1.3553725517356556
1.3553725517356556
1.3553725517356556
1.3553725517356556
1.3553725517356556
1.3553725517356556
1.3553725517356556
1.3553725517356556
1.3553725517356556
1.3553725517356556
1.3553725517356556
1.3553725517356556
1.3553725517356556
1.3553725517356556
1.3553725517356556
1.3553725517356556
1.3553725517356556
1.3553725517356556
1.3553725517356556
1.3553725517356556
1.3553725517356556
1.3553725517356556
1.3553725517356556
1.3553725517356556
1.3553725517356556
1.3553725517356556
1.3553725517356556
1.3553725517356556
1.3553725517356556
1.3553725517356556
1.3553725517356556
0.46706358724200736
0.46706358724200736
0.46706358724200736
0.46706358724200736
0.46706358724200736
0.46706358724200736
0.46706358724200736
0.46706358724200736
0.46706358724200736
0.46706358724200736
0.46706358724200736
0.46706358724200736
0.46706358724200736
0.46706358724200736
0.46706358724200736
0.46706358724200736
0.46706358724200736
0.46706358724200736
0.46706358724200736
0.46706358724200736
0.46706358724200736
0.46706358724200736
0.46706358724200736
0.46706358724200736
0.46706358724200736
0.46706358724200736
0.46706358724200736
0.46706358724200736
0.46706358724200736
0.46706358724200736
0.46706358724200736
0.46706358724200736
0.46706358724200736
0.46706358724200736
0.46706358724200736
0.46706358724200736
0.46706358724200736
0.46706358724200736
0.46706358724200736
0.46706358724200736
0.46706358724200736
0.46706358724200736
0.46706358724200736
0.46706358724200736
0.46706358724200736
0.46706358724200736
0.46706358724200736
0.46706358724200736
0.46706358724200736
0.46706358724200736
0.46706358724200736
0.46706358724200736
0.46706358724200736
0.46706358724200736
0.46706358724200736
0.46706358724200736
0.46706358724200736
0.46706358724200736
0.46706358724200736
0.46706358724200736
0.46706358724200736
0.46706358724200736
0.46706358724200736
0.46706358724200736
0.46706358724200736
0.46706358724200736
0.46706358724200736
0.46706358724200736
0.46706358724200736
0.46706358724200736
0.46706358724200736
0.46706358724200736
0.46706358724200736
0.46706358724200736
0.46706358724200736
0.46706358724200736
0.46706358724200736
0.46706358724200736
0.46706358724200736
0.46706358724200736
0.46706358724200736
0.46706358724200736
0.46706358724200736
0.46706358724200736
0.46706358724200736
0.46706358724200736
0.46706358724200736
0.46706358724200736
0.46706358724200736
0.46706358724200736
0.46706358724200736
0.46706358724200736
0.46706358724200736
0.46706358724200736
0.46706358724200736
0.46706358724200736
0.46706358724200736
0.46706358724200736
0.46706358724200736
0.46706358724200736
0.46706358724200736
0.46706358724200736
0.46706358724200736
0.46706358724200736
0.46706358724200736
0.46706358724200736
0.46706358724200736
0.46706358724200736
0.46706358724200736
0.46706358724200736
0.46706358724200736
0.46706358724200736
0.46706358724200736
0.46706358724200736
0.46706358724200736
0.46706358724200736
0.46706358724200736
0.46706358724200736
0.46706358724200736
0.46706358724200736
0.46706358724200736
0.46706358724200736
0.46706358724200736
0.46706358724200736
0.46706358724200736
0.46706358724200736
0.46706358724200736
0.46706358724200736
0.46706358724200736
0.46706358724200736
0.46706358724200736
0.46706358724200736
0.46706358724200736
0.46706358724200736
0.46706358724200736
0.46706358724200736
0.46706358724200736
0.46706358724200736
0.46706358724200736
0.46706358724200736
0.46706358724200736
0.46706358724200736
0.46706358724200736
0.46706358724200736
0.46706358724200736
0.46706358724200736
0.46706358724200736
0.46706358724200736
0.46706358724200736
0.46706358724200736
0.46706358724200736
0.46706358724200736
0.46706358724200736
0.46706358724200736
0.46706358724200736
0.46706358724200736
0.46706358724200736
0.46706358724200736
0.46706358724200736
0.46706358724200736
0.46706358724200736
0.46706358724200736
0.46706358724200736
0.46706358724200736
0.46706358724200736
0.46706358724200736
0.46706358724200736
0.46706358724200736
0.46706358724200736
0.46706358724200736
0.46706358724200736
0.46706358724200736
0.46706358724200736
0.46706358724200736
0.46706358724200736
0.46706358724200736
0.46706358724200736
0.46706358724200736
0.46706358724200736
0.46706358724200736
0.46706358724200736
0.46706358724200736
0.46706358724200736
0.46706358724200736
0.46706358724200736
0.46706358724200736
0.46706358724200736
0.46706358724200736
0.46706358724200736
0.46706358724200736
0.46706358724200736
0.46706358724200736
0.46706358724200736
0.46706358724200736
0.46706358724200736
0.46706358724200736
0.46706358724200736
0.46706358724200736
0.46706358724200736
0.46706358724200736
0.46706358724200736
0.46706358724200736
0.46706358724200736
0.46706358724200736
0.46706358724200736
0.46706358724200736
0.46706358724200736
0.46706358724200736
0.46706358724200736
0.46706358724200736
0.46706358724200736
0.46706358724200736
0.46706358724200736
0.46706358724200736
0.46706358724200736
0.46706358724200736
0.46706358724200736
0.46706358724200736
0.46706358724200736
0.46706358724200736
0.46706358724200736
0.46706358724200736
0.46706358724200736
0.46706358724200736
0.46706358724200736
0.46706358724200736
0.46706358724200736
0.46706358724200736
0.46706358724200736
0.46706358724200736
0.46706358724200736
0.46706358724200736
0.46706358724200736
0.46706358724200736
0.46706358724200736
0.46706358724200736
0.46706358724200736
0.46706358724200736
0.46706358724200736
0.46706358724200736
0.46706358724200736
0.46706358724200736
0.46706358724200736
0.46706358724200736
0.46706358724200736
0.46706358724200736
0.46706358724200736
0.46706358724200736
0.46706358724200736
0.46706358724200736
0.46706358724200736
0.46706358724200736
0.46706358724200736
0.46706358724200736
0.46706358724200736
0.46706358724200736
0.46706358724200736
0.46706358724200736
0.46706358724200736
0.46706358724200736
0.46706358724200736
0.46706358724200736
0.46706358724200736
0.46706358724200736
0.46706358724200736
0.46706358724200736
0.46706358724200736
0.46706358724200736
0.46706358724200736
0.46706358724200736
0.46706358724200736
0.46706358724200736
0.46706358724200736
0.46706358724200736
0.46706358724200736
0.46706358724200736
0.46706358724200736
0.46706358724200736
0.46706358724200736
0.46706358724200736
0.46706358724200736
0.46706358724200736
0.46706358724200736
0.46706358724200736
0.46706358724200736
0.46706358724200736
0.46706358724200736
0.46706358724200736
0.46706358724200736
0.46706358724200736
0.46706358724200736
0.46706358724200736
0.46706358724200736
0.46706358724200736
0.46706358724200736
0.46706358724200736
0.46706358724200736
0.46706358724200736
0.46706358724200736
0.46706358724200736
0.46706358724200736
0.46706358724200736
0.46706358724200736
0.46706358724200736
0.46706358724200736
0.46706358724200736
0.46706358724200736
0.46706358724200736
0.46706358724200736
0.46706358724200736
0.46706358724200736
0.46706358724200736
0.46706358724200736
0.46706358724200736
0.46706358724200736
0.46706358724200736
0.46706358724200736
0.46706358724200736
0.46706358724200736
0.46706358724200736
0.46706358724200736
0.46706358724200736
0.46706358724200736
0.46706358724200736
0.46706358724200736
0.46706358724200736
0.46706358724200736
0.46706358724200736
0.46706358724200736
0.46706358724200736
0.46706358724200736
0.46706358724200736
0.46706358724200736
0.46706358724200736
0.46706358724200736
0.46706358724200736
0.46706358724200736
0.46706358724200736
0.46706358724200736
0.46706358724200736
0.46706358724200736
0.46706358724200736
0.46706358724200736
0.46706358724200736
0.46706358724200736
0.46706358724200736
0.46706358724200736
0.46706358724200736
0.46706358724200736
0.46706358724200736
0.46706358724200736
0.46706358724200736
0.46706358724200736
0.46706358724200736
0.46706358724200736
0.46706358724200736
0.46706358724200736
0.46706358724200736
0.46706358724200736
0.46706358724200736
0.46706358724200736
0.46706358724200736
0.46706358724200736
0.46706358724200736
0.46706358724200736
0.46706358724200736
0.46706358724200736
0.46706358724200736
0.46706358724200736
0.46706358724200736
0.46706358724200736
0.46706358724200736
0.46706358724200736
0.46706358724200736
0.46706358724200736
0.46706358724200736
0.46706358724200736
0.46706358724200736
0.46706358724200736
0.46706358724200736
0.46706358724200736
0.46706358724200736
0.46706358724200736
0.46706358724200736
0.46706358724200736
0.46706358724200736
0.46706358724200736
0.46706358724200736
0.46706358724200736
0.46706358724200736
0.46706358724200736
0.46706358724200736
0.46706358724200736
0.46706358724200736
0.46706358724200736
0.46706358724200736
0.46706358724200736
0.46706358724200736
0.46706358724200736
0.46706358724200736
0.46706358724200736
0.46706358724200736
0.46706358724200736
0.46706358724200736
0.46706358724200736
0.46706358724200736
0.46706358724200736
0.46706358724200736
0.46706358724200736
0.46706358724200736
0.46706358724200736
0.46706358724200736
0.46706358724200736
0.46706358724200736
0.46706358724200736
0.46706358724200736
0.46706358724200736
0.46706358724200736
0.46706358724200736
0.46706358724200736
0.46706358724200736
0.46706358724200736
0.46706358724200736
0.46706358724200736
0.46706358724200736
0.46706358724200736
0.46706358724200736
0.46706358724200736
0.46706358724200736
0.46706358724200736
0.46706358724200736
0.46706358724200736
0.46706358724200736
0.46706358724200736
0.46706358724200736
0.46706358724200736
0.46706358724200736
0.46706358724200736
0.46706358724200736
0.46706358724200736
0.46706358724200736
0.46706358724200736
0.46706358724200736
0.46706358724200736
0.46706358724200736
0.46706358724200736
0.46706358724200736
0.46706358724200736
0.46706358724200736
0.46706358724200736
0.46706358724200736
0.46706358724200736
0.46706358724200736
0.46706358724200736
0.46706358724200736
0.46706358724200736
0.46706358724200736
0.46706358724200736
0.46706358724200736
0.46706358724200736
0.46706358724200736
0.46706358724200736
0.46706358724200736
0.46706358724200736
0.46706358724200736
0.46706358724200736
0.46706358724200736
0.46706358724200736
0.46706358724200736
0.46706358724200736
0.46706358724200736
0.46706358724200736
0.46706358724200736
0.46706358724200736
0.46706358724200736
0.46706358724200736
0.46706358724200736
0.46706358724200736
0.46706358724200736
0.46706358724200736
0.46706358724200736
0.46706358724200736
0.46706358724200736
0.46706358724200736
0.46706358724200736
0.46706358724200736
0.46706358724200736
0.46706358724200736
0.46706358724200736
0.46706358724200736
0.46706358724200736
0.46706358724200736
0.46706358724200736
0.46706358724200736
0.46706358724200736
0.46706358724200736
0.46706358724200736
0.46706358724200736
0.46706358724200736
0.46706358724200736
0.46706358724200736
0.46706358724200736
0.46706358724200736
0.46706358724200736
0.46706358724200736
0.46706358724200736
0.46706358724200736
0.46706358724200736
0.46706358724200736
0.46706358724200736
0.46706358724200736
0.46706358724200736
0.46706358724200736
0.46706358724200736
0.46706358724200736
0.46706358724200736
0.46706358724200736
0.46706358724200736
0.46706358724200736
0.46706358724200736
0.46706358724200736
0.46706358724200736
0.46706358724200736
0.46706358724200736
0.46706358724200736
0.46706358724200736
0.46706358724200736
0.46706358724200736
0.46706358724200736
0.46706358724200736
0.46706358724200736
0.46706358724200736
0.46706358724200736
0.46706358724200736
0.46706358724200736
0.46706358724200736
0.46706358724200736
0.46706358724200736
0.46706358724200736
0.46706358724200736
0.46706358724200736
0.46706358724200736
0.46706358724200736
0.46706358724200736
0.46706358724200736
0.46706358724200736
0.46706358724200736
0.46706358724200736
0.46706358724200736
0.46706358724200736
0.46706358724200736
0.46706358724200736
0.46706358724200736
0.46706358724200736
0.46706358724200736
0.46706358724200736
0.46706358724200736
0.46706358724200736
0.46706358724200736
0.46706358724200736
0.46706358724200736
0.46706358724200736
0.46706358724200736
0.46706358724200736
0.46706358724200736
0.46706358724200736
0.46706358724200736
0.46706358724200736
0.46706358724200736
0.46706358724200736
0.46706358724200736
0.46706358724200736
0.46706358724200736
0.46706358724200736
0.46706358724200736
0.46706358724200736
0.46706358724200736
0.46706358724200736
0.46706358724200736
0.46706358724200736
0.46706358724200736
0.46706358724200736
0.46706358724200736
0.46706358724200736
0.46706358724200736
0.46706358724200736
0.46706358724200736
0.46706358724200736
0.46706358724200736
0.46706358724200736
0.46706358724200736
0.46706358724200736
0.46706358724200736
0.46706358724200736
0.46706358724200736
0.46706358724200736
0.46706358724200736
0.46706358724200736
0.46706358724200736
0.46706358724200736
0.46706358724200736
0.46706358724200736
0.46706358724200736
0.46706358724200736
0.46706358724200736
0.46706358724200736
0.46706358724200736
0.46706358724200736
0.46706358724200736
0.46706358724200736
0.46706358724200736
0.46706358724200736
0.46706358724200736
0.46706358724200736
0.46706358724200736
0.46706358724200736
0.46706358724200736
0.46706358724200736
0.46706358724200736
0.46706358724200736
0.46706358724200736
0.46706358724200736
0.46706358724200736
0.46706358724200736
0.46706358724200736
0.46706358724200736
0.46706358724200736
0.46706358724200736
0.46706358724200736
0.46706358724200736
0.46706358724200736
0.46706358724200736
0.46706358724200736
0.46706358724200736
0.46706358724200736
0.46706358724200736
0.46706358724200736
0.46706358724200736
0.46706358724200736
0.46706358724200736
0.46706358724200736
0.46706358724200736
0.46706358724200736
0.46706358724200736
0.46706358724200736
0.46706358724200736
0.46706358724200736
0.46706358724200736
0.46706358724200736
0.46706358724200736
0.46706358724200736
0.46706358724200736
0.46706358724200736
0.46706358724200736
0.46706358724200736
0.46706358724200736
0.46706358724200736
0.46706358724200736
0.46706358724200736
0.46706358724200736
0.46706358724200736
0.46706358724200736
0.46706358724200736
0.46706358724200736
0.46706358724200736
0.46706358724200736
0.46706358724200736
0.46706358724200736
0.46706358724200736
0.46706358724200736
0.46706358724200736
0.46706358724200736
0.46706358724200736
0.46706358724200736
0.46706358724200736
0.46706358724200736
0.46706358724200736
0.46706358724200736
0.46706358724200736
0.46706358724200736
0.46706358724200736
0.46706358724200736
0.46706358724200736
0.46706358724200736
0.46706358724200736
0.46706358724200736
0.46706358724200736
0.46706358724200736
0.46706358724200736
0.46706358724200736
0.46706358724200736
0.46706358724200736
0.46706358724200736
0.46706358724200736
0.46706358724200736
0.46706358724200736
0.46706358724200736
0.46706358724200736
0.46706358724200736
0.46706358724200736
0.46706358724200736
0.46706358724200736
0.46706358724200736
0.46706358724200736
0.46706358724200736
0.46706358724200736
0.46706358724200736
0.46706358724200736
0.46706358724200736
0.46706358724200736
0.46706358724200736
0.46706358724200736
0.46706358724200736
0.46706358724200736
0.46706358724200736
0.46706358724200736
0.46706358724200736
0.46706358724200736
0.46706358724200736
0.46706358724200736
0.46706358724200736
0.46706358724200736
0.46706358724200736
0.46706358724200736
0.46706358724200736
0.46706358724200736
0.46706358724200736
0.46706358724200736
0.46706358724200736
0.46706358724200736
0.46706358724200736
0.46706358724200736
0.46706358724200736
0.46706358724200736
0.46706358724200736
0.46706358724200736
0.46706358724200736
0.46706358724200736
0.46706358724200736
0.46706358724200736
0.46706358724200736
0.46706358724200736
0.46706358724200736
0.46706358724200736
0.46706358724200736
0.46706358724200736
0.46706358724200736
0.46706358724200736
0.46706358724200736
0.46706358724200736
0.46706358724200736
0.46706358724200736
0.46706358724200736
0.46706358724200736
0.46706358724200736
0.46706358724200736
0.46706358724200736
0.46706358724200736
0.46706358724200736
0.46706358724200736
0.46706358724200736
0.46706358724200736
0.46706358724200736
0.46706358724200736
0.46706358724200736
0.46706358724200736
0.46706358724200736
0.46706358724200736
0.46706358724200736
0.46706358724200736
0.46706358724200736
0.46706358724200736
0.46706358724200736
0.46706358724200736
0.46706358724200736
0.46706358724200736
0.46706358724200736
0.46706358724200736
0.46706358724200736
0.46706358724200736
0.46706358724200736
0.46706358724200736
0.46706358724200736
0.46706358724200736
0.46706358724200736
0.46706358724200736
0.46706358724200736
0.46706358724200736
0.46706358724200736
0.46706358724200736
0.46706358724200736
0.46706358724200736
0.46706358724200736
0.46706358724200736
0.46706358724200736
0.46706358724200736
0.46706358724200736
0.46706358724200736
0.46706358724200736
0.46706358724200736
0.46706358724200736
0.46706358724200736
0.46706358724200736
0.46706358724200736
0.46706358724200736
0.46706358724200736
0.46706358724200736
0.46706358724200736
0.46706358724200736
0.46706358724200736
0.46706358724200736
0.46706358724200736
0.46706358724200736
0.46706358724200736
0.46706358724200736
0.46706358724200736
0.46706358724200736
0.46706358724200736
0.46706358724200736
0.46706358724200736
0.46706358724200736
0.46706358724200736
0.46706358724200736
0.46706358724200736
0.46706358724200736
0.46706358724200736
0.46706358724200736
0.46706358724200736
0.46706358724200736
0.46706358724200736
0.46706358724200736
0.46706358724200736
0.46706358724200736
0.46706358724200736
0.46706358724200736
0.46706358724200736
0.46706358724200736
0.46706358724200736
0.46706358724200736
0.46706358724200736
0.46706358724200736
0.46706358724200736
0.46706358724200736
0.46706358724200736
0.46706358724200736
0.46706358724200736
0.46706358724200736
0.46706358724200736
0.46706358724200736
0.46706358724200736
0.46706358724200736
0.46706358724200736
0.46706358724200736
0.46706358724200736
0.46706358724200736
0.46706358724200736
0.46706358724200736
0.46706358724200736
0.46706358724200736
0.46706358724200736
0.46706358724200736
0.46706358724200736
0.46706358724200736
0.46706358724200736
0.46706358724200736
0.46706358724200736
0.46706358724200736
0.46706358724200736
0.46706358724200736
0.46706358724200736
0.46706358724200736
0.46706358724200736
0.46706358724200736
0.46706358724200736
0.46706358724200736
0.46706358724200736
0.46706358724200736
0.46706358724200736
0.46706358724200736
0.46706358724200736
0.46706358724200736
0.46706358724200736
0.46706358724200736
0.46706358724200736
0.46706358724200736
0.46706358724200736
0.46706358724200736
0.46706358724200736
0.46706358724200736
0.46706358724200736
0.46706358724200736
0.46706358724200736
0.46706358724200736
0.46706358724200736
0.46706358724200736
0.46706358724200736
0.46706358724200736
0.46706358724200736
0.46706358724200736
0.46706358724200736
0.46706358724200736
0.46706358724200736
0.46706358724200736
0.46706358724200736
0.46706358724200736
0.46706358724200736
0.46706358724200736
0.46706358724200736
0.46706358724200736
0.46706358724200736
0.46706358724200736
0.46706358724200736
0.46706358724200736
0.46706358724200736
0.46706358724200736
0.46706358724200736
0.46706358724200736
0.46706358724200736
0.46706358724200736
0.46706358724200736
0.46706358724200736
0.46706358724200736
0.46706358724200736
0.46706358724200736
0.46706358724200736
0.46706358724200736
0.46706358724200736
0.46706358724200736
0.46706358724200736
0.46706358724200736
0.46706358724200736
0.46706358724200736
0.46706358724200736
0.46706358724200736
0.46706358724200736
0.46706358724200736
0.46706358724200736
0.46706358724200736
0.46706358724200736
0.46706358724200736
0.46706358724200736
0.46706358724200736
0.46706358724200736
0.46706358724200736
0.46706358724200736
0.46706358724200736
0.46706358724200736
0.46706358724200736
0.46706358724200736
0.46706358724200736
0.46706358724200736
0.46706358724200736
0.46706358724200736
0.46706358724200736
0.46706358724200736
0.46706358724200736
0.46706358724200736
0.46706358724200736
0.46706358724200736
0.46706358724200736
0.46706358724200736
0.46706358724200736
0.46706358724200736
0.46706358724200736
0.46706358724200736
0.46706358724200736
0.46706358724200736
0.46706358724200736
0.46706358724200736
0.46706358724200736
0.46706358724200736
0.46706358724200736
0.46706358724200736
0.46706358724200736
0.46706358724200736
0.46706358724200736
0.46706358724200736
0.46706358724200736
0.46706358724200736
0.46706358724200736
0.46706358724200736
0.46706358724200736
0.46706358724200736
0.46706358724200736
0.46706358724200736
0.46706358724200736
0.46706358724200736
0.46706358724200736
0.46706358724200736
0.46706358724200736
0.46706358724200736
0.46706358724200736
0.46706358724200736
0.46706358724200736
0.46706358724200736
0.46706358724200736
0.46706358724200736
0.46706358724200736
0.46706358724200736
0.46706358724200736
0.46706358724200736
0.46706358724200736
0.46706358724200736
0.46706358724200736
0.46706358724200736
0.46706358724200736
0.46706358724200736
0.46706358724200736
0.46706358724200736
0.46706358724200736
0.46706358724200736
0.46706358724200736
0.46706358724200736
0.46706358724200736
0.46706358724200736
0.46706358724200736
0.46706358724200736
0.46706358724200736
0.46706358724200736
0.46706358724200736
0.46706358724200736
0.46706358724200736
0.46706358724200736
0.46706358724200736
0.46706358724200736
0.46706358724200736
0.46706358724200736
0.46706358724200736
0.46706358724200736
0.46706358724200736
0.46706358724200736
0.46706358724200736
0.46706358724200736
0.46706358724200736
0.46706358724200736
0.46706358724200736
0.46706358724200736
0.46706358724200736
0.46706358724200736
0.46706358724200736
0.46706358724200736
0.46706358724200736
0.46706358724200736
0.46706358724200736
0.46706358724200736
0.46706358724200736
0.46706358724200736
0.46706358724200736
0.46706358724200736
0.46706358724200736
0.46706358724200736
0.46706358724200736
0.46706358724200736
0.46706358724200736
0.46706358724200736
0.46706358724200736
0.46706358724200736
0.46706358724200736
0.46706358724200736
0.46706358724200736
0.46706358724200736
0.46706358724200736
0.46706358724200736
0.46706358724200736
0.46706358724200736
0.46706358724200736
0.46706358724200736
0.46706358724200736
0.46706358724200736
0.46706358724200736
0.46706358724200736
0.46706358724200736
0.46706358724200736
0.46706358724200736
0.46706358724200736
0.46706358724200736
0.46706358724200736
0.46706358724200736
0.46706358724200736
0.46706358724200736
0.46706358724200736
0.46706358724200736
0.46706358724200736
0.46706358724200736
0.46706358724200736
0.46706358724200736
0.46706358724200736
0.46706358724200736
0.46706358724200736
0.46706358724200736
0.46706358724200736
0.46706358724200736
0.46706358724200736
0.46706358724200736
0.46706358724200736
0.46706358724200736
0.46706358724200736
0.46706358724200736
0.46706358724200736
0.46706358724200736
0.46706358724200736
0.46706358724200736
0.46706358724200736
0.46706358724200736
0.46706358724200736
0.46706358724200736
0.46706358724200736
0.46706358724200736
0.46706358724200736
0.46706358724200736
0.46706358724200736
0.46706358724200736
0.46706358724200736
0.46706358724200736
0.46706358724200736
0.46706358724200736
0.46706358724200736
0.46706358724200736
0.46706358724200736
0.46706358724200736
0.46706358724200736
0.46706358724200736
0.46706358724200736
0.46706358724200736
0.46706358724200736
0.46706358724200736
0.46706358724200736
0.46706358724200736
0.46706358724200736
0.46706358724200736
0.46706358724200736
0.46706358724200736
0.46706358724200736
0.46706358724200736
0.46706358724200736
0.46706358724200736
0.46706358724200736
0.46706358724200736
0.46706358724200736
0.46706358724200736
0.46706358724200736
0.46706358724200736
0.46706358724200736
0.46706358724200736
0.46706358724200736
0.46706358724200736
0.46706358724200736
0.46706358724200736
0.46706358724200736
0.46706358724200736
0.46706358724200736
0.46706358724200736
0.46706358724200736
0.46706358724200736
0.46706358724200736
0.46706358724200736
0.46706358724200736
0.46706358724200736
0.46706358724200736
0.46706358724200736
0.46706358724200736
0.46706358724200736
0.46706358724200736
0.46706358724200736
0.46706358724200736
0.46706358724200736
0.46706358724200736
0.46706358724200736
0.46706358724200736
0.46706358724200736
0.46706358724200736
0.46706358724200736
0.46706358724200736
0.46706358724200736
0.46706358724200736
0.46706358724200736
0.46706358724200736
0.46706358724200736
0.46706358724200736
0.46706358724200736
0.46706358724200736
0.46706358724200736
0.46706358724200736
0.46706358724200736
0.46706358724200736
0.46706358724200736
0.46706358724200736
0.46706358724200736
0.46706358724200736
0.46706358724200736
0.46706358724200736
0.46706358724200736
0.46706358724200736
0.46706358724200736
0.46706358724200736
0.46706358724200736
0.46706358724200736
0.46706358724200736
0.46706358724200736
0.46706358724200736
0.46706358724200736
0.46706358724200736
0.46706358724200736
0.46706358724200736
0.46706358724200736
0.46706358724200736
0.46706358724200736
0.46706358724200736
0.46706358724200736
0.46706358724200736
0.46706358724200736
0.46706358724200736
0.46706358724200736
0.46706358724200736
0.46706358724200736
0.46706358724200736
0.46706358724200736
0.46706358724200736
0.46706358724200736
0.46706358724200736
0.46706358724200736
0.46706358724200736
0.46706358724200736
0.46706358724200736
0.46706358724200736
0.46706358724200736
0.46706358724200736
0.46706358724200736
0.46706358724200736
0.46706358724200736
0.46706358724200736
0.46706358724200736
0.46706358724200736
0.46706358724200736
0.46706358724200736
0.46706358724200736
0.46706358724200736
0.46706358724200736
0.46706358724200736
0.46706358724200736
0.46706358724200736
0.46706358724200736
0.46706358724200736
0.46706358724200736
0.46706358724200736
0.46706358724200736
0.46706358724200736
0.46706358724200736
0.46706358724200736
0.46706358724200736
0.46706358724200736
0.46706358724200736
0.46706358724200736
0.46706358724200736
0.46706358724200736
0.46706358724200736
0.46706358724200736
0.46706358724200736
0.46706358724200736
0.46706358724200736
0.46706358724200736
0.46706358724200736
0.46706358724200736
0.46706358724200736
0.46706358724200736
0.46706358724200736
0.46706358724200736
0.46706358724200736
0.46706358724200736
0.46706358724200736
0.46706358724200736
0.46706358724200736
0.46706358724200736
0.46706358724200736
0.46706358724200736
0.46706358724200736
0.46706358724200736
0.46706358724200736
0.46706358724200736
0.46706358724200736
0.46706358724200736
0.46706358724200736
0.46706358724200736
0.46706358724200736
0.46706358724200736
0.46706358724200736
0.46706358724200736
0.46706358724200736
0.46706358724200736
0.46706358724200736
0.46706358724200736
0.46706358724200736
0.46706358724200736
0.46706358724200736
0.46706358724200736
0.46706358724200736
0.46706358724200736
0.46706358724200736
0.46706358724200736
0.46706358724200736
0.46706358724200736
0.46706358724200736
0.46706358724200736
0.46706358724200736
0.46706358724200736
0.46706358724200736
0.46706358724200736
0.46706358724200736
0.46706358724200736
0.46706358724200736
0.46706358724200736
0.46706358724200736
0.46706358724200736
0.46706358724200736
0.46706358724200736
0.46706358724200736
0.46706358724200736
0.46706358724200736
0.46706358724200736
0.46706358724200736
0.46706358724200736
0.46706358724200736
0.46706358724200736
0.46706358724200736
0.46706358724200736
0.46706358724200736
0.46706358724200736
0.46706358724200736
0.46706358724200736
0.46706358724200736
0.46706358724200736
0.46706358724200736
0.46706358724200736
0.46706358724200736
0.46706358724200736
0.46706358724200736
0.46706358724200736
0.46706358724200736
0.46706358724200736
0.46706358724200736
0.46706358724200736
0.46706358724200736
0.46706358724200736
0.46706358724200736
0.46706358724200736
0.46706358724200736
0.46706358724200736
0.46706358724200736
0.46706358724200736
0.46706358724200736
0.46706358724200736
0.46706358724200736
0.46706358724200736
0.46706358724200736
0.46706358724200736
0.46706358724200736
0.46706358724200736
0.46706358724200736
0.46706358724200736
0.46706358724200736
0.46706358724200736
0.46706358724200736
0.46706358724200736
0.46706358724200736
0.46706358724200736
0.46706358724200736
0.46706358724200736
0.46706358724200736
0.46706358724200736
0.46706358724200736
0.46706358724200736
0.46706358724200736
0.46706358724200736
0.46706358724200736
0.46706358724200736
0.46706358724200736
0.46706358724200736
0.46706358724200736
0.46706358724200736
0.46706358724200736
0.46706358724200736
0.46706358724200736
0.46706358724200736
0.46706358724200736
0.46706358724200736
0.46706358724200736
0.46706358724200736
0.46706358724200736
0.46706358724200736
0.46706358724200736
0.46706358724200736
0.46706358724200736
0.46706358724200736
0.46706358724200736
0.46706358724200736
0.46706358724200736
0.46706358724200736
0.46706358724200736
0.46706358724200736
0.46706358724200736
0.46706358724200736
0.46706358724200736
0.46706358724200736
0.46706358724200736
0.46706358724200736
0.46706358724200736
0.46706358724200736
0.46706358724200736
0.46706358724200736
0.46706358724200736
0.46706358724200736
0.46706358724200736
0.46706358724200736
0.46706358724200736
0.46706358724200736
0.46706358724200736
0.46706358724200736
0.46706358724200736
0.46706358724200736
0.46706358724200736
0.46706358724200736
0.46706358724200736
0.46706358724200736
0.46706358724200736
0.46706358724200736
0.46706358724200736
0.46706358724200736
0.46706358724200736
0.46706358724200736
0.46706358724200736
0.46706358724200736
0.46706358724200736
0.46706358724200736
0.46706358724200736
0.46706358724200736
0.46706358724200736
0.46706358724200736
0.46706358724200736
0.46706358724200736
0.46706358724200736
0.46706358724200736
0.46704630953899506
0.46704630953899506
0.46704630953899506
0.46704630953899506
0.46704630953899506
0.46704630953899506
0.46704630953899506
0.46704630953899506
0.46704630953899506
0.46704630953899506
0.46704630953899506
0.46704630953899506
0.46704630953899506
0.46704630953899506
0.46704630953899506
0.46704630953899506
0.46704630953899506
0.46704630953899506
0.46704630953899506
0.46704630953899506
0.46704630953899506
0.46704630953899506
0.46704630953899506
0.46704630953899506
0.46704630953899506
0.46704630953899506
0.46704630953899506
0.46704630953899506
0.46704630953899506
0.46704630953899506
0.46704630953899506
0.46704630953899506
0.46704630953899506
0.46704630953899506
0.46704630953899506
0.46704630953899506
0.46704630953899506
0.46704630953899506
0.46704630953899506
0.46704630953899506
0.46704630953899506
0.46704630953899506
0.46704630953899506
0.46704630953899506
0.46704630953899506
0.46704630953899506
0.46704630953899506
0.46704630953899506
0.46704630953899506
0.46704630953899506
0.46704630953899506
0.46704630953899506
0.46704630953899506
0.46704630953899506
0.46704630953899506
0.46704630953899506
0.46704630953899506
0.46704630953899506
0.46704630953899506
0.46704630953899506
0.46704630953899506
0.46704630953899506
0.46704630953899506
0.46704630953899506
0.46704630953899506
0.46704630953899506
0.46704630953899506
0.46704630953899506
0.46704630953899506
0.46704630953899506
0.46704630953899506
0.46704630953899506
0.46704630953899506
0.46704630953899506
0.46704630953899506
0.46704630953899506
0.46704630953899506
0.46704630953899506
0.46704630953899506
0.46704630953899506
0.46704630953899506
0.46704630953899506
0.46704630953899506
0.46704630953899506
0.46704630953899506
0.46704630953899506
0.46704630953899506
0.46704630953899506
0.46704630953899506
0.46704630953899506
0.46704630953899506
0.46704630953899506
0.46704630953899506
0.46704630953899506
0.46704630953899506
0.46704630953899506
0.46704630953899506
0.46704630953899506
0.46704630953899506
0.46704630953899506
0.46704630953899506
0.46704630953899506
0.46704630953899506
0.46704630953899506
0.46704630953899506
0.46704630953899506
0.46704630953899506
0.46704630953899506
0.46704630953899506
0.46704630953899506
0.46704630953899506
0.46704630953899506
0.46704630953899506
0.46704630953899506
0.46704630953899506
0.46704630953899506
0.46704630953899506
0.46704630953899506
0.46704630953899506
0.46704630953899506
0.46704630953899506
0.46704630953899506
0.46704630953899506
0.46704630953899506
0.46704630953899506
0.46704630953899506
0.46704630953899506
0.46704630953899506
0.46704630953899506
0.46704630953899506
0.46704630953899506
0.46704630953899506
0.46704630953899506
0.46704630953899506
0.46704630953899506
0.46704630953899506
0.46704630953899506
0.46704630953899506
0.46704630953899506
0.46704630953899506
0.46704630953899506
0.46704630953899506
0.46704630953899506
0.46704630953899506
0.46704630953899506
0.46704630953899506
0.46704630953899506
0.46704630953899506
0.46704630953899506
0.46704630953899506
0.46704630953899506
0.46704630953899506
0.46704630953899506
0.46704630953899506
0.46704630953899506
0.46704630953899506
0.46704630953899506
0.46704630953899506
0.46704630953899506
0.46704630953899506
0.46704630953899506
0.46704630953899506
0.46704630953899506
0.46704630953899506
0.46704630953899506
0.46704630953899506
0.46704630953899506
0.46704630953899506
0.46704630953899506
0.46704630953899506
0.46704630953899506
0.46704630953899506
0.46704630953899506
0.46704630953899506
0.46704630953899506
0.46704630953899506
0.46704630953899506
0.46704630953899506
0.46704630953899506
0.46704630953899506
0.46704630953899506
0.46704630953899506
0.46704630953899506
0.46704630953899506
0.46704630953899506
0.46704630953899506
0.46704630953899506
0.46704630953899506
0.46704630953899506
0.46704630953899506
0.46704630953899506
0.46704630953899506
0.46704630953899506
0.46704630953899506
0.46704630953899506
0.46704630953899506
0.46704630953899506
0.46704630953899506
0.46704630953899506
0.46704630953899506
0.46704630953899506
0.46704630953899506
0.46704630953899506
0.46704630953899506
0.46704630953899506
0.46704630953899506
0.46704630953899506
0.46704630953899506
0.46704630953899506
0.46704630953899506
0.46704630953899506
0.46704630953899506
0.46704630953899506
0.46704630953899506
0.46704630953899506
0.46704630953899506
0.46704630953899506
0.46704630953899506
0.46704630953899506
0.46704630953899506
0.46704630953899506
0.46704630953899506
0.46704630953899506
0.46704630953899506
0.46704630953899506
0.46704630953899506
0.46704630953899506
0.46704630953899506
0.46704630953899506
0.46704630953899506
0.46704630953899506
0.46704630953899506
0.46704630953899506
0.46704630953899506
0.46704630953899506
0.46704630953899506
0.46704630953899506
0.46704630953899506
0.46704630953899506
0.46704630953899506
0.46704630953899506
0.46704630953899506
0.46704630953899506
0.46704630953899506
0.46704630953899506
0.46704630953899506
0.46704630953899506
0.46704630953899506
0.46704630953899506
0.46704630953899506
0.46704630953899506
0.46704630953899506
0.46704630953899506
0.46704630953899506
0.46704630953899506
0.46704630953899506
0.46704630953899506
0.46704630953899506
0.46704630953899506
0.46704630953899506
0.46704630953899506
0.46704630953899506
0.46704630953899506
0.46704630953899506
0.46704630953899506
0.46704630953899506
0.46704630953899506
0.46704630953899506
0.46704630953899506
0.46704630953899506
0.46704630953899506
0.46704630953899506
0.46704630953899506
0.46704630953899506
0.46704630953899506
0.46704630953899506
0.46704630953899506
0.46704630953899506
0.46704630953899506
0.46704630953899506
0.46704630953899506
0.46704630953899506
0.46704630953899506
0.46704630953899506
0.46704630953899506
0.46704630953899506
0.46704630953899506
0.46704630953899506
0.46704630953899506
0.46704630953899506
0.46704630953899506
0.46704630953899506
0.46704630953899506
0.46704630953899506
0.46704630953899506
0.46704630953899506
0.46704630953899506
0.46704630953899506
0.46704630953899506
0.46704630953899506
0.46704630953899506
0.46704630953899506
0.46704630953899506
0.46704630953899506
0.46704630953899506
0.46704630953899506
0.46704630953899506
0.46704630953899506
0.46704630953899506
0.46704630953899506
0.46704630953899506
0.46704630953899506
0.46704630953899506
0.46704630953899506
0.46704630953899506
0.46704630953899506
0.46704630953899506
0.46704630953899506
0.46704630953899506
0.46704630953899506
0.46704630953899506
0.46704630953899506
0.46704630953899506
0.46704630953899506
0.46704630953899506
0.46704630953899506
0.46704630953899506
0.46704630953899506
0.46704630953899506
0.46704630953899506
0.46704630953899506
0.46704630953899506
0.46704630953899506
0.46704630953899506
0.46704630953899506
0.46704630953899506
0.46704630953899506
0.46704630953899506
0.46704630953899506
0.46704630953899506
0.46704630953899506
0.46704630953899506
0.46704630953899506
0.46704630953899506
0.46704630953899506
0.46704630953899506
0.46704630953899506
0.46704630953899506
0.46704630953899506
0.46704630953899506
0.46704630953899506
0.46704630953899506
0.46704630953899506
0.46704630953899506
0.46704630953899506
0.46704630953899506
0.46704630953899506
0.46704630953899506
0.46704630953899506
0.46704630953899506
0.46704630953899506
0.46704630953899506
0.46704630953899506
0.46704630953899506
0.46704630953899506
0.46704630953899506
0.46704630953899506
0.46704630953899506
0.46704630953899506
0.46704630953899506
0.46704630953899506
0.46704630953899506
0.46704630953899506
0.46704630953899506
0.46704630953899506
0.46704630953899506
0.46704630953899506
0.46704630953899506
0.46704630953899506
0.46704630953899506
0.46704630953899506
0.46704630953899506
0.46704630953899506
0.46704630953899506
0.46704630953899506
0.46704630953899506
0.46704630953899506
0.46704630953899506
0.46704630953899506
0.46704630953899506
0.46704630953899506
0.46704630953899506
0.46704630953899506
0.46704630953899506
0.46704630953899506
0.46704630953899506
0.46704630953899506
0.46704630953899506
0.46704630953899506
0.46704630953899506
0.46704630953899506
0.46704630953899506
0.46704630953899506
0.46704630953899506
0.46704630953899506
0.46704630953899506
0.46704630953899506
0.46704630953899506
0.46704630953899506
0.46704630953899506
0.46704630953899506
0.46704630953899506
0.46704630953899506
0.46704630953899506
0.46704630953899506
0.46704630953899506
0.46704630953899506
0.46704630953899506
0.46704630953899506
0.46704630953899506
0.46704630953899506
0.46704630953899506
0.46704630953899506
0.46704630953899506
0.46704630953899506
0.46704630953899506
0.46704630953899506
0.46704630953899506
0.46704630953899506
0.46704630953899506
0.46704630953899506
0.46704630953899506
0.46704630953899506
0.46704630953899506
0.46704630953899506
0.46704630953899506
0.46704630953899506
0.46704630953899506
0.46704630953899506
0.46704630953899506
0.46704630953899506
0.46704630953899506
0.46704630953899506
0.46704630953899506
0.46704630953899506
0.46704630953899506
0.46704630953899506
0.46704630953899506
0.46704630953899506
0.46704630953899506
0.46704630953899506
0.46704630953899506
0.46704630953899506
0.46704630953899506
0.46704630953899506
0.46704630953899506
0.46704630953899506
0.46704630953899506
0.46704630953899506
0.46704630953899506
0.46704630953899506
0.46704630953899506
0.46704630953899506
0.46704630953899506
0.46704630953899506
0.46704630953899506
0.46704630953899506
0.46704630953899506
0.46704630953899506
0.46704630953899506
0.46704630953899506
0.46704630953899506
0.46704630953899506
0.46704630953899506
0.46704630953899506
0.46704630953899506
0.46704630953899506
0.46704630953899506
0.46704630953899506
0.46704630953899506
0.46704630953899506
0.46704630953899506
0.46704630953899506
0.46704630953899506
0.46704630953899506
0.46704630953899506
0.46704630953899506
0.46704630953899506
0.46704630953899506
0.46704630953899506
0.46704630953899506
0.46704630953899506
0.46704630953899506
0.46704630953899506
0.46704630953899506
0.46704630953899506
0.46704630953899506
0.46704630953899506
0.46704630953899506
0.46704630953899506
0.46704630953899506
0.46704630953899506
0.46704630953899506
0.46704630953899506
0.46704630953899506
0.46704630953899506
0.46704630953899506
0.46704630953899506
0.46704630953899506
0.46704630953899506
0.46704630953899506
0.46704630953899506
0.46704630953899506
0.46704630953899506
0.46704630953899506
0.46704630953899506
0.46704630953899506
0.46704630953899506
0.46704630953899506
0.46704630953899506
0.46704630953899506
0.46704630953899506
0.46704630953899506
0.46704630953899506
0.46704630953899506
0.46704630953899506
0.46704630953899506
0.46704630953899506
0.46704630953899506
0.46704630953899506
0.46704630953899506
0.46704630953899506
0.46704630953899506
0.46704630953899506
0.46704630953899506
0.46704630953899506
0.46704630953899506
0.46704630953899506
0.46704630953899506
0.46704630953899506
0.46704630953899506
0.46704630953899506
0.46704630953899506
0.46704630953899506
0.46704630953899506
0.46704630953899506
0.46704630953899506
0.46704630953899506
0.46704630953899506
0.46704630953899506
0.46704630953899506
0.46704630953899506
0.46704630953899506
0.46704630953899506
0.46704630953899506
0.46704630953899506
0.46704630953899506
0.46704630953899506
0.46704630953899506
0.46704630953899506
0.46704630953899506
0.46704630953899506
0.46704630953899506
0.46704630953899506
0.46704630953899506
0.46704630953899506
0.46704630953899506
0.46704630953899506
0.46704630953899506
0.46704630953899506
0.46704630953899506
0.46704630953899506
0.46704630953899506
0.46704630953899506
0.46704630953899506
0.46704630953899506
0.46704630953899506
0.46704630953899506
0.46704630953899506
0.46704630953899506
0.46704630953899506
0.46704630953899506
0.46704630953899506
0.46704630953899506
0.46704630953899506
0.46704630953899506
0.46704630953899506
0.46704630953899506
0.46704630953899506
0.46704630953899506
0.46704630953899506
0.46704630953899506
0.46704630953899506
0.46704630953899506
0.46704630953899506
0.46704630953899506
0.46704630953899506
0.46704630953899506
0.46704630953899506
0.46704630953899506
0.46704630953899506
0.46704630953899506
0.46704630953899506
0.46704630953899506
0.46704630953899506
0.46704630953899506
0.46704630953899506
0.46704630953899506
0.46704630953899506
0.46704630953899506
0.46704630953899506
0.46704630953899506
0.46704630953899506
0.46704630953899506
0.46704630953899506
0.46704630953899506
0.46704630953899506
0.46704630953899506
0.46704630953899506
0.46704630953899506
0.46704630953899506
0.46704630953899506
0.46704630953899506
0.46704630953899506
0.46704630953899506
0.46704630953899506
0.46704630953899506
0.46704630953899506
0.46704630953899506
0.46704630953899506
0.46704630953899506
0.46704630953899506
0.46704630953899506
0.46704630953899506
0.46704630953899506
0.46704630953899506
0.46704630953899506
0.46704630953899506
0.46704630953899506
0.46704630953899506
0.46704630953899506
0.46704630953899506
0.46704630953899506
0.46704630953899506
0.46704630953899506
0.46704630953899506
0.46704630953899506
0.46704630953899506
0.46704630953899506
0.46704630953899506
0.46704630953899506
0.46704630953899506
0.46704630953899506
0.46704630953899506
0.46704630953899506
0.46704630953899506
0.46704630953899506
0.46704630953899506
0.46704630953899506
0.46704630953899506
0.46704630953899506
0.46704630953899506
0.46704630953899506
0.46704630953899506
0.46704630953899506
0.46704630953899506
0.46704630953899506
0.46704630953899506
0.46704630953899506
0.46704630953899506
0.46704630953899506
0.46704630953899506
0.46704630953899506
0.46704630953899506
0.46704630953899506
0.46704630953899506
0.46704630953899506
0.46704630953899506
0.46704630953899506
0.46704630953899506
0.46704630953899506
0.46704630953899506
0.46704630953899506
0.46704630953899506
0.46704630953899506
0.46704630953899506
0.46704630953899506
0.46704630953899506
0.46704630953899506
0.46704630953899506
0.46704630953899506
0.46704630953899506
0.46704630953899506
0.46704630953899506
0.46704630953899506
0.46704630953899506
0.46704630953899506
0.46704630953899506
0.46704630953899506
0.46704630953899506
0.46704630953899506
0.46704630953899506
0.46704630953899506
0.46704630953899506
0.46704630953899506
0.46704630953899506
0.46704630953899506
0.46704630953899506
0.46704630953899506
0.46704630953899506
0.46704630953899506
0.46704630953899506
0.46704630953899506
0.46704630953899506
0.46704630953899506
0.46704630953899506
0.46704630953899506
0.46704630953899506
0.46704630953899506
0.46704630953899506
0.46704630953899506
0.46704630953899506
0.46704630953899506
0.46704630953899506
0.46704630953899506
0.46704630953899506
0.46704630953899506
0.46704630953899506
0.46704630953899506
0.46704630953899506
0.46704630953899506
0.46704630953899506
0.46704630953899506
0.46704630953899506
0.46704630953899506
0.46704630953899506
0.46704630953899506
0.46704630953899506
0.46704630953899506
0.46704630953899506
0.46704630953899506
0.46704630953899506
0.46704630953899506
0.46704630953899506
0.46704630953899506
0.46704630953899506
0.46704630953899506
0.46704630953899506
0.46704630953899506
0.46704630953899506
0.46704630953899506
0.46704630953899506
0.46704630953899506
0.46704630953899506
0.46704630953899506
0.46704630953899506
0.46704630953899506
0.46704630953899506
0.46704630953899506
0.46704630953899506
0.46704630953899506
0.46704630953899506
0.46704630953899506
0.46704630953899506
0.46704630953899506
0.46704630953899506
0.46704630953899506
0.46704630953899506
0.46704630953899506
0.46704630953899506
0.46704630953899506
0.46704630953899506
0.46704630953899506
0.46704630953899506
0.46704630953899506
0.46704630953899506
0.46704630953899506
0.46704630953899506
0.46704630953899506
0.46704630953899506
0.46704630953899506
0.46704630953899506
0.46704630953899506
0.46704630953899506
0.46704630953899506
0.46704630953899506
0.46704630953899506
0.46704630953899506
0.46704630953899506
0.46704630953899506
0.46704630953899506
0.46704630953899506
0.46704630953899506
0.46704630953899506
0.46704630953899506
0.46704630953899506
0.46704630953899506
0.46704630953899506
0.46704630953899506
0.46704630953899506
0.46704630953899506
0.46704630953899506
0.46704630953899506
0.46704630953899506
0.46704630953899506
0.46704630953899506
0.46704630953899506
0.46704630953899506
0.46704630953899506
0.46704630953899506
0.46704630953899506
0.46704630953899506
0.46704630953899506
0.46704630953899506
0.46704630953899506
0.46704630953899506
0.46704630953899506
0.46704630953899506
0.46704630953899506
0.46704630953899506
0.46704630953899506
0.46704630953899506
0.46704630953899506
0.46704630953899506
0.46704630953899506
0.46704630953899506
0.46704630953899506
0.46704630953899506
0.46704630953899506
0.46704630953899506
0.46704630953899506
0.46704630953899506
0.46704630953899506
0.46704630953899506
0.46704630953899506
0.46704630953899506
0.46704630953899506
0.46704630953899506
0.46704630953899506
0.46704630953899506
0.46704630953899506
0.46704630953899506
0.46704630953899506
0.46704630953899506
0.46704630953899506
0.46704630953899506
0.46704630953899506
0.46704630953899506
0.46704630953899506
0.46704630953899506
0.46704630953899506
0.46704630953899506
0.46704630953899506
0.46704630953899506
0.46704630953899506
0.46704630953899506
0.46704630953899506
0.46704630953899506
0.46704630953899506
0.46704630953899506
0.46704630953899506
0.46704630953899506
0.46704630953899506
0.46704630953899506
0.46704630953899506
0.46704630953899506
0.46704630953899506
0.46704630953899506
0.46704630953899506
0.46704630953899506
0.46704630953899506
0.46704630953899506
0.46704630953899506
0.46704630953899506
0.46704630953899506
0.46704630953899506
0.46704630953899506
0.46704630953899506
0.46704630953899506
0.46704630953899506
0.46704630953899506
0.46704630953899506
0.46704630953899506
0.46704630953899506
0.46704630953899506
0.46704630953899506
0.46704630953899506
0.46704630953899506
0.46704630953899506
0.46704630953899506
0.46704630953899506
0.46704630953899506
0.46704630953899506
0.46704630953899506
0.46704630953899506
0.46704630953899506
0.46704630953899506
0.46704630953899506
0.46704630953899506
0.46704630953899506
0.46704630953899506
0.46704630953899506
0.46704630953899506
0.46704630953899506
0.46704630953899506
0.46704630953899506
0.46704630953899506
0.46704630953899506
0.46704630953899506
0.46704630953899506
0.46704630953899506
0.46704630953899506
0.46704630953899506
0.46704630953899506
0.46704630953899506
0.46704630953899506
0.46704630953899506
0.46704630953899506
0.46704630953899506
0.46704630953899506
0.46704630953899506
0.46704630953899506
0.46704630953899506
0.46704630953899506
0.46704630953899506
0.46704630953899506
0.46704630953899506
0.46704630953899506
0.46704630953899506
0.46704630953899506
0.46704630953899506
0.46704630953899506
0.46704630953899506
0.46704630953899506
0.46704630953899506
0.46704630953899506
0.46704630953899506
0.46704630953899506
0.46704630953899506
0.46704630953899506
0.46704630953899506
0.46704630953899506
0.46704630953899506
0.46704630953899506
0.46704630953899506
0.46704630953899506
0.46704630953899506
0.46704630953899506
0.46704630953899506
0.46704630953899506
0.46704630953899506
0.46704630953899506
0.46704630953899506
0.46704630953899506
0.46704630953899506
0.46704630953899506
0.46704630953899506
0.46704630953899506
0.46704630953899506
0.46704630953899506
0.46704630953899506
0.46704630953899506
0.46704630953899506
0.46704630953899506
0.46704630953899506
0.46704630953899506
0.46704630953899506
0.46704630953899506
0.46704630953899506
0.46704630953899506
0.46704630953899506
0.46704630953899506
0.46704630953899506
0.46704630953899506
0.46704630953899506
0.46704630953899506
0.46704630953899506
0.46704630953899506
0.46704630953899506
0.46704630953899506
0.3599726388987208
0.3599726388987208
0.3599726388987208
0.3599726388987208
0.3599726388987208
0.3599726388987208
0.3599726388987208
0.3599726388987208
0.3599726388987208
0.3599726388987208
0.3599726388987208
0.3599726388987208
0.3599726388987208
0.3599726388987208
0.3599726388987208
0.3599726388987208
0.3599726388987208
0.3599726388987208
0.3599726388987208
0.3599726388987208
0.3599726388987208
0.3599726388987208
0.3599726388987208
0.3599726388987208
0.3599726388987208
0.3599726388987208
0.3599726388987208
0.3599726388987208
0.3599726388987208
0.3599726388987208
0.3599726388987208
0.3599726388987208
0.3599726388987208
0.3599726388987208
0.3599726388987208
0.3599726388987208
0.3599726388987208
0.3599726388987208
0.3599726388987208
0.3599726388987208
0.3599726388987208
0.3599726388987208
0.3599726388987208
0.3599726388987208
0.3599726388987208
0.3599726388987208
0.3599726388987208
0.3599726388987208
0.3599726388987208
0.3599726388987208
0.3599726388987208
0.3599726388987208
0.3599726388987208
0.3599726388987208
0.3599726388987208
0.3599726388987208
0.3599726388987208
0.3599726388987208
0.3599726388987208
0.3599726388987208
0.3599726388987208
0.3599726388987208
0.3599726388987208
0.3599726388987208
0.3599726388987208
0.3599726388987208
0.3599726388987208
0.3599726388987208
0.3599726388987208
0.3599726388987208
0.3599726388987208
0.3599726388987208
0.3599726388987208
0.3599726388987208
0.3599726388987208
0.3599726388987208
0.3599726388987208
0.3599726388987208
0.3599726388987208
0.3599726388987208
0.3599726388987208
0.3599726388987208
0.3599726388987208
0.3599726388987208
0.3599726388987208
0.3599726388987208
0.3599726388987208
0.3599726388987208
0.3599726388987208
0.3599726388987208
0.3599726388987208
0.3599726388987208
0.3599726388987208
0.3599726388987208
0.3599726388987208
0.3599726388987208
0.3599726388987208
0.3599726388987208
0.3599726388987208
0.3599726388987208
0.3599726388987208
0.3599726388987208
0.3599726388987208
0.3599726388987208
0.3599726388987208
0.3599726388987208
0.3599726388987208
0.3599726388987208
0.3599726388987208
0.3599726388987208
0.3599726388987208
0.3599726388987208
0.3599726388987208
0.3599726388987208
0.3599726388987208
0.3599726388987208
0.3599726388987208
0.3599726388987208
0.3599726388987208
0.3599726388987208
0.3599726388987208
0.3599726388987208
0.3599726388987208
0.3599726388987208
0.3599726388987208
0.3599726388987208
0.3599726388987208
0.3599726388987208
0.3599726388987208
0.3599726388987208
0.3599726388987208
0.3599726388987208
0.3599726388987208
0.3599726388987208
0.3599726388987208
0.3599726388987208
0.3599726388987208
0.3599726388987208
0.3599726388987208
0.3599726388987208
0.3599726388987208
0.3599726388987208
0.3599726388987208
0.3599726388987208
0.3599726388987208
0.3599726388987208
0.3599726388987208
0.3599726388987208
0.3599726388987208
0.3599726388987208
0.3599726388987208
0.3599726388987208
0.3599726388987208
0.3599726388987208
0.3599726388987208
0.3599726388987208
0.3599726388987208
0.3599726388987208
0.3599726388987208
0.3599726388987208
0.3599726388987208
0.3599726388987208
0.3599726388987208
0.3599726388987208
0.3599726388987208
0.3599726388987208
0.3599726388987208
0.3599726388987208
0.3599726388987208
0.3599726388987208
0.3599726388987208
0.3599726388987208
0.3599726388987208
0.3599726388987208
0.3599726388987208
0.3599726388987208
0.3599726388987208
0.3599726388987208
0.3599726388987208
0.3599726388987208
0.3599726388987208
0.3599726388987208
0.3599726388987208
0.3599726388987208
0.3599726388987208
0.3599726388987208
0.3599726388987208
0.3599726388987208
0.3599726388987208
0.3599726388987208
0.3599726388987208
0.3599726388987208
0.3599726388987208
0.3599726388987208
0.3599726388987208
0.3599726388987208
0.3599726388987208
0.3599726388987208
0.3599726388987208
0.3599726388987208
0.3599726388987208
0.3599726388987208
0.3599726388987208
0.3599726388987208
0.3599726388987208
0.3599726388987208
0.3599726388987208
0.3599726388987208
0.3599726388987208
0.3599726388987208
0.3599726388987208
0.3599726388987208
0.3599726388987208
0.3599726388987208
0.3599726388987208
0.3599726388987208
0.3599726388987208
0.3599726388987208
0.3599726388987208
0.3599726388987208
0.3599726388987208
0.3599726388987208
0.3599726388987208
0.3599726388987208
0.3599726388987208
0.3599726388987208
0.3599726388987208
0.3599726388987208
0.3599726388987208
0.3599726388987208
0.3599726388987208
0.3599726388987208
0.3599726388987208
0.3599726388987208
0.3599726388987208
0.3599726388987208
0.3599726388987208
0.3599726388987208
0.3599726388987208
0.3599726388987208
0.3599726388987208
0.3599726388987208
0.3599726388987208
0.3599726388987208
0.3599726388987208
0.3599726388987208
0.3599726388987208
0.3599726388987208
0.3599726388987208
0.3599726388987208
0.3599726388987208
0.3599726388987208
0.3599726388987208
0.3599726388987208
0.3599726388987208
0.3599726388987208
0.3599726388987208
0.3599726388987208
0.3599726388987208
0.3599726388987208
0.3599726388987208
0.3599726388987208
0.3599726388987208
0.3599726388987208
0.3599726388987208
0.3599726388987208
0.3599726388987208
0.3599726388987208
0.3599726388987208
0.3599726388987208
0.3599726388987208
0.3599726388987208
0.3599726388987208
0.3599726388987208
0.3599726388987208
0.3599726388987208
0.3599726388987208
0.3599726388987208
0.3599726388987208
0.3599726388987208
0.3599726388987208
0.3599726388987208
0.3599726388987208
0.3599726388987208
0.3599726388987208
0.3599726388987208
0.3599726388987208
0.3599726388987208
0.3599726388987208
0.3599726388987208
0.3599726388987208
0.3599726388987208
0.3599726388987208
0.3599726388987208
0.3599726388987208
0.3599726388987208
0.3599726388987208
0.3599726388987208
0.3599726388987208
0.3599726388987208
0.3599726388987208
0.3599726388987208
0.3599726388987208
0.3599726388987208
0.3599726388987208
0.3599726388987208
0.3599726388987208
0.3599726388987208
0.3599726388987208
0.3599726388987208
0.3599726388987208
0.3599726388987208
0.3599726388987208
0.3599726388987208
0.3599726388987208
0.3599726388987208
0.3599726388987208
0.3599726388987208
0.3599726388987208
0.3599726388987208
0.3599726388987208
0.3599726388987208
0.3599726388987208
0.3599726388987208
0.3599726388987208
0.3599726388987208
0.3599726388987208
0.3599726388987208
0.3599726388987208
0.3599726388987208
0.3599726388987208
0.3599726388987208
0.3599726388987208
0.3599726388987208
0.3599726388987208
0.3599726388987208
0.3599726388987208
0.3599726388987208
0.3599726388987208
0.3599726388987208
0.3599726388987208
0.3599726388987208
0.3599726388987208
0.3599726388987208
0.3599726388987208
0.3599726388987208
0.3599726388987208
0.3599726388987208
0.3599726388987208
0.3599726388987208
0.3599726388987208
0.3599726388987208
0.3599726388987208
0.3599726388987208
0.3599726388987208
0.3599726388987208
0.3599726388987208
0.3599726388987208
0.3599726388987208
0.3599726388987208
0.3599726388987208
0.3599726388987208
0.3599726388987208
0.3599726388987208
0.3599726388987208
0.3599726388987208
0.3599726388987208
0.3599726388987208
0.3599726388987208
0.3599726388987208
0.3599726388987208
0.3599726388987208
0.3599726388987208
0.3599726388987208
0.3599726388987208
0.3599726388987208
0.3599726388987208
0.3599726388987208
0.3599726388987208
0.3599726388987208
0.3599726388987208
0.3599726388987208
0.3599726388987208
0.3599726388987208
0.3599726388987208
0.3599726388987208
0.3599726388987208
0.3599726388987208
0.3599726388987208
0.3599726388987208
0.3599726388987208
0.3599726388987208
0.3599726388987208
0.3599726388987208
0.3599726388987208
0.3599726388987208
0.3599726388987208
0.3599726388987208
0.3599726388987208
0.3599726388987208
0.3599726388987208
0.3599726388987208
0.3599726388987208
0.3599726388987208
0.3599726388987208
0.3599726388987208
0.3599726388987208
0.3599726388987208
0.3599726388987208
0.3599726388987208
0.3599726388987208
0.3599726388987208
0.3599726388987208
0.3599726388987208
0.3599726388987208
0.3599726388987208
0.3599726388987208
0.3599726388987208
0.3599726388987208
0.3599726388987208
0.3599726388987208
0.3599726388987208
0.3599726388987208
0.3599726388987208
0.3599726388987208
0.3599726388987208
0.3599726388987208
0.3599726388987208
0.3599726388987208
0.3599726388987208
0.3599726388987208
0.3599726388987208
0.3599726388987208
0.3599726388987208
0.3599726388987208
0.3599726388987208
0.3599726388987208
0.3599726388987208
0.3599726388987208
0.3599726388987208
0.3599726388987208
0.3599726388987208
0.3599726388987208
0.3599726388987208
0.3599726388987208
0.3599726388987208
0.3599726388987208
0.3599726388987208
0.3599726388987208
0.3599726388987208
0.3599726388987208
0.3599726388987208
0.3599726388987208
0.3599726388987208
0.3599726388987208
0.3599726388987208
0.3599726388987208
0.3599726388987208
0.3599726388987208
0.3599726388987208
0.3599726388987208
0.3599726388987208
0.3599726388987208
0.3599726388987208
0.3599726388987208
0.3599726388987208
0.3599726388987208
0.3599726388987208
0.3599726388987208
0.3599726388987208
0.3599726388987208
0.3599726388987208
0.3599726388987208
0.3599726388987208
0.3599726388987208
0.3599726388987208
0.3599726388987208
0.3599726388987208
0.3599726388987208
0.3599726388987208
0.3599726388987208
0.3599726388987208
0.3599726388987208
0.3599726388987208
0.3599726388987208
0.3599726388987208
0.3599726388987208
0.3599726388987208
0.3599726388987208
0.3599726388987208
0.3599726388987208
0.3599726388987208
0.3599726388987208
0.3599726388987208
0.3599726388987208
0.3599726388987208
0.3599726388987208
0.3599726388987208
0.3599726388987208
0.3599726388987208
0.3599726388987208
0.3599726388987208
0.3599726388987208
0.3599726388987208
0.3599726388987208
0.3599726388987208
0.3599726388987208
0.3599726388987208
0.3599726388987208
0.3599726388987208
0.3599726388987208
0.3599726388987208
0.3599726388987208
0.3599726388987208
0.3599726388987208
0.3599726388987208
0.3599726388987208
0.3599726388987208
0.3599726388987208
0.3599726388987208
0.3599726388987208
0.3599726388987208
0.3599726388987208
0.3599726388987208
0.3599726388987208
0.3599726388987208
0.3599726388987208
0.3599726388987208
0.3599726388987208
0.3599726388987208
0.3599726388987208
0.3599726388987208
0.3599726388987208
0.3599726388987208
0.3599726388987208
0.3599726388987208
0.3599726388987208
0.3599726388987208
0.3599726388987208
0.3599726388987208
0.3599726388987208
0.3599726388987208
0.3599726388987208
0.3599726388987208
0.3599726388987208
0.3599726388987208
0.3599726388987208
0.3599726388987208
0.3599726388987208
0.3599726388987208
0.3599726388987208
0.3599726388987208
0.3599726388987208
0.3599726388987208
0.3599726388987208
0.3599726388987208
0.3599726388987208
0.3599726388987208
0.3599726388987208
0.3599726388987208
0.3599726388987208
0.3599726388987208
0.3599726388987208
0.3599726388987208
0.3599726388987208
0.3599726388987208
0.3599726388987208
0.3599726388987208
0.3599726388987208
0.3599726388987208
0.3599726388987208
0.3599726388987208
0.3599726388987208
0.3599726388987208
0.3599726388987208
0.3599726388987208
0.3599726388987208
0.3599726388987208
0.3599726388987208
0.3599726388987208
0.3599726388987208
0.3599726388987208
0.3599726388987208
0.3599726388987208
0.3599726388987208
0.3599726388987208
0.3599726388987208
0.3599726388987208
0.3599726388987208
0.3599726388987208
0.3599726388987208
0.3599726388987208
0.3599726388987208
0.3599726388987208
0.3599726388987208
0.3599726388987208
0.3599726388987208
0.3599726388987208
0.3599726388987208
0.3599726388987208
0.3599726388987208
0.3599726388987208
0.3599726388987208
0.3599726388987208
0.3599726388987208
0.3599726388987208
0.3599726388987208
0.3599726388987208
0.3599726388987208
0.3599726388987208
0.3599726388987208
0.3599726388987208
0.3599726388987208
0.3599726388987208
0.3599726388987208
0.3599726388987208
0.3599726388987208
0.3599726388987208
0.3599726388987208
0.3599726388987208
0.3599726388987208
0.3599726388987208
0.3599726388987208
0.3599726388987208
0.3599726388987208
0.3599726388987208
0.3599726388987208
0.3599726388987208
0.3599726388987208
0.3599726388987208
0.3599726388987208
0.3599726388987208
0.3599726388987208
0.3599726388987208
0.3599726388987208
0.3599726388987208
0.3599726388987208
0.3599726388987208
0.3599726388987208
0.3599726388987208
0.3599726388987208
0.3599726388987208
0.3599726388987208
0.3599726388987208
0.3599726388987208
0.3599726388987208
0.3599726388987208
0.3599726388987208
0.3599726388987208
0.3599726388987208
0.3599726388987208
0.3599726388987208
0.3599726388987208
0.3599726388987208
0.3599726388987208
0.3599726388987208
0.3599726388987208
0.3599726388987208
0.3599726388987208
0.3599726388987208
0.3599726388987208
0.3599726388987208
0.3599726388987208
0.3599726388987208
0.3599726388987208
0.3599726388987208
0.3599726388987208
0.3599726388987208
0.3599726388987208
0.3599726388987208
0.3599726388987208
0.3599726388987208
0.3599726388987208
0.3599726388987208
0.3599726388987208
0.3599726388987208
0.3599726388987208
0.3599726388987208
0.3599726388987208
0.3599726388987208
0.3599726388987208
0.3599726388987208
0.3599726388987208
0.3599726388987208
0.3599726388987208
0.3599726388987208
0.3599726388987208
0.3599726388987208
0.3599726388987208
0.3599726388987208
0.3599726388987208
0.3599726388987208
0.3599726388987208
0.3599726388987208
0.3599726388987208
0.3599726388987208
0.3599726388987208
0.3599726388987208
0.3599726388987208
0.3599726388987208
0.3599726388987208
0.3599726388987208
0.3599726388987208
0.3599726388987208
0.3599726388987208
0.3599726388987208
0.3599726388987208
0.3599726388987208
0.3599726388987208
0.3599726388987208
0.3599726388987208
0.3599726388987208
0.3599726388987208
0.3599726388987208
0.3599726388987208
0.3599726388987208
0.3599726388987208
0.3599726388987208
0.3599726388987208
0.3599726388987208
0.3599726388987208
0.3599726388987208
0.3599726388987208
0.3599726388987208
0.3599726388987208
0.3599726388987208
0.3599726388987208
0.3599726388987208
0.3599726388987208
0.3599726388987208
0.3599726388987208
0.3599726388987208
0.3599726388987208
0.3599726388987208
0.3599726388987208
0.3599726388987208
0.3599726388987208
0.3599726388987208
0.3599726388987208
0.3599726388987208
0.3599726388987208
0.3599726388987208
0.3599726388987208
0.3599726388987208
0.3599726388987208
0.3599726388987208
0.3599726388987208
0.3599726388987208
0.3599726388987208
0.3599726388987208
0.3599726388987208
0.3599726388987208
0.3599726388987208
0.3599726388987208
0.3599726388987208
0.3599726388987208
0.3599726388987208
0.3599726388987208
0.3599726388987208
0.3599726388987208
0.3599726388987208
0.3599726388987208
0.3599726388987208
0.3599726388987208
0.3599726388987208
0.3599726388987208
0.3599726388987208
0.3599726388987208
0.3599726388987208
0.3599726388987208
0.3599726388987208
0.3599726388987208
0.3599726388987208
0.3599726388987208
0.3599726388987208
0.3599726388987208
0.3599726388987208
0.3599726388987208
0.3599726388987208
0.3599726388987208
0.3599726388987208
0.3599726388987208
0.3599726388987208
0.3599726388987208
0.3599726388987208
0.3599726388987208
0.3599726388987208
0.3599726388987208
0.3599726388987208
0.3599726388987208
0.3599726388987208
0.3599726388987208
0.3599726388987208
0.3599726388987208
0.3599726388987208
0.3599726388987208
0.3599726388987208
0.3599726388987208
0.3599726388987208
0.3599726388987208
0.3599726388987208
0.3599726388987208
0.3599726388987208
0.3599726388987208
0.3599726388987208
0.3599726388987208
0.3599726388987208
0.3599726388987208
0.3599726388987208
0.3599726388987208
0.3599726388987208
0.3599726388987208
0.3599726388987208
0.3599726388987208
0.3599726388987208
0.3599726388987208
0.3599726388987208
0.3599726388987208
0.3599726388987208
0.3599726388987208
0.3599726388987208
0.3599726388987208
0.3599726388987208
0.3599726388987208
0.3599726388987208
0.3599726388987208
0.3599726388987208
0.3599726388987208
0.3599726388987208
0.3599726388987208
0.3599726388987208
0.3599726388987208
0.3599726388987208
0.3599726388987208
0.3599726388987208
0.3599726388987208
0.3599726388987208
0.3599726388987208
0.3599726388987208
0.3599726388987208
0.3599726388987208
0.3599726388987208
0.3599726388987208
0.3599726388987208
0.3599726388987208
0.3599726388987208
0.3599726388987208
0.3599726388987208
0.3599726388987208
0.3599726388987208
0.3599726388987208
0.3599726388987208
0.3599726388987208
0.3599726388987208
0.3599726388987208
0.3599726388987208
0.3599726388987208
0.3599726388987208
0.3599726388987208
0.3599726388987208
0.3599726388987208
0.3599726388987208
0.3599726388987208
0.3599726388987208
0.3599726388987208
0.3599726388987208
0.3599726388987208
0.3599726388987208
0.3599726388987208
0.3599726388987208
0.3599726388987208
0.3599726388987208
0.3599726388987208
0.3599726388987208
0.3599726388987208
0.3599726388987208
0.3599726388987208
0.3599726388987208
0.3599726388987208
0.3599726388987208
0.3599726388987208
0.3599726388987208
0.3599726388987208
0.3599726388987208
0.3599726388987208
0.3599726388987208
0.3599726388987208
0.3599726388987208
0.3599726388987208
0.3599726388987208
0.3599726388987208
0.3599726388987208
0.3599726388987208
0.3599726388987208
0.3599726388987208
0.3599726388987208
0.3599726388987208
0.3599726388987208
0.3599726388987208
0.3599726388987208
0.3599726388987208
0.3599726388987208
0.3599726388987208
0.3599726388987208
0.3599726388987208
0.3599726388987208
0.3599726388987208
0.3599726388987208
0.3599726388987208
0.3599726388987208
0.3599726388987208
0.3599726388987208
0.3599726388987208
0.3599726388987208
0.3599726388987208
0.3599726388987208
0.3599726388987208
0.3599726388987208
0.3599726388987208
0.3599726388987208
0.3599726388987208
0.3599726388987208
0.3599726388987208
0.3599726388987208
0.3599726388987208
0.3599726388987208
0.3599726388987208
0.3599726388987208
0.3599726388987208
0.3599726388987208
0.3599726388987208
0.3599726388987208
0.3599726388987208
0.3599726388987208
0.3599726388987208
0.3599726388987208
0.3599726388987208
0.3599726388987208
0.3599726388987208
0.3599726388987208
0.3599726388987208
0.3599726388987208
0.3599726388987208
0.3599726388987208
0.3599726388987208
0.3599726388987208
0.3599726388987208
0.3599726388987208
0.3599726388987208
0.3599726388987208
0.3599726388987208
0.3599726388987208
0.3599726388987208
0.3599726388987208
0.3599726388987208
0.3599726388987208
0.3599726388987208
0.3599726388987208
0.3599726388987208
0.3599726388987208
0.3599726388987208
0.3599726388987208
0.3599726388987208
0.3599726388987208
0.3599726388987208
0.3599726388987208
0.3599726388987208
0.3599726388987208
0.3599726388987208
0.3599726388987208
0.3599726388987208
0.3599726388987208
0.3599726388987208
0.3599726388987208
0.3599726388987208
0.3599726388987208
0.3599726388987208
0.3599726388987208
0.3599726388987208
0.3599726388987208
0.3599726388987208
0.3599726388987208
0.3599726388987208
0.3599726388987208
0.3599726388987208
0.3599726388987208
0.3599726388987208
0.3599726388987208
0.3599726388987208
0.3599726388987208
0.3599726388987208
0.3599726388987208
0.3599726388987208
0.3599726388987208
0.3599726388987208
0.3599726388987208
0.3599726388987208
0.3599726388987208
0.3599726388987208
0.3599726388987208
0.3599726388987208
0.3599726388987208
0.3599726388987208
0.3599726388987208
0.3599726388987208
0.3599726388987208
0.3599726388987208
0.3599726388987208
0.3599726388987208
0.3599726388987208
0.3599726388987208
0.3599726388987208
0.3599726388987208
0.3599726388987208
0.3599726388987208
0.3599726388987208
0.3599726388987208
0.3599726388987208
0.3599726388987208
0.3599726388987208
0.3599726388987208
0.3599726388987208
0.3599726388987208
0.3599726388987208
0.3599726388987208
0.3599726388987208
0.3599726388987208
0.3599726388987208
0.3599726388987208
0.3599726388987208
0.3599726388987208
0.3599726388987208
0.3599726388987208
0.3599726388987208
0.3599726388987208
0.3599726388987208
0.3599726388987208
0.3599726388987208
0.3599726388987208
0.3599726388987208
0.3599726388987208
0.3599726388987208
0.3599726388987208
0.3599726388987208
0.3599726388987208
0.3599726388987208
0.3599726388987208
0.3599726388987208
0.3599726388987208
0.3599726388987208
0.3599726388987208
0.3599726388987208
0.3599726388987208
0.3599726388987208
0.3599726388987208
0.3599726388987208
0.3599726388987208
0.3599726388987208
0.3599726388987208
0.3599726388987208
0.3599726388987208
0.3599726388987208
0.3599726388987208
0.3599726388987208
0.3599726388987208
0.3599726388987208
0.3599726388987208
0.3599726388987208
0.3599726388987208
0.3599726388987208
0.3599726388987208
0.3599726388987208
0.3599726388987208
0.3599726388987208
0.3599726388987208
0.3599726388987208
0.3599726388987208
0.3599726388987208
0.3599726388987208
0.3599726388987208
0.3599726388987208
0.3599726388987208
0.3599726388987208
0.3599726388987208
0.3599726388987208
0.3599726388987208
0.3599726388987208
0.3599726388987208
0.3599726388987208
0.3599726388987208
0.3599726388987208
0.3599726388987208
0.3599726388987208
0.3599726388987208
0.3599726388987208
0.3599726388987208
0.3599726388987208
0.3599726388987208
0.3599726388987208
0.3599726388987208
0.3599726388987208
0.3599726388987208
0.3599726388987208
0.3599726388987208
0.3599726388987208
0.3599726388987208
0.3599726388987208
0.3599726388987208
0.3599726388987208
0.3599726388987208
0.3599726388987208
0.3599726388987208
0.3599726388987208
0.3599726388987208
0.3599726388987208
0.3599726388987208
0.3599726388987208
0.3599726388987208
0.3599726388987208
0.3599726388987208
0.3599726388987208
0.3599726388987208
0.3599726388987208
0.3599726388987208
0.3599726388987208
0.3599726388987208
0.3599726388987208
0.3599726388987208
0.3599726388987208
0.3599726388987208
0.3599726388987208
0.3599726388987208
0.3599726388987208
0.3599726388987208
0.3599726388987208
0.3599726388987208
0.3599726388987208
0.3599726388987208
0.3599726388987208
0.3599726388987208
0.3599726388987208
0.3599726388987208
0.3599726388987208
0.3599726388987208
0.3599726388987208
0.3599726388987208
0.3599726388987208
0.3599726388987208
0.3599726388987208
0.3599726388987208
0.3599726388987208
0.3599726388987208
0.3599726388987208
0.3599726388987208
0.3599726388987208
0.3599726388987208
0.3599726388987208
0.3599726388987208
0.3599726388987208
0.3599726388987208
0.3599726388987208
0.3599726388987208
0.3599726388987208
0.3599726388987208
0.3599726388987208
0.3599726388987208
0.3599726388987208
0.3599726388987208
0.3599726388987208
0.3599726388987208
0.3599726388987208
0.3599726388987208
0.3599726388987208
0.3599726388987208
0.3599726388987208
0.3599726388987208
0.3599726388987208
0.3599726388987208
0.3599726388987208
0.3599726388987208
0.3599726388987208
0.3599726388987208
0.3599726388987208
0.3599726388987208
0.3599726388987208
0.3599726388987208
0.3599726388987208
0.3599726388987208
0.3599726388987208
0.3599726388987208
0.3599726388987208
0.3599726388987208
0.3599726388987208
0.3599726388987208
0.3599726388987208
0.3599726388987208
0.3599726388987208
0.3599726388987208
0.3599726388987208
0.3599726388987208
0.3599726388987208
0.3599726388987208
0.3599726388987208
0.3599726388987208
0.3599726388987208
0.3599726388987208
0.3599726388987208
0.3599726388987208
0.3599726388987208
0.3599726388987208
0.3599726388987208
0.3599726388987208
0.3599726388987208
0.3599726388987208
0.3599726388987208
0.3599726388987208
0.3599726388987208
0.3599726388987208
0.3599726388987208
0.3599726388987208
0.3599726388987208
0.3599726388987208
0.3599726388987208
0.3599726388987208
0.3599726388987208
0.3599726388987208
0.3599726388987208
0.3599726388987208
0.3599726388987208
0.3599726388987208
0.3599726388987208
0.3599726388987208
0.3599726388987208
0.3599726388987208
0.3599726388987208
0.3599726388987208
0.3599726388987208
0.3599726388987208
0.3599726388987208
0.3599726388987208
0.3599726388987208
0.3599726388987208
0.3599726388987208
0.3599726388987208
0.3599726388987208
0.3599726388987208
0.3599726388987208
0.3599726388987208
0.3599726388987208
0.3599726388987208
0.3599726388987208
0.3599726388987208
0.3599726388987208
0.3599726388987208
0.3599726388987208
0.3599726388987208
0.3599726388987208
0.3599726388987208
0.3599726388987208
0.3599726388987208
0.3599726388987208
0.3599726388987208
0.3599726388987208
0.3599726388987208
0.3599726388987208
0.3599726388987208
0.3599726388987208
0.3599726388987208
0.3599726388987208
0.3599726388987208
0.3599726388987208
0.3599726388987208
0.3599726388987208
0.3599726388987208
0.3599726388987208
0.3599726388987208
0.3599726388987208
0.3599726388987208
0.3599726388987208
0.3599726388987208
0.3599726388987208
0.3599726388987208
0.3599726388987208
0.3599726388987208
0.3599726388987208
0.3599726388987208
0.3599726388987208
0.3599726388987208
0.3599726388987208
0.3599726388987208
0.3599726388987208
0.3599726388987208
0.3599726388987208
0.3599726388987208
0.3599726388987208
0.3599726388987208
0.3599726388987208
0.3599726388987208
0.3599726388987208
0.3599726388987208
0.3599726388987208
0.3599726388987208
0.3599726388987208
0.3599726388987208
0.3599726388987208
0.3599726388987208
0.3599726388987208
0.3599726388987208
0.3599726388987208
0.3599726388987208
0.3599726388987208
0.3599726388987208
0.3599726388987208
