22034.505080821764
22034.505080821764
21750.834301897143
21750.834301897143
21750.834301897143
21322.928179751936
21132.77811332822
21132.77811332822
21132.77811332822
21132.77811332822
21118.19813593533
20922.85596918627
20903.67377786804
20903.67377786804
20903.67377786804
20861.17671157975
20560.50756802757
20560.50756802757
20353.922217583866
20353.922217583866
20353.922217583866
20265.33693385789
20265.33693385789
20211.693555643422
20211.693555643422
20072.748010743093
19936.329257030382
19936.329257030382
19936.329257030382
19936.329257030382
19936.329257030382
19936.329257030382
19936.329257030382
19936.329257030382
19769.010013053296
19372.881810781153
19372.881810781153
19372.881810781153
19337.82133678835
19139.84591588111
19139.84591588111
18903.51516389582
18894.13549925483
18718.778125566292
18617.447765020566
18617.447765020566
18552.042056403072
18552.042056403072
18464.971255518933
18464.971255518933
18464.971255518933
18350.72595616797
18350.72595616797
18350.72595616797
18167.843623797962
18167.843623797962
18070.603836989958
18070.603836989958
18070.603836989958
18070.603836989958
18033.47481228486
18033.47481228486
18033.47481228486
17962.4835642034
17962.4835642034
17953.01013836863
17953.01013836863
17888.877178086605
17888.877178086605
17781.17870483892
17781.17870483892
17684.794164358875
17684.794164358875
17684.794164358875
17680.56950992086
17581.11887777644
17482.167293778373
17482.167293778373
17394.351847127724
17394.351847127724
17394.351847127724
17394.351847127724
17394.351847127724
17394.351847127724
17394.351847127724
17273.663182416713
17273.663182416713
17273.663182416713
17257.82977943997
17257.82977943997
17257.82977943997
17228.707891078873
17228.707891078873
17134.138967742976
17079.819028604783
17079.819028604783
17079.819028604783
17045.503445344373
17045.503445344373
17045.503445344373
16964.55424162448
16790.660996837243
16790.660996837243
16697.82984827592
16697.82984827592
16593.30907830918
16593.30907830918
16539.437424380343
16539.437424380343
16539.437424380343
16378.079377159309
16341.68896015936
16341.68896015936
16171.967647769967
15998.82381898338
15998.82381898338
15923.367457244629
15923.367457244629
15713.29483858684
15646.45663056065
15646.45663056065
15646.45663056065
15646.45663056065
15646.45663056065
15646.45663056065
15554.417390413764
15527.8804621187
15527.8804621187
15405.97642971561
15390.255699932575
15315.070674561379
15315.070674561379
15315.070674561379
15186.27467486438
15068.547028265508
15068.547028265508
15054.967303979534
15054.967303979534
14908.475482358399
14826.169837584268
14826.169837584268
14826.169837584268
14826.169837584268
14826.169837584268
14826.169837584268
14710.49033350783
14710.49033350783
14554.556669889682
14554.556669889682
14480.576664018923
14480.576664018923
14459.35804770421
14327.341831548458
14327.341831548458
14327.341831548458
14327.341831548458
14327.341831548458
14188.622831213586
14121.413863460988
14046.319823200874
14026.052290392816
14026.052290392816
14005.148051374596
13983.530650295856
13983.530650295856
13964.317974326632
13751.456781450379
13751.456781450379
13751.456781450379
13681.144113814415
13681.144113814415
13681.144113814415
13681.144113814415
13627.376251243484
13590.905882688692
13138.05958871662
12911.252825313686
12911.252825313686
12911.252825313686
12911.252825313686
12911.252825313686
12911.252825313686
12911.252825313686
12911.252825313686
12911.252825313686
12903.918882567099
12903.918882567099
12903.918882567099
12903.918882567099
12903.918882567099
12883.940273633954
12843.205695853947
12842.430156837454
12688.225801738012
12565.934958266429
12565.934958266429
12565.934958266429
12443.833033569914
12430.405632187189
12430.405632187189
12430.405632187189
12430.405632187189
12392.525688080108
12392.525688080108
12392.525688080108
12392.525688080108
12392.525688080108
12237.504366660758
12156.88754726451
12014.14895325454
12014.14895325454
11828.674006506853
11828.674006506853
11828.674006506853
11773.110966267888
11721.462822928605
11594.252809996555
11517.169771830393
11510.138055577365
11451.210576497386
11394.737677601312
11394.737677601312
11394.737677601312
11394.737677601312
11355.04261092014
11355.04261092014
11355.04261092014
11305.03294319398
11305.03294319398
11305.03294319398
11305.03294319398
11305.03294319398
11122.29670173263
11122.29670173263
11122.29670173263
11122.29670173263
10972.222756119525
10936.410856257826
10936.410856257826
10936.410856257826
10936.410856257826
10936.410856257826
10936.410856257826
10856.031787406111
10856.031787406111
10856.031787406111
10856.031787406111
10827.617374403735
10827.617374403735
10827.617374403735
10827.617374403735
10601.04777711181
10590.830282316583
10536.54615453618
10536.54615453618
10440.826994705654
10440.826994705654
10440.826994705654
10433.079733449293
10353.279555204554
10293.707656013206
10293.707656013206
10293.707656013206
10287.344738707832
10287.344738707832
10287.344738707832
10259.485446547405
9909.644212336207
9909.644212336207
9785.507980236995
9785.507980236995
9785.507980236995
9740.97829979155
9740.97829979155
9732.39431085373
9732.39431085373
9732.39431085373
9732.39431085373
9732.39431085373
9732.39431085373
9619.966517038116
9460.287542438222
9460.287542438222
9460.287542438222
9460.287542438222
9393.584173656622
9198.941374624445
9198.941374624445
9198.941374624445
9060.53604856161
9042.700733691885
9041.138076449452
9041.138076449452
9041.138076449452
8960.463960630477
8883.830391273725
8883.830391273725
8799.673369458898
8799.673369458898
8724.994422531094
8666.951653517763
8666.951653517763
8649.60444261913
8555.900083448236
8555.900083448236
8470.619971318069
8470.619971318069
8427.61734044672
8378.718463701698
8378.718463701698
8378.718463701698
8221.388154880016
8149.2749004283105
8149.2749004283105
8149.2749004283105
8133.4349169384395
8095.6449729173455
8017.642873455296
8017.642873455296
8017.642873455296
7884.31555552504
7884.31555552504
7873.287335202941
7873.287335202941
7748.019224288812
7735.02139079623
7735.02139079623
7692.365219938694
7673.0206588288465
7673.0206588288465
7523.752972035979
7523.752972035979
7523.752972035979
7523.752972035979
7523.752972035979
7523.752972035979
7396.265640319899
7396.265640319899
7270.74591960113
7270.74591960113
7270.74591960113
7230.048754319239
7230.048754319239
7230.048754319239
7230.048754319239
7183.609118493601
7140.676703707765
7074.899732639573
6985.61802019715
6985.61802019715
6953.804700297148
6857.303675452219
6697.199852873233
6697.199852873233
6697.199852873233
6697.199852873233
6697.199852873233
6689.417603669485
6689.417603669485
6579.660116463905
6579.660116463905
6559.603214317363
6366.708447510189
6285.430365245229
6230.022895401815
6139.653966785279
6130.070383637949
6123.345895871245
6063.259276085421
6023.210279738841
5978.571534839694
5943.788743874994
5943.788743874994
5914.009849058201
5824.735049630075
5812.667927249337
5812.667927249337
5693.728372489234
5684.097680014152
5662.399271913067
5662.399271913067
5662.399271913067
5641.545886171187
5540.562149475231
5525.461202808641
5525.461202808641
5525.461202808641
5525.461202808641
5498.888523636677
5436.328754489948
5420.95223037375
5420.95223037375
5380.886834173575
5379.603709485291
5354.014895939792
5219.444658551825
5196.470300808161
5192.183202125303
5178.894447004631
5103.094583878241
5043.106335465271
5043.106335465271
5043.106335465271
5043.106335465271
5031.102369472939
5031.102369472939
5031.102369472939
5031.102369472939
5031.102369472939
4923.260512320361
4923.260512320361
4923.260512320361
4923.260512320361
4923.260512320361
4882.199834653269
4882.199834653269
4812.940280207975
4812.940280207975
4812.940280207975
4707.35963552127
4669.81626966896
4669.81626966896
4542.514537646421
4542.514537646421
4485.912293310382
4481.834849910803
4445.626291178902
4426.321348141002
4338.423781853631
4208.630731210833
4208.630731210833
4199.22051391331
4152.606714661385
4152.606714661385
4152.606714661385
4152.606714661385
4062.953225435018
3990.657957807399
3990.657957807399
3945.5339415430553
3914.2578074973353
3914.2578074973353
3914.2578074973353
3914.2578074973353
3914.2578074973353
3912.1267918823705
3912.1267918823705
3912.1267918823705
3912.1267918823705
3909.95401273888
3909.95401273888
3890.3685541033033
3890.3685541033033
3890.3685541033033
3890.3685541033033
3890.3685541033033
3890.3685541033033
3890.3685541033033
3879.08932499837
3850.463245799726
3850.463245799726
3818.1624321064037
3818.1624321064037
3783.047870308545
3783.047870308545
3768.0061482851143
3653.398734853601
3647.4131591042888
3647.4131591042888
3647.4131591042888
3647.4131591042888
3612.1060606594383
3612.1060606594383
3573.087444662885
3573.087444662885
3573.087444662885
3507.7135832053764
3507.7135832053764
3507.7135832053764
3507.7135832053764
3458.5597434530096
3458.5597434530096
3458.5597434530096
3458.5597434530096
3458.5597434530096
3458.5597434530096
3403.63025727122
3403.63025727122
3366.749308039155
3354.7660492647856
3354.7660492647856
3323.1856858622377
3298.9597770248765
3291.312278150145
3262.5659483432837
3262.5659483432837
3182.5154358125787
3154.405309110346
3154.405309110346
3152.156176674255
3112.18196128666
3104.770631823025
3104.770631823025
3104.770631823025
3104.770631823025
3104.770631823025
3104.770631823025
3104.770631823025
3104.770631823025
3096.6980137062455
3084.7827546279004
3084.7827546279004
3084.7827546279004
3084.7827546279004
3084.7827546279004
3079.029136715405
3059.9797323676285
3059.9797323676285
2961.8255777524428
2961.8255777524428
2961.8255777524428
2961.8255777524428
2961.8255777524428
2961.8255777524428
2961.8255777524428
2879.3796022284005
2879.3796022284005
2846.6496451246444
2846.6496451246444
2832.0800053827793
2832.0800053827793
2832.0800053827793
2821.8566244596354
2748.272317043442
2585.9426737388217
2585.9426737388217
2585.9426737388217
2585.9426737388217
2585.9426737388217
2539.4566112288076
2478.1595178535795
2468.121517161984
2435.8220059691657
2403.356140001362
2403.356140001362
2403.356140001362
2403.356140001362
2396.2866539053553
2396.2866539053553
2396.2866539053553
2391.140385719821
2391.140385719821
2391.140385719821
2391.140385719821
2391.140385719821
2391.140385719821
2327.5556281998256
2312.4802600127987
2312.4802600127987
2312.4802600127987
2292.5480565212038
2272.57905428721
2218.1485788064847
2218.1485788064847
2218.1485788064847
2208.6717752926525
2208.6717752926525
2127.5531178089304
2102.0162651598466
2102.0162651598466
2049.132369553962
2044.4291402181211
1975.4953521560428
1975.4953521560428
1891.2648563386365
1870.6142869665496
1870.6142869665496
1860.6630789998176
1860.6630789998176
1836.8802586546312
1836.8802586546312
1836.8802586546312
1836.8802586546312
1830.7503705296735
1830.7503705296735
1793.1943057662688
1790.3865075297344
1766.2542561116597
1713.7729770658812
1713.7729770658812
1662.5396768624696
1662.5396768624696
1648.6519611006097
1648.6519611006097
1633.821929440446
1633.821929440446
1621.5751164867509
1527.5171003510598
1508.7335567496661
1436.7734660309316
1366.2632656990077
1327.115653746777
1327.115653746777
1276.1609611012323
1276.1609611012323
1276.1609611012323
1253.076178710399
1253.076178710399
1253.076178710399
1246.6462542561721
1246.6462542561721
1225.200941778333
1225.200941778333
1225.200941778333
1205.8707165769715
1205.8707165769715
1130.2498841576798
1130.2498841576798
1129.0735251711758
1129.0735251711758
1129.0735251711758
1117.4300290504057
1100.9545694435947
1100.9545694435947
1098.9545956048933
1086.8179834186612
1086.8179834186612
1041.5228062459023
1041.5228062459023
1038.8399230553005
1011.8789742761621
1011.8789742761621
1011.8789742761621
1011.8789742761621
1011.8789742761621
973.9999696742016
973.9999696742016
973.9999696742016
967.943120425571
952.899538628571
892.0741258870738
892.0741258870738
892.0741258870738
892.0741258870738
892.0741258870738
892.0741258870738
885.8404578538242
878.8220967369996
837.9055691347497
837.9055691347497
837.9055691347497
837.9055691347497
811.075576093975
811.075576093975
811.075576093975
811.075576093975
811.075576093975
811.075576093975
811.075576093975
811.075576093975
811.075576093975
799.82635292616
799.82635292616
782.1779209918433
782.1779209918433
782.1779209918433
763.349043189506
763.349043189506
738.4115778454318
738.4115778454318
690.4085228481961
681.3854889036787
673.7579444884249
673.7579444884249
635.732218845384
604.0560573767842
604.0560573767842
604.0560573767842
604.0560573767842
600.1196547224768
600.1196547224768
576.3793319893484
547.8766768096962
547.8766768096962
528.4347408336641
528.4347408336641
528.4347408336641
528.4347408336641
528.4347408336641
512.3107951767145
512.3107951767145
491.9236024071542
491.9236024071542
491.9236024071542
480.6477022311625
480.6477022311625
480.6477022311625
476.86383161354905
441.4150826294174
441.4150826294174
441.4150826294174
420.68997424191673
420.68997424191673
420.68997424191673
417.80015060177897
397.25902254821347
397.25902254821347
397.25902254821347
370.2963611312712
370.2963611312712
370.2963611312712
370.2963611312712
341.08949226189065
341.08949226189065
332.8312156166365
317.82169279469184
317.82169279469184
302.4213435942159
287.81480832632224
287.81480832632224
287.81480832632224
280.04672456626906
280.04672456626906
270.12662902769074
270.12662902769074
267.13357195288074
267.13357195288074
267.13357195288074
267.13357195288074
267.13357195288074
257.34229706038406
257.34229706038406
235.8011994418998
235.8011994418998
235.8011994418998
234.075597087917
234.075597087917
217.3065717635936
217.3065717635936
210.3202297104953
210.3202297104953
210.3202297104953
208.43524764850548
208.43524764850548
208.43524764850548
208.43524764850548
201.89525294584908
201.89525294584908
201.89525294584908
171.11453380006904
162.73180433562283
162.73180433562283
151.0624442041841
151.0624442041841
151.0624442041841
151.0624442041841
151.0624442041841
144.80601838190972
144.80601838190972
144.80601838190972
144.80601838190972
144.80601838190972
144.80601838190972
144.80601838190972
144.80601838190972
142.79030682275646
142.79030682275646
139.0970577784926
139.0970577784926
139.0970577784926
139.0970577784926
139.0970577784926
123.46017530627675
123.46017530627675
123.46017530627675
123.46017530627675
123.46017530627675
121.16047786749752
121.16047786749752
106.61068134270155
106.61068134270155
97.2495601952269
97.2495601952269
97.2495601952269
97.2495601952269
97.01657432459056
97.01657432459056
97.01657432459056
97.01657432459056
90.68377684972762
90.68377684972762
90.68377684972762
90.68377684972762
90.68377684972762
90.68377684972762
90.68377684972762
88.81609187631366
81.82365830693729
81.82365830693729
79.47189306437626
76.09357924128645
76.09357924128645
67.09477724444473
67.09477724444473
67.09477724444473
59.89638705948756
59.89638705948756
59.89638705948756
59.89638705948756
59.89638705948756
59.89638705948756
57.56933845929325
57.56933845929325
57.56933845929325
57.56933845929325
54.14693042278112
54.14693042278112
54.14693042278112
54.14693042278112
54.14693042278112
54.14693042278112
54.14693042278112
53.922453794851904
53.922453794851904
53.922453794851904
53.922453794851904
47.80880421727496
47.80880421727496
45.01210350536012
40.89723278028229
40.59631216813201
38.590604234028305
36.727816827973925
36.727816827973925
29.787404216600116
29.787404216600116
29.787404216600116
29.787404216600116
29.787404216600116
29.787404216600116
29.787404216600116
29.188598649990745
28.03623563278197
28.03623563278197
23.528728501569876
23.528728501569876
23.528728501569876
23.528728501569876
23.528728501569876
18.81251243380466
18.81251243380466
18.81251243380466
18.81251243380466
18.81251243380466
18.81251243380466
18.81251243380466
14.995697384341348
14.995697384341348
14.995697384341348
12.606684635064187
12.606684635064187
10.150455204869262
10.150455204869262
10.150455204869262
10.150455204869262
10.150455204869262
5.862732984988239
5.862732984988239
5.862732984988239
5.862732984988239
5.862732984988239
5.862732984988239
4.12539914941995
4.12539914941995
4.12539914941995
4.12539914941995
4.12539914941995
4.12539914941995
4.12539914941995
3.6361149798570964
3.382309237457597
3.382309237457597
3.382309237457597
3.382309237457597
2.7311161471334136
2.0820062399995045
2.0820062399995045
2.0820062399995045
2.0820062399995045
2.0820062399995045
2.0820062399995045
2.0820062399995045
2.0820062399995045
2.0820062399995045
2.0820062399995045
2.0820062399995045
2.0820062399995045
2.0820062399995045
2.0820062399995045
2.0820062399995045
2.0820062399995045
2.0820062399995045
1.5240369029749117
1.5240369029749117
1.5240369029749117
1.5240369029749117
1.5240369029749117
1.5240369029749117
1.5240369029749117
1.5240369029749117
1.5240369029749117
1.5240369029749117
1.5240369029749117
1.5240369029749117
1.5240369029749117
1.5240369029749117
1.5240369029749117
1.5240369029749117
1.5240369029749117
1.5240369029749117
1.5240369029749117
1.5240369029749117
1.5240369029749117
1.5240369029749117
1.5240369029749117
1.5240369029749117
1.5240369029749117
1.5240369029749117
1.5240369029749117
1.5240369029749117
1.5240369029749117
1.5240369029749117
1.5240369029749117
1.5240369029749117
1.5240369029749117
1.5240369029749117
1.5240369029749117
1.5240369029749117
1.5240369029749117
1.5240369029749117
1.5240369029749117
1.5240369029749117
1.5240369029749117
1.5240369029749117
1.5240369029749117
1.5240369029749117
1.5240369029749117
1.5240369029749117
1.5240369029749117
1.5240369029749117
1.5240369029749117
1.5240369029749117
1.5240369029749117
1.5240369029749117
1.5240369029749117
1.5240369029749117
1.5240369029749117
1.5240369029749117
1.5240369029749117
1.5240369029749117
1.5240369029749117
1.5240369029749117
1.5240369029749117
1.5240369029749117
1.5240369029749117
1.0368801709007436
1.0368801709007436
1.0368801709007436
1.0368801709007436
1.0368801709007436
1.0368801709007436
1.0368801709007436
1.0368801709007436
1.0368801709007436
1.0368801709007436
1.0368801709007436
1.0368801709007436
1.0368801709007436
1.0368801709007436
1.0368801709007436
1.0368801709007436
1.0368801709007436
1.0368801709007436
1.0368801709007436
1.0368801709007436
1.0368801709007436
1.0368801709007436
1.0368801709007436
1.0368801709007436
1.0368801709007436
1.0368801709007436
1.0368801709007436
1.0368801709007436
1.0368801709007436
1.0368801709007436
1.0368801709007436
1.0368801709007436
1.0368801709007436
1.0368801709007436
1.0368801709007436
1.0368801709007436
1.0368801709007436
1.0368801709007436
1.0368801709007436
1.0368801709007436
1.0368801709007436
1.0368801709007436
1.0368801709007436
1.0368801709007436
1.0368801709007436
1.0368801709007436
1.0368801709007436
1.0368801709007436
1.0368801709007436
1.0368801709007436
1.0368801709007436
1.0368801709007436
1.0368801709007436
1.0368801709007436
1.0368801709007436
1.0368801709007436
0.9813994049999486
0.9813994049999486
0.9813994049999486
0.9813994049999486
0.9813994049999486
0.9813994049999486
0.9813994049999486
0.9813994049999486
0.9813994049999486
0.9813994049999486
0.9813994049999486
0.9813994049999486
0.7793123944782395
0.7793123944782395
0.7793123944782395
0.7793123944782395
0.7793123944782395
0.7793123944782395
0.7793123944782395
0.7793123944782395
0.7793123944782395
0.7793123944782395
0.7793123944782395
0.7793123944782395
0.7793123944782395
0.7793123944782395
0.7793123944782395
0.7793123944782395
0.7793123944782395
0.7793123944782395
0.7793123944782395
0.7793123944782395
0.7793123944782395
0.7793123944782395
0.7793123944782395
0.7793123944782395
0.7793123944782395
0.7793123944782395
0.7793123944782395
0.7793123944782395
0.7793123944782395
0.7793123944782395
0.7793123944782395
0.7793123944782395
0.7793123944782395
0.7793123944782395
0.7793123944782395
0.7793123944782395
0.7793123944782395
0.7793123944782395
0.7793123944782395
0.7793123944782395
0.7793123944782395
0.7793123944782395
0.7793123944782395
0.7793123944782395
0.7793123944782395
0.7793123944782395
0.7793123944782395
0.7793123944782395
0.7793123944782395
0.7793123944782395
0.7793123944782395
0.7793123944782395
0.7793123944782395
0.7793123944782395
0.7793123944782395
0.7793123944782395
0.7793123944782395
0.7793123944782395
0.7793123944782395
0.7793123944782395
0.7793123944782395
0.7793123944782395
0.7793123944782395
0.7793123944782395
0.7793123944782395
0.7793123944782395
0.7793123944782395
0.7793123944782395
0.7793123944782395
0.7793123944782395
0.7793123944782395
0.7793123944782395
0.7793123944782395
0.7793123944782395
0.7793123944782395
0.7793123944782395
0.7793123944782395
0.7793123944782395
0.7793123944782395
0.7793123944782395
0.7793123944782395
0.7793123944782395
0.7793123944782395
0.7793123944782395
0.7793123944782395
0.7793123944782395
0.7793123944782395
0.7793123944782395
0.7793123944782395
0.7793123944782395
0.7793123944782395
0.7793123944782395
0.7793123944782395
0.7793123944782395
0.7793123944782395
0.7793123944782395
0.7793123944782395
0.7793123944782395
0.7793123944782395
0.7793123944782395
0.7793123944782395
0.7793123944782395
0.7793123944782395
0.7793123944782395
0.7793123944782395
0.7793123944782395
0.7793123944782395
0.7793123944782395
0.7793123944782395
0.7793123944782395
0.7793123944782395
0.7793123944782395
0.7793123944782395
0.7793123944782395
0.7793123944782395
0.7793123944782395
0.7793123944782395
0.7793123944782395
0.7793123944782395
0.7793123944782395
0.7793123944782395
0.7793123944782395
0.7793123944782395
0.7793123944782395
0.7793123944782395
0.7793123944782395
0.7793123944782395
0.7793123944782395
0.7793123944782395
0.7793123944782395
0.7793123944782395
0.7793123944782395
0.7793123944782395
0.7793123944782395
0.7793123944782395
0.7793123944782395
0.7793123944782395
0.7793123944782395
0.7793123944782395
0.645315626010697
0.645315626010697
0.645315626010697
0.645315626010697
0.645315626010697
0.645315626010697
0.645315626010697
0.645315626010697
0.645315626010697
0.645315626010697
0.645315626010697
0.645315626010697
0.645315626010697
0.645315626010697
0.645315626010697
0.645315626010697
0.645315626010697
0.645315626010697
0.645315626010697
0.645315626010697
0.645315626010697
0.645315626010697
0.645315626010697
0.645315626010697
0.645315626010697
0.645315626010697
0.645315626010697
0.645315626010697
0.645315626010697
0.645315626010697
0.645315626010697
0.645315626010697
0.645315626010697
0.645315626010697
0.645315626010697
0.645315626010697
0.645315626010697
0.645315626010697
0.645315626010697
0.645315626010697
0.645315626010697
0.645315626010697
0.645315626010697
0.645315626010697
0.645315626010697
0.645315626010697
0.645315626010697
0.645315626010697
0.645315626010697
0.645315626010697
0.645315626010697
0.645315626010697
0.645315626010697
0.645315626010697
0.645315626010697
0.645315626010697
0.645315626010697
0.645315626010697
0.645315626010697
0.645315626010697
0.645315626010697
0.645315626010697
0.645315626010697
0.645315626010697
0.645315626010697
0.645315626010697
0.645315626010697
0.645315626010697
0.645315626010697
0.645315626010697
0.645315626010697
0.645315626010697
0.645315626010697
0.645315626010697
0.645315626010697
0.645315626010697
0.645315626010697
0.645315626010697
0.645315626010697
0.645315626010697
0.645315626010697
0.645315626010697
0.645315626010697
0.645315626010697
0.645315626010697
0.645315626010697
0.645315626010697
0.645315626010697
0.645315626010697
0.645315626010697
0.645315626010697
0.645315626010697
0.645315626010697
0.645315626010697
0.645315626010697
0.645315626010697
0.645315626010697
0.645315626010697
0.645315626010697
0.645315626010697
0.645315626010697
0.645315626010697
0.645315626010697
0.645315626010697
0.645315626010697
0.645315626010697
0.645315626010697
0.645315626010697
0.645315626010697
0.645315626010697
0.645315626010697
0.645315626010697
0.645315626010697
0.645315626010697
0.645315626010697
0.645315626010697
0.645315626010697
0.645315626010697
0.645315626010697
0.645315626010697
0.645315626010697
0.645315626010697
0.645315626010697
0.645315626010697
0.645315626010697
0.645315626010697
0.645315626010697
0.645315626010697
0.645315626010697
0.645315626010697
0.645315626010697
0.645315626010697
0.645315626010697
0.645315626010697
0.645315626010697
0.645315626010697
0.645315626010697
0.645315626010697
0.645315626010697
0.645315626010697
0.645315626010697
0.645315626010697
0.645315626010697
0.645315626010697
0.645315626010697
0.645315626010697
0.645315626010697
0.645315626010697
0.645315626010697
0.645315626010697
0.645315626010697
0.645315626010697
0.645315626010697
0.645315626010697
0.645315626010697
0.645315626010697
0.645315626010697
0.645315626010697
0.645315626010697
0.645315626010697
0.645315626010697
0.645315626010697
0.645315626010697
0.645315626010697
0.645315626010697
0.645315626010697
0.645315626010697
0.645315626010697
0.645315626010697
0.645315626010697
0.645315626010697
0.645315626010697
0.645315626010697
0.645315626010697
0.645315626010697
0.645315626010697
0.645315626010697
0.645315626010697
0.645315626010697
0.645315626010697
0.645315626010697
0.645315626010697
0.645315626010697
0.645315626010697
0.645315626010697
0.645315626010697
0.645315626010697
0.645315626010697
0.645315626010697
0.645315626010697
0.645315626010697
0.645315626010697
0.645315626010697
0.645315626010697
0.645315626010697
0.645315626010697
0.645315626010697
0.645315626010697
0.645315626010697
0.645315626010697
0.645315626010697
0.645315626010697
0.645315626010697
0.645315626010697
0.645315626010697
0.645315626010697
0.645315626010697
0.645315626010697
0.645315626010697
0.645315626010697
0.645315626010697
0.645315626010697
0.645315626010697
0.645315626010697
0.645315626010697
0.645315626010697
0.645315626010697
0.645315626010697
0.645315626010697
0.645315626010697
0.645315626010697
0.645315626010697
0.645315626010697
0.645315626010697
0.645315626010697
0.645315626010697
0.645315626010697
0.645315626010697
0.645315626010697
0.645315626010697
0.645315626010697
0.645315626010697
0.645315626010697
0.645315626010697
0.645315626010697
0.645315626010697
0.645315626010697
0.645315626010697
0.645315626010697
0.645315626010697
0.645315626010697
0.645315626010697
0.645315626010697
0.645315626010697
0.645315626010697
0.645315626010697
0.645315626010697
0.645315626010697
0.645315626010697
0.645315626010697
0.645315626010697
0.645315626010697
0.645315626010697
0.645315626010697
0.645315626010697
0.645315626010697
0.645315626010697
0.645315626010697
0.645315626010697
0.645315626010697
0.645315626010697
0.645315626010697
0.645315626010697
0.645315626010697
0.645315626010697
0.645315626010697
0.645315626010697
0.645315626010697
0.645315626010697
0.645315626010697
0.645315626010697
0.645315626010697
0.645315626010697
0.645315626010697
0.645315626010697
0.645315626010697
0.645315626010697
0.645315626010697
0.645315626010697
0.645315626010697
0.645315626010697
0.645315626010697
0.645315626010697
0.645315626010697
0.645315626010697
0.645315626010697
0.645315626010697
0.645315626010697
0.645315626010697
0.645315626010697
0.645315626010697
0.645315626010697
0.645315626010697
0.645315626010697
0.645315626010697
0.645315626010697
0.645315626010697
0.645315626010697
0.645315626010697
0.645315626010697
0.645315626010697
0.645315626010697
0.645315626010697
0.645315626010697
0.645315626010697
0.645315626010697
0.645315626010697
0.645315626010697
0.645315626010697
0.645315626010697
0.645315626010697
0.645315626010697
0.645315626010697
0.645315626010697
0.645315626010697
0.645315626010697
0.645315626010697
0.645315626010697
0.645315626010697
0.645315626010697
0.645315626010697
0.645315626010697
0.645315626010697
0.645315626010697
0.645315626010697
0.645315626010697
0.645315626010697
0.645315626010697
0.645315626010697
0.645315626010697
0.645315626010697
0.645315626010697
0.645315626010697
0.645315626010697
0.645315626010697
0.645315626010697
0.645315626010697
0.645315626010697
0.645315626010697
0.645315626010697
0.645315626010697
0.645315626010697
0.645315626010697
0.645315626010697
0.645315626010697
0.645315626010697
0.645315626010697
0.645315626010697
0.645315626010697
0.645315626010697
0.645315626010697
0.645315626010697
0.645315626010697
0.645315626010697
0.645315626010697
0.645315626010697
0.645315626010697
0.645315626010697
0.645315626010697
0.645315626010697
0.645315626010697
0.645315626010697
0.645315626010697
0.645315626010697
0.645315626010697
0.645315626010697
0.645315626010697
0.645315626010697
0.645315626010697
0.645315626010697
0.645315626010697
0.645315626010697
0.645315626010697
0.645315626010697
0.645315626010697
0.645315626010697
0.645315626010697
0.645315626010697
0.645315626010697
0.645315626010697
0.645315626010697
0.645315626010697
0.645315626010697
0.645315626010697
0.645315626010697
0.645315626010697
0.645315626010697
0.645315626010697
0.645315626010697
0.645315626010697
0.645315626010697
0.645315626010697
0.645315626010697
0.645315626010697
0.645315626010697
0.645315626010697
0.645315626010697
0.645315626010697
0.645315626010697
0.645315626010697
0.645315626010697
0.645315626010697
0.645315626010697
0.645315626010697
0.645315626010697
0.645315626010697
0.645315626010697
0.645315626010697
0.645315626010697
0.645315626010697
0.645315626010697
0.645315626010697
0.645315626010697
0.645315626010697
0.645315626010697
0.645315626010697
0.645315626010697
0.645315626010697
0.645315626010697
0.645315626010697
0.645315626010697
0.645315626010697
0.645315626010697
0.645315626010697
0.645315626010697
0.645315626010697
0.645315626010697
0.645315626010697
0.645315626010697
0.645315626010697
0.645315626010697
0.645315626010697
0.645315626010697
0.645315626010697
0.645315626010697
0.645315626010697
0.645315626010697
0.645315626010697
0.645315626010697
0.645315626010697
0.645315626010697
0.645315626010697
0.645315626010697
0.645315626010697
0.645315626010697
0.645315626010697
0.645315626010697
0.645315626010697
0.645315626010697
0.645315626010697
0.645315626010697
0.645315626010697
0.645315626010697
0.645315626010697
0.645315626010697
0.645315626010697
0.645315626010697
0.645315626010697
0.645315626010697
0.645315626010697
0.645315626010697
0.645315626010697
0.645315626010697
0.645315626010697
0.645315626010697
0.645315626010697
0.645315626010697
0.645315626010697
0.645315626010697
0.645315626010697
0.645315626010697
0.645315626010697
0.645315626010697
0.645315626010697
0.645315626010697
0.645315626010697
0.645315626010697
0.645315626010697
0.645315626010697
0.645315626010697
0.645315626010697
0.645315626010697
0.4998708784072512
0.4998708784072512
0.4998708784072512
0.4998708784072512
0.4998708784072512
0.4998708784072512
0.4998708784072512
0.4998708784072512
0.4998708784072512
0.4998708784072512
0.4998708784072512
0.4998708784072512
0.4998708784072512
0.4998708784072512
0.4998708784072512
0.4998708784072512
0.4998708784072512
0.4998708784072512
0.4998708784072512
0.4998708784072512
0.4998708784072512
0.4998708784072512
0.4998708784072512
0.4998708784072512
0.4998708784072512
0.4998708784072512
0.4998708784072512
0.4998708784072512
0.4998708784072512
0.4998708784072512
0.4998708784072512
0.4998708784072512
0.4998708784072512
0.4998708784072512
0.4998708784072512
0.4998708784072512
0.4998708784072512
0.4998708784072512
0.4998708784072512
0.4998708784072512
0.4998708784072512
0.4998708784072512
0.4998708784072512
0.4998708784072512
0.4998708784072512
0.4998708784072512
0.4998708784072512
0.4998708784072512
0.4998708784072512
0.4998708784072512
0.4998708784072512
0.4998708784072512
0.4998708784072512
0.4998708784072512
0.4998708784072512
0.4998708784072512
0.4998708784072512
0.4998708784072512
0.4998708784072512
0.4998708784072512
0.4998708784072512
0.4998708784072512
0.4998708784072512
0.4998708784072512
0.4998708784072512
0.4998708784072512
0.4998708784072512
0.4998708784072512
0.4998708784072512
0.4998708784072512
0.4998708784072512
0.4998708784072512
0.4998708784072512
0.4998708784072512
0.4998708784072512
0.4998708784072512
0.4998708784072512
0.4998708784072512
0.4998708784072512
0.4998708784072512
0.4998708784072512
0.4998708784072512
0.4998708784072512
0.4998708784072512
0.4998708784072512
0.4998708784072512
0.4998708784072512
0.4998708784072512
0.4998708784072512
0.4998708784072512
0.4998708784072512
0.4998708784072512
0.4998708784072512
0.4998708784072512
0.4998708784072512
0.4998708784072512
0.4998708784072512
0.4998708784072512
0.4998708784072512
0.4998708784072512
0.4998708784072512
0.4998708784072512
0.4998708784072512
0.4998708784072512
0.4998708784072512
0.4998708784072512
0.4998708784072512
0.4998708784072512
0.4998708784072512
0.4998708784072512
0.4998708784072512
0.4998708784072512
0.4998708784072512
0.4998708784072512
0.4998708784072512
0.4998708784072512
0.4998708784072512
0.4998708784072512
0.4998708784072512
0.4998708784072512
0.4998708784072512
0.4998708784072512
0.4998708784072512
0.4998708784072512
0.4998708784072512
0.4998708784072512
0.4998708784072512
0.4998708784072512
0.4998708784072512
0.4998708784072512
0.4998708784072512
0.4998708784072512
0.4998708784072512
0.4998708784072512
0.4998708784072512
0.4998708784072512
0.4998708784072512
0.4998708784072512
0.4998708784072512
0.4998708784072512
0.4998708784072512
0.4998708784072512
0.4998708784072512
0.4998708784072512
0.4998708784072512
0.4998708784072512
0.4998708784072512
0.4998708784072512
0.4998708784072512
0.4998708784072512
0.4998708784072512
0.4998708784072512
0.4998708784072512
0.4998708784072512
0.4998708784072512
0.4998708784072512
0.4998708784072512
0.4998708784072512
0.4998708784072512
0.4998708784072512
0.4998708784072512
0.4998708784072512
0.4998708784072512
0.4998708784072512
0.4998708784072512
0.4998708784072512
0.4998708784072512
0.4998708784072512
0.4998708784072512
0.4998708784072512
0.4998708784072512
0.4998708784072512
0.4998708784072512
0.4998708784072512
0.4998708784072512
0.4998708784072512
0.4998708784072512
0.4998708784072512
0.4998708784072512
0.4998708784072512
0.4998708784072512
0.4998708784072512
0.4998708784072512
0.4998708784072512
0.4998708784072512
0.4998708784072512
0.4998708784072512
0.4998708784072512
0.4998708784072512
0.4998708784072512
0.4998708784072512
0.4998708784072512
0.4998708784072512
0.4998708784072512
0.4998708784072512
0.4998708784072512
0.4998708784072512
0.4998708784072512
0.4998708784072512
0.4998708784072512
0.4998708784072512
0.4998708784072512
0.4998708784072512
0.4998708784072512
0.4998708784072512
0.4998708784072512
0.4998708784072512
0.4998708784072512
0.4998708784072512
0.4998708784072512
0.4998708784072512
0.4998708784072512
0.4998708784072512
0.4998708784072512
0.4998708784072512
0.4998708784072512
0.4998708784072512
0.4998708784072512
0.4998708784072512
0.4998708784072512
0.4998708784072512
0.4998708784072512
0.4998708784072512
0.4998708784072512
0.4998708784072512
0.4998708784072512
0.4998708784072512
0.4998708784072512
0.4998708784072512
0.4998708784072512
0.4998708784072512
0.4998708784072512
0.4998708784072512
0.4998708784072512
0.4998708784072512
0.4998708784072512
0.4998708784072512
0.4998708784072512
0.4998708784072512
0.4998708784072512
0.4998708784072512
0.4998708784072512
0.4998708784072512
0.4998708784072512
0.4998708784072512
0.4998708784072512
0.4998708784072512
0.4998708784072512
0.4998708784072512
0.4998708784072512
0.4998708784072512
0.4998708784072512
0.4998708784072512
0.4998708784072512
0.4998708784072512
0.4998708784072512
0.4998708784072512
0.4998708784072512
0.4998708784072512
0.4998708784072512
0.4998708784072512
0.4998708784072512
0.4998708784072512
0.4998708784072512
0.4998708784072512
0.4998708784072512
0.4998708784072512
0.4998708784072512
0.4998708784072512
0.4998708784072512
0.4998708784072512
0.4998708784072512
0.4998708784072512
0.4998708784072512
0.4998708784072512
0.4998708784072512
0.4998708784072512
0.4998708784072512
0.4998708784072512
0.4998708784072512
0.4998708784072512
0.4998708784072512
0.4998708784072512
0.4998708784072512
0.4998708784072512
0.4998708784072512
0.4998708784072512
0.4998708784072512
0.4998708784072512
0.4998708784072512
0.4998708784072512
0.4998708784072512
0.4998708784072512
0.4998708784072512
0.4998708784072512
0.4998708784072512
0.4998708784072512
0.4998708784072512
0.4998708784072512
0.4998708784072512
0.4998708784072512
0.4998708784072512
0.4998708784072512
0.4998708784072512
0.4998708784072512
0.4998708784072512
0.4998708784072512
0.4998708784072512
0.4998708784072512
0.2722252611155651
0.2722252611155651
0.2722252611155651
0.2722252611155651
0.2722252611155651
0.2722252611155651
0.2722252611155651
0.2722252611155651
0.2722252611155651
0.2722252611155651
0.2722252611155651
0.2722252611155651
0.2722252611155651
0.2722252611155651
0.2722252611155651
0.2722252611155651
0.2722252611155651
0.2722252611155651
0.2722252611155651
0.2722252611155651
0.2722252611155651
0.2722252611155651
0.2722252611155651
0.2722252611155651
0.2722252611155651
0.2722252611155651
0.2722252611155651
0.2722252611155651
0.2722252611155651
0.2722252611155651
0.2722252611155651
0.2722252611155651
0.2722252611155651
0.2722252611155651
0.2722252611155651
0.2722252611155651
0.2722252611155651
0.2722252611155651
0.2722252611155651
0.2722252611155651
0.2722252611155651
0.2722252611155651
0.2722252611155651
0.2722252611155651
0.2722252611155651
0.2722252611155651
0.2722252611155651
0.2722252611155651
0.2722252611155651
0.2722252611155651
0.2722252611155651
0.2722252611155651
0.2722252611155651
0.2722252611155651
0.2722252611155651
0.2722252611155651
0.2722252611155651
0.2722252611155651
0.2722252611155651
0.2722252611155651
0.2722252611155651
0.2722252611155651
0.2722252611155651
0.2722252611155651
0.2722252611155651
0.2722252611155651
0.2722252611155651
0.2722252611155651
0.2722252611155651
0.2722252611155651
0.2722252611155651
0.2722252611155651
0.2722252611155651
0.2722252611155651
0.2722252611155651
0.2722252611155651
0.2722252611155651
0.2722252611155651
0.2722252611155651
0.2722252611155651
0.2722252611155651
0.2722252611155651
0.2722252611155651
0.2722252611155651
0.2722252611155651
0.2722252611155651
0.2722252611155651
0.2722252611155651
0.2722252611155651
0.2722252611155651
0.2722252611155651
0.2722252611155651
0.2722252611155651
0.2722252611155651
0.2722252611155651
0.2722252611155651
0.2722252611155651
0.2722252611155651
0.2722252611155651
0.2722252611155651
0.2722252611155651
0.2722252611155651
0.2722252611155651
0.2722252611155651
0.2722252611155651
0.2722252611155651
0.2722252611155651
0.2722252611155651
0.2722252611155651
0.2722252611155651
0.2722252611155651
0.2722252611155651
0.2722252611155651
0.2722252611155651
0.2722252611155651
0.2722252611155651
0.2722252611155651
0.2722252611155651
0.2722252611155651
0.2722252611155651
0.2722252611155651
0.2722252611155651
0.2722252611155651
0.2722252611155651
0.2722252611155651
0.2722252611155651
0.2722252611155651
0.2722252611155651
0.2722252611155651
0.2722252611155651
0.2722252611155651
0.2722252611155651
0.2722252611155651
0.2722252611155651
0.2722252611155651
0.2722252611155651
0.2722252611155651
0.2722252611155651
0.2722252611155651
0.2722252611155651
0.2722252611155651
0.2722252611155651
0.2722252611155651
0.2722252611155651
0.2722252611155651
0.2722252611155651
0.2722252611155651
0.2722252611155651
0.2722252611155651
0.2722252611155651
0.2722252611155651
0.2722252611155651
0.2722252611155651
0.2722252611155651
0.2722252611155651
0.2722252611155651
0.2722252611155651
0.2722252611155651
0.2722252611155651
0.2722252611155651
0.2722252611155651
0.2722252611155651
0.2722252611155651
0.2722252611155651
0.2722252611155651
0.2722252611155651
0.2722252611155651
0.2722252611155651
0.2722252611155651
0.2722252611155651
0.2722252611155651
0.2722252611155651
0.2722252611155651
0.2722252611155651
0.2722252611155651
0.2722252611155651
0.2722252611155651
0.2722252611155651
0.2722252611155651
0.2722252611155651
0.2722252611155651
0.2722252611155651
0.2722252611155651
0.2722252611155651
0.2722252611155651
0.2722252611155651
0.2722252611155651
0.2722252611155651
0.2722252611155651
0.2722252611155651
0.2722252611155651
0.2722252611155651
0.2722252611155651
0.2722252611155651
0.2722252611155651
0.2722252611155651
0.2722252611155651
0.2722252611155651
0.2722252611155651
0.2722252611155651
0.2722252611155651
0.2722252611155651
0.2722252611155651
0.2722252611155651
0.2722252611155651
0.2722252611155651
0.2722252611155651
0.2722252611155651
0.2722252611155651
0.2722252611155651
0.2722252611155651
0.2722252611155651
0.2722252611155651
0.2722252611155651
0.2722252611155651
0.2722252611155651
0.2722252611155651
0.2722252611155651
0.2722252611155651
0.2722252611155651
0.2722252611155651
0.2722252611155651
0.2722252611155651
0.2722252611155651
0.2722252611155651
0.2722252611155651
0.2722252611155651
0.2722252611155651
0.2722252611155651
0.2722252611155651
0.2722252611155651
0.2722252611155651
0.2722252611155651
0.2722252611155651
0.2722252611155651
0.2722252611155651
0.2722252611155651
0.2722252611155651
0.2722252611155651
0.2722252611155651
0.2722252611155651
0.2722252611155651
0.2722252611155651
0.2722252611155651
0.2722252611155651
0.2722252611155651
0.2722252611155651
0.2722252611155651
0.2722252611155651
0.2722252611155651
0.2722252611155651
0.2722252611155651
0.2722252611155651
0.2722252611155651
0.2722252611155651
0.2722252611155651
0.2722252611155651
0.2722252611155651
0.2722252611155651
0.2722252611155651
0.2722252611155651
0.2722252611155651
0.2722252611155651
0.2722252611155651
0.2722252611155651
0.2722252611155651
0.2722252611155651
0.2722252611155651
0.2722252611155651
0.2722252611155651
0.2722252611155651
0.2722252611155651
0.2722252611155651
0.2722252611155651
0.2722252611155651
0.2722252611155651
0.2722252611155651
0.2722252611155651
0.2722252611155651
0.2722252611155651
0.2722252611155651
0.2722252611155651
0.2722252611155651
0.2722252611155651
0.2722252611155651
0.2722252611155651
0.2722252611155651
0.2722252611155651
0.2722252611155651
0.2722252611155651
0.2722252611155651
0.2722252611155651
0.2722252611155651
0.2722252611155651
0.2722252611155651
0.2722252611155651
0.2722252611155651
0.2722252611155651
0.2722252611155651
0.2722252611155651
0.2722252611155651
0.2722252611155651
0.2722252611155651
0.2722252611155651
0.2722252611155651
0.2722252611155651
0.2722252611155651
0.2722252611155651
0.2722252611155651
0.2722252611155651
0.2722252611155651
0.2722252611155651
0.2722252611155651
0.2722252611155651
0.2722252611155651
0.2722252611155651
0.2722252611155651
0.2722252611155651
0.2722252611155651
0.2722252611155651
0.2722252611155651
0.2722252611155651
0.2722252611155651
0.2722252611155651
0.2722252611155651
0.2722252611155651
0.2722252611155651
0.2722252611155651
0.2722252611155651
0.2722252611155651
0.2722252611155651
0.2722252611155651
0.2722252611155651
0.2722252611155651
0.2722252611155651
0.2722252611155651
0.2722252611155651
0.2722252611155651
0.2722252611155651
0.2722252611155651
0.2722252611155651
0.2722252611155651
0.2722252611155651
0.2722252611155651
0.2722252611155651
0.2722252611155651
0.2722252611155651
0.2722252611155651
0.2722252611155651
0.2722252611155651
0.2722252611155651
0.2722252611155651
0.2722252611155651
0.2722252611155651
0.2722252611155651
0.2722252611155651
0.2722252611155651
0.2722252611155651
0.2722252611155651
0.2722252611155651
0.2722252611155651
0.2722252611155651
0.2722252611155651
0.2722252611155651
0.2722252611155651
0.2722252611155651
0.2722252611155651
0.2722252611155651
0.2722252611155651
0.2722252611155651
0.2722252611155651
0.2722252611155651
0.2722252611155651
0.2722252611155651
0.2722252611155651
0.2722252611155651
0.2722252611155651
0.2722252611155651
0.2722252611155651
0.2722252611155651
0.2722252611155651
0.2722252611155651
0.2722252611155651
0.2722252611155651
0.2722252611155651
0.2722252611155651
0.2722252611155651
0.2722252611155651
0.2722252611155651
0.2722252611155651
0.2722252611155651
0.2722252611155651
0.2722252611155651
0.2722252611155651
0.2722252611155651
0.2722252611155651
0.2722252611155651
0.2722252611155651
0.2722252611155651
0.2722252611155651
0.2722252611155651
0.2722252611155651
0.2722252611155651
0.2722252611155651
0.2722252611155651
0.2722252611155651
0.2722252611155651
0.2722252611155651
0.2722252611155651
0.2722252611155651
0.2722252611155651
0.2722252611155651
0.2722252611155651
0.2722252611155651
0.2722252611155651
0.2722252611155651
0.2722252611155651
0.2722252611155651
0.2722252611155651
0.2722252611155651
0.2722252611155651
0.2722252611155651
0.2722252611155651
0.2722252611155651
0.2722252611155651
0.2722252611155651
0.2722252611155651
0.2722252611155651
0.2722252611155651
0.2722252611155651
0.2722252611155651
0.2722252611155651
0.2722252611155651
0.2722252611155651
0.2722252611155651
0.2722252611155651
0.2722252611155651
0.2722252611155651
0.2722252611155651
0.2722252611155651
0.2722252611155651
0.2722252611155651
0.2722252611155651
0.2722252611155651
0.2722252611155651
0.2722252611155651
0.2722252611155651
0.2722252611155651
0.2722252611155651
0.2722252611155651
0.2722252611155651
0.2722252611155651
0.2722252611155651
0.2722252611155651
0.2722252611155651
0.2722252611155651
0.2722252611155651
0.2722252611155651
0.2722252611155651
0.2722252611155651
0.2722252611155651
0.2722252611155651
0.2722252611155651
0.2722252611155651
0.2722252611155651
0.2722252611155651
0.2722252611155651
0.2722252611155651
0.2722252611155651
0.2722252611155651
0.2722252611155651
0.2722252611155651
0.2722252611155651
0.2722252611155651
0.2722252611155651
0.2722252611155651
0.2722252611155651
0.2722252611155651
0.2722252611155651
0.2722252611155651
0.2722252611155651
0.2722252611155651
0.2722252611155651
0.2722252611155651
0.2722252611155651
0.2722252611155651
0.2722252611155651
0.2722252611155651
0.2722252611155651
0.2722252611155651
0.2722252611155651
0.2722252611155651
0.2722252611155651
0.2722252611155651
0.2722252611155651
0.2722252611155651
0.2722252611155651
0.2722252611155651
0.2722252611155651
0.2722252611155651
0.2722252611155651
0.2722252611155651
0.2722252611155651
0.2722252611155651
0.2722252611155651
0.2722252611155651
0.2722252611155651
0.2722252611155651
0.2722252611155651
0.2722252611155651
0.2722252611155651
0.2722252611155651
0.2722252611155651
0.2722252611155651
0.2722252611155651
0.2722252611155651
0.2722252611155651
0.2722252611155651
0.2722252611155651
0.2722252611155651
0.2722252611155651
0.2722252611155651
0.2722252611155651
0.2722252611155651
0.2722252611155651
0.2722252611155651
0.2722252611155651
0.2722252611155651
0.2722252611155651
0.2722252611155651
0.2722252611155651
0.2722252611155651
0.2722252611155651
0.2722252611155651
0.2722252611155651
0.2722252611155651
0.2722252611155651
0.2722252611155651
0.2722252611155651
0.2722252611155651
0.2722252611155651
0.2722252611155651
0.2722252611155651
0.2722252611155651
0.2722252611155651
0.2722252611155651
0.2722252611155651
0.2722252611155651
0.2722252611155651
0.2722252611155651
0.2722252611155651
0.2722252611155651
0.2722252611155651
0.2722252611155651
0.2722252611155651
0.2722252611155651
0.2722252611155651
0.2722252611155651
0.2722252611155651
0.2722252611155651
0.2722252611155651
0.2722252611155651
0.2722252611155651
0.2722252611155651
0.2722252611155651
0.2722252611155651
0.2722252611155651
0.2722252611155651
0.2722252611155651
0.2722252611155651
0.2722252611155651
0.2722252611155651
0.2722252611155651
0.2722252611155651
0.2722252611155651
0.2722252611155651
0.2722252611155651
0.2722252611155651
0.2722252611155651
0.2722252611155651
0.2722252611155651
0.2722252611155651
0.2722252611155651
0.2722252611155651
0.2722252611155651
0.2722252611155651
0.2722252611155651
0.2722252611155651
0.2722252611155651
0.2722252611155651
0.2722252611155651
0.2722252611155651
0.2722252611155651
0.2722252611155651
0.2722252611155651
0.2722252611155651
0.2722252611155651
0.2722252611155651
0.2722252611155651
0.2722252611155651
0.2722252611155651
0.2722252611155651
0.2722252611155651
0.2722252611155651
0.2722252611155651
0.2722252611155651
0.2722252611155651
0.2722252611155651
0.2722252611155651
0.2722252611155651
0.2722252611155651
0.2722252611155651
0.2722252611155651
0.2722252611155651
0.2722252611155651
0.2722252611155651
0.2722252611155651
0.2722252611155651
0.2722252611155651
0.2722252611155651
0.2722252611155651
0.2722252611155651
0.2722252611155651
0.2722252611155651
0.2722252611155651
0.2722252611155651
0.2722252611155651
0.2722252611155651
0.2722252611155651
0.2722252611155651
0.2722252611155651
0.2722252611155651
0.2722252611155651
0.2722252611155651
0.2722252611155651
0.2722252611155651
0.2722252611155651
0.2722252611155651
0.2722252611155651
0.2722252611155651
0.2722252611155651
0.2722252611155651
0.2722252611155651
0.2722252611155651
0.2722252611155651
0.2722252611155651
0.2722252611155651
0.2722252611155651
0.2722252611155651
0.2722252611155651
0.2722252611155651
0.2722252611155651
0.2722252611155651
0.2722252611155651
0.2722252611155651
0.2722252611155651
0.2722252611155651
0.2722252611155651
0.2722252611155651
0.2722252611155651
0.2722252611155651
0.2722252611155651
0.2722252611155651
0.2722252611155651
0.2722252611155651
0.2722252611155651
0.2722252611155651
0.2722252611155651
0.2722252611155651
0.2722252611155651
0.2722252611155651
0.2722252611155651
0.2722252611155651
0.2722252611155651
0.2722252611155651
0.2722252611155651
0.2722252611155651
0.2722252611155651
0.2722252611155651
0.2722252611155651
0.2722252611155651
0.2722252611155651
0.2722252611155651
0.2722252611155651
0.2722252611155651
0.2722252611155651
0.2722252611155651
0.2722252611155651
0.2722252611155651
0.2722252611155651
0.2722252611155651
0.2722252611155651
0.2722252611155651
0.2722252611155651
0.2722252611155651
0.2722252611155651
0.2722252611155651
0.2722252611155651
0.2722252611155651
0.2722252611155651
0.2722252611155651
0.2722252611155651
0.2722252611155651
0.2722252611155651
0.2722252611155651
0.2722252611155651
0.2722252611155651
0.2722252611155651
0.2722252611155651
0.2722252611155651
0.2722252611155651
0.2722252611155651
0.2722252611155651
0.2722252611155651
0.2722252611155651
0.2722252611155651
0.2722252611155651
0.2722252611155651
0.2722252611155651
0.2722252611155651
0.2722252611155651
0.2722252611155651
0.2722252611155651
0.2722252611155651
0.2722252611155651
0.2722252611155651
0.2722252611155651
0.2722252611155651
0.2722252611155651
0.2722252611155651
0.2722252611155651
0.2722252611155651
0.2722252611155651
0.2722252611155651
0.2722252611155651
0.2722252611155651
0.2722252611155651
0.2722252611155651
0.2722252611155651
0.2722252611155651
0.2722252611155651
0.2722252611155651
0.2722252611155651
0.2722252611155651
0.2722252611155651
0.2722252611155651
0.2722252611155651
0.2722252611155651
0.2722252611155651
0.2722252611155651
0.2722252611155651
0.2722252611155651
0.2722252611155651
0.2722252611155651
0.2722252611155651
0.2722252611155651
0.2722252611155651
0.2722252611155651
0.2722252611155651
0.2722252611155651
0.2722252611155651
0.2722252611155651
0.2722252611155651
0.2722252611155651
0.2722252611155651
0.2722252611155651
0.2722252611155651
0.2722252611155651
0.2722252611155651
0.2722252611155651
0.2722252611155651
0.2722252611155651
0.2722252611155651
0.2722252611155651
0.2722252611155651
0.2722252611155651
0.2722252611155651
0.2722252611155651
0.2722252611155651
0.2722252611155651
0.2722252611155651
0.2722252611155651
0.2722252611155651
0.2722252611155651
0.2722252611155651
0.2722252611155651
0.2722252611155651
0.2722252611155651
0.2722252611155651
0.2722252611155651
0.2722252611155651
0.2722252611155651
0.2722252611155651
0.2722252611155651
0.2722252611155651
0.2722252611155651
0.2722252611155651
0.2722252611155651
0.2722252611155651
0.2722252611155651
0.2722252611155651
0.2722252611155651
0.2722252611155651
0.2722252611155651
0.2722252611155651
0.2722252611155651
0.2722252611155651
0.2722252611155651
0.2722252611155651
0.2722252611155651
0.2722252611155651
0.2722252611155651
0.2722252611155651
0.2722252611155651
0.2722252611155651
0.2722252611155651
0.2722252611155651
0.2722252611155651
0.2722252611155651
0.2722252611155651
0.2722252611155651
0.2722252611155651
0.2722252611155651
0.2722252611155651
0.2722252611155651
0.2722252611155651
0.2722252611155651
0.2722252611155651
0.2722252611155651
0.2722252611155651
0.2722252611155651
0.2722252611155651
0.2722252611155651
0.2722252611155651
0.2722252611155651
0.2722252611155651
0.2722252611155651
0.2722252611155651
0.2722252611155651
0.2722252611155651
0.2722252611155651
0.2722252611155651
0.2722252611155651
0.2722252611155651
0.2722252611155651
0.2722252611155651
0.2722252611155651
0.2722252611155651
0.2722252611155651
0.2722252611155651
0.2722252611155651
0.2722252611155651
0.2722252611155651
0.2722252611155651
0.2722252611155651
0.2722252611155651
0.2722252611155651
0.2722252611155651
0.2722252611155651
0.2722252611155651
0.2722252611155651
0.2722252611155651
0.2722252611155651
0.2722252611155651
0.2722252611155651
0.2722252611155651
0.2722252611155651
0.2722252611155651
0.2722252611155651
0.2722252611155651
0.2722252611155651
0.2722252611155651
0.2722252611155651
0.2722252611155651
0.2722252611155651
0.2722252611155651
0.2722252611155651
0.2722252611155651
0.2722252611155651
0.2722252611155651
0.2722252611155651
0.2722252611155651
0.2722252611155651
0.2722252611155651
0.2722252611155651
0.2722252611155651
0.2722252611155651
0.2722252611155651
0.2722252611155651
0.2722252611155651
0.2722252611155651
0.2722252611155651
0.2722252611155651
0.2722252611155651
0.2722252611155651
0.2722252611155651
0.2722252611155651
0.2722252611155651
0.2722252611155651
0.2722252611155651
0.2722252611155651
0.2722252611155651
0.2722252611155651
0.2722252611155651
0.2722252611155651
0.2722252611155651
0.2722252611155651
0.2722252611155651
0.2722252611155651
0.2722252611155651
0.2722252611155651
0.2722252611155651
0.2722252611155651
0.2722252611155651
0.2722252611155651
0.2722252611155651
0.2722252611155651
0.2722252611155651
0.2722252611155651
0.2722252611155651
0.2722252611155651
0.2722252611155651
0.2722252611155651
0.2722252611155651
0.2722252611155651
0.2722252611155651
0.2722252611155651
0.2722252611155651
0.2722252611155651
0.2722252611155651
0.2722252611155651
0.2722252611155651
0.2722252611155651
0.2722252611155651
0.2722252611155651
0.2722252611155651
0.2722252611155651
0.2722252611155651
0.2722252611155651
0.2722252611155651
0.2722252611155651
0.2722252611155651
0.2722252611155651
0.2722252611155651
0.2722252611155651
0.2722252611155651
0.2722252611155651
0.2722252611155651
0.2722252611155651
0.2722252611155651
0.2722252611155651
0.2722252611155651
0.2722252611155651
0.2722252611155651
0.2722252611155651
0.2722252611155651
0.2722252611155651
0.2722252611155651
0.2722252611155651
0.2722252611155651
0.2722252611155651
0.2722252611155651
0.2722252611155651
0.2722252611155651
0.2722252611155651
0.2722252611155651
0.2722252611155651
0.2722252611155651
0.2722252611155651
0.2722252611155651
0.2722252611155651
0.2722252611155651
0.2722252611155651
0.2722252611155651
0.2722252611155651
0.2722252611155651
0.2722252611155651
0.2722252611155651
0.2722252611155651
0.2722252611155651
0.2722252611155651
0.2722252611155651
0.2722252611155651
0.2722252611155651
0.2722252611155651
0.2722252611155651
0.2722252611155651
0.2722252611155651
0.2722252611155651
0.2722252611155651
0.2722252611155651
0.2722252611155651
0.2722252611155651
0.2722252611155651
0.2722252611155651
0.2722252611155651
0.2722252611155651
0.2722252611155651
0.2722252611155651
0.2722252611155651
0.2722252611155651
0.2722252611155651
0.2722252611155651
0.2722252611155651
0.2722252611155651
0.2722252611155651
0.2722252611155651
0.2722252611155651
0.2722252611155651
0.2722252611155651
0.2722252611155651
0.2722252611155651
0.2722252611155651
0.2722252611155651
0.2722252611155651
0.2722252611155651
0.2722252611155651
0.2722252611155651
0.2722252611155651
0.2722252611155651
0.2722252611155651
0.2722252611155651
0.2722252611155651
0.2722252611155651
0.2722252611155651
0.2722252611155651
0.2722252611155651
0.2722252611155651
0.2722252611155651
0.2722252611155651
0.2722252611155651
0.2722252611155651
0.2722252611155651
0.2722252611155651
0.2722252611155651
0.2722252611155651
0.2722252611155651
0.2722252611155651
0.2722252611155651
0.2722252611155651
0.2722252611155651
0.2722252611155651
0.2722252611155651
0.2722252611155651
0.2722252611155651
0.2722252611155651
0.2722252611155651
0.2722252611155651
0.2722252611155651
0.2722252611155651
0.2722252611155651
0.2722252611155651
0.2722252611155651
0.2722252611155651
0.2722252611155651
0.2722252611155651
0.2722252611155651
0.2722252611155651
0.2722252611155651
0.2722252611155651
0.2722252611155651
0.2722252611155651
0.2722252611155651
0.2722252611155651
0.2722252611155651
0.2722252611155651
0.2722252611155651
0.2722252611155651
0.2722252611155651
0.2722252611155651
0.2722252611155651
0.2722252611155651
0.2722252611155651
0.2722252611155651
0.2722252611155651
0.2722252611155651
0.2722252611155651
0.2722252611155651
0.2722252611155651
0.2722252611155651
0.2722252611155651
0.2722252611155651
0.2722252611155651
0.2722252611155651
0.2722252611155651
0.2722252611155651
0.2722252611155651
0.2722252611155651
0.2722252611155651
0.2722252611155651
0.2722252611155651
0.2722252611155651
0.2722252611155651
0.2722252611155651
0.2722252611155651
0.2722252611155651
0.2722252611155651
0.2722252611155651
0.2722252611155651
0.2722252611155651
0.2722252611155651
0.2722252611155651
0.2722252611155651
0.2722252611155651
0.2722252611155651
0.2722252611155651
0.2722252611155651
0.2722252611155651
0.2722252611155651
0.2722252611155651
0.2722252611155651
0.2722252611155651
0.2722252611155651
0.2722252611155651
0.2722252611155651
0.2722252611155651
0.2722252611155651
0.2722252611155651
0.2722252611155651
0.2722252611155651
0.2722252611155651
0.2722252611155651
0.2722252611155651
0.2722252611155651
0.2722252611155651
0.2722252611155651
0.2722252611155651
0.2722252611155651
0.2722252611155651
0.2722252611155651
0.2722252611155651
0.2722252611155651
0.2722252611155651
0.2722252611155651
0.2722252611155651
0.2722252611155651
0.2722252611155651
0.2722252611155651
0.2722252611155651
0.2722252611155651
0.2722252611155651
0.2722252611155651
0.2722252611155651
0.2722252611155651
0.2722252611155651
0.2722252611155651
0.2722252611155651
0.2722252611155651
0.2722252611155651
0.2722252611155651
0.2722252611155651
0.2722252611155651
0.2722252611155651
0.2722252611155651
0.2722252611155651
0.2722252611155651
0.2722252611155651
0.2722252611155651
0.2722252611155651
0.2722252611155651
0.2722252611155651
0.2722252611155651
0.2722252611155651
0.2722252611155651
0.2722252611155651
0.2722252611155651
0.2722252611155651
0.2722252611155651
0.2722252611155651
0.2722252611155651
0.2722252611155651
0.2722252611155651
0.2722252611155651
0.2722252611155651
0.2722252611155651
0.2722252611155651
0.2722252611155651
0.2722252611155651
0.2722252611155651
0.2722252611155651
0.2722252611155651
0.2722252611155651
0.2722252611155651
0.2722252611155651
0.2722252611155651
0.2722252611155651
0.2722252611155651
0.2722252611155651
0.2722252611155651
0.2722252611155651
0.2722252611155651
0.2722252611155651
0.2722252611155651
0.2722252611155651
0.2722252611155651
0.2722252611155651
0.2722252611155651
0.2722252611155651
0.2722252611155651
0.2722252611155651
0.2722252611155651
0.2722252611155651
0.2722252611155651
0.2722252611155651
0.2722252611155651
0.2722252611155651
0.2722252611155651
0.2722252611155651
0.2722252611155651
0.2722252611155651
0.2722252611155651
0.2722252611155651
0.2722252611155651
0.2722252611155651
0.2722252611155651
0.2722252611155651
0.2722252611155651
0.2722252611155651
0.2722252611155651
0.2722252611155651
0.2722252611155651
0.2722252611155651
0.2722252611155651
0.2722252611155651
0.2722252611155651
0.2722252611155651
0.2722252611155651
0.2722252611155651
0.2722252611155651
0.2722252611155651
0.2722252611155651
0.2722252611155651
0.2722252611155651
0.2722252611155651
0.2722252611155651
0.2722252611155651
0.2722252611155651
0.2722252611155651
0.2722252611155651
0.2722252611155651
0.2722252611155651
0.2722252611155651
0.2722252611155651
0.2722252611155651
0.2722252611155651
0.2722252611155651
0.2722252611155651
0.2722252611155651
0.2722252611155651
0.2722252611155651
0.2722252611155651
0.2722252611155651
0.2722252611155651
0.2722252611155651
0.2722252611155651
0.2722252611155651
0.2722252611155651
0.2722252611155651
0.2722252611155651
0.2722252611155651
0.2722252611155651
0.2722252611155651
0.2722252611155651
0.2722252611155651
0.2722252611155651
0.2722252611155651
0.2722252611155651
0.2722252611155651
0.2722252611155651
0.2722252611155651
0.2722252611155651
0.2722252611155651
0.2722252611155651
0.2722252611155651
0.2722252611155651
0.2722252611155651
0.2722252611155651
0.2722252611155651
0.2722252611155651
0.2722252611155651
0.2722252611155651
0.2722252611155651
0.2722252611155651
0.2722252611155651
0.2722252611155651
0.2722252611155651
0.2722252611155651
0.2722252611155651
0.2722252611155651
0.2722252611155651
0.2722252611155651
0.2722252611155651
0.2722252611155651
0.2722252611155651
0.2722252611155651
0.2722252611155651
0.2722252611155651
0.2722252611155651
0.2722252611155651
0.2722252611155651
0.2722252611155651
0.2722252611155651
0.2722252611155651
0.2722252611155651
0.2722252611155651
0.2722252611155651
0.2722252611155651
0.2722252611155651
0.2722252611155651
0.2722252611155651
0.2722252611155651
0.2722252611155651
0.2722252611155651
0.2722252611155651
0.2722252611155651
0.2722252611155651
0.2722252611155651
0.2722252611155651
0.2722252611155651
0.2722252611155651
0.2722252611155651
0.2722252611155651
0.2722252611155651
0.2722252611155651
0.2722252611155651
0.2722252611155651
0.2722252611155651
0.2722252611155651
0.2722252611155651
0.2722252611155651
0.2722252611155651
0.2722252611155651
0.2722252611155651
0.2722252611155651
0.2722252611155651
0.2722252611155651
0.2722252611155651
0.2722252611155651
0.2722252611155651
0.2722252611155651
0.2722252611155651
0.2722252611155651
0.2722252611155651
0.2722252611155651
0.2722252611155651
0.2722252611155651
0.2722252611155651
0.2722252611155651
0.2722252611155651
0.2722252611155651
0.2722252611155651
0.2722252611155651
0.2722252611155651
0.2722252611155651
0.2722252611155651
0.2722252611155651
0.2722252611155651
0.2722252611155651
0.2722252611155651
0.2722252611155651
0.2722252611155651
0.2722252611155651
0.2722252611155651
0.2722252611155651
0.2722252611155651
0.2722252611155651
0.2722252611155651
0.2722252611155651
0.2722252611155651
0.2722252611155651
0.2722252611155651
0.2722252611155651
0.2722252611155651
0.2722252611155651
0.2722252611155651
0.2722252611155651
0.2722252611155651
0.2722252611155651
0.2722252611155651
0.2722252611155651
0.2722252611155651
0.2722252611155651
0.2722252611155651
0.2722252611155651
0.2722252611155651
0.2722252611155651
0.2722252611155651
0.2722252611155651
0.2722252611155651
0.2722252611155651
0.2722252611155651
0.2722252611155651
0.2722252611155651
0.2722252611155651
0.2722252611155651
0.2722252611155651
0.2722252611155651
0.2722252611155651
0.2722252611155651
0.2722252611155651
0.2722252611155651
0.2722252611155651
0.2722252611155651
0.2722252611155651
0.2722252611155651
0.2722252611155651
0.2722252611155651
0.2722252611155651
0.2722252611155651
0.2722252611155651
0.2722252611155651
0.2722252611155651
0.2722252611155651
0.2722252611155651
0.2722252611155651
0.2722252611155651
0.2722252611155651
0.2722252611155651
0.2722252611155651
0.2722252611155651
0.2722252611155651
0.2722252611155651
0.2722252611155651
0.2722252611155651
0.2722252611155651
0.2722252611155651
0.2722252611155651
0.2722252611155651
0.2722252611155651
0.2722252611155651
0.2722252611155651
0.2722252611155651
0.2722252611155651
0.2722252611155651
0.2722252611155651
0.2722252611155651
0.2722252611155651
0.2722252611155651
0.2722252611155651
0.2722252611155651
0.2722252611155651
0.2722252611155651
0.2722252611155651
0.2722252611155651
0.2722252611155651
0.2722252611155651
0.2722252611155651
0.2722252611155651
0.2722252611155651
0.2722252611155651
0.2722252611155651
0.2722252611155651
0.2722252611155651
0.2722252611155651
0.2722252611155651
0.2722252611155651
0.2722252611155651
0.2722252611155651
0.2722252611155651
0.2722252611155651
0.2722252611155651
0.2722252611155651
0.2722252611155651
0.2722252611155651
0.2722252611155651
0.2722252611155651
0.2722252611155651
0.2722252611155651
0.2722252611155651
0.2722252611155651
0.2722252611155651
0.2722252611155651
0.2722252611155651
0.2722252611155651
0.2722252611155651
0.2722252611155651
0.2722252611155651
0.2722252611155651
0.2722252611155651
0.2722252611155651
0.2722252611155651
0.2722252611155651
0.2722252611155651
0.2722252611155651
0.2722252611155651
0.2722252611155651
0.2722252611155651
0.2722252611155651
0.2722252611155651
0.2722252611155651
0.2722252611155651
0.2722252611155651
0.2722252611155651
0.2722252611155651
0.2722252611155651
0.2722252611155651
0.2722252611155651
0.2722252611155651
0.2722252611155651
0.2722252611155651
0.2722252611155651
0.2722252611155651
0.2722252611155651
0.2722252611155651
0.2722252611155651
0.2722252611155651
0.2722252611155651
0.2722252611155651
0.2722252611155651
0.2722252611155651
0.2722252611155651
0.2722252611155651
0.2722252611155651
0.2722252611155651
0.2722252611155651
0.2722252611155651
0.2722252611155651
0.2722252611155651
0.2722252611155651
0.2722252611155651
0.2722252611155651
0.2722252611155651
0.2722252611155651
0.2722252611155651
0.2722252611155651
0.2722252611155651
0.2722252611155651
0.2722252611155651
0.2722252611155651
0.2722252611155651
0.2722252611155651
0.2722252611155651
0.2722252611155651
0.2722252611155651
0.2722252611155651
0.2722252611155651
0.2722252611155651
0.2722252611155651
0.2722252611155651
0.2722252611155651
0.2722252611155651
0.2722252611155651
0.2722252611155651
0.2722252611155651
0.2722252611155651
0.2722252611155651
0.2722252611155651
0.2722252611155651
0.2722252611155651
0.2722252611155651
0.2722252611155651
0.2722252611155651
0.2722252611155651
0.2722252611155651
0.2722252611155651
0.2722252611155651
0.2722252611155651
0.2722252611155651
0.2722252611155651
0.2722252611155651
0.2722252611155651
0.2722252611155651
0.2722252611155651
0.2722252611155651
0.2722252611155651
0.2722252611155651
0.2722252611155651
0.2722252611155651
0.2722252611155651
0.2722252611155651
0.2722252611155651
0.2722252611155651
0.2722252611155651
0.2722252611155651
0.2722252611155651
0.2722252611155651
0.2722252611155651
0.2722252611155651
0.2722252611155651
0.2722252611155651
0.2722252611155651
0.2722252611155651
0.2722252611155651
0.2722252611155651
0.2722252611155651
0.2722252611155651
0.2722252611155651
0.2722252611155651
0.2722252611155651
0.2722252611155651
0.2722252611155651
0.2722252611155651
0.2722252611155651
0.2722252611155651
0.2722252611155651
0.2722252611155651
0.2722252611155651
0.2722252611155651
0.2722252611155651
0.2722252611155651
0.2722252611155651
0.2722252611155651
0.2722252611155651
0.2722252611155651
0.2722252611155651
0.2722252611155651
0.2722252611155651
0.2722252611155651
0.2722252611155651
0.2722252611155651
0.2722252611155651
0.2722252611155651
0.2722252611155651
0.2722252611155651
0.2722252611155651
0.2722252611155651
0.2722252611155651
0.2722252611155651
0.2722252611155651
0.2722252611155651
0.2722252611155651
0.2722252611155651
0.2722252611155651
0.2722252611155651
0.2722252611155651
0.2722252611155651
0.2722252611155651
0.2722252611155651
0.2722252611155651
0.2722252611155651
0.2722252611155651
0.2722252611155651
0.2722252611155651
0.2722252611155651
0.2722252611155651
0.2722252611155651
0.2722252611155651
0.2722252611155651
0.2722252611155651
0.2722252611155651
0.2722252611155651
0.2722252611155651
0.2722252611155651
0.2722252611155651
0.2722252611155651
0.2722252611155651
0.2722252611155651
0.2722252611155651
0.2722252611155651
0.2722252611155651
0.2722252611155651
0.2722252611155651
0.2722252611155651
0.2722252611155651
0.2722252611155651
0.2722252611155651
0.2722252611155651
0.2722252611155651
0.2722252611155651
0.2722252611155651
0.2722252611155651
0.2722252611155651
0.2722252611155651
0.2722252611155651
0.2722252611155651
0.2722252611155651
0.2722252611155651
0.2722252611155651
0.2722252611155651
0.2722252611155651
0.2722252611155651
0.2722252611155651
0.2722252611155651
0.2722252611155651
0.2722252611155651
0.2722252611155651
0.2722252611155651
0.2722252611155651
0.2722252611155651
0.2722252611155651
0.2722252611155651
0.2722252611155651
0.2722252611155651
0.2722252611155651
0.2722252611155651
0.2722252611155651
0.2722252611155651
0.2722252611155651
0.2722252611155651
0.2722252611155651
0.2722252611155651
0.2722252611155651
0.2722252611155651
0.2722252611155651
0.2722252611155651
0.2722252611155651
0.2722252611155651
0.2722252611155651
0.2722252611155651
0.2722252611155651
0.2722252611155651
0.2722252611155651
0.2722252611155651
0.2722252611155651
0.2722252611155651
0.2722252611155651
0.2722252611155651
0.2722252611155651
0.2722252611155651
0.2722252611155651
0.2722252611155651
0.2722252611155651
0.2722252611155651
0.2722252611155651
0.2722252611155651
0.2722252611155651
0.2722252611155651
0.2722252611155651
0.2722252611155651
0.2722252611155651
0.2722252611155651
0.2722252611155651
0.2722252611155651
0.2722252611155651
0.2722252611155651
0.2722252611155651
0.2722252611155651
0.2722252611155651
0.2722252611155651
0.2722252611155651
0.2722252611155651
0.2722252611155651
0.2722252611155651
0.2722252611155651
0.2722252611155651
0.2722252611155651
0.2722252611155651
0.2722252611155651
0.2722252611155651
0.2722252611155651
0.2722252611155651
0.2722252611155651
0.2722252611155651
0.2722252611155651
0.2722252611155651
0.2722252611155651
0.2722252611155651
0.2722252611155651
0.2722252611155651
0.2722252611155651
0.2722252611155651
0.2722252611155651
0.2722252611155651
0.2722252611155651
0.2722252611155651
0.2722252611155651
0.2722252611155651
0.2722252611155651
0.2722252611155651
0.2722252611155651
0.2722252611155651
0.2722252611155651
0.2722252611155651
0.2722252611155651
0.2722252611155651
0.2722252611155651
0.2722252611155651
0.2722252611155651
0.2722252611155651
0.2722252611155651
0.2722252611155651
0.2722252611155651
0.2722252611155651
0.2722252611155651
0.2722252611155651
0.2722252611155651
0.2722252611155651
0.2722252611155651
0.2722252611155651
0.2722252611155651
0.2722252611155651
0.2722252611155651
0.2722252611155651
0.2722252611155651
0.2722252611155651
0.2722252611155651
0.2722252611155651
0.2722252611155651
0.2722252611155651
0.2722252611155651
0.2722252611155651
0.2722252611155651
0.2722252611155651
0.2722252611155651
0.2722252611155651
0.2722252611155651
0.2722252611155651
0.2722252611155651
0.2722252611155651
0.2722252611155651
0.2722252611155651
0.2722252611155651
0.2722252611155651
0.2722252611155651
0.2722252611155651
0.2722252611155651
0.2722252611155651
0.2722252611155651
0.2722252611155651
0.2722252611155651
0.2722252611155651
0.2722252611155651
0.2722252611155651
0.2722252611155651
0.2722252611155651
0.2722252611155651
0.2722252611155651
0.2722252611155651
0.2722252611155651
0.2722252611155651
0.2722252611155651
0.2722252611155651
0.2722252611155651
0.2722252611155651
0.2722252611155651
0.2722252611155651
0.2722252611155651
0.2722252611155651
0.2722252611155651
0.2722252611155651
0.2722252611155651
0.2722252611155651
0.2722252611155651
0.2722252611155651
0.2722252611155651
0.2722252611155651
0.2722252611155651
0.2722252611155651
0.2722252611155651
0.2722252611155651
0.2722252611155651
0.2722252611155651
0.2722252611155651
0.2722252611155651
0.2722252611155651
0.2722252611155651
0.2722252611155651
0.2722252611155651
0.2722252611155651
0.2722252611155651
0.2722252611155651
0.2722252611155651
0.2722252611155651
0.2722252611155651
0.2722252611155651
0.2722252611155651
0.2722252611155651
0.2722252611155651
0.2722252611155651
0.2722252611155651
0.2722252611155651
0.2722252611155651
0.2722252611155651
0.2722252611155651
0.2722252611155651
0.2722252611155651
0.2722252611155651
0.2722252611155651
0.2722252611155651
0.2722252611155651
0.2722252611155651
0.2722252611155651
0.2722252611155651
0.2722252611155651
0.2722252611155651
0.2722252611155651
0.2722252611155651
0.2722252611155651
0.2722252611155651
0.2722252611155651
0.2722252611155651
0.2722252611155651
0.2722252611155651
0.2722252611155651
0.2722252611155651
0.2722252611155651
0.2722252611155651
0.2722252611155651
0.2722252611155651
0.2722252611155651
0.2722252611155651
0.2722252611155651
0.2722252611155651
0.2722252611155651
0.2722252611155651
0.2722252611155651
0.2722252611155651
0.2722252611155651
0.2722252611155651
0.2722252611155651
0.2722252611155651
0.2722252611155651
0.2722252611155651
0.2722252611155651
0.2722252611155651
0.2722252611155651
0.2722252611155651
0.2722252611155651
0.2722252611155651
0.2722252611155651
0.2722252611155651
0.2722252611155651
0.2722252611155651
0.2722252611155651
0.2722252611155651
0.2722252611155651
0.2722252611155651
0.2722252611155651
0.2722252611155651
0.2722252611155651
0.2722252611155651
0.2722252611155651
0.2722252611155651
0.2722252611155651
0.2722252611155651
0.2722252611155651
0.2722252611155651
0.2722252611155651
0.2722252611155651
0.2722252611155651
0.2722252611155651
0.2722252611155651
0.2722252611155651
0.2722252611155651
0.2722252611155651
0.2722252611155651
0.2722252611155651
0.2722252611155651
0.2722252611155651
0.2722252611155651
0.2722252611155651
0.2722252611155651
0.2722252611155651
0.2722252611155651
0.2722252611155651
0.2722252611155651
0.2722252611155651
0.2722252611155651
0.2722252611155651
0.2722252611155651
0.2722252611155651
0.2722252611155651
0.2722252611155651
0.2722252611155651
0.2722252611155651
0.2722252611155651
0.2722252611155651
0.2722252611155651
0.2722252611155651
0.2722252611155651
0.2722252611155651
0.2722252611155651
0.2722252611155651
0.2722252611155651
0.2722252611155651
0.2722252611155651
0.2722252611155651
0.2722252611155651
0.2722252611155651
0.2722252611155651
0.2722252611155651
0.2722252611155651
0.2722252611155651
0.2722252611155651
0.2722252611155651
0.2722252611155651
0.2722252611155651
0.2722252611155651
0.2722252611155651
0.2722252611155651
0.2722252611155651
0.2722252611155651
0.2722252611155651
0.2722252611155651
0.2722252611155651
0.2722252611155651
0.2722252611155651
0.2722252611155651
0.2722252611155651
0.2722252611155651
0.2722252611155651
0.2722252611155651
0.2722252611155651
0.2722252611155651
0.2722252611155651
0.2722252611155651
0.2722252611155651
0.2722252611155651
0.2722252611155651
0.2722252611155651
0.2722252611155651
0.2722252611155651
0.2722252611155651
0.2722252611155651
0.2722252611155651
0.2722252611155651
0.2722252611155651
0.2722252611155651
0.2722252611155651
0.2722252611155651
0.2722252611155651
0.2722252611155651
0.2722252611155651
0.2722252611155651
0.2722252611155651
0.2722252611155651
0.2722252611155651
0.2722252611155651
0.2722252611155651
0.2722252611155651
0.2722252611155651
0.2722252611155651
0.2722252611155651
0.2722252611155651
0.2722252611155651
0.2722252611155651
0.2722252611155651
0.2722252611155651
0.2722252611155651
0.2722252611155651
0.2722252611155651
0.2722252611155651
0.2722252611155651
0.2722252611155651
0.2722252611155651
0.2722252611155651
0.2722252611155651
0.2722252611155651
0.2722252611155651
0.2722252611155651
0.2722252611155651
0.2722252611155651
0.2722252611155651
0.2722252611155651
0.2722252611155651
0.2722252611155651
0.2722252611155651
0.2722252611155651
0.2722252611155651
0.2722252611155651
0.2722252611155651
0.2722252611155651
0.2722252611155651
0.2722252611155651
0.2722252611155651
0.2722252611155651
0.2722252611155651
0.2722252611155651
0.2722252611155651
0.2722252611155651
0.2722252611155651
0.2722252611155651
0.2722252611155651
0.2722252611155651
0.2722252611155651
0.2722252611155651
0.2722252611155651
0.2722252611155651
0.2722252611155651
0.2722252611155651
0.2722252611155651
0.2722252611155651
0.2722252611155651
0.2722252611155651
0.2722252611155651
0.2722252611155651
0.2722252611155651
0.2722252611155651
0.2722252611155651
0.2722252611155651
0.2722252611155651
0.2722252611155651
0.2722252611155651
0.2722252611155651
0.2722252611155651
0.2722252611155651
0.2722252611155651
0.2722252611155651
0.2722252611155651
0.2722252611155651
0.2722252611155651
0.2722252611155651
0.2722252611155651
0.2722252611155651
0.2722252611155651
0.2722252611155651
0.2722252611155651
0.2722252611155651
0.2722252611155651
0.2722252611155651
0.2722252611155651
0.2722252611155651
0.2722252611155651
0.2722252611155651
0.2722252611155651
0.2722252611155651
0.2722252611155651
0.2722252611155651
0.2722252611155651
0.2722252611155651
0.2722252611155651
0.2722252611155651
0.2722252611155651
0.2722252611155651
0.2722252611155651
0.2722252611155651
0.2722252611155651
0.2722252611155651
0.2722252611155651
0.2722252611155651
0.2722252611155651
0.2722252611155651
0.2722252611155651
0.2722252611155651
0.2722252611155651
0.2722252611155651
0.2722252611155651
0.2722252611155651
0.2722252611155651
0.2722252611155651
0.2722252611155651
0.2722252611155651
0.2722252611155651
0.2722252611155651
0.2722252611155651
0.2722252611155651
0.2722252611155651
0.2722252611155651
0.2722252611155651
0.2722252611155651
0.2722252611155651
0.2722252611155651
0.2722252611155651
0.2722252611155651
0.2722252611155651
0.2722252611155651
0.2722252611155651
0.2722252611155651
0.2722252611155651
0.2722252611155651
0.2722252611155651
0.2722252611155651
0.2722252611155651
0.2722252611155651
0.2722252611155651
0.2722252611155651
0.2722252611155651
0.2722252611155651
0.2722252611155651
0.2722252611155651
0.2722252611155651
0.2722252611155651
0.2722252611155651
0.2722252611155651
0.2722252611155651
0.2722252611155651
0.2722252611155651
0.2722252611155651
0.2722252611155651
0.2722252611155651
0.2722252611155651
0.2722252611155651
0.2722252611155651
0.2722252611155651
0.2722252611155651
0.2722252611155651
0.2722252611155651
0.2722252611155651
0.2722252611155651
0.2722252611155651
0.2722252611155651
0.2722252611155651
0.2722252611155651
0.2722252611155651
0.2722252611155651
0.2722252611155651
0.2722252611155651
0.2722252611155651
0.2722252611155651
0.2722252611155651
0.2722252611155651
0.2722252611155651
0.2722252611155651
0.2722252611155651
0.2722252611155651
0.2722252611155651
0.2722252611155651
0.2722252611155651
0.2722252611155651
0.2722252611155651
0.2722252611155651
0.2722252611155651
0.2722252611155651
0.2722252611155651
0.2722252611155651
0.2722252611155651
0.2722252611155651
0.2722252611155651
0.2722252611155651
0.2722252611155651
0.2722252611155651
0.2722252611155651
0.2722252611155651
0.2722252611155651
0.2722252611155651
0.2722252611155651
0.2722252611155651
0.2722252611155651
0.2722252611155651
0.2722252611155651
0.2722252611155651
0.2722252611155651
0.2722252611155651
0.2722252611155651
0.2722252611155651
0.2722252611155651
0.2722252611155651
0.2722252611155651
0.2722252611155651
0.2722252611155651
0.2722252611155651
0.2722252611155651
0.2722252611155651
0.2722252611155651
0.2722252611155651
0.2722252611155651
0.2722252611155651
0.2722252611155651
0.2722252611155651
0.2722252611155651
0.2722252611155651
0.2722252611155651
0.2722252611155651
0.2722252611155651
0.2722252611155651
0.2722252611155651
0.2722252611155651
0.2722252611155651
0.2722252611155651
0.2722252611155651
0.2722252611155651
0.2722252611155651
0.2722252611155651
0.2722252611155651
0.2722252611155651
0.2722252611155651
0.2722252611155651
0.2722252611155651
0.2722252611155651
0.2722252611155651
0.2722252611155651
0.2722252611155651
0.2722252611155651
0.2722252611155651
0.2722252611155651
0.2722252611155651
0.2722252611155651
0.2722252611155651
0.2722252611155651
0.2722252611155651
0.2722252611155651
0.2722252611155651
0.2722252611155651
0.2722252611155651
0.2722252611155651
0.2722252611155651
0.2722252611155651
0.2722252611155651
0.2722252611155651
0.2722252611155651
0.2722252611155651
0.2722252611155651
0.2722252611155651
0.2722252611155651
0.2722252611155651
0.2722252611155651
0.2722252611155651
0.2722252611155651
0.2722252611155651
0.2722252611155651
0.2722252611155651
0.2722252611155651
0.2722252611155651
0.2722252611155651
0.2722252611155651
0.2722252611155651
0.2722252611155651
0.2722252611155651
0.2722252611155651
0.2722252611155651
0.2722252611155651
0.2722252611155651
0.2722252611155651
0.2722252611155651
0.2722252611155651
0.2722252611155651
0.2722252611155651
0.2722252611155651
0.2722252611155651
0.2722252611155651
0.2722252611155651
0.2722252611155651
0.2722252611155651
0.2722252611155651
0.2722252611155651
0.2722252611155651
0.2722252611155651
0.2722252611155651
0.2722252611155651
0.2722252611155651
0.2722252611155651
0.2722252611155651
0.2722252611155651
0.2722252611155651
0.2722252611155651
0.2722252611155651
0.2722252611155651
0.2722252611155651
0.2722252611155651
0.2722252611155651
0.2722252611155651
0.2722252611155651
0.2722252611155651
0.2722252611155651
0.2722252611155651
0.2722252611155651
0.2722252611155651
0.2722252611155651
0.2722252611155651
0.2722252611155651
0.2722252611155651
0.2722252611155651
0.2722252611155651
0.2722252611155651
0.2722252611155651
0.2722252611155651
0.2722252611155651
0.2722252611155651
0.2722252611155651
0.2722252611155651
0.2722252611155651
0.2722252611155651
0.2722252611155651
0.2722252611155651
0.2722252611155651
0.2722252611155651
0.2722252611155651
0.2722252611155651
0.2722252611155651
0.2722252611155651
0.2722252611155651
0.2722252611155651
0.2722252611155651
0.2722252611155651
0.2722252611155651
0.2722252611155651
0.2722252611155651
0.2722252611155651
0.2722252611155651
0.2722252611155651
0.2722252611155651
0.2722252611155651
0.2722252611155651
0.2722252611155651
0.2722252611155651
0.2722252611155651
0.2722252611155651
0.2722252611155651
0.2722252611155651
0.2722252611155651
0.2722252611155651
0.2722252611155651
0.2722252611155651
0.2722252611155651
0.2722252611155651
0.2722252611155651
0.2722252611155651
0.2722252611155651
0.2722252611155651
0.2722252611155651
0.2722252611155651
0.2722252611155651
0.2722252611155651
0.2722252611155651
0.2722252611155651
0.2722252611155651
0.2722252611155651
0.2722252611155651
0.2722252611155651
0.2722252611155651
0.2722252611155651
0.2722252611155651
0.2722252611155651
0.2722252611155651
0.2722252611155651
0.2722252611155651
0.2722252611155651
0.2722252611155651
0.2722252611155651
0.2722252611155651
0.2722252611155651
0.2722252611155651
0.2722252611155651
0.2722252611155651
0.2722252611155651
0.2722252611155651
0.2722252611155651
0.2722252611155651
0.2722252611155651
0.2722252611155651
0.2722252611155651
0.2722252611155651
0.2722252611155651
0.2722252611155651
0.2722252611155651
0.2722252611155651
0.2722252611155651
0.2722252611155651
0.2722252611155651
0.2722252611155651
0.2722252611155651
0.2722252611155651
0.2722252611155651
0.2722252611155651
0.2722252611155651
0.2722252611155651
0.2722252611155651
0.2722252611155651
0.2722252611155651
0.2722252611155651
0.2722252611155651
0.2722252611155651
0.2722252611155651
0.2722252611155651
0.2722252611155651
0.2722252611155651
0.2722252611155651
0.2722252611155651
0.2722252611155651
0.2722252611155651
0.2722252611155651
0.2722252611155651
0.2722252611155651
0.2722252611155651
0.2722252611155651
0.2722252611155651
0.2722252611155651
0.2722252611155651
0.2722252611155651
0.2722252611155651
0.2722252611155651
0.2722252611155651
0.2722252611155651
0.2722252611155651
0.2722252611155651
0.2722252611155651
0.2722252611155651
0.2722252611155651
0.2722252611155651
0.2722252611155651
0.2722252611155651
0.2722252611155651
0.2722252611155651
0.2722252611155651
0.2722252611155651
0.2722252611155651
0.2722252611155651
0.2722252611155651
0.2722252611155651
0.2722252611155651
0.2722252611155651
0.2722252611155651
0.2722252611155651
0.2722252611155651
0.2722252611155651
0.2722252611155651
0.2722252611155651
0.2722252611155651
0.2722252611155651
0.2722252611155651
0.2722252611155651
0.2722252611155651
0.2722252611155651
0.2722252611155651
0.2722252611155651
0.2722252611155651
0.2722252611155651
0.2722252611155651
0.2722252611155651
0.2722252611155651
0.2722252611155651
0.2722252611155651
0.2722252611155651
0.2722252611155651
0.2722252611155651
0.2722252611155651
0.2722252611155651
0.2722252611155651
0.2722252611155651
0.2722252611155651
0.2722252611155651
0.2722252611155651
0.2722252611155651
0.2722252611155651
0.2722252611155651
0.2722252611155651
0.2722252611155651
0.2722252611155651
0.2722252611155651
0.2722252611155651
0.2722252611155651
0.2722252611155651
0.2722252611155651
0.2722252611155651
0.2722252611155651
0.2722252611155651
0.2722252611155651
0.2722252611155651
0.2722252611155651
0.2722252611155651
0.2722252611155651
0.2722252611155651
0.2722252611155651
0.2722252611155651
0.2722252611155651
0.2722252611155651
0.2722252611155651
0.2722252611155651
0.2722252611155651
0.2722252611155651
0.2722252611155651
0.2722252611155651
0.2722252611155651
0.2722252611155651
0.2722252611155651
0.2722252611155651
0.2722252611155651
0.2722252611155651
0.2722252611155651
0.2722252611155651
0.2722252611155651
0.2722252611155651
0.2722252611155651
0.2722252611155651
0.2722252611155651
0.2722252611155651
0.2722252611155651
0.2722252611155651
0.2722252611155651
0.2722252611155651
0.2722252611155651
0.2722252611155651
0.2722252611155651
0.2722252611155651
0.2722252611155651
0.2722252611155651
0.2722252611155651
0.2722252611155651
0.2722252611155651
0.2722252611155651
0.2722252611155651
0.2722252611155651
0.2722252611155651
0.2722252611155651
0.2722252611155651
0.2722252611155651
0.2722252611155651
0.2722252611155651
0.2722252611155651
0.2722252611155651
0.2722252611155651
0.2722252611155651
0.2722252611155651
0.2722252611155651
0.2722252611155651
0.2722252611155651
0.2722252611155651
0.2722252611155651
0.2722252611155651
0.2722252611155651
0.2722252611155651
0.2722252611155651
0.2722252611155651
0.2722252611155651
0.2722252611155651
0.2722252611155651
0.2722252611155651
0.2722252611155651
0.2722252611155651
0.2722252611155651
0.2722252611155651
0.2722252611155651
0.2722252611155651
0.2722252611155651
0.2722252611155651
0.2722252611155651
0.2722252611155651
0.2722252611155651
0.2722252611155651
0.2722252611155651
0.2722252611155651
0.2722252611155651
0.2722252611155651
0.2722252611155651
0.2722252611155651
0.2722252611155651
0.2722252611155651
0.2722252611155651
0.2722252611155651
0.2722252611155651
0.2722252611155651
0.2722252611155651
0.2722252611155651
0.2722252611155651
0.2722252611155651
0.2722252611155651
0.2722252611155651
0.2722252611155651
0.2722252611155651
0.2722252611155651
0.2722252611155651
0.2722252611155651
0.2722252611155651
0.2722252611155651
0.2722252611155651
0.2722252611155651
0.2722252611155651
0.2722252611155651
0.2722252611155651
0.2722252611155651
0.2722252611155651
0.2722252611155651
0.2722252611155651
0.2722252611155651
0.2722252611155651
0.2722252611155651
0.2722252611155651
0.2722252611155651
0.2722252611155651
0.2722252611155651
0.2722252611155651
0.2722252611155651
0.2722252611155651
0.2722252611155651
0.2722252611155651
0.2722252611155651
0.2722252611155651
0.2722252611155651
0.2722252611155651
0.2722252611155651
0.2722252611155651
0.2722252611155651
0.2722252611155651
0.2722252611155651
0.2722252611155651
0.2722252611155651
0.2722252611155651
0.2722252611155651
0.2722252611155651
0.2722252611155651
0.2722252611155651
0.2722252611155651
0.2722252611155651
0.2722252611155651
0.2722252611155651
0.2722252611155651
0.2722252611155651
0.2722252611155651
0.2722252611155651
0.2722252611155651
0.2722252611155651
0.2722252611155651
0.2722252611155651
0.2722252611155651
0.2722252611155651
0.2722252611155651
0.2722252611155651
0.2722252611155651
0.2722252611155651
0.2722252611155651
0.2722252611155651
0.2722252611155651
0.2722252611155651
0.2722252611155651
0.2722252611155651
0.2722252611155651
0.2722252611155651
0.2722252611155651
0.2722252611155651
0.2722252611155651
0.2722252611155651
0.2722252611155651
0.2722252611155651
0.2722252611155651
0.2722252611155651
0.2722252611155651
0.2722252611155651
0.2722252611155651
0.2722252611155651
0.2722252611155651
0.2722252611155651
0.2722252611155651
0.2722252611155651
0.2722252611155651
0.2722252611155651
0.2722252611155651
0.2722252611155651
0.2722252611155651
0.2722252611155651
0.2722252611155651
0.2722252611155651
0.2722252611155651
0.2722252611155651
0.2722252611155651
0.2722252611155651
0.2722252611155651
0.2722252611155651
0.2722252611155651
0.2722252611155651
0.2722252611155651
0.2722252611155651
0.2722252611155651
0.2722252611155651
0.2722252611155651
0.2722252611155651
0.2722252611155651
0.2722252611155651
0.2722252611155651
0.2722252611155651
0.2722252611155651
0.2722252611155651
0.2722252611155651
0.2722252611155651
0.2722252611155651
0.2722252611155651
0.2722252611155651
0.2722252611155651
0.2722252611155651
0.2722252611155651
0.2722252611155651
0.2722252611155651
0.2722252611155651
0.2722252611155651
0.2722252611155651
0.2722252611155651
0.2722252611155651
0.2722252611155651
0.2722252611155651
0.2722252611155651
0.2722252611155651
0.2722252611155651
0.2722252611155651
0.2722252611155651
0.2722252611155651
0.2722252611155651
0.2722252611155651
0.2722252611155651
0.2722252611155651
0.2722252611155651
0.2722252611155651
0.2722252611155651
0.2722252611155651
0.2722252611155651
0.2722252611155651
0.2722252611155651
0.2722252611155651
0.2722252611155651
0.2722252611155651
0.2722252611155651
0.2722252611155651
0.2722252611155651
0.2722252611155651
0.2722252611155651
0.2722252611155651
0.2722252611155651
0.2722252611155651
0.2722252611155651
0.2722252611155651
0.2722252611155651
0.2722252611155651
0.2722252611155651
0.2722252611155651
0.2722252611155651
0.2722252611155651
0.2722252611155651
0.2722252611155651
0.2722252611155651
0.2722252611155651
0.2722252611155651
0.2722252611155651
0.2722252611155651
0.2722252611155651
0.2722252611155651
0.2722252611155651
0.2722252611155651
0.2722252611155651
0.2722252611155651
0.2722252611155651
0.2722252611155651
0.2722252611155651
0.2722252611155651
0.2722252611155651
0.2722252611155651
0.2722252611155651
0.2722252611155651
0.2722252611155651
0.2722252611155651
0.2722252611155651
0.2722252611155651
0.2722252611155651
0.2722252611155651
0.2722252611155651
0.2722252611155651
0.2722252611155651
0.2722252611155651
0.2722252611155651
0.2722252611155651
0.2722252611155651
0.2722252611155651
0.2722252611155651
0.2722252611155651
0.2722252611155651
0.2722252611155651
0.2722252611155651
0.2722252611155651
0.2722252611155651
0.2722252611155651
0.2722252611155651
0.2722252611155651
0.2722252611155651
0.2722252611155651
0.2722252611155651
0.2722252611155651
0.2722252611155651
0.2722252611155651
0.2722252611155651
0.2722252611155651
0.2722252611155651
0.2722252611155651
0.2722252611155651
0.2722252611155651
0.2722252611155651
0.2722252611155651
0.2722252611155651
0.2722252611155651
0.2722252611155651
0.2722252611155651
0.2722252611155651
0.2722252611155651
0.2722252611155651
0.2722252611155651
0.2722252611155651
0.2722252611155651
0.2722252611155651
0.2722252611155651
0.2722252611155651
0.2722252611155651
0.2722252611155651
0.2722252611155651
0.2722252611155651
0.2722252611155651
0.2722252611155651
0.2722252611155651
0.2722252611155651
0.2722252611155651
0.2722252611155651
0.2722252611155651
0.2722252611155651
0.2722252611155651
0.2722252611155651
0.2722252611155651
0.2722252611155651
0.2722252611155651
0.2722252611155651
0.2722252611155651
0.2722252611155651
0.2722252611155651
0.2722252611155651
0.2722252611155651
0.2722252611155651
0.2722252611155651
0.2722252611155651
0.2722252611155651
0.2722252611155651
0.2722252611155651
0.2722252611155651
0.2722252611155651
0.2722252611155651
0.2722252611155651
0.2722252611155651
0.2722252611155651
0.2722252611155651
0.2722252611155651
0.2722252611155651
0.2722252611155651
0.2722252611155651
0.2722252611155651
0.2722252611155651
0.2722252611155651
0.2722252611155651
0.2722252611155651
0.2722252611155651
0.2722252611155651
0.2722252611155651
0.2722252611155651
0.2722252611155651
0.2722252611155651
0.2722252611155651
0.2722252611155651
0.2722252611155651
0.2722252611155651
0.2722252611155651
0.2722252611155651
0.2722252611155651
0.2722252611155651
0.2722252611155651
0.2722252611155651
0.2722252611155651
0.2722252611155651
0.2722252611155651
0.2722252611155651
0.2722252611155651
0.2722252611155651
0.2722252611155651
0.2722252611155651
0.2722252611155651
0.2722252611155651
0.2722252611155651
0.2722252611155651
0.2722252611155651
0.2722252611155651
0.2722252611155651
0.2722252611155651
0.2722252611155651
0.2722252611155651
0.2722252611155651
0.2722252611155651
0.2722252611155651
0.2722252611155651
0.2722252611155651
0.2722252611155651
0.2722252611155651
0.2722252611155651
0.2722252611155651
0.2722252611155651
0.2722252611155651
0.2722252611155651
0.2722252611155651
0.2722252611155651
0.2722252611155651
0.2722252611155651
0.2722252611155651
0.2722252611155651
0.2722252611155651
0.2722252611155651
0.2722252611155651
0.2722252611155651
0.2722252611155651
0.2722252611155651
0.2722252611155651
0.2722252611155651
0.2722252611155651
0.2722252611155651
0.2722252611155651
0.2722252611155651
0.2722252611155651
0.2722252611155651
0.2722252611155651
0.2722252611155651
0.2722252611155651
0.2722252611155651
0.2722252611155651
0.2722252611155651
0.2722252611155651
0.2722252611155651
0.2722252611155651
0.2722252611155651
0.2722252611155651
0.2722252611155651
0.2722252611155651
0.2722252611155651
0.2722252611155651
0.2722252611155651
0.2722252611155651
0.2722252611155651
0.2722252611155651
0.2722252611155651
0.2722252611155651
0.2722252611155651
0.2722252611155651
0.2722252611155651
0.2722252611155651
0.2722252611155651
0.2722252611155651
0.2722252611155651
0.2722252611155651
0.2722252611155651
0.2722252611155651
0.2722252611155651
0.2722252611155651
0.2722252611155651
0.2722252611155651
0.2722252611155651
0.2722252611155651
0.2722252611155651
0.2722252611155651
0.2722252611155651
0.2722252611155651
0.2722252611155651
0.2722252611155651
0.2722252611155651
0.2722252611155651
0.2722252611155651
0.2722252611155651
0.2722252611155651
0.2722252611155651
0.2722252611155651
0.2722252611155651
0.2722252611155651
0.2722252611155651
0.2722252611155651
0.2722252611155651
0.2722252611155651
0.2722252611155651
0.2722252611155651
0.2722252611155651
0.2722252611155651
