36647.239780279466
36647.239780279466
36518.2907098651
36518.2907098651
36518.2907098651
36518.2907098651
36518.2907098651
36440.38086019461
36440.38086019461
36294.877669702895
36294.877669702895
36294.877669702895
36161.24779885721
36161.24779885721
36161.24779885721
36161.24779885721
36063.34862873071
35934.14383585992
35934.14383585992
35921.41970580505
35638.29465426676
35638.29465426676
35370.70807029018
35101.44289792913
34841.196570205124
34604.10968516591
34396.73391686527
34030.533296865455
34004.025794458954
33685.23086149007
33685.23086149007
33616.04360882229
33616.04360882229
33616.04360882229
33524.84481249674
33511.624185121786
33511.624185121786
33133.041638997296
32938.32302226858
32938.32302226858
32938.32302226858
32938.32302226858
32826.248419387426
32559.2816779629
32048.97834604426
32048.97834604426
31867.13326969597
31604.385075682352
31604.385075682352
31267.938253998436
31073.205532743934
31073.205532743934
31072.73393772345
30886.514653944243
30886.514653944243
30886.514653944243
30886.514653944243
30767.100355411087
30507.85134335028
30227.681900354444
30208.312399775743
30208.312399775743
30208.312399775743
30208.312399775743
30208.312399775743
29860.472367600843
29860.472367600843
29860.472367600843
29860.472367600843
29860.472367600843
29860.472367600843
29571.41503443766
29571.41503443766
29489.201907180148
29176.213012245273
29071.989422252787
29005.101169276564
29005.101169276564
28961.753536061384
28944.26856739981
28915.29894730423
28883.06932827749
28817.935256949324
28817.935256949324
28817.935256949324
28817.935256949324
28817.935256949324
28817.935256949324
28817.935256949324
28817.935256949324
28812.93603041258
28338.45317644943
28292.799758106314
28079.537416105308
27959.282010848976
27959.282010848976
27959.282010848976
27889.81800814678
27834.726002045005
27406.99551347046
27406.99551347046
27406.99551347046
27406.99551347046
27293.66886617914
27004.347817160844
26869.590751342017
26726.874320823637
26672.787207913385
26672.787207913385
26672.787207913385
26672.787207913385
26466.85517212395
26403.20712979375
26369.45764844018
26268.914123554205
26268.914123554205
26200.488266680994
26131.414870067492
25966.698599638214
25919.338189723723
25919.338189723723
25752.18903706297
25685.432246366367
25685.432246366367
25685.432246366367
25675.133683761258
25662.956499306416
25662.956499306416
25654.489760232125
25621.12282180807
25330.684323412817
25232.6564612588
25213.180945651475
25213.180945651475
25101.29057011791
25101.29057011791
25101.29057011791
25090.82610389137
25090.82610389137
25088.282487717304
24765.974161008093
24765.974161008093
24467.09428856943
24467.09428856943
24467.09428856943
24467.09428856943
24314.534854896207
24274.42389049781
24274.42389049781
24274.42389049781
24274.42389049781
24118.742044223058
23829.819092582162
23829.819092582162
23798.45920511751
23695.73462510691
23695.73462510691
23695.73462510691
23508.223328187465
23477.68192203632
23477.68192203632
23471.271955454922
23471.271955454922
23471.271955454922
23471.271955454922
23256.59515168298
23256.59515168298
23256.59515168298
23256.59515168298
23256.59515168298
23183.62738340268
23116.041839218997
23101.02741760874
22929.305672579638
22929.305672579638
22812.277486823492
22559.95310632231
22559.95310632231
22359.065926810472
22317.039272072765
22317.039272072765
22317.039272072765
22144.687300916106
22144.687300916106
22107.457922978378
22107.457922978378
22103.49557980401
22101.207711841926
21884.609317204548
21884.609317204548
21815.463287476698
21758.552064910586
21728.60119335768
21728.60119335768
21728.60119335768
21728.60119335768
21728.60119335768
21720.75954420677
21720.75954420677
21710.672988303973
21511.096713076433
21357.719689258112
21330.20502741091
21087.14392630768
21032.849335405084
21032.849335405084
20927.228625234497
20818.701790511288
20697.782902366005
20697.782902366005
20611.938292284394
20361.013978869094
20361.013978869094
20310.199001509147
20254.74429706398
20254.74429706398
20254.74429706398
20254.74429706398
20245.08219606706
20086.028960008814
20054.628310390646
20054.628310390646
20054.628310390646
20054.628310390646
20054.628310390646
20054.628310390646
20054.628310390646
19790.03273509835
19775.49838520759
19703.09556109674
19703.09556109674
19703.09556109674
19554.795605115418
19554.795605115418
19429.84218002094
19366.85779831304
19366.85779831304
19366.85779831304
19124.962562281333
19124.962562281333
19124.962562281333
18868.873850534874
18591.281728256723
18591.281728256723
18585.062081191474
18379.253407446908
18265.697413620113
18265.697413620113
18252.403999727172
18252.403999727172
18058.86292536432
18058.86292536432
17948.61937928169
17948.61937928169
17948.61937928169
17948.61937928169
17948.61937928169
17838.857526043084
17821.54931690171
17692.765235852516
17692.765235852516
17689.857302486995
17689.857302486995
17543.194315092434
17388.202571723563
17314.54091091747
17200.436432956853
17142.499179824576
17099.207302273724
17099.207302273724
17093.577252707608
16966.803660439316
16950.538140782202
16950.538140782202
16950.538140782202
16922.40243274682
16922.40243274682
16922.40243274682
16922.40243274682
16656.995013673764
16624.571269668853
16533.069457878628
16533.069457878628
16443.59759103634
16432.862577778415
16422.26616131522
16388.085983377532
16273.636390778945
16273.636390778945
16210.047400548629
16177.048925865121
16156.685315568422
16080.497151017857
16001.21740081164
15943.259143026553
15943.259143026553
15819.337215291245
15749.050622401188
15749.050622401188
15749.050622401188
15749.050622401188
15749.050622401188
15483.884705872404
15471.516861310796
15471.516861310796
15437.859611761414
15437.859611761414
15437.859611761414
15437.859611761414
15398.066852041573
15335.043843875252
15294.184510404528
15146.168103413058
15123.503528691397
15123.401201126464
14982.852372141126
14982.852372141126
14982.852372141126
14918.029886149588
14813.640915906439
14813.640915906439
14610.631801910788
14513.587034444976
14513.587034444976
14513.587034444976
14513.587034444976
14475.947669445624
14453.174935175482
14394.6395298653
14393.66820039028
14393.66820039028
14393.66820039028
14393.66820039028
14393.66820039028
14393.66820039028
14393.66820039028
14319.743481338723
14319.743481338723
14233.887021016475
14068.946375466978
14068.946375466978
14068.946375466978
13864.48961927816
13857.189686153164
13779.855640667245
13779.855640667245
13779.855640667245
13779.855640667245
13764.066719707622
13764.066719707622
13764.066719707622
13764.066719707622
13736.09337806933
13736.09337806933
13736.09337806933
13736.09337806933
13728.711342696039
13728.711342696039
13637.035269394322
13637.035269394322
13595.354163239816
13595.354163239816
13525.53217673963
13338.750612892753
13309.69847425252
13090.837823400385
13067.664482737877
13064.352462661589
13064.352462661589
13064.352462661589
13064.352462661589
13064.352462661589
12825.812771432022
12752.68363083756
12703.222520553287
12703.222520553287
12660.915700763386
12660.915700763386
12603.846129633035
12464.85775087485
12464.85775087485
12464.85775087485
12464.85775087485
12464.85775087485
12354.23874686195
12354.23874686195
12128.64556933897
12128.64556933897
12128.64556933897
12128.64556933897
12128.64556933897
12128.64556933897
12128.64556933897
11984.676718549297
11984.676718549297
11984.676718549297
11984.676718549297
11984.676718549297
11774.100260039344
11774.100260039344
11666.068232373551
11666.068232373551
11416.904898012355
11416.904898012355
11241.200621341914
11241.200621341914
11241.200621341914
11241.200621341914
11241.200621341914
11241.200621341914
11165.472895880363
11118.8540509805
11118.8540509805
11118.8540509805
10968.41288050979
10968.41288050979
10817.432349839399
10698.574470052587
10698.574470052587
10698.574470052587
10608.787088261482
10591.362280135303
10591.362280135303
10470.162827741493
10470.162827741493
10470.162827741493
10470.162827741493
10470.162827741493
10440.318656861557
10440.318656861557
10440.318656861557
10440.318656861557
10339.762519054852
10254.023851967062
10214.489120231832
10214.489120231832
10160.275157431382
10160.275157431382
10140.269139527541
9928.029859752603
9928.029859752603
9924.247157829699
9801.224907377804
9773.131704157035
9752.796745252055
9752.796745252055
9702.82720037447
9702.82720037447
9702.82720037447
9702.82720037447
9702.82720037447
9702.82720037447
9702.82720037447
9588.543829676295
9578.274265673303
9578.274265673303
9578.274265673303
9578.274265673303
9475.553292943865
9385.39975215923
9385.39975215923
9239.222579517755
9127.456555794466
8890.160281379329
8890.160281379329
8890.160281379329
8890.160281379329
8802.449996555333
8802.449996555333
8796.444606291467
8742.674268436149
8742.674268436149
8742.674268436149
8742.674268436149
8742.674268436149
8674.470365094849
8674.470365094849
8674.470365094849
8674.470365094849
8674.470365094849
8674.470365094849
8638.873380869585
8477.999657382285
8403.56853320621
8363.536330447381
8363.536330447381
8095.410962543295
8095.410962543295
8095.410962543295
8095.410962543295
8095.410962543295
8043.568824557042
7940.734333913048
7826.075094948833
7786.3980935781865
7786.3980935781865
7786.3980935781865
7764.335488529963
7759.95451496818
7759.95451496818
7738.852635310151
7682.735653651124
7540.5194128434705
7406.885901045548
7406.885901045548
7344.8926672786365
7210.702650861557
7138.474527445324
7138.474527445324
7138.474527445324
7056.06240502726
7056.06240502726
7056.06240502726
7056.06240502726
7015.023664603685
6952.7987899461605
6952.7987899461605
6843.170333030601
6807.997772186228
6807.997772186228
6807.997772186228
6760.09785048127
6760.09785048127
6760.09785048127
6608.292734195845
6608.292734195845
6608.292734195845
6534.661108095183
6534.661108095183
6534.661108095183
6534.661108095183
6263.675712894982
6163.347352490181
6163.347352490181
6163.347352490181
6073.070396820711
6073.070396820711
6073.070396820711
6073.070396820711
6073.070396820711
6073.070396820711
6073.070396820711
5944.630119363241
5864.640186363509
5864.640186363509
5798.718534368467
5683.467543749187
5683.467543749187
5609.255818742175
5569.019242947507
5563.736193767728
5491.731489843889
5491.731489843889
5491.731489843889
5491.731489843889
5465.54617601527
5397.278685471763
5397.278685471763
5397.278685471763
5397.278685471763
5324.320879571461
5206.084428302926
5198.566021280851
5180.584168071152
5062.482240376732
5062.482240376732
5027.149850712864
5027.149850712864
5027.149850712864
5027.149850712864
5027.149850712864
4940.091215326361
4920.3239074853445
4842.102707444189
4784.919908813153
4784.919908813153
4784.919908813153
4784.919908813153
4649.9165597274805
4612.783868578464
4593.703313421767
4575.3814556376765
4562.345132938513
4562.345132938513
4562.345132938513
4562.345132938513
4562.345132938513
4562.345132938513
4562.345132938513
4562.345132938513
4562.345132938513
4437.442833894909
4394.155497114316
4325.103355494171
4325.103355494171
4325.103355494171
4300.231268885544
4189.639217802212
4189.639217802212
4189.639217802212
4129.548316890385
4075.7583803630478
4075.7583803630478
4030.1016252562845
3937.175778696377
3937.175778696377
3845.480522563166
3820.818656837254
3721.4904514292148
3648.1621473068017
3648.1621473068017
3648.1621473068017
3576.9663984521817
3576.9663984521817
3532.9480900132257
3532.9480900132257
3532.9480900132257
3493.2988878220362
3493.2988878220362
3493.2988878220362
3493.2988878220362
3493.2988878220362
3425.035273001363
3371.697403924417
3343.5732091551918
3343.5732091551918
3252.6712717943024
3252.6712717943024
3195.4656831467946
3158.8252367302584
3099.928594213742
3043.4475940386533
3043.4475940386533
3014.9066241165815
2923.6330586061554
2923.6330586061554
2923.6330586061554
2923.6330586061554
2923.6330586061554
2923.6330586061554
2892.514959324345
2863.2074216113
2863.2074216113
2838.765018979366
2823.9527558245545
2732.2232092499567
2684.0834110255723
2648.541083580287
2572.354116791316
2572.354116791316
2572.354116791316
2520.526641231205
2478.7935410879827
2478.7935410879827
2478.7935410879827
2478.7935410879827
2478.7935410879827
2478.7935410879827
2383.3604334290258
2383.3604334290258
2364.7975919220753
2358.4116915505006
2358.4116915505006
2351.8973974374576
2351.8973974374576
2322.4122030494054
2322.4122030494054
2277.7340413763964
2209.6219531195925
2209.6219531195925
2180.9526229263583
2180.9526229263583
2151.897787827936
2099.7546345783567
2099.7546345783567
2090.880068977166
2090.880068977166
2036.1486572760684
2013.947297764006
2009.4321691014693
1961.8834713230995
1940.65826208745
1911.281982562284
1911.281982562284
1911.281982562284
1911.281982562284
1907.2647269248228
1857.484126935426
1857.484126935426
1794.3346919363655
1794.3346919363655
1781.2695491086629
1757.7542704659077
1757.7542704659077
1724.7976091914247
1724.7976091914247
1724.7976091914247
1706.9635834437408
1634.0334006210153
1634.0334006210153
1634.0334006210153
1634.0334006210153
1634.0334006210153
1634.0334006210153
1557.717160066154
1557.717160066154
1541.6898260263274
1521.7766918050731
1521.7766918050731
1521.7766918050731
1511.0755839295916
1492.6535565286053
1492.6535565286053
1483.449709859078
1483.449709859078
1458.9075129378607
1456.6320675764468
1456.6320675764468
1436.7051432918595
1436.7051432918595
1382.307071226644
1360.0972282751306
1290.7249457308117
1290.7249457308117
1290.7249457308117
1290.7249457308117
1216.9755237224072
1216.9755237224072
1216.9755237224072
1164.293766218526
1164.293766218526
1161.349835714745
1161.349835714745
1150.5171009462758
1150.5171009462758
1150.5171009462758
1121.90122754408
1121.90122754408
1121.90122754408
1121.90122754408
1121.90122754408
1121.90122754408
1121.90122754408
1119.3319585659797
1119.3319585659797
1100.8997934272795
1100.8997934272795
1036.7125582670756
994.5084993684767
994.5084993684767
994.5084993684767
983.8093990884506
983.8093990884506
983.0957553171293
919.3235032190809
919.3235032190809
919.3235032190809
919.3235032190809
919.3235032190809
919.3235032190809
899.7363556992544
860.6552367590592
860.6552367590592
860.6552367590592
826.0106037713206
769.6231678362551
769.6231678362551
769.6231678362551
709.1480794226854
669.4370879740584
647.4321279921278
647.4321279921278
642.7440208083156
629.1975428983712
608.8093452876712
608.8093452876712
593.6416862394175
593.0632085162971
588.1863353887902
570.8875996240157
570.8875996240157
570.8875996240157
570.8875996240157
570.8875996240157
570.8875996240157
570.8875996240157
570.8875996240157
570.8875996240157
570.8875996240157
570.8875996240157
570.8875996240157
548.0645908004296
548.0645908004296
548.0645908004296
522.3996593758219
503.6087406008363
466.9363328665792
466.9363328665792
465.1495239493951
465.1495239493951
465.1495239493951
454.2389395337275
449.379284438423
439.4231074748967
439.4231074748967
439.4231074748967
439.4231074748967
439.4231074748967
439.4231074748967
439.4231074748967
439.4231074748967
439.4231074748967
412.2879387955696
405.40017356378866
397.3043009632161
397.3043009632161
387.79615718747436
387.79615718747436
387.79615718747436
387.79615718747436
369.610291108699
353.98010615676685
324.9441879770113
324.9441879770113
321.43984249665806
318.00448259275424
318.00448259275424
318.00448259275424
301.1738866547047
298.0356654317297
298.0356654317297
298.0356654317297
283.2401881351471
276.927696616175
260.30794104660663
260.30794104660663
260.105055795758
260.105055795758
245.9909568965161
237.1241420262242
237.1241420262242
233.82814250600563
233.82814250600563
233.82814250600563
233.82814250600563
219.78610695913858
219.78610695913858
219.78610695913858
219.78610695913858
219.78610695913858
213.69570159052114
213.69570159052114
195.0789957101812
195.0789957101812
195.0789957101812
195.0789957101812
169.77528668727953
157.70726523792007
157.70726523792007
157.70726523792007
153.43696183810673
150.3414288377429
141.15572698436384
141.15572698436384
134.62556271620434
134.62556271620434
133.17772198910708
133.17772198910708
133.17772198910708
110.86244962054754
110.86244962054754
103.81202631283074
103.81202631283074
92.66552355370165
92.66552355370165
92.66552355370165
92.66552355370165
92.66552355370165
84.2249499782232
84.2249499782232
84.2249499782232
84.2249499782232
84.2249499782232
84.2249499782232
80.27413778712582
73.35907790517854
73.35907790517854
73.35907790517854
73.35907790517854
68.8116540460723
68.8116540460723
68.17868629342493
68.17868629342493
68.00255490458959
68.00255490458959
68.00255490458959
62.54336625606384
62.54336625606384
61.56994415379228
61.56994415379228
59.573248865238
55.692215504875605
48.28304860446104
48.28304860446104
37.51544402445602
37.51544402445602
37.12390034973319
37.12390034973319
33.92575040462327
33.63662462999838
28.58008633652565
28.58008633652565
28.58008633652565
28.58008633652565
28.58008633652565
28.58008633652565
28.494888681541912
24.071945698262557
24.071945698262557
24.071945698262557
24.071945698262557
24.071945698262557
22.567511407920424
22.567511407920424
16.000319915877313
16.000319915877313
15.046862606858998
15.046862606858998
13.838257196515064
13.838257196515064
13.838257196515064
13.838257196515064
13.838257196515064
13.838257196515064
13.838257196515064
13.838257196515064
13.838257196515064
11.866711671589718
11.577513259139039
11.500451930356144
11.500451930356144
9.463070591573587
9.463070591573587
9.463070591573587
9.463070591573587
8.94660401635038
8.190790031390463
8.190790031390463
8.190790031390463
8.190790031390463
8.190790031390463
7.09129495921966
7.09129495921966
7.09129495921966
7.09129495921966
7.09129495921966
7.09129495921966
7.09129495921966
7.09129495921966
7.09129495921966
7.09129495921966
7.09129495921966
7.09129495921966
7.09129495921966
7.09129495921966
7.09129495921966
7.09129495921966
7.09129495921966
7.09129495921966
4.64483123476073
4.64483123476073
4.64483123476073
4.64483123476073
4.64483123476073
4.64483123476073
4.64483123476073
4.64483123476073
4.64483123476073
4.64483123476073
4.64483123476073
4.64483123476073
4.64483123476073
3.913498674680523
3.913498674680523
3.913498674680523
3.913498674680523
3.913498674680523
3.913498674680523
3.913498674680523
3.22769349949372
3.22769349949372
3.22769349949372
3.22769349949372
3.22769349949372
3.22769349949372
3.22769349949372
3.22769349949372
3.22769349949372
3.22769349949372
3.0972106787184814
3.0972106787184814
3.0972106787184814
3.0972106787184814
3.0972106787184814
3.0972106787184814
2.6080164315546623
2.6080164315546623
2.6080164315546623
1.889429664777734
1.889429664777734
1.889429664777734
1.889429664777734
1.889429664777734
1.889429664777734
1.889429664777734
1.889429664777734
1.850603640246147
1.850603640246147
1.850603640246147
1.850603640246147
1.850603640246147
1.850603640246147
1.850603640246147
1.850603640246147
1.850603640246147
1.6870900313506167
1.6870900313506167
1.6870900313506167
1.6870900313506167
1.6870900313506167
1.6870900313506167
1.6870900313506167
1.6870900313506167
1.6870900313506167
1.6870900313506167
1.6870900313506167
1.6870900313506167
1.6870900313506167
1.6870900313506167
1.6870900313506167
1.6870900313506167
1.6870900313506167
1.6870900313506167
1.6870900313506167
1.6870900313506167
1.6870900313506167
1.6870900313506167
1.6870900313506167
1.6870900313506167
1.6870900313506167
1.6870900313506167
1.6870900313506167
1.6870900313506167
1.6870900313506167
1.6870900313506167
1.6870900313506167
1.6870900313506167
1.6870900313506167
1.6870900313506167
1.6870900313506167
1.6870900313506167
1.6870900313506167
1.6870900313506167
1.6870900313506167
1.6870900313506167
1.6870900313506167
1.6870900313506167
1.6870900313506167
1.6870900313506167
1.6870900313506167
1.6870900313506167
1.6870900313506167
1.6870900313506167
1.6870900313506167
1.6870900313506167
1.6870900313506167
1.6870900313506167
1.6870900313506167
1.6870900313506167
1.6870900313506167
1.6870900313506167
1.6870900313506167
1.6870900313506167
1.6870900313506167
1.6870900313506167
1.6870900313506167
1.6870900313506167
1.6870900313506167
1.6870900313506167
1.6870900313506167
1.6870900313506167
1.6870900313506167
1.6870900313506167
1.6870900313506167
1.6870900313506167
1.6870900313506167
1.6870900313506167
1.6870900313506167
1.6870900313506167
1.6870900313506167
1.6870900313506167
1.6870900313506167
1.6870900313506167
1.6870900313506167
1.6870900313506167
1.6870900313506167
1.6870900313506167
1.6637492247615149
1.6637492247615149
1.6637492247615149
1.6637492247615149
1.6637492247615149
1.6637492247615149
1.6637492247615149
1.6637492247615149
1.6637492247615149
1.6637492247615149
1.6136388311350027
1.6136388311350027
1.6136388311350027
1.4012699609765444
1.4012699609765444
1.4012699609765444
1.4012699609765444
1.4012699609765444
1.4012699609765444
1.4012699609765444
1.4012699609765444
1.4012699609765444
1.4012699609765444
1.4012699609765444
1.4012699609765444
1.4012699609765444
1.4012699609765444
1.4012699609765444
1.4012699609765444
0.9889732569613522
0.9889732569613522
0.9889732569613522
0.9889732569613522
0.9889732569613522
0.9889732569613522
0.9889732569613522
0.9889732569613522
0.9889732569613522
0.9889732569613522
0.9889732569613522
0.9889732569613522
0.9889732569613522
0.9889732569613522
0.9889732569613522
0.9889732569613522
0.9889732569613522
0.9889732569613522
0.9889732569613522
0.9889732569613522
0.9889732569613522
0.9889732569613522
0.9889732569613522
0.9889732569613522
0.9889732569613522
0.9889732569613522
0.9889732569613522
0.9889732569613522
0.9889732569613522
0.9889732569613522
0.9889732569613522
0.9889732569613522
0.9889732569613522
0.9889732569613522
0.9889732569613522
0.9889732569613522
0.9889732569613522
0.9889732569613522
0.9889732569613522
0.9889732569613522
0.9889732569613522
0.9889732569613522
0.9889732569613522
0.9889732569613522
0.9889732569613522
0.9889732569613522
0.9889732569613522
0.9889732569613522
0.9889732569613522
0.9889732569613522
0.9889732569613522
0.9889732569613522
0.9889732569613522
0.9889732569613522
0.9889732569613522
0.9889732569613522
0.9889732569613522
0.9889732569613522
0.9889732569613522
0.9889732569613522
0.9889732569613522
0.9889732569613522
0.9889732569613522
0.9889732569613522
0.9889732569613522
0.9889732569613522
0.9889732569613522
0.9889732569613522
0.9889732569613522
0.9889732569613522
0.9889732569613522
0.9889732569613522
0.9889732569613522
0.9889732569613522
0.9889732569613522
0.9889732569613522
0.9889732569613522
0.9889732569613522
0.9889732569613522
0.9889732569613522
0.9889732569613522
0.9889732569613522
0.9889732569613522
0.9889732569613522
0.9889732569613522
0.9889732569613522
0.9889732569613522
0.9889732569613522
0.9889732569613522
0.9889732569613522
0.9889732569613522
0.9889732569613522
0.9889732569613522
0.9889732569613522
0.9889732569613522
0.9889732569613522
0.9889732569613522
0.9889732569613522
0.9889732569613522
0.9889732569613522
0.9889732569613522
0.9889732569613522
0.9889732569613522
0.9889732569613522
0.9889732569613522
0.9889732569613522
0.9889732569613522
0.5848685361509016
0.5848685361509016
0.5848685361509016
0.5848685361509016
0.5848685361509016
0.5848685361509016
0.5848685361509016
0.5848685361509016
0.5848685361509016
0.5848685361509016
0.5848685361509016
0.5848685361509016
0.5848685361509016
0.5848685361509016
0.5848685361509016
0.5848685361509016
0.5848685361509016
0.5848685361509016
0.5848685361509016
0.5848685361509016
0.5848685361509016
0.5848685361509016
0.5848685361509016
0.5848685361509016
0.5848685361509016
0.5848685361509016
0.5848685361509016
0.5848685361509016
0.5848685361509016
0.5848685361509016
0.5848685361509016
0.5848685361509016
0.5848685361509016
0.5848685361509016
0.5848685361509016
0.5848685361509016
0.5848685361509016
0.5848685361509016
0.5848685361509016
0.5848685361509016
0.5848685361509016
0.5848685361509016
0.5848685361509016
0.5848685361509016
0.5848685361509016
0.5848685361509016
0.5848685361509016
0.5848685361509016
0.5848685361509016
0.5848685361509016
0.5848685361509016
0.5848685361509016
0.5848685361509016
0.5848685361509016
0.5848685361509016
0.5848685361509016
0.5848685361509016
0.5848685361509016
0.5848685361509016
0.5848685361509016
0.5848685361509016
0.5848685361509016
0.5848685361509016
0.5848685361509016
0.5848685361509016
0.5848685361509016
0.5848685361509016
0.5848685361509016
0.5848685361509016
0.5848685361509016
0.5848685361509016
0.5848685361509016
0.5848685361509016
0.5848685361509016
0.5848685361509016
0.5848685361509016
0.5848685361509016
0.5848685361509016
0.5848685361509016
0.5848685361509016
0.5848685361509016
0.5848685361509016
0.5848685361509016
0.5848685361509016
0.5848685361509016
0.5848685361509016
0.5848685361509016
0.5848685361509016
0.5848685361509016
0.5848685361509016
0.5848685361509016
0.5848685361509016
0.5848685361509016
0.5848685361509016
0.5848685361509016
0.5848685361509016
0.5848685361509016
0.5848685361509016
0.5848685361509016
0.5848685361509016
0.5848685361509016
0.5848685361509016
0.5848685361509016
0.5848685361509016
0.5848685361509016
0.5848685361509016
0.5848685361509016
0.5848685361509016
0.5848685361509016
0.5848685361509016
0.5848685361509016
0.5848685361509016
0.5848685361509016
0.5848685361509016
0.5848685361509016
0.5848685361509016
0.5848685361509016
0.5848685361509016
0.5848685361509016
0.5848685361509016
0.5848685361509016
0.5848685361509016
0.5848685361509016
0.5848685361509016
0.5848685361509016
0.5848685361509016
0.5848685361509016
0.5848685361509016
0.5848685361509016
0.5848685361509016
0.5848685361509016
0.5848685361509016
0.5848685361509016
0.5848685361509016
0.5848685361509016
0.5848685361509016
0.5848685361509016
0.5848685361509016
0.5848685361509016
0.5848685361509016
0.5848685361509016
0.5848685361509016
0.5848685361509016
0.5848685361509016
0.5848685361509016
0.5848685361509016
0.5848685361509016
0.5848685361509016
0.5848685361509016
0.5848685361509016
0.5848685361509016
0.5848685361509016
0.5848685361509016
0.5848685361509016
0.5848685361509016
0.5848685361509016
0.5848685361509016
0.5848685361509016
0.5848685361509016
0.5848685361509016
0.5848685361509016
0.5848685361509016
0.5848685361509016
0.5848685361509016
0.5848685361509016
0.5848685361509016
0.5848685361509016
0.5848685361509016
0.5848685361509016
0.5848685361509016
0.5848685361509016
0.5848685361509016
0.5848685361509016
0.5848685361509016
0.5848685361509016
0.5848685361509016
0.5848685361509016
0.5848685361509016
0.5848685361509016
0.5848685361509016
0.5848685361509016
0.5848685361509016
0.5848685361509016
0.5848685361509016
0.5848685361509016
0.5848685361509016
0.5848685361509016
0.5848685361509016
0.5848685361509016
0.5776339683187842
0.5776339683187842
0.5776339683187842
0.5776339683187842
0.5776339683187842
0.5776339683187842
0.5776339683187842
0.5776339683187842
0.5776339683187842
0.5776339683187842
0.5776339683187842
0.5776339683187842
0.5776339683187842
0.5776339683187842
0.5776339683187842
0.5776339683187842
0.5776339683187842
0.5776339683187842
0.5776339683187842
0.5776339683187842
0.5776339683187842
0.5776339683187842
0.5776339683187842
0.5776339683187842
0.5776339683187842
0.5776339683187842
0.5776339683187842
0.5776339683187842
0.5776339683187842
0.5776339683187842
0.5776339683187842
0.5776339683187842
0.5776339683187842
0.5776339683187842
0.5776339683187842
0.5776339683187842
0.5776339683187842
0.5776339683187842
0.5776339683187842
0.5776339683187842
0.5776339683187842
0.5776339683187842
0.5776339683187842
0.5776339683187842
0.5776339683187842
0.5776339683187842
0.5776339683187842
0.5776339683187842
0.5776339683187842
0.5776339683187842
0.5776339683187842
0.5776339683187842
0.5776339683187842
0.5776339683187842
0.5776339683187842
0.5776339683187842
0.5776339683187842
0.5776339683187842
0.5776339683187842
0.5776339683187842
0.5776339683187842
0.5776339683187842
0.5776339683187842
0.5776339683187842
0.5776339683187842
0.5776339683187842
0.5776339683187842
0.5776339683187842
0.5776339683187842
0.5776339683187842
0.5776339683187842
0.5776339683187842
0.5776339683187842
0.5776339683187842
0.5776339683187842
0.5776339683187842
0.5776339683187842
0.5776339683187842
0.5776339683187842
0.5776339683187842
0.5776339683187842
0.5776339683187842
0.5776339683187842
0.5776339683187842
0.5776339683187842
0.5776339683187842
0.5776339683187842
0.5776339683187842
0.5776339683187842
0.5776339683187842
0.5776339683187842
0.5776339683187842
0.5776339683187842
0.5776339683187842
0.5776339683187842
0.5776339683187842
0.5776339683187842
0.5776339683187842
0.5776339683187842
0.5776339683187842
0.5776339683187842
0.5776339683187842
0.5776339683187842
0.5776339683187842
0.5776339683187842
0.5776339683187842
0.5776339683187842
0.5776339683187842
0.5776339683187842
0.5776339683187842
0.5776339683187842
0.5776339683187842
0.5776339683187842
0.5776339683187842
0.5776339683187842
0.5776339683187842
0.5776339683187842
0.5776339683187842
0.5776339683187842
0.5776339683187842
0.5776339683187842
0.5776339683187842
0.5776339683187842
0.5776339683187842
0.5776339683187842
0.5776339683187842
0.5776339683187842
0.5776339683187842
0.5776339683187842
0.5776339683187842
0.5776339683187842
0.5776339683187842
0.5776339683187842
0.5776339683187842
0.5776339683187842
0.5776339683187842
0.5776339683187842
0.5776339683187842
0.5776339683187842
0.5776339683187842
0.5776339683187842
0.5776339683187842
0.5776339683187842
0.5776339683187842
0.5776339683187842
0.5776339683187842
0.5776339683187842
0.5776339683187842
0.5776339683187842
0.5776339683187842
0.5776339683187842
0.5776339683187842
0.5776339683187842
0.5776339683187842
0.5776339683187842
0.5776339683187842
0.5776339683187842
0.5776339683187842
0.5776339683187842
0.5776339683187842
0.5776339683187842
0.5776339683187842
0.5776339683187842
0.5776339683187842
0.5776339683187842
0.5776339683187842
0.5776339683187842
0.5776339683187842
0.5776339683187842
0.5776339683187842
0.5776339683187842
0.5776339683187842
0.5776339683187842
0.5776339683187842
0.5776339683187842
0.5776339683187842
0.5776339683187842
0.5776339683187842
0.5776339683187842
0.5776339683187842
0.5776339683187842
0.5776339683187842
0.5776339683187842
0.5776339683187842
0.5776339683187842
0.5776339683187842
0.5776339683187842
0.5776339683187842
0.5776339683187842
0.5776339683187842
0.5776339683187842
0.5776339683187842
0.5776339683187842
0.5776339683187842
0.5776339683187842
0.5776339683187842
0.5776339683187842
0.5776339683187842
0.5776339683187842
0.5776339683187842
0.5776339683187842
0.5776339683187842
0.5776339683187842
0.5776339683187842
0.5776339683187842
0.5776339683187842
0.5776339683187842
0.5776339683187842
0.5776339683187842
0.5776339683187842
0.5776339683187842
0.5776339683187842
0.5776339683187842
0.5776339683187842
0.5776339683187842
0.5776339683187842
0.5776339683187842
0.5776339683187842
0.5776339683187842
0.5776339683187842
0.5776339683187842
0.5776339683187842
0.5776339683187842
0.5776339683187842
0.5776339683187842
0.5776339683187842
0.5776339683187842
0.5776339683187842
0.5776339683187842
0.5776339683187842
0.5776339683187842
0.5776339683187842
0.5776339683187842
0.5776339683187842
0.5776339683187842
0.5776339683187842
0.5776339683187842
0.5776339683187842
0.5776339683187842
0.5776339683187842
0.5776339683187842
0.5776339683187842
0.5776339683187842
0.5776339683187842
0.5776339683187842
0.5776339683187842
0.5776339683187842
0.5776339683187842
0.5776339683187842
0.5776339683187842
0.5776339683187842
0.5776339683187842
0.5776339683187842
0.5776339683187842
0.5776339683187842
0.5776339683187842
0.5776339683187842
0.5776339683187842
0.5776339683187842
0.5776339683187842
0.5776339683187842
0.5776339683187842
0.5776339683187842
0.5776339683187842
0.5776339683187842
0.5776339683187842
0.5776339683187842
0.5776339683187842
0.5776339683187842
0.5776339683187842
0.5776339683187842
0.5776339683187842
0.5776339683187842
0.5776339683187842
0.5776339683187842
0.5776339683187842
0.5776339683187842
0.5776339683187842
0.5776339683187842
0.5776339683187842
0.5776339683187842
0.5776339683187842
0.5776339683187842
0.5776339683187842
0.5776339683187842
0.5776339683187842
0.5776339683187842
0.5776339683187842
0.5776339683187842
0.5776339683187842
0.5776339683187842
0.5776339683187842
0.5776339683187842
0.5776339683187842
0.5776339683187842
0.5776339683187842
0.5776339683187842
0.5776339683187842
0.5776339683187842
0.5776339683187842
0.5776339683187842
0.5776339683187842
0.5776339683187842
0.5776339683187842
0.5776339683187842
0.5776339683187842
0.5776339683187842
0.5776339683187842
0.5776339683187842
0.5776339683187842
0.5776339683187842
0.5776339683187842
0.5776339683187842
0.5776339683187842
0.5776339683187842
0.5776339683187842
0.5776339683187842
0.5776339683187842
0.5776339683187842
0.5776339683187842
0.5776339683187842
0.5776339683187842
0.5776339683187842
0.5776339683187842
0.5776339683187842
0.5776339683187842
0.5776339683187842
0.5776339683187842
0.5776339683187842
0.5776339683187842
0.5776339683187842
0.5776339683187842
0.5776339683187842
0.5776339683187842
0.5776339683187842
0.5776339683187842
0.5776339683187842
0.5776339683187842
0.5776339683187842
0.5776339683187842
0.5776339683187842
0.5776339683187842
0.5776339683187842
0.5776339683187842
0.5776339683187842
0.5776339683187842
0.5776339683187842
0.5776339683187842
0.5776339683187842
0.5776339683187842
0.5776339683187842
0.5776339683187842
0.5776339683187842
0.5776339683187842
0.5776339683187842
0.5776339683187842
0.5776339683187842
0.5776339683187842
0.5776339683187842
0.5776339683187842
0.5776339683187842
0.5776339683187842
0.574115674599596
0.574115674599596
0.574115674599596
0.574115674599596
0.574115674599596
0.574115674599596
0.574115674599596
0.574115674599596
0.574115674599596
0.574115674599596
0.574115674599596
0.574115674599596
0.574115674599596
0.574115674599596
0.574115674599596
0.574115674599596
0.574115674599596
0.574115674599596
0.574115674599596
0.574115674599596
0.574115674599596
0.574115674599596
0.574115674599596
0.574115674599596
0.574115674599596
0.574115674599596
0.574115674599596
0.574115674599596
0.574115674599596
0.574115674599596
0.574115674599596
0.574115674599596
0.574115674599596
0.574115674599596
0.574115674599596
0.574115674599596
0.574115674599596
0.574115674599596
0.574115674599596
0.574115674599596
0.574115674599596
0.574115674599596
0.574115674599596
0.574115674599596
0.574115674599596
0.574115674599596
0.574115674599596
0.574115674599596
0.574115674599596
0.574115674599596
0.574115674599596
0.574115674599596
0.574115674599596
0.574115674599596
0.574115674599596
0.574115674599596
0.574115674599596
0.574115674599596
0.574115674599596
0.574115674599596
0.574115674599596
0.574115674599596
0.574115674599596
0.574115674599596
0.574115674599596
0.574115674599596
0.574115674599596
0.574115674599596
0.574115674599596
0.574115674599596
0.574115674599596
0.574115674599596
0.574115674599596
0.574115674599596
0.574115674599596
0.574115674599596
0.574115674599596
0.574115674599596
0.574115674599596
0.574115674599596
0.574115674599596
0.574115674599596
0.574115674599596
0.574115674599596
0.574115674599596
0.574115674599596
0.574115674599596
0.574115674599596
0.574115674599596
0.574115674599596
0.574115674599596
0.574115674599596
0.574115674599596
0.574115674599596
0.574115674599596
0.574115674599596
0.574115674599596
0.574115674599596
0.574115674599596
0.574115674599596
0.574115674599596
0.574115674599596
0.574115674599596
0.574115674599596
0.574115674599596
0.574115674599596
0.574115674599596
0.574115674599596
0.574115674599596
0.574115674599596
0.574115674599596
0.574115674599596
0.574115674599596
0.574115674599596
0.574115674599596
0.574115674599596
0.574115674599596
0.574115674599596
0.574115674599596
0.574115674599596
0.574115674599596
0.574115674599596
0.574115674599596
0.574115674599596
0.574115674599596
0.574115674599596
0.574115674599596
0.574115674599596
0.574115674599596
0.574115674599596
0.574115674599596
0.574115674599596
0.574115674599596
0.574115674599596
0.574115674599596
0.574115674599596
0.574115674599596
0.574115674599596
0.574115674599596
0.574115674599596
0.574115674599596
0.574115674599596
0.574115674599596
0.574115674599596
0.574115674599596
0.574115674599596
0.574115674599596
0.574115674599596
0.574115674599596
0.574115674599596
0.574115674599596
0.574115674599596
0.574115674599596
0.574115674599596
0.574115674599596
0.574115674599596
0.574115674599596
0.574115674599596
0.574115674599596
0.574115674599596
0.574115674599596
0.574115674599596
0.574115674599596
0.574115674599596
0.574115674599596
0.574115674599596
0.574115674599596
0.574115674599596
0.574115674599596
0.574115674599596
0.574115674599596
0.574115674599596
0.574115674599596
0.574115674599596
0.574115674599596
0.574115674599596
0.574115674599596
0.574115674599596
0.574115674599596
0.574115674599596
0.574115674599596
0.574115674599596
0.574115674599596
0.574115674599596
0.574115674599596
0.574115674599596
0.574115674599596
0.574115674599596
0.574115674599596
0.574115674599596
0.574115674599596
0.574115674599596
0.574115674599596
0.574115674599596
0.574115674599596
0.574115674599596
0.574115674599596
0.574115674599596
0.574115674599596
0.574115674599596
0.574115674599596
0.574115674599596
0.574115674599596
0.574115674599596
0.574115674599596
0.574115674599596
0.574115674599596
0.574115674599596
0.574115674599596
0.574115674599596
0.574115674599596
0.574115674599596
0.574115674599596
0.574115674599596
0.574115674599596
0.574115674599596
0.574115674599596
0.574115674599596
0.574115674599596
0.574115674599596
0.574115674599596
0.574115674599596
0.574115674599596
0.574115674599596
0.574115674599596
0.574115674599596
0.574115674599596
0.574115674599596
0.574115674599596
0.574115674599596
0.574115674599596
0.574115674599596
0.574115674599596
0.574115674599596
0.574115674599596
0.574115674599596
0.574115674599596
0.574115674599596
0.574115674599596
0.574115674599596
0.574115674599596
0.574115674599596
0.574115674599596
0.574115674599596
0.574115674599596
0.574115674599596
0.574115674599596
0.574115674599596
0.574115674599596
0.574115674599596
0.574115674599596
0.574115674599596
0.574115674599596
0.574115674599596
0.574115674599596
0.574115674599596
0.574115674599596
0.574115674599596
0.574115674599596
0.574115674599596
0.574115674599596
0.574115674599596
0.574115674599596
0.574115674599596
0.574115674599596
0.574115674599596
0.574115674599596
0.574115674599596
0.574115674599596
0.574115674599596
0.574115674599596
0.574115674599596
0.574115674599596
0.574115674599596
0.574115674599596
0.574115674599596
0.574115674599596
0.574115674599596
0.574115674599596
0.574115674599596
0.574115674599596
0.574115674599596
0.574115674599596
0.574115674599596
0.574115674599596
0.574115674599596
0.574115674599596
0.574115674599596
0.574115674599596
0.574115674599596
0.574115674599596
0.574115674599596
0.574115674599596
0.574115674599596
0.574115674599596
0.574115674599596
0.574115674599596
0.574115674599596
0.574115674599596
0.574115674599596
0.574115674599596
0.574115674599596
0.574115674599596
0.574115674599596
0.574115674599596
0.574115674599596
0.574115674599596
0.574115674599596
0.574115674599596
0.574115674599596
0.574115674599596
0.574115674599596
0.574115674599596
0.574115674599596
0.574115674599596
0.574115674599596
0.574115674599596
0.574115674599596
0.574115674599596
0.574115674599596
0.574115674599596
0.574115674599596
0.574115674599596
0.574115674599596
0.574115674599596
0.574115674599596
0.574115674599596
0.574115674599596
0.574115674599596
0.574115674599596
0.574115674599596
0.574115674599596
0.574115674599596
0.574115674599596
0.574115674599596
0.574115674599596
0.574115674599596
0.574115674599596
0.574115674599596
0.574115674599596
0.574115674599596
0.574115674599596
0.574115674599596
0.574115674599596
0.574115674599596
0.574115674599596
0.574115674599596
0.574115674599596
0.574115674599596
0.574115674599596
0.574115674599596
0.574115674599596
0.574115674599596
0.574115674599596
0.574115674599596
0.574115674599596
0.574115674599596
0.574115674599596
0.574115674599596
0.574115674599596
0.574115674599596
0.574115674599596
0.574115674599596
0.574115674599596
0.574115674599596
0.574115674599596
0.574115674599596
0.574115674599596
0.574115674599596
0.574115674599596
0.574115674599596
0.574115674599596
0.574115674599596
0.574115674599596
0.574115674599596
0.574115674599596
0.574115674599596
0.574115674599596
0.574115674599596
0.574115674599596
0.574115674599596
0.574115674599596
0.574115674599596
0.574115674599596
0.574115674599596
0.574115674599596
0.574115674599596
0.574115674599596
0.574115674599596
0.574115674599596
0.574115674599596
0.574115674599596
0.574115674599596
0.574115674599596
0.574115674599596
0.574115674599596
0.574115674599596
0.574115674599596
0.574115674599596
0.574115674599596
0.574115674599596
0.574115674599596
0.574115674599596
0.574115674599596
0.574115674599596
0.574115674599596
0.574115674599596
0.574115674599596
0.574115674599596
0.574115674599596
0.574115674599596
0.574115674599596
0.574115674599596
0.574115674599596
0.574115674599596
0.574115674599596
0.574115674599596
0.574115674599596
0.574115674599596
0.574115674599596
0.574115674599596
0.574115674599596
0.574115674599596
0.574115674599596
0.574115674599596
0.574115674599596
0.574115674599596
0.574115674599596
0.574115674599596
0.574115674599596
0.574115674599596
0.574115674599596
0.574115674599596
0.574115674599596
0.574115674599596
0.574115674599596
0.574115674599596
0.574115674599596
0.574115674599596
0.574115674599596
0.574115674599596
0.574115674599596
0.574115674599596
0.574115674599596
0.574115674599596
0.574115674599596
0.574115674599596
0.574115674599596
0.574115674599596
0.574115674599596
0.574115674599596
0.574115674599596
0.574115674599596
0.574115674599596
0.574115674599596
0.574115674599596
0.574115674599596
0.574115674599596
0.574115674599596
0.574115674599596
0.574115674599596
0.574115674599596
0.574115674599596
0.574115674599596
0.574115674599596
0.574115674599596
0.574115674599596
0.574115674599596
0.574115674599596
0.574115674599596
0.574115674599596
0.574115674599596
0.574115674599596
0.574115674599596
0.574115674599596
0.574115674599596
0.574115674599596
0.574115674599596
0.574115674599596
0.574115674599596
0.574115674599596
0.574115674599596
0.574115674599596
0.574115674599596
0.574115674599596
0.574115674599596
0.574115674599596
0.574115674599596
0.574115674599596
0.574115674599596
0.574115674599596
0.574115674599596
0.574115674599596
0.574115674599596
0.574115674599596
0.574115674599596
0.574115674599596
0.574115674599596
0.574115674599596
0.574115674599596
0.574115674599596
0.574115674599596
0.574115674599596
0.574115674599596
0.574115674599596
0.574115674599596
0.574115674599596
0.574115674599596
0.574115674599596
0.574115674599596
0.574115674599596
0.574115674599596
0.574115674599596
0.574115674599596
0.574115674599596
0.574115674599596
0.574115674599596
0.574115674599596
0.574115674599596
0.574115674599596
0.574115674599596
0.574115674599596
0.574115674599596
0.574115674599596
0.574115674599596
0.574115674599596
0.574115674599596
0.574115674599596
0.574115674599596
0.574115674599596
0.574115674599596
0.574115674599596
0.574115674599596
0.574115674599596
0.574115674599596
0.574115674599596
0.574115674599596
0.574115674599596
0.574115674599596
0.574115674599596
0.574115674599596
0.574115674599596
0.574115674599596
0.574115674599596
0.574115674599596
0.574115674599596
0.574115674599596
0.574115674599596
0.574115674599596
0.574115674599596
0.574115674599596
0.574115674599596
0.574115674599596
0.574115674599596
0.574115674599596
0.574115674599596
0.574115674599596
0.574115674599596
0.574115674599596
0.574115674599596
0.574115674599596
0.574115674599596
0.574115674599596
0.574115674599596
0.574115674599596
0.574115674599596
0.574115674599596
0.574115674599596
0.574115674599596
0.574115674599596
0.574115674599596
0.574115674599596
0.574115674599596
0.574115674599596
0.574115674599596
0.574115674599596
0.574115674599596
0.574115674599596
0.574115674599596
0.574115674599596
0.574115674599596
0.574115674599596
0.574115674599596
0.574115674599596
0.574115674599596
0.574115674599596
0.574115674599596
0.574115674599596
0.574115674599596
0.574115674599596
0.574115674599596
0.574115674599596
0.574115674599596
0.574115674599596
0.574115674599596
0.574115674599596
0.574115674599596
0.574115674599596
0.574115674599596
0.574115674599596
0.574115674599596
0.574115674599596
0.574115674599596
0.574115674599596
0.574115674599596
0.574115674599596
0.574115674599596
0.574115674599596
0.574115674599596
0.574115674599596
0.574115674599596
0.574115674599596
0.574115674599596
0.574115674599596
0.574115674599596
0.574115674599596
0.574115674599596
0.574115674599596
0.574115674599596
0.574115674599596
0.574115674599596
0.574115674599596
0.574115674599596
0.574115674599596
0.574115674599596
0.574115674599596
0.574115674599596
0.574115674599596
0.574115674599596
0.574115674599596
0.574115674599596
0.574115674599596
0.574115674599596
0.574115674599596
0.574115674599596
0.574115674599596
0.574115674599596
0.574115674599596
0.574115674599596
0.574115674599596
0.574115674599596
0.574115674599596
0.574115674599596
0.574115674599596
0.574115674599596
0.574115674599596
0.574115674599596
0.574115674599596
0.574115674599596
0.574115674599596
0.574115674599596
0.574115674599596
0.574115674599596
0.574115674599596
0.574115674599596
0.574115674599596
0.574115674599596
0.574115674599596
0.574115674599596
0.574115674599596
0.574115674599596
0.574115674599596
0.574115674599596
0.574115674599596
0.574115674599596
0.574115674599596
0.574115674599596
0.574115674599596
0.574115674599596
0.574115674599596
0.574115674599596
0.574115674599596
0.574115674599596
0.574115674599596
0.574115674599596
0.574115674599596
0.574115674599596
0.574115674599596
0.574115674599596
0.574115674599596
0.574115674599596
0.574115674599596
0.574115674599596
0.574115674599596
0.574115674599596
0.574115674599596
0.574115674599596
0.574115674599596
0.574115674599596
0.574115674599596
0.574115674599596
0.574115674599596
0.574115674599596
0.574115674599596
0.574115674599596
0.574115674599596
0.574115674599596
0.574115674599596
0.574115674599596
0.574115674599596
0.574115674599596
0.574115674599596
0.574115674599596
0.574115674599596
0.574115674599596
0.574115674599596
0.574115674599596
0.574115674599596
0.574115674599596
0.574115674599596
0.574115674599596
0.574115674599596
0.574115674599596
0.574115674599596
0.574115674599596
0.574115674599596
0.574115674599596
0.574115674599596
0.574115674599596
0.574115674599596
0.574115674599596
0.574115674599596
0.574115674599596
0.574115674599596
0.574115674599596
0.574115674599596
0.574115674599596
0.574115674599596
0.574115674599596
0.574115674599596
0.574115674599596
0.574115674599596
0.574115674599596
0.574115674599596
0.574115674599596
0.574115674599596
0.574115674599596
0.574115674599596
0.574115674599596
0.574115674599596
0.574115674599596
0.574115674599596
0.574115674599596
0.574115674599596
0.574115674599596
0.574115674599596
0.574115674599596
0.574115674599596
0.574115674599596
0.574115674599596
0.574115674599596
0.574115674599596
0.574115674599596
0.574115674599596
0.574115674599596
0.574115674599596
0.574115674599596
0.574115674599596
0.526979919482688
0.526979919482688
0.526979919482688
0.526979919482688
0.526979919482688
0.526979919482688
0.526979919482688
0.526979919482688
0.526979919482688
0.526979919482688
0.526979919482688
0.526979919482688
0.526979919482688
0.526979919482688
0.526979919482688
0.526979919482688
0.526979919482688
0.526979919482688
0.526979919482688
0.526979919482688
0.526979919482688
0.526979919482688
0.526979919482688
0.526979919482688
0.526979919482688
0.526979919482688
0.526979919482688
0.526979919482688
0.526979919482688
0.526979919482688
0.526979919482688
0.526979919482688
0.526979919482688
0.526979919482688
0.526979919482688
0.526979919482688
0.526979919482688
0.526979919482688
0.526979919482688
0.526979919482688
0.526979919482688
0.526979919482688
0.526979919482688
0.526979919482688
0.526979919482688
0.526979919482688
0.526979919482688
0.526979919482688
0.526979919482688
0.526979919482688
0.526979919482688
0.526979919482688
0.526979919482688
0.526979919482688
0.526979919482688
0.526979919482688
0.526979919482688
0.526979919482688
0.526979919482688
0.526979919482688
0.526979919482688
0.526979919482688
0.526979919482688
0.526979919482688
0.526979919482688
0.526979919482688
0.526979919482688
0.526979919482688
0.526979919482688
0.526979919482688
0.526979919482688
0.526979919482688
0.526979919482688
0.526979919482688
0.526979919482688
0.526979919482688
0.526979919482688
0.526979919482688
0.526979919482688
0.526979919482688
0.526979919482688
0.526979919482688
0.526979919482688
0.526979919482688
0.526979919482688
0.526979919482688
0.526979919482688
0.526979919482688
0.526979919482688
0.526979919482688
0.526979919482688
0.526979919482688
0.526979919482688
0.526979919482688
0.526979919482688
0.526979919482688
0.526979919482688
0.526979919482688
0.526979919482688
0.526979919482688
0.526979919482688
0.526979919482688
0.526979919482688
0.526979919482688
0.526979919482688
0.526979919482688
0.526979919482688
0.526979919482688
0.526979919482688
0.526979919482688
0.526979919482688
0.526979919482688
0.526979919482688
0.526979919482688
0.526979919482688
0.526979919482688
0.526979919482688
0.526979919482688
0.526979919482688
0.526979919482688
0.526979919482688
0.526979919482688
0.526979919482688
0.526979919482688
0.526979919482688
0.526979919482688
0.526979919482688
0.526979919482688
0.526979919482688
0.526979919482688
0.526979919482688
0.526979919482688
0.526979919482688
0.526979919482688
0.526979919482688
0.526979919482688
0.526979919482688
0.526979919482688
0.526979919482688
0.526979919482688
0.526979919482688
0.526979919482688
0.526979919482688
0.526979919482688
0.526979919482688
0.526979919482688
0.526979919482688
0.526979919482688
0.526979919482688
0.526979919482688
0.526979919482688
0.526979919482688
0.526979919482688
0.526979919482688
0.526979919482688
0.526979919482688
0.526979919482688
0.526979919482688
0.526979919482688
0.526979919482688
0.526979919482688
0.526979919482688
0.526979919482688
0.526979919482688
0.526979919482688
0.526979919482688
0.526979919482688
0.526979919482688
0.526979919482688
0.526979919482688
0.526979919482688
0.526979919482688
0.526979919482688
0.526979919482688
0.526979919482688
0.526979919482688
0.526979919482688
0.526979919482688
0.526979919482688
0.526979919482688
0.526979919482688
0.526979919482688
0.526979919482688
0.526979919482688
0.526979919482688
0.526979919482688
0.526979919482688
0.526979919482688
0.526979919482688
0.526979919482688
0.526979919482688
0.526979919482688
0.526979919482688
0.526979919482688
0.526979919482688
0.526979919482688
0.526979919482688
0.526979919482688
0.526979919482688
0.526979919482688
0.526979919482688
0.526979919482688
0.526979919482688
0.526979919482688
0.526979919482688
0.526979919482688
0.526979919482688
0.526979919482688
0.526979919482688
0.526979919482688
0.526979919482688
0.526979919482688
0.526979919482688
0.526979919482688
0.526979919482688
0.526979919482688
0.526979919482688
0.526979919482688
0.526979919482688
0.526979919482688
0.526979919482688
0.526979919482688
0.526979919482688
0.526979919482688
0.526979919482688
0.526979919482688
0.526979919482688
0.526979919482688
0.526979919482688
0.526979919482688
0.526979919482688
0.526979919482688
0.526979919482688
0.526979919482688
0.526979919482688
0.526979919482688
0.526979919482688
0.526979919482688
0.526979919482688
0.526979919482688
0.526979919482688
0.526979919482688
0.526979919482688
0.526979919482688
0.526979919482688
0.526979919482688
0.526979919482688
0.526979919482688
0.526979919482688
0.526979919482688
0.526979919482688
0.526979919482688
0.526979919482688
0.526979919482688
0.526979919482688
0.526979919482688
0.526979919482688
0.526979919482688
0.526979919482688
0.526979919482688
0.526979919482688
0.526979919482688
0.526979919482688
0.526979919482688
0.526979919482688
0.526979919482688
0.526979919482688
0.526979919482688
0.526979919482688
0.526979919482688
0.526979919482688
0.526979919482688
0.526979919482688
0.526979919482688
0.526979919482688
0.526979919482688
0.526979919482688
0.526979919482688
0.526979919482688
0.526979919482688
0.526979919482688
0.526979919482688
0.526979919482688
0.526979919482688
0.526979919482688
0.526979919482688
0.526979919482688
0.526979919482688
0.526979919482688
0.526979919482688
0.526979919482688
0.526979919482688
0.526979919482688
0.526979919482688
0.526979919482688
0.526979919482688
0.526979919482688
0.526979919482688
0.526979919482688
0.526979919482688
0.526979919482688
0.526979919482688
0.526979919482688
0.526979919482688
0.526979919482688
0.526979919482688
0.526979919482688
0.526979919482688
0.526979919482688
0.526979919482688
0.526979919482688
0.526979919482688
0.526979919482688
0.526979919482688
0.526979919482688
0.526979919482688
0.526979919482688
0.526979919482688
0.526979919482688
0.526979919482688
0.526979919482688
0.526979919482688
0.526979919482688
0.526979919482688
0.526979919482688
0.526979919482688
0.526979919482688
0.526979919482688
0.526979919482688
0.526979919482688
0.526979919482688
0.526979919482688
0.526979919482688
0.526979919482688
0.526979919482688
0.526979919482688
0.526979919482688
0.526979919482688
0.526979919482688
0.526979919482688
0.526979919482688
0.526979919482688
0.526979919482688
0.526979919482688
0.526979919482688
0.526979919482688
0.526979919482688
0.526979919482688
0.526979919482688
0.526979919482688
0.526979919482688
0.526979919482688
0.526979919482688
0.526979919482688
0.526979919482688
0.526979919482688
0.526979919482688
0.526979919482688
0.526979919482688
0.526979919482688
0.526979919482688
0.526979919482688
0.526979919482688
0.526979919482688
0.526979919482688
0.526979919482688
0.526979919482688
0.526979919482688
0.526979919482688
0.526979919482688
0.526979919482688
0.526979919482688
0.526979919482688
0.526979919482688
0.526979919482688
0.526979919482688
0.526979919482688
0.526979919482688
0.526979919482688
0.526979919482688
0.526979919482688
0.526979919482688
0.526979919482688
0.526979919482688
0.526979919482688
0.526979919482688
0.526979919482688
0.526979919482688
0.526979919482688
0.526979919482688
0.526979919482688
0.526979919482688
0.526979919482688
0.526979919482688
0.526979919482688
0.526979919482688
0.526979919482688
0.526979919482688
0.526979919482688
0.526979919482688
0.526979919482688
0.526979919482688
0.526979919482688
0.526979919482688
0.526979919482688
0.526979919482688
0.526979919482688
0.526979919482688
0.526979919482688
0.526979919482688
0.526979919482688
0.526979919482688
0.526979919482688
0.526979919482688
0.526979919482688
0.526979919482688
0.526979919482688
0.526979919482688
0.526979919482688
0.526979919482688
0.526979919482688
0.526979919482688
0.526979919482688
0.526979919482688
0.526979919482688
0.526979919482688
0.526979919482688
0.526979919482688
0.526979919482688
0.526979919482688
0.526979919482688
0.526979919482688
0.526979919482688
0.526979919482688
0.526979919482688
0.526979919482688
0.526979919482688
0.526979919482688
0.526979919482688
0.526979919482688
0.526979919482688
0.526979919482688
0.526979919482688
0.526979919482688
0.526979919482688
0.526979919482688
0.526979919482688
0.526979919482688
0.526979919482688
0.526979919482688
0.526979919482688
0.526979919482688
0.526979919482688
0.526979919482688
0.526979919482688
0.526979919482688
0.526979919482688
0.526979919482688
0.526979919482688
0.526979919482688
0.526979919482688
0.526979919482688
0.526979919482688
0.526979919482688
0.526979919482688
0.526979919482688
0.526979919482688
0.526979919482688
0.526979919482688
0.526979919482688
0.526979919482688
0.526979919482688
0.526979919482688
0.526979919482688
0.526979919482688
0.526979919482688
0.526979919482688
0.526979919482688
0.526979919482688
0.526979919482688
0.526979919482688
0.526979919482688
0.526979919482688
0.526979919482688
0.526979919482688
0.526979919482688
0.526979919482688
0.526979919482688
0.526979919482688
0.526979919482688
0.526979919482688
0.526979919482688
0.526979919482688
0.526979919482688
0.526979919482688
0.526979919482688
0.526979919482688
0.526979919482688
0.526979919482688
0.526979919482688
0.526979919482688
0.526979919482688
0.526979919482688
0.526979919482688
0.526979919482688
0.526979919482688
0.526979919482688
0.526979919482688
0.526979919482688
0.526979919482688
0.526979919482688
0.526979919482688
0.526979919482688
0.526979919482688
0.526979919482688
0.526979919482688
0.526979919482688
0.526979919482688
0.526979919482688
0.526979919482688
0.526979919482688
0.526979919482688
0.526979919482688
0.526979919482688
0.526979919482688
0.526979919482688
0.526979919482688
0.526979919482688
0.526979919482688
0.526979919482688
0.526979919482688
0.526979919482688
0.526979919482688
0.526979919482688
0.526979919482688
0.526979919482688
0.526979919482688
0.526979919482688
0.526979919482688
0.526979919482688
0.526979919482688
0.526979919482688
0.526979919482688
0.526979919482688
0.526979919482688
0.526979919482688
0.526979919482688
0.526979919482688
0.526979919482688
0.526979919482688
0.526979919482688
0.526979919482688
0.526979919482688
0.526979919482688
0.526979919482688
0.526979919482688
0.526979919482688
0.526979919482688
0.526979919482688
0.526979919482688
0.526979919482688
0.526979919482688
0.526979919482688
0.526979919482688
0.526979919482688
0.526979919482688
0.526979919482688
0.526979919482688
0.526979919482688
0.526979919482688
0.526979919482688
0.526979919482688
0.526979919482688
0.526979919482688
0.526979919482688
0.526979919482688
0.526979919482688
0.526979919482688
0.526979919482688
0.526979919482688
0.526979919482688
0.526979919482688
0.526979919482688
0.526979919482688
0.526979919482688
0.526979919482688
0.526979919482688
0.526979919482688
0.526979919482688
0.526979919482688
0.526979919482688
0.526979919482688
0.526979919482688
0.526979919482688
0.526979919482688
0.526979919482688
0.526979919482688
0.526979919482688
0.526979919482688
0.526979919482688
0.526979919482688
0.526979919482688
0.526979919482688
0.526979919482688
0.526979919482688
0.526979919482688
0.526979919482688
0.526979919482688
0.526979919482688
0.526979919482688
0.526979919482688
0.526979919482688
0.526979919482688
0.526979919482688
0.526979919482688
0.526979919482688
0.526979919482688
0.526979919482688
0.526979919482688
0.526979919482688
0.526979919482688
0.526979919482688
0.526979919482688
0.526979919482688
0.526979919482688
0.526979919482688
0.526979919482688
0.526979919482688
0.526979919482688
0.526979919482688
0.526979919482688
0.526979919482688
0.526979919482688
0.526979919482688
0.526979919482688
0.526979919482688
0.526979919482688
0.526979919482688
0.526979919482688
0.526979919482688
0.526979919482688
0.526979919482688
0.526979919482688
0.526979919482688
0.526979919482688
0.526979919482688
0.526979919482688
0.526979919482688
0.526979919482688
0.526979919482688
0.526979919482688
0.526979919482688
0.526979919482688
0.526979919482688
0.526979919482688
0.526979919482688
0.526979919482688
0.526979919482688
0.526979919482688
0.526979919482688
0.526979919482688
0.526979919482688
0.526979919482688
0.526979919482688
0.526979919482688
0.526979919482688
0.526979919482688
0.526979919482688
0.526979919482688
0.526979919482688
0.526979919482688
0.526979919482688
0.526979919482688
0.526979919482688
0.526979919482688
0.526979919482688
0.526979919482688
0.526979919482688
0.526979919482688
0.526979919482688
0.526979919482688
0.526979919482688
0.526979919482688
0.526979919482688
0.526979919482688
0.526979919482688
0.526979919482688
0.526979919482688
0.526979919482688
0.526979919482688
0.526979919482688
0.526979919482688
0.526979919482688
0.526979919482688
0.526979919482688
0.526979919482688
0.526979919482688
0.526979919482688
0.526979919482688
0.526979919482688
0.526979919482688
0.526979919482688
0.526979919482688
0.526979919482688
0.526979919482688
0.526979919482688
0.526979919482688
0.526979919482688
0.526979919482688
0.526979919482688
0.526979919482688
0.526979919482688
0.526979919482688
0.526979919482688
0.526979919482688
0.526979919482688
0.526979919482688
0.526979919482688
0.526979919482688
0.526979919482688
0.526979919482688
0.526979919482688
0.526979919482688
0.526979919482688
0.526979919482688
0.526979919482688
0.526979919482688
0.526979919482688
0.526979919482688
0.526979919482688
0.526979919482688
0.526979919482688
0.526979919482688
0.526979919482688
0.526979919482688
0.526979919482688
0.526979919482688
0.526979919482688
0.526979919482688
0.526979919482688
0.526979919482688
0.526979919482688
0.526979919482688
0.526979919482688
0.526979919482688
0.526979919482688
0.526979919482688
0.526979919482688
0.526979919482688
0.526979919482688
0.526979919482688
0.526979919482688
0.526979919482688
0.526979919482688
0.526979919482688
0.526979919482688
0.526979919482688
0.526979919482688
0.526979919482688
0.526979919482688
0.526979919482688
0.526979919482688
0.526979919482688
0.526979919482688
0.526979919482688
0.526979919482688
0.526979919482688
0.526979919482688
0.526979919482688
0.526979919482688
0.526979919482688
0.526979919482688
0.526979919482688
0.526979919482688
0.526979919482688
0.526979919482688
0.526979919482688
0.526979919482688
0.526979919482688
0.526979919482688
0.526979919482688
0.526979919482688
0.526979919482688
0.526979919482688
0.526979919482688
0.526979919482688
0.526979919482688
0.526979919482688
0.526979919482688
0.526979919482688
0.526979919482688
0.526979919482688
0.526979919482688
0.526979919482688
0.526979919482688
0.526979919482688
0.526979919482688
0.526979919482688
0.526979919482688
0.526979919482688
0.526979919482688
0.526979919482688
0.526979919482688
0.526979919482688
0.526979919482688
0.526979919482688
0.526979919482688
0.526979919482688
0.526979919482688
0.526979919482688
0.526979919482688
0.526979919482688
0.526979919482688
0.526979919482688
0.526979919482688
0.526979919482688
0.526979919482688
0.526979919482688
0.526979919482688
0.526979919482688
0.526979919482688
0.526979919482688
0.526979919482688
0.526979919482688
0.526979919482688
0.526979919482688
0.526979919482688
0.526979919482688
0.526979919482688
0.526979919482688
0.526979919482688
0.526979919482688
0.526979919482688
0.526979919482688
0.526979919482688
0.526979919482688
0.526979919482688
0.526979919482688
0.526979919482688
0.526979919482688
0.526979919482688
0.526979919482688
0.526979919482688
0.526979919482688
0.526979919482688
0.526979919482688
0.526979919482688
0.526979919482688
0.526979919482688
0.526979919482688
0.526979919482688
0.526979919482688
0.526979919482688
0.526979919482688
0.526979919482688
0.526979919482688
0.526979919482688
0.526979919482688
0.526979919482688
0.526979919482688
0.526979919482688
0.526979919482688
0.526979919482688
0.526979919482688
0.526979919482688
0.526979919482688
0.526979919482688
0.526979919482688
0.526979919482688
0.526979919482688
0.526979919482688
0.526979919482688
0.526979919482688
0.526979919482688
0.526979919482688
0.526979919482688
0.526979919482688
0.526979919482688
0.526979919482688
0.526979919482688
0.526979919482688
0.526979919482688
0.526979919482688
0.526979919482688
0.526979919482688
0.526979919482688
0.526979919482688
0.526979919482688
0.526979919482688
0.526979919482688
0.526979919482688
0.526979919482688
0.526979919482688
0.526979919482688
0.526979919482688
0.526979919482688
0.526979919482688
0.526979919482688
0.526979919482688
0.526979919482688
0.526979919482688
0.526979919482688
0.526979919482688
0.526979919482688
0.526979919482688
0.526979919482688
0.526979919482688
0.526979919482688
0.526979919482688
0.526979919482688
0.526979919482688
0.526979919482688
0.526979919482688
0.526979919482688
0.526979919482688
0.526979919482688
0.526979919482688
0.526979919482688
0.526979919482688
0.526979919482688
0.526979919482688
0.526979919482688
0.526979919482688
0.526979919482688
0.526979919482688
0.526979919482688
0.526979919482688
0.526979919482688
0.526979919482688
0.526979919482688
0.526979919482688
0.526979919482688
0.526979919482688
0.526979919482688
0.526979919482688
0.526979919482688
0.526979919482688
0.526979919482688
0.526979919482688
0.526979919482688
0.526979919482688
0.526979919482688
0.526979919482688
0.526979919482688
0.526979919482688
0.526979919482688
0.526979919482688
0.526979919482688
0.526979919482688
0.526979919482688
0.526979919482688
0.526979919482688
0.526979919482688
0.526979919482688
0.526979919482688
0.526979919482688
0.526979919482688
0.526979919482688
0.526979919482688
0.526979919482688
0.526979919482688
0.526979919482688
0.526979919482688
0.526979919482688
0.526979919482688
0.526979919482688
0.526979919482688
0.526979919482688
0.526979919482688
0.526979919482688
0.526979919482688
0.526979919482688
0.526979919482688
0.526979919482688
0.526979919482688
0.526979919482688
0.526979919482688
0.526979919482688
0.526979919482688
0.526979919482688
0.526979919482688
0.526979919482688
0.526979919482688
0.526979919482688
0.526979919482688
0.526979919482688
0.526979919482688
0.526979919482688
0.526979919482688
0.526979919482688
0.526979919482688
0.526979919482688
0.526979919482688
0.526979919482688
0.526979919482688
0.526979919482688
0.526979919482688
0.526979919482688
0.526979919482688
0.526979919482688
0.526979919482688
0.526979919482688
0.526979919482688
0.526979919482688
0.526979919482688
0.526979919482688
0.526979919482688
0.526979919482688
0.526979919482688
0.526979919482688
0.526979919482688
0.526979919482688
0.526979919482688
0.526979919482688
0.526979919482688
0.526979919482688
0.526979919482688
0.526979919482688
0.526979919482688
0.526979919482688
0.526979919482688
0.526979919482688
0.526979919482688
0.526979919482688
0.526979919482688
0.526979919482688
0.526979919482688
0.526979919482688
0.526979919482688
0.526979919482688
0.526979919482688
0.526979919482688
0.526979919482688
0.526979919482688
0.526979919482688
0.526979919482688
0.526979919482688
0.526979919482688
0.526979919482688
0.526979919482688
0.526979919482688
0.526979919482688
0.526979919482688
0.526979919482688
0.526979919482688
0.526979919482688
0.526979919482688
0.526979919482688
0.526979919482688
0.526979919482688
0.526979919482688
0.526979919482688
0.526979919482688
0.526979919482688
0.526979919482688
0.526979919482688
0.526979919482688
0.526979919482688
0.526979919482688
0.526979919482688
0.526979919482688
0.526979919482688
0.526979919482688
0.526979919482688
0.526979919482688
0.526979919482688
0.526979919482688
0.526979919482688
0.526979919482688
0.526979919482688
0.526979919482688
0.526979919482688
0.526979919482688
0.526979919482688
0.526979919482688
0.526979919482688
0.526979919482688
0.526979919482688
0.526979919482688
0.526979919482688
0.526979919482688
0.526979919482688
0.526979919482688
0.526979919482688
0.526979919482688
0.526979919482688
0.526979919482688
0.526979919482688
0.526979919482688
0.526979919482688
0.526979919482688
0.526979919482688
0.526979919482688
0.526979919482688
0.526979919482688
0.526979919482688
0.526979919482688
0.526979919482688
0.526979919482688
0.526979919482688
0.526979919482688
0.526979919482688
0.526979919482688
0.526979919482688
0.526979919482688
0.526979919482688
0.526979919482688
0.526979919482688
0.526979919482688
0.526979919482688
0.526979919482688
0.526979919482688
0.526979919482688
0.526979919482688
0.526979919482688
0.526979919482688
0.526979919482688
0.526979919482688
0.526979919482688
0.526979919482688
0.526979919482688
0.526979919482688
0.526979919482688
0.526979919482688
0.526979919482688
0.526979919482688
0.526979919482688
0.526979919482688
0.526979919482688
0.526979919482688
0.526979919482688
0.526979919482688
0.526979919482688
0.526979919482688
0.526979919482688
0.526979919482688
0.526979919482688
0.526979919482688
0.526979919482688
0.526979919482688
0.526979919482688
0.526979919482688
0.526979919482688
0.526979919482688
0.526979919482688
0.526979919482688
0.4288307456831222
0.4288307456831222
0.4288307456831222
0.4288307456831222
0.4288307456831222
0.4288307456831222
0.4288307456831222
0.4288307456831222
0.4288307456831222
0.4288307456831222
0.4288307456831222
0.4288307456831222
0.4288307456831222
0.4288307456831222
0.4288307456831222
0.4288307456831222
0.4288307456831222
0.4288307456831222
0.4288307456831222
0.4288307456831222
0.4288307456831222
0.4288307456831222
0.4288307456831222
0.4288307456831222
0.4288307456831222
0.4288307456831222
0.4288307456831222
0.4288307456831222
0.4288307456831222
0.4288307456831222
0.4288307456831222
0.4288307456831222
0.4288307456831222
0.4288307456831222
0.4288307456831222
0.4288307456831222
0.4288307456831222
0.4288307456831222
0.4288307456831222
0.4288307456831222
0.4288307456831222
0.4288307456831222
0.4288307456831222
0.4288307456831222
0.4288307456831222
0.4288307456831222
0.4288307456831222
0.4288307456831222
0.4288307456831222
0.4288307456831222
0.4288307456831222
0.4288307456831222
0.4288307456831222
0.4288307456831222
0.4288307456831222
0.4288307456831222
0.4288307456831222
0.4288307456831222
0.4288307456831222
0.4288307456831222
0.4288307456831222
0.4288307456831222
0.4288307456831222
0.4288307456831222
0.4288307456831222
0.4288307456831222
0.4288307456831222
0.4288307456831222
0.4288307456831222
0.4288307456831222
0.4288307456831222
0.4288307456831222
0.4288307456831222
0.4288307456831222
0.4288307456831222
0.4288307456831222
0.4288307456831222
0.4288307456831222
0.4288307456831222
0.4288307456831222
0.4288307456831222
0.4288307456831222
0.4288307456831222
0.4288307456831222
0.4288307456831222
0.4288307456831222
0.4288307456831222
0.4288307456831222
0.4288307456831222
0.4288307456831222
0.4288307456831222
0.4288307456831222
0.4288307456831222
0.4288307456831222
0.4288307456831222
0.4288307456831222
0.4288307456831222
0.4288307456831222
0.4288307456831222
0.4288307456831222
0.4288307456831222
0.4288307456831222
0.4288307456831222
0.4288307456831222
0.4288307456831222
0.4288307456831222
0.4288307456831222
0.4288307456831222
0.4288307456831222
0.4288307456831222
0.4288307456831222
0.4288307456831222
0.4288307456831222
0.4288307456831222
0.4288307456831222
0.4288307456831222
0.4288307456831222
0.4288307456831222
0.4288307456831222
0.4288307456831222
0.4288307456831222
0.4288307456831222
0.4288307456831222
0.4288307456831222
0.4288307456831222
0.4288307456831222
0.4288307456831222
0.4288307456831222
0.4288307456831222
0.4288307456831222
0.4288307456831222
0.4288307456831222
0.4288307456831222
0.4288307456831222
0.4288307456831222
0.4288307456831222
0.4288307456831222
0.4288307456831222
0.4288307456831222
0.4288307456831222
0.4288307456831222
0.4288307456831222
0.4288307456831222
0.4288307456831222
0.4288307456831222
0.4288307456831222
0.4288307456831222
0.4288307456831222
0.4288307456831222
0.4288307456831222
0.4288307456831222
0.4288307456831222
0.4288307456831222
0.4288307456831222
0.4288307456831222
0.4288307456831222
0.4288307456831222
0.4288307456831222
0.4288307456831222
0.4288307456831222
0.4288307456831222
0.4288307456831222
0.4288307456831222
0.4288307456831222
0.4288307456831222
0.4288307456831222
0.4288307456831222
0.4288307456831222
0.4288307456831222
0.4288307456831222
0.4288307456831222
0.4288307456831222
0.4288307456831222
0.4288307456831222
0.4288307456831222
0.4288307456831222
0.4288307456831222
0.4288307456831222
0.4288307456831222
0.4288307456831222
0.4288307456831222
0.4288307456831222
0.4288307456831222
0.4288307456831222
0.4288307456831222
0.4288307456831222
0.4288307456831222
0.4288307456831222
0.4288307456831222
0.4288307456831222
0.4288307456831222
0.4288307456831222
0.4288307456831222
0.4288307456831222
0.4288307456831222
0.4288307456831222
0.4288307456831222
0.4288307456831222
0.4288307456831222
0.4288307456831222
0.4288307456831222
0.4288307456831222
0.4288307456831222
0.4288307456831222
0.4288307456831222
0.4288307456831222
0.4288307456831222
0.4288307456831222
0.4288307456831222
0.4288307456831222
0.4288307456831222
0.4288307456831222
0.4288307456831222
0.4288307456831222
0.4288307456831222
0.4288307456831222
0.4288307456831222
0.4288307456831222
0.4288307456831222
0.4288307456831222
0.4288307456831222
0.4288307456831222
0.4288307456831222
0.4288307456831222
0.4288307456831222
0.4288307456831222
0.4288307456831222
0.4288307456831222
0.4288307456831222
0.4288307456831222
0.4288307456831222
0.4288307456831222
0.4288307456831222
0.4288307456831222
0.4288307456831222
0.4288307456831222
0.4288307456831222
0.4288307456831222
0.4288307456831222
0.4288307456831222
0.4288307456831222
0.4288307456831222
0.4288307456831222
0.4288307456831222
0.4288307456831222
0.4288307456831222
0.4288307456831222
0.4288307456831222
0.4288307456831222
0.4288307456831222
0.4288307456831222
0.4288307456831222
0.4288307456831222
0.4288307456831222
0.4288307456831222
0.4288307456831222
0.4288307456831222
0.4288307456831222
0.4288307456831222
0.4288307456831222
0.4288307456831222
0.4288307456831222
0.4288307456831222
0.4288307456831222
0.4288307456831222
0.4288307456831222
0.4288307456831222
0.4288307456831222
0.4288307456831222
0.4288307456831222
0.4288307456831222
0.4288307456831222
0.4288307456831222
0.4288307456831222
0.4288307456831222
0.4288307456831222
0.4288307456831222
0.4288307456831222
0.4288307456831222
0.4288307456831222
0.4288307456831222
0.4288307456831222
0.4288307456831222
0.4288307456831222
0.4288307456831222
0.4288307456831222
0.4288307456831222
0.4288307456831222
0.4288307456831222
0.4288307456831222
0.4288307456831222
0.4288307456831222
0.4288307456831222
0.4288307456831222
0.4288307456831222
0.4288307456831222
0.4288307456831222
0.4288307456831222
0.4288307456831222
0.4288307456831222
0.4288307456831222
0.4288307456831222
0.4288307456831222
0.4288307456831222
0.4288307456831222
0.4288307456831222
0.4288307456831222
0.4288307456831222
0.4288307456831222
0.4288307456831222
0.4288307456831222
0.4288307456831222
0.4288307456831222
0.4288307456831222
0.4288307456831222
0.4288307456831222
0.4288307456831222
0.4288307456831222
0.4288307456831222
0.4288307456831222
0.4288307456831222
0.4288307456831222
0.4288307456831222
0.4288307456831222
0.4288307456831222
0.4288307456831222
0.4288307456831222
0.4288307456831222
0.4288307456831222
0.4288307456831222
0.4288307456831222
0.4288307456831222
0.4288307456831222
0.4288307456831222
0.4288307456831222
0.4288307456831222
0.4288307456831222
0.4288307456831222
0.4288307456831222
0.4288307456831222
0.4288307456831222
0.4288307456831222
0.4288307456831222
0.4288307456831222
0.4288307456831222
0.4288307456831222
0.4288307456831222
0.4288307456831222
0.4288307456831222
0.4288307456831222
0.4288307456831222
0.4288307456831222
0.4288307456831222
0.4288307456831222
0.4288307456831222
0.4288307456831222
0.4288307456831222
0.4288307456831222
0.4288307456831222
0.4288307456831222
0.4288307456831222
0.4288307456831222
0.4288307456831222
0.4288307456831222
0.4288307456831222
0.4288307456831222
0.4288307456831222
0.4288307456831222
0.4288307456831222
0.4288307456831222
0.4288307456831222
0.4288307456831222
0.4288307456831222
0.4288307456831222
0.4288307456831222
0.4288307456831222
0.4288307456831222
0.4288307456831222
0.4288307456831222
0.4288307456831222
0.4288307456831222
0.4288307456831222
0.4288307456831222
0.4288307456831222
0.4288307456831222
0.4288307456831222
0.4288307456831222
0.4288307456831222
0.4288307456831222
0.4288307456831222
0.4288307456831222
0.4288307456831222
0.4288307456831222
0.4288307456831222
0.4288307456831222
0.4288307456831222
0.4288307456831222
0.4288307456831222
0.4288307456831222
0.4288307456831222
0.4288307456831222
0.4288307456831222
0.4288307456831222
0.4288307456831222
0.4288307456831222
0.4288307456831222
0.4288307456831222
0.4288307456831222
0.4288307456831222
0.4288307456831222
0.4288307456831222
0.4288307456831222
0.4288307456831222
0.4288307456831222
0.4288307456831222
0.4288307456831222
0.4288307456831222
0.4288307456831222
0.4288307456831222
0.4288307456831222
0.4288307456831222
0.4288307456831222
0.4288307456831222
0.4288307456831222
0.4288307456831222
0.4288307456831222
0.4288307456831222
0.4288307456831222
0.4288307456831222
0.4288307456831222
0.4288307456831222
0.4288307456831222
0.4288307456831222
0.4288307456831222
0.4288307456831222
0.4288307456831222
0.4288307456831222
0.4288307456831222
0.4288307456831222
0.4288307456831222
0.4288307456831222
0.4288307456831222
0.4288307456831222
0.4288307456831222
0.4288307456831222
0.4288307456831222
0.4288307456831222
0.4288307456831222
0.4288307456831222
0.4288307456831222
0.4288307456831222
0.4288307456831222
0.4288307456831222
0.4288307456831222
0.4288307456831222
0.4288307456831222
0.4288307456831222
0.4288307456831222
0.4288307456831222
0.4288307456831222
0.4288307456831222
0.4288307456831222
0.4288307456831222
0.4288307456831222
0.4288307456831222
0.4288307456831222
0.4288307456831222
0.4288307456831222
0.4288307456831222
0.4288307456831222
0.4288307456831222
0.4288307456831222
0.4288307456831222
0.4288307456831222
0.4288307456831222
0.4288307456831222
0.4288307456831222
0.4288307456831222
0.4288307456831222
0.4288307456831222
0.4288307456831222
0.4288307456831222
0.4288307456831222
0.4288307456831222
0.4288307456831222
0.4288307456831222
0.4288307456831222
0.4288307456831222
0.4288307456831222
0.4288307456831222
0.4288307456831222
0.4288307456831222
0.4288307456831222
0.4288307456831222
0.4288307456831222
0.4288307456831222
0.4288307456831222
0.4288307456831222
0.4288307456831222
0.4288307456831222
0.4288307456831222
0.4288307456831222
0.4288307456831222
0.4288307456831222
0.4288307456831222
0.4288307456831222
0.4288307456831222
0.4288307456831222
0.4288307456831222
0.4288307456831222
0.4288307456831222
0.4288307456831222
0.4288307456831222
0.4288307456831222
0.4288307456831222
0.4288307456831222
0.4288307456831222
0.4288307456831222
0.4288307456831222
0.4288307456831222
0.4288307456831222
0.4288307456831222
0.4288307456831222
0.4288307456831222
0.4288307456831222
0.4288307456831222
0.4288307456831222
0.4288307456831222
0.4288307456831222
0.4288307456831222
0.4288307456831222
0.4288307456831222
0.4288307456831222
0.4288307456831222
0.4288307456831222
0.4288307456831222
0.4288307456831222
0.4288307456831222
0.4288307456831222
0.4288307456831222
0.4288307456831222
0.4288307456831222
0.4288307456831222
0.4288307456831222
0.4288307456831222
0.4288307456831222
0.4288307456831222
0.4288307456831222
0.4288307456831222
0.4288307456831222
0.4288307456831222
0.4288307456831222
0.4288307456831222
0.4288307456831222
0.4288307456831222
0.4288307456831222
0.4288307456831222
0.4288307456831222
0.4288307456831222
0.4288307456831222
0.4288307456831222
0.4288307456831222
0.4288307456831222
0.4288307456831222
0.4288307456831222
0.4288307456831222
0.4288307456831222
0.4288307456831222
0.4288307456831222
0.4288307456831222
0.4288307456831222
0.4288307456831222
0.4288307456831222
0.4288307456831222
0.4288307456831222
0.4288307456831222
0.4288307456831222
0.4288307456831222
0.4288307456831222
0.4288307456831222
0.4288307456831222
0.4288307456831222
0.4288307456831222
0.4288307456831222
0.4288307456831222
0.4288307456831222
0.4288307456831222
0.4288307456831222
0.4288307456831222
0.4288307456831222
0.4288307456831222
0.4288307456831222
0.4288307456831222
0.4288307456831222
0.4288307456831222
0.4288307456831222
0.4288307456831222
0.4288307456831222
0.4288307456831222
0.4288307456831222
0.4288307456831222
0.4288307456831222
0.4288307456831222
0.4288307456831222
0.4288307456831222
0.4288307456831222
0.4288307456831222
0.4288307456831222
0.4288307456831222
0.4288307456831222
0.4288307456831222
0.4288307456831222
0.4288307456831222
0.4288307456831222
0.4288307456831222
0.4288307456831222
0.4288307456831222
0.4288307456831222
0.4288307456831222
0.4288307456831222
0.4288307456831222
0.4288307456831222
0.4288307456831222
0.4288307456831222
0.4288307456831222
0.4288307456831222
0.4288307456831222
0.4288307456831222
0.4288307456831222
0.4288307456831222
0.4288307456831222
0.4288307456831222
0.4288307456831222
0.4288307456831222
0.4288307456831222
0.4288307456831222
0.4288307456831222
0.4288307456831222
0.4288307456831222
0.4288307456831222
0.4288307456831222
0.4288307456831222
0.4288307456831222
0.4288307456831222
0.4288307456831222
0.4288307456831222
0.4288307456831222
0.4288307456831222
0.4288307456831222
0.4288307456831222
0.4288307456831222
0.4288307456831222
0.4288307456831222
0.4288307456831222
0.4288307456831222
0.4288307456831222
0.4288307456831222
0.4288307456831222
0.4288307456831222
0.4288307456831222
0.4288307456831222
0.4288307456831222
0.4288307456831222
0.4288307456831222
0.4288307456831222
0.4288307456831222
0.4288307456831222
0.4288307456831222
0.4288307456831222
0.4288307456831222
0.4288307456831222
0.4288307456831222
0.4288307456831222
0.4288307456831222
0.4288307456831222
0.4288307456831222
0.4288307456831222
0.4288307456831222
0.4288307456831222
0.4288307456831222
0.4288307456831222
0.4288307456831222
0.4288307456831222
0.4288307456831222
0.4288307456831222
0.4288307456831222
0.4288307456831222
0.4288307456831222
0.4288307456831222
0.4288307456831222
0.4288307456831222
0.4288307456831222
0.4288307456831222
0.4288307456831222
0.4288307456831222
0.4288307456831222
0.4288307456831222
0.4288307456831222
0.4288307456831222
0.4288307456831222
0.4288307456831222
0.4288307456831222
0.4288307456831222
0.4288307456831222
0.4288307456831222
0.4288307456831222
0.4288307456831222
0.4288307456831222
0.4288307456831222
0.4288307456831222
0.4288307456831222
0.4288307456831222
0.4288307456831222
0.4288307456831222
0.4288307456831222
0.4288307456831222
0.4288307456831222
0.4288307456831222
0.4288307456831222
0.4288307456831222
0.4288307456831222
0.4288307456831222
0.4288307456831222
0.4288307456831222
0.4288307456831222
0.4288307456831222
0.4288307456831222
0.4288307456831222
0.4288307456831222
0.4288307456831222
0.4288307456831222
0.4288307456831222
0.4288307456831222
0.4288307456831222
0.4288307456831222
0.4288307456831222
0.4288307456831222
0.4288307456831222
0.4288307456831222
0.4288307456831222
0.4288307456831222
0.4288307456831222
0.4288307456831222
0.4288307456831222
0.4288307456831222
0.4288307456831222
0.4288307456831222
0.4288307456831222
0.4288307456831222
0.4288307456831222
0.4288307456831222
0.4288307456831222
0.4288307456831222
0.4288307456831222
0.4288307456831222
0.4288307456831222
0.4288307456831222
0.4288307456831222
0.4288307456831222
0.4288307456831222
0.4288307456831222
0.4288307456831222
0.4288307456831222
0.4288307456831222
0.4288307456831222
0.4288307456831222
0.4288307456831222
0.4288307456831222
0.4288307456831222
0.4288307456831222
0.4288307456831222
0.4288307456831222
0.4288307456831222
0.4288307456831222
0.4288307456831222
0.4288307456831222
0.4288307456831222
0.4288307456831222
0.4288307456831222
0.4288307456831222
0.4288307456831222
0.4288307456831222
0.4288307456831222
0.4288307456831222
0.4288307456831222
0.4288307456831222
0.4288307456831222
0.4288307456831222
0.4288307456831222
0.4288307456831222
0.4288307456831222
0.4288307456831222
0.4288307456831222
0.4288307456831222
0.4288307456831222
0.4288307456831222
0.4288307456831222
0.4288307456831222
0.4288307456831222
0.4288307456831222
0.4288307456831222
0.4288307456831222
0.4288307456831222
0.4288307456831222
0.4288307456831222
0.4288307456831222
0.4288307456831222
0.4288307456831222
0.4288307456831222
0.4288307456831222
0.4288307456831222
0.4288307456831222
0.4288307456831222
0.4288307456831222
0.4288307456831222
0.4288307456831222
0.4288307456831222
0.4288307456831222
0.4288307456831222
0.4288307456831222
0.4288307456831222
0.4288307456831222
0.4288307456831222
0.4288307456831222
0.4288307456831222
0.4288307456831222
0.4288307456831222
0.4288307456831222
0.4288307456831222
0.4288307456831222
0.4288307456831222
0.4288307456831222
0.4288307456831222
0.4288307456831222
0.4288307456831222
0.4288307456831222
0.4288307456831222
0.4288307456831222
0.4288307456831222
0.4288307456831222
0.4288307456831222
0.4288307456831222
0.4288307456831222
0.4288307456831222
0.4288307456831222
0.4288307456831222
0.4288307456831222
0.4288307456831222
0.4288307456831222
0.4288307456831222
0.4288307456831222
0.4288307456831222
0.4288307456831222
0.4288307456831222
0.4288307456831222
0.4288307456831222
0.4288307456831222
0.4288307456831222
0.4288307456831222
0.4288307456831222
0.4288307456831222
0.4288307456831222
0.4288307456831222
0.4288307456831222
0.4288307456831222
0.4288307456831222
0.4288307456831222
0.4288307456831222
0.4288307456831222
0.4288307456831222
0.4288307456831222
0.4288307456831222
0.4288307456831222
0.4288307456831222
0.4288307456831222
0.4288307456831222
0.4288307456831222
0.4288307456831222
0.4288307456831222
0.4288307456831222
0.4288307456831222
0.4288307456831222
0.4288307456831222
0.4288307456831222
0.4288307456831222
0.4288307456831222
0.4288307456831222
0.4288307456831222
0.4288307456831222
0.4288307456831222
0.4288307456831222
0.4288307456831222
0.4288307456831222
0.4288307456831222
0.4288307456831222
0.4288307456831222
0.4288307456831222
0.4288307456831222
0.4288307456831222
0.4288307456831222
0.4288307456831222
0.4288307456831222
0.4288307456831222
0.4288307456831222
0.4288307456831222
0.4288307456831222
0.4288307456831222
0.4288307456831222
0.4288307456831222
0.4288307456831222
0.4288307456831222
0.4288307456831222
0.4288307456831222
0.4288307456831222
0.4288307456831222
0.4288307456831222
0.4288307456831222
0.4288307456831222
0.4288307456831222
0.4288307456831222
0.4288307456831222
0.4288307456831222
0.4288307456831222
0.4288307456831222
0.4288307456831222
0.4288307456831222
0.4288307456831222
0.4288307456831222
0.4288307456831222
0.4288307456831222
0.4288307456831222
0.4288307456831222
0.4288307456831222
0.4288307456831222
0.4288307456831222
0.4288307456831222
0.4288307456831222
0.4288307456831222
0.4288307456831222
0.4288307456831222
0.4288307456831222
0.4288307456831222
0.4288307456831222
0.4288307456831222
0.4288307456831222
0.4288307456831222
0.4288307456831222
0.4288307456831222
0.4288307456831222
0.4288307456831222
0.4288307456831222
0.4288307456831222
0.4288307456831222
0.4288307456831222
0.4288307456831222
0.4288307456831222
0.4288307456831222
0.4288307456831222
0.4288307456831222
0.4288307456831222
0.4288307456831222
0.4288307456831222
0.4288307456831222
0.4288307456831222
0.4288307456831222
0.4288307456831222
0.4288307456831222
0.4288307456831222
0.4288307456831222
0.4288307456831222
0.4288307456831222
0.4288307456831222
0.4288307456831222
0.4288307456831222
0.4288307456831222
0.4288307456831222
0.4288307456831222
0.4288307456831222
0.4288307456831222
0.4288307456831222
0.4288307456831222
0.4288307456831222
0.4288307456831222
0.4288307456831222
0.4288307456831222
0.4288307456831222
0.4288307456831222
0.4288307456831222
0.4288307456831222
0.4288307456831222
0.4288307456831222
0.4288307456831222
0.4288307456831222
0.4288307456831222
0.4288307456831222
0.4288307456831222
0.4288307456831222
0.4288307456831222
0.4288307456831222
0.4288307456831222
0.4288307456831222
0.4288307456831222
0.4288307456831222
0.4288307456831222
0.4288307456831222
0.4288307456831222
0.4288307456831222
0.4288307456831222
0.4288307456831222
0.4288307456831222
0.4288307456831222
0.4288307456831222
0.4288307456831222
0.4288307456831222
0.4288307456831222
0.4288307456831222
0.4288307456831222
0.4288307456831222
0.4288307456831222
0.4288307456831222
0.4288307456831222
0.4288307456831222
0.4288307456831222
0.4288307456831222
0.4288307456831222
0.4288307456831222
0.4288307456831222
0.4288307456831222
0.4288307456831222
0.4288307456831222
0.4288307456831222
0.4288307456831222
0.4288307456831222
0.4288307456831222
0.4288307456831222
0.4288307456831222
0.4288307456831222
0.4288307456831222
0.4288307456831222
0.4288307456831222
0.4288307456831222
0.4288307456831222
0.4288307456831222
0.4288307456831222
0.4288307456831222
0.4288307456831222
0.4288307456831222
0.4288307456831222
0.4288307456831222
0.4288307456831222
0.4288307456831222
0.4288307456831222
0.4288307456831222
0.4288307456831222
0.4288307456831222
0.4288307456831222
0.4288307456831222
0.4288307456831222
0.4288307456831222
0.4288307456831222
0.4288307456831222
0.4288307456831222
0.4288307456831222
0.4288307456831222
0.4288307456831222
0.4288307456831222
0.4288307456831222
0.4288307456831222
0.4288307456831222
0.3305580859687788
0.3305580859687788
0.3305580859687788
0.3305580859687788
0.3305580859687788
0.3305580859687788
0.3305580859687788
0.3305580859687788
0.3305580859687788
0.3305580859687788
0.3305580859687788
0.3305580859687788
0.3305580859687788
0.3305580859687788
0.3305580859687788
0.3305580859687788
0.3305580859687788
0.3305580859687788
0.3305580859687788
0.3305580859687788
0.3305580859687788
0.3305580859687788
0.3305580859687788
0.3305580859687788
0.3305580859687788
0.3305580859687788
0.3305580859687788
0.3305580859687788
0.3305580859687788
0.3305580859687788
0.3305580859687788
0.3305580859687788
0.3305580859687788
0.3305580859687788
0.3305580859687788
0.3305580859687788
0.3305580859687788
0.3305580859687788
0.3305580859687788
0.3305580859687788
0.3305580859687788
0.3305580859687788
0.3305580859687788
0.3305580859687788
0.3305580859687788
0.3305580859687788
0.3305580859687788
0.3305580859687788
0.3305580859687788
0.3305580859687788
0.3305580859687788
0.3305580859687788
0.3305580859687788
0.3305580859687788
0.3305580859687788
0.3305580859687788
0.3305580859687788
0.3305580859687788
0.3305580859687788
0.3305580859687788
0.3305580859687788
0.3305580859687788
0.3305580859687788
0.3305580859687788
0.3305580859687788
0.3305580859687788
0.3305580859687788
0.3305580859687788
0.3305580859687788
0.3305580859687788
0.3305580859687788
0.3305580859687788
0.3305580859687788
0.3305580859687788
0.3305580859687788
0.3305580859687788
0.3305580859687788
0.3305580859687788
0.3305580859687788
0.3305580859687788
0.3305580859687788
0.3305580859687788
0.3305580859687788
0.3305580859687788
0.3305580859687788
0.3305580859687788
0.3305580859687788
0.3305580859687788
0.3305580859687788
0.3305580859687788
0.3305580859687788
0.3305580859687788
0.3305580859687788
0.3305580859687788
0.3305580859687788
0.3305580859687788
0.3305580859687788
0.3305580859687788
0.3305580859687788
0.3305580859687788
0.3305580859687788
0.3305580859687788
0.3305580859687788
0.3305580859687788
0.3305580859687788
0.3305580859687788
0.3305580859687788
0.3305580859687788
0.3305580859687788
0.3305580859687788
0.3305580859687788
0.3305580859687788
0.3305580859687788
0.3305580859687788
0.3305580859687788
0.3305580859687788
0.3305580859687788
0.3305580859687788
0.3305580859687788
0.3305580859687788
0.3305580859687788
0.3305580859687788
0.3305580859687788
0.3305580859687788
0.3305580859687788
0.3305580859687788
0.3305580859687788
0.3305580859687788
0.3305580859687788
0.3305580859687788
0.3305580859687788
0.3305580859687788
0.3305580859687788
0.3305580859687788
0.3305580859687788
0.3305580859687788
0.3305580859687788
0.3305580859687788
0.3305580859687788
0.3305580859687788
0.3305580859687788
0.3305580859687788
0.3305580859687788
0.3305580859687788
0.3305580859687788
0.3305580859687788
0.3305580859687788
0.3305580859687788
0.3305580859687788
0.3305580859687788
0.3305580859687788
0.3305580859687788
0.3305580859687788
0.3305580859687788
0.3305580859687788
0.3305580859687788
0.3305580859687788
0.3305580859687788
0.3305580859687788
0.3305580859687788
0.3305580859687788
0.3305580859687788
0.3305580859687788
0.3305580859687788
0.3305580859687788
0.3305580859687788
0.3305580859687788
0.3305580859687788
0.3305580859687788
0.3305580859687788
0.3305580859687788
0.3305580859687788
0.3305580859687788
0.3305580859687788
0.3305580859687788
0.3305580859687788
0.3305580859687788
0.3305580859687788
0.3305580859687788
0.3305580859687788
0.3305580859687788
0.3305580859687788
0.3305580859687788
0.3305580859687788
0.3305580859687788
0.3305580859687788
0.3305580859687788
0.3305580859687788
0.3305580859687788
0.3305580859687788
0.3305580859687788
0.3305580859687788
0.3305580859687788
0.3305580859687788
0.3305580859687788
0.3305580859687788
0.3305580859687788
0.3305580859687788
0.3305580859687788
0.3305580859687788
0.3305580859687788
0.3305580859687788
0.3305580859687788
0.3305580859687788
0.3305580859687788
0.3305580859687788
0.3305580859687788
0.3305580859687788
0.3305580859687788
0.3305580859687788
0.3305580859687788
0.3305580859687788
0.3305580859687788
0.3305580859687788
0.3305580859687788
0.3305580859687788
0.3305580859687788
0.3305580859687788
0.3305580859687788
0.3305580859687788
0.3305580859687788
0.3305580859687788
0.3305580859687788
0.3305580859687788
0.3305580859687788
0.3305580859687788
0.3305580859687788
0.3305580859687788
0.3305580859687788
0.3305580859687788
0.3305580859687788
0.3305580859687788
0.3305580859687788
