55742.02663379561
55635.2432832878
55329.30160462841
54966.27792896078
54693.391364651245
54505.991358618936
54280.367346805164
54280.367346805164
54239.80472190262
54108.59048216334
54103.4810307756
54103.4810307756
54103.4810307756
53917.84840332203
53841.28154134496
53795.32988582771
53795.32988582771
53795.32988582771
53618.24156717288
53618.24156717288
53618.24156717288
53478.192858439215
53478.192858439215
53478.192858439215
53478.192858439215
53089.32630703574
53089.32630703574
53089.32630703574
52577.770470722506
52577.770470722506
52577.770470722506
52577.770470722506
52518.78720441019
52518.78720441019
52518.78720441019
52470.729420628406
52470.729420628406
52470.729420628406
52470.729420628406
52146.29834845903
52146.29834845903
52146.29834845903
52146.29834845903
52146.29834845903
51961.32258474434
51712.61783147308
51626.34510167949
51626.34510167949
51542.37499540591
51507.8007650696
51507.8007650696
51339.55896612607
51339.55896612607
50865.07541751694
50865.07541751694
50674.99904735411
50674.99904735411
50667.06692777281
50667.06692777281
50466.37600487323
50255.55541043683
50255.55541043683
50255.55541043683
50255.55541043683
50255.55541043683
50255.55541043683
50094.60658020877
50094.60658020877
50033.02572112542
50033.02572112542
50033.02572112542
50033.02572112542
49723.109820073245
49575.64602010569
49431.9203062493
49383.30027091654
49174.490342331796
49174.490342331796
48965.70839078468
48965.70839078468
48965.70839078468
48522.95070359126
48522.95070359126
48466.8734578917
48466.8734578917
48466.8734578917
48466.8734578917
48246.15788709522
48246.15788709522
48236.50071481688
47923.88105501558
47900.93746685839
47900.93746685839
47582.720276523476
47582.720276523476
47523.57109410747
47209.752551689155
47141.46515641679
47141.46515641679
47141.46515641679
47068.0985153998
47068.0985153998
46848.10957836676
46848.10957836676
46607.50187286759
46607.50187286759
46607.50187286759
46484.49934229176
46484.49934229176
46484.49934229176
46484.49934229176
46484.49934229176
46484.49934229176
46266.42492296162
45916.38423041796
45897.646332515294
45897.646332515294
45897.646332515294
45638.924117430375
45573.969958640446
45573.969958640446
45511.201480708914
45459.57133638252
45459.57133638252
45342.607946474374
45342.607946474374
45156.959558461975
45080.894141019446
45080.894141019446
44875.08056540149
44726.33594392618
44726.33594392618
44624.31994354802
44543.651179633576
44543.651179633576
44543.651179633576
44543.651179633576
44543.651179633576
44543.651179633576
44543.651179633576
44543.651179633576
44543.19350095309
44445.04574795459
44445.04574795459
44445.04574795459
44287.5653521042
44093.335677212795
44084.71529397943
44054.296588313315
44054.296588313315
44054.296588313315
44054.296588313315
43945.88688987915
43945.88688987915
43777.33475354319
43750.46953600557
43663.900829534294
43568.093958645164
43364.738323813115
42963.58393689341
42854.6556772997
42854.6556772997
42854.6556772997
42854.6556772997
42854.6556772997
42854.6556772997
42854.6556772997
42733.59980439809
42339.983364204316
42339.983364204316
42339.983364204316
42339.983364204316
42335.12362415508
42275.345226403435
42275.345226403435
42098.50746668714
42095.811905996576
42095.811905996576
42095.811905996576
42095.811905996576
42095.811905996576
42095.811905996576
42095.811905996576
42095.811905996576
41886.2503348209
41482.896536073655
41434.43868655994
41434.43868655994
41434.43868655994
41346.51103195361
41289.625632388044
41141.23308583549
40997.060427397155
40997.060427397155
40997.060427397155
40934.45849088874
40871.076694014744
40871.076694014744
40871.076694014744
40813.23264843438
40813.23264843438
40813.23264843438
40764.25947577573
40764.25947577573
40764.25947577573
40552.556833608156
40523.7213515528
40143.24676572488
40125.288467046754
39554.62151280536
39286.05050267043
39151.19745473766
39151.19745473766
39121.712805834344
39121.712805834344
39121.712805834344
39121.712805834344
39121.712805834344
39121.712805834344
38709.29360596556
38614.89189138594
38594.138271519434
38594.138271519434
38323.3404035687
38263.95238667597
38263.95238667597
38263.95238667597
38263.95238667597
38263.95238667597
37901.19195554037
37763.89229832187
37763.89229832187
37715.08409722826
37715.08409722826
37715.08409722826
37715.08409722826
37715.08409722826
37683.06511463339
37506.10801800532
37309.74378015366
37309.74378015366
37309.74378015366
37181.03045058102
36909.31430795711
36472.66207006636
36409.06121915284
36298.51838426954
36296.138456295936
36296.138456295936
36024.56114316478
35814.35787717073
35814.35787717073
35720.16437565936
35517.07892415774
35517.07892415774
35517.07892415774
35305.65948597053
35076.224536203925
35015.33604042438
34492.58595419263
34463.802616439956
34463.802616439956
34323.518469451956
34323.518469451956
34323.518469451956
34202.32926253664
33957.70220936311
33949.01649340966
33824.8821102361
33663.33680026827
33613.73814183968
33438.07226917839
33221.70226510949
33161.11384654041
33003.89990143976
33003.89990143976
33003.89990143976
33003.89990143976
32936.87547915838
32936.87547915838
32936.87547915838
32936.87547915838
32864.59390309381
32864.59390309381
32864.59390309381
32864.59390309381
32731.997094422408
32574.0910332105
32574.0910332105
32415.112953209806
32415.112953209806
32259.70054400823
32259.70054400823
32223.539037636954
32223.539037636954
32223.539037636954
32050.07859206362
32050.07859206362
32050.07859206362
32050.07859206362
31819.327925203284
31819.327925203284
31735.317037513585
31735.317037513585
31495.920289513873
31495.920289513873
31495.920289513873
31366.91600331137
31366.91600331137
31098.182364295095
31098.182364295095
31098.182364295095
31054.77977446548
31054.77977446548
31054.77977446548
31054.77977446548
31054.77977446548
30890.417227473437
30890.417227473437
30890.417227473437
30890.417227473437
30835.102509934248
30520.274956956815
30457.62430405675
30345.68666335422
30345.68666335422
30208.530362347898
30208.530362347898
30145.93118853076
30145.93118853076
30119.979921811628
29834.38586340763
29744.79590989134
29744.79590989134
29505.34550174274
29261.569751505973
29261.569751505973
29224.86641236597
29040.35622944024
29040.35622944024
29017.64291278102
29005.53036421595
29005.53036421595
29005.53036421595
28835.397360985084
28574.289297103714
28574.289297103714
28574.289297103714
28574.289297103714
28574.289297103714
28493.92624474948
28493.92624474948
28429.100735644206
28429.100735644206
28146.234691752117
27990.65481353348
27895.388844151563
27895.388844151563
27895.388844151563
27641.962054366206
27641.962054366206
27610.97285228302
27610.97285228302
27610.97285228302
27610.97285228302
27544.925820050215
27506.37542764268
27506.37542764268
27506.37542764268
27506.37542764268
27506.37542764268
27506.37542764268
27506.37542764268
27506.37542764268
27506.37542764268
27506.37542764268
27506.37542764268
27506.37542764268
27461.63979802633
27439.10651503643
27439.10651503643
27396.445653864
27396.445653864
27283.8202134168
27207.641780875874
27207.641780875874
27125.075313579953
27038.49000220189
27038.49000220189
27038.49000220189
27038.49000220189
26950.387435621
26888.063398161255
26888.063398161255
26888.063398161255
26698.972876546486
26682.173252420765
26682.173252420765
26664.673841938424
26501.25572833987
26488.252253330327
26488.252253330327
26488.252253330327
26488.252253330327
26488.252253330327
26463.551747541595
26463.551747541595
26361.199229092632
26296.882632347653
26290.415301978683
26290.415301978683
26253.584124370827
26253.584124370827
26253.584124370827
26072.927384602146
26072.927384602146
26072.927384602146
26072.927384602146
25935.930737269344
25889.584098321167
25889.584098321167
25885.242708431866
25861.034832626414
25861.034832626414
25791.85496374793
25791.85496374793
25791.85496374793
25791.85496374793
25791.85496374793
25791.85496374793
25791.85496374793
25719.91469292814
25655.20101259005
25655.20101259005
25655.20101259005
25519.800088965956
25519.800088965956
25519.800088965956
25519.800088965956
25519.800088965956
25519.800088965956
25319.965805332162
25319.965805332162
25261.96453827263
25117.202854045714
25066.800117640316
25066.800117640316
24777.128065738652
24690.091223138214
24685.27016809244
24685.27016809244
24685.27016809244
24685.27016809244
24685.27016809244
24549.463438764185
24373.216413339484
24172.403538688766
24104.70898465873
24104.70898465873
24104.70898465873
24104.70898465873
24104.70898465873
24104.70898465873
24104.70898465873
23914.577152274534
23633.765078709173
23425.371052688704
23425.371052688704
23386.790284896288
23370.245310237297
23370.245310237297
23370.245310237297
23370.245310237297
23370.245310237297
23329.220610245626
23329.220610245626
23329.220610245626
22816.502893578894
22816.502893578894
22758.22312854797
22706.095728273
22608.39419010108
22501.632677354282
22311.904238741638
22028.02949369508
21827.251756062462
21827.251756062462
21827.251756062462
21827.251756062462
21613.356059675585
21613.356059675585
21448.115610852183
21448.115610852183
21448.115610852183
21448.115610852183
21448.115610852183
21448.115610852183
21448.115610852183
21213.729197827764
20988.780619668883
20988.780619668883
20967.91037935596
20967.91037935596
20967.91037935596
20967.91037935596
20912.562626702547
20783.35620115812
20783.35620115812
20783.35620115812
20783.35620115812
20783.35620115812
20225.133714855827
20225.133714855827
20225.133714855827
20225.133714855827
20225.133714855827
20225.133714855827
20225.133714855827
20145.92923823099
20145.92923823099
20145.92923823099
20145.92923823099
20098.163899691994
20098.163899691994
19839.413180688287
19803.941213432012
19652.69979661418
19336.62234070142
19223.764420291234
19223.764420291234
19223.764420291234
19179.13973291465
19179.13973291465
19177.853067968314
18952.746123572608
18934.91811329946
18934.91811329946
18934.91811329946
18881.314828669198
18833.796707480633
18833.796707480633
18819.987798412414
18819.987798412414
18803.11032466543
18704.240911914032
18695.179250886606
18695.179250886606
18695.179250886606
18561.593686192416
18341.57753314899
18305.417683884178
18305.417683884178
18305.417683884178
18271.208001626634
18143.69172623598
18143.69172623598
18143.69172623598
18120.880499794115
18057.04548237833
18057.04548237833
18035.24150135218
18035.24150135218
18035.24150135218
17967.593956969646
17967.593956969646
17967.593956969646
17886.390629228597
17886.390629228597
17886.390629228597
17770.599176573192
17770.599176573192
17770.599176573192
17770.599176573192
17642.458116351514
17642.458116351514
17421.014277125545
17421.014277125545
17421.014277125545
17421.014277125545
17421.014277125545
17421.014277125545
17351.49722484143
17245.946878361192
17195.086663343638
17195.086663343638
17186.971829547434
17186.971829547434
17152.26009220808
17152.26009220808
17126.27590228597
16843.084359752997
16817.987198524686
16817.987198524686
16817.987198524686
16780.3214865334
16769.500897410737
16769.500897410737
16445.07283724204
16445.07283724204
16344.005105592882
16344.005105592882
16344.005105592882
16344.005105592882
16252.662348924317
16252.662348924317
16252.662348924317
16141.01121901833
15915.395401110965
15915.395401110965
15915.395401110965
15711.734323256216
15711.734323256216
15711.734323256216
15711.734323256216
15711.734323256216
15711.734323256216
15523.85271520959
15280.332070152152
15157.11382973551
15157.11382973551
15157.11382973551
14941.176704794409
14941.176704794409
14941.176704794409
14901.536991057175
14878.121342774608
14773.219345665548
14741.157979671145
14741.157979671145
14583.321583437068
14583.321583437068
14583.321583437068
14583.321583437068
14544.17654971385
14416.789960932241
14326.92573938431
14326.92573938431
14319.618211947221
14292.35556515376
14212.976365753892
14206.657621567305
14206.657621567305
14206.657621567305
14206.657621567305
14104.010752676288
14104.010752676288
14104.010752676288
14104.010752676288
14079.378160899698
14059.96843433484
13792.580888174594
13792.580888174594
13792.580888174594
13792.580888174594
13745.36950531174
13745.36950531174
13651.45644885517
13651.45644885517
13587.698856997677
13485.982584840329
13485.982584840329
13485.982584840329
13485.982584840329
13485.982584840329
13485.982584840329
13373.027853287429
13373.027853287429
13366.081960938069
13262.511950776974
13262.511950776974
13262.511950776974
13262.511950776974
13262.511950776974
13226.246691362987
13178.298130741336
13178.298130741336
13178.298130741336
13143.875897836922
13143.875897836922
13055.307554186831
13055.307554186831
13055.307554186831
13055.307554186831
13051.137011691933
12941.106507898492
12633.518819252382
12557.015545273378
12424.028190341514
12324.408205910868
12214.510594809813
12120.615861821145
12120.615861821145
12120.615861821145
12120.615861821145
12038.533475041313
12038.533475041313
12038.533475041313
12007.237640957585
12007.237640957585
12007.237640957585
11845.06825986824
11808.986237081042
11755.09886038727
11755.09886038727
11755.09886038727
11691.286339238939
11691.286339238939
11691.286339238939
11614.53989011871
11409.570334495362
11380.510800170328
11380.510800170328
11337.992039434834
11306.627284494569
11290.209895652511
11290.209895652511
11290.209895652511
11290.209895652511
11290.209895652511
11169.51566217059
11073.445309129114
11040.899014903705
11040.899014903705
11040.899014903705
10986.761013068146
10986.761013068146
10986.761013068146
10855.83380554697
10855.83380554697
10830.119417561798
10830.119417561798
10830.119417561798
10680.241358010187
10676.721115448694
10676.721115448694
10675.650144121513
10675.650144121513
10578.629546556405
10566.652676821264
10555.8985560286
10533.054807221957
10444.721652145576
10444.721652145576
10444.721652145576
10435.605164877381
10397.537695725454
10352.996289018442
10352.996289018442
10352.996289018442
10341.36207665249
10275.835458634454
10196.253798523414
10196.253798523414
10196.253798523414
10196.253798523414
10099.17031790582
10063.811180209197
10063.811180209197
10063.811180209197
10063.811180209197
9933.049834876081
9933.049834876081
9933.049834876081
9933.049834876081
9933.049834876081
9868.26024262229
9868.26024262229
9762.28086798734
9762.28086798734
9762.28086798734
9762.28086798734
9696.412822632517
9696.412822632517
9696.412822632517
9672.251620183279
9534.193052666868
9534.193052666868
9402.084055416019
9271.613789849138
9271.613789849138
9206.312517453593
9163.288342033356
9163.288342033356
9163.288342033356
9033.567158629865
9033.567158629865
9033.567158629865
8938.887744867989
8842.271262513408
8842.271262513408
8668.997155951703
8578.228200753987
8492.653606958267
8489.549072459427
8444.867127462832
8444.867127462832
8444.867127462832
8394.288849016182
8394.288849016182
8394.288849016182
8363.777415212064
8355.348964411402
8319.04084404902
8319.04084404902
8319.04084404902
8298.393325037556
8121.459440501389
8121.459440501389
8121.459440501389
8029.305820885804
8029.305820885804
7969.903761726484
7969.903761726484
7908.327138918902
7908.327138918902
7908.327138918902
7908.327138918902
7908.327138918902
7908.327138918902
7901.650534384004
7878.452272035188
7878.452272035188
7801.4008940065405
7801.4008940065405
7801.4008940065405
7594.865829755573
7594.865829755573
7594.865829755573
7594.865829755573
7594.865829755573
7361.171836992966
7353.2336040402115
7353.2336040402115
7353.2336040402115
7331.617758175851
7331.617758175851
7250.220674165923
7250.220674165923
7250.220674165923
7233.810896232527
7209.774465007935
7209.774465007935
7209.774465007935
7209.774465007935
7209.774465007935
7209.774465007935
7149.748355847025
7107.414973809926
7107.414973809926
7107.414973809926
7046.476477925312
7046.476477925312
7046.476477925312
7046.476477925312
7009.589417124628
7009.589417124628
7009.589417124628
6982.336813649848
6876.012839728383
6817.226412725752
6767.956297284707
6767.956297284707
6767.956297284707
6736.375950907955
6627.365246217421
6510.515940823728
6428.888277851935
6382.678145550271
6273.61165523224
6273.61165523224
6264.4392620819945
6264.4392620819945
6264.4392620819945
6234.821002094687
6234.821002094687
6234.821002094687
6234.821002094687
6234.821002094687
6234.821002094687
6234.821002094687
6234.821002094687
6234.821002094687
6129.303836736561
6117.4723769902
6084.566128635987
6084.566128635987
6084.566128635987
6023.215768226262
6023.215768226262
5956.4421755563735
5956.4421755563735
5956.4421755563735
5848.138751196739
5818.831949681266
5818.831949681266
5818.831949681266
5818.831949681266
5796.40501471874
5796.40501471874
5676.253054535628
5676.253054535628
5612.919371238109
5490.478091932074
5393.801757236105
5373.098473231243
5358.891728637869
5358.891728637869
5134.335160354156
5090.914799976818
5090.914799976818
5090.914799976818
5059.309267009799
5033.309027694442
4932.009043895454
4932.009043895454
4932.009043895454
4896.894933636024
4889.0726756548
4889.0726756548
4854.116410493611
4846.692341573825
4846.692341573825
4846.692341573825
4783.798352542387
4783.798352542387
4753.5268137656085
4676.376368008585
4641.025655167853
4641.025655167853
4639.232760442271
4609.548421816399
4609.548421816399
4520.768706486657
4520.768706486657
4520.768706486657
4520.768706486657
4520.768706486657
4520.768706486657
4512.591739966766
4512.591739966766
4512.591739966766
4470.257551306057
4385.486272950529
4329.794000762984
4329.794000762984
4241.390567086863
4241.390567086863
4138.059436266576
4000.5924701746876
4000.5924701746876
4000.5924701746876
4000.5924701746876
4000.5924701746876
4000.5924701746876
3927.107652726995
3927.107652726995
3907.0639889292474
3859.810771652197
3859.810771652197
3859.810771652197
3859.810771652197
3753.0056648643704
3753.0056648643704
3745.522461502757
3708.7571376021633
3706.1387159078236
3658.1918738998793
3524.9594510939105
3409.862864896605
3401.7496372962905
3342.504833344928
3342.504833344928
3322.036277446483
3322.036277446483
3296.0629112876504
3285.595682243195
3285.595682243195
3273.8164009569527
3202.6906739792466
3196.967241764055
3196.967241764055
3196.967241764055
3179.798158752522
3179.798158752522
3165.52810527043
3148.945659343359
3138.591137046892
3138.591137046892
3138.591137046892
2997.7326602640815
2973.476910460453
2973.476910460453
2973.476910460453
2960.436938030903
2960.436938030903
2960.436938030903
2960.436938030903
2960.436938030903
2960.436938030903
2952.901136691666
2952.901136691666
2925.1370770091153
2816.0120267277134
2705.1905184186767
2705.1905184186767
2703.4251015181962
2703.4251015181962
2679.107680637404
2679.107680637404
2601.5978124194926
2601.5978124194926
2601.5978124194926
2571.8128181622687
2571.8128181622687
2571.8128181622687
2539.2675566389216
2539.2675566389216
2520.843978492075
2497.5136618458164
2497.5136618458164
2497.5136618458164
2399.737918265338
2387.8537860115357
2373.397614179256
2373.397614179256
2373.397614179256
2313.475131112701
2311.999049328649
2262.0403520682457
2227.4770245350282
2227.4770245350282
2212.143957946363
2160.3963789879067
2159.139061204272
2147.5406340811423
2147.5406340811423
2136.5921238478645
2123.262042259146
2123.262042259146
2102.0294966739752
2078.5295423508246
2078.5295423508246
1993.6447458884495
1947.0893242173
1947.0893242173
1928.0275616436234
1928.0275616436234
1912.7474739063573
1889.9715970829864
1889.9715970829864
1889.9715970829864
1843.2385502418406
1806.7432035901863
1806.7432035901863
1806.7432035901863
1806.7432035901863
1780.5724725613386
1780.5724725613386
1780.5724725613386
1780.5724725613386
1774.0842451941933
1774.0842451941933
1774.0842451941933
1774.0842451941933
1774.0842451941933
1774.0842451941933
1768.0053573044788
1768.0053573044788
1700.666445969058
1691.8420167226325
1691.8420167226325
1691.8420167226325
1654.7679386868394
1615.9888688651156
1615.9888688651156
1615.9888688651156
1580.4169815071616
1580.4169815071616
1580.4169815071616
1569.2022850813912
1539.3400854042818
1533.8217886123207
1533.8217886123207
1491.1595091793342
1491.1595091793342
1491.1595091793342
1457.6436801772618
1435.3635869377194
1415.3746387312615
1386.0401405615376
1315.2588454335114
1315.2588454335114
1315.2588454335114
1315.2588454335114
1315.2588454335114
1315.2588454335114
1302.4186766797663
1302.4186766797663
1302.4186766797663
1302.4186766797663
1302.4186766797663
1209.9237639970593
1209.9237639970593
1209.9237639970593
1186.8585724315074
1163.3257622633364
1152.4787573450249
1111.5755892259774
1047.211543557417
1047.211543557417
1047.211543557417
1047.211543557417
1043.2799206319623
1019.4414691697945
1019.4414691697945
1019.4414691697945
994.9960125517314
994.9960125517314
994.9960125517314
994.9960125517314
994.9960125517314
994.9960125517314
930.7668051871057
930.7668051871057
913.0397842093408
913.0397842093408
908.7085500741465
908.7085500741465
902.422772293512
902.422772293512
886.5691568826508
883.893094840227
883.893094840227
883.893094840227
883.893094840227
883.893094840227
856.9804286527335
856.9804286527335
856.9804286527335
856.9804286527335
856.9804286527335
856.9804286527335
856.9804286527335
856.9804286527335
856.9804286527335
830.9219699628835
830.9219699628835
830.9219699628835
825.4322769428525
825.4322769428525
785.7147633904535
767.3731138987191
767.3731138987191
709.7670832907814
709.7670832907814
709.7670832907814
678.4287253688062
678.4287253688062
678.4287253688062
675.8948345061146
663.434242174337
651.7349561997898
651.7349561997898
628.9218259889091
604.5991238072091
597.396857473164
597.396857473164
579.8172319772247
571.2067598728694
571.2067598728694
516.4231728557829
492.22828601823187
492.22828601823187
482.49563415302094
476.92284527926444
476.92284527926444
476.92284527926444
470.55001571483854
458.43993602338503
458.43993602338503
458.43993602338503
458.43993602338503
437.7541418426178
426.3615714826522
426.3615714826522
403.21559667431086
403.21559667431086
397.2642897970507
397.2642897970507
386.4993298109304
382.77665533044757
382.77665533044757
382.77665533044757
368.0663303794235
368.0663303794235
368.0663303794235
368.0663303794235
362.9719364999389
353.7958328778154
353.7958328778154
317.8368617602798
317.8368617602798
317.8368617602798
297.2178254176896
297.2178254176896
296.30449889062675
278.0714132803742
244.38479604599272
244.38479604599272
244.38479604599272
234.2515576339159
234.2515576339159
225.0726950570243
225.0726950570243
214.64083094724762
214.64083094724762
194.05936969300978
194.05936969300978
194.05936969300978
194.05936969300978
194.05936969300978
194.05936969300978
174.99416144784502
174.99416144784502
174.99416144784502
161.37223675445878
155.53387301528988
154.58962432277548
154.58962432277548
152.80152857249482
152.80152857249482
135.21801187694948
128.81817538224595
128.81817538224595
128.81817538224595
128.81817538224595
128.81817538224595
128.75598065553422
128.75598065553422
128.75598065553422
126.46257994802689
126.46257994802689
113.89639608502307
113.89639608502307
113.89639608502307
108.7165311868042
101.85182976496809
101.85182976496809
101.85182976496809
101.85182976496809
100.95421626880434
100.95421626880434
98.84884409964042
98.84884409964042
98.84884409964042
98.84884409964042
98.84884409964042
98.84884409964042
98.84884409964042
77.57196210833158
77.57196210833158
77.57196210833158
75.19167577023616
67.33496823590337
67.33496823590337
67.33496823590337
67.33496823590337
66.5456253286923
66.5456253286923
66.5456253286923
66.5456253286923
66.5456253286923
64.5353876169254
55.3810055951509
55.3810055951509
55.3810055951509
55.3810055951509
55.3810055951509
55.3810055951509
55.3810055951509
42.23181202642573
38.644168200924874
38.644168200924874
38.644168200924874
38.644168200924874
37.527123566095774
37.527123566095774
36.74366264997316
31.83320773370787
31.83320773370787
27.711566113076646
25.69562322229882
25.4956325548438
25.386151357462207
25.386151357462207
19.80706891887362
19.80706891887362
19.80706891887362
19.80706891887362
19.80706891887362
19.80706891887362
17.572445570282685
17.572445570282685
17.572445570282685
17.572445570282685
15.421827456656482
15.421827456656482
15.421827456656482
14.118898347690235
14.118898347690235
14.118898347690235
14.118898347690235
14.118898347690235
13.012162310154205
13.012162310154205
13.012162310154205
13.012162310154205
10.269034378953634
10.269034378953634
9.75988990966242
9.75988990966242
9.75988990966242
8.460651941403588
8.460651941403588
8.460651941403588
8.460651941403588
8.080639596595592
6.251514030266132
6.251514030266132
6.231795499086262
6.231795499086262
6.231795499086262
6.231795499086262
6.231795499086262
4.129141191185134
4.129141191185134
4.129141191185134
4.129141191185134
4.129141191185134
4.129141191185134
3.746371870835989
3.746371870835989
3.131134254332659
3.131134254332659
3.131134254332659
3.131134254332659
3.131134254332659
3.131134254332659
3.131134254332659
3.131134254332659
3.131134254332659
3.131134254332659
3.131134254332659
3.131134254332659
3.131134254332659
3.131134254332659
3.131134254332659
3.131134254332659
3.131134254332659
3.131134254332659
3.131134254332659
3.131134254332659
3.131134254332659
3.131134254332659
3.131134254332659
3.131134254332659
3.131134254332659
3.131134254332659
3.131134254332659
3.131134254332659
3.131134254332659
3.131134254332659
3.131134254332659
3.131134254332659
3.131134254332659
3.131134254332659
3.131134254332659
3.131134254332659
3.131134254332659
3.131134254332659
3.131134254332659
3.131134254332659
2.9837439317264307
2.9837439317264307
2.9837439317264307
2.9837439317264307
2.170298675053104
2.170298675053104
2.170298675053104
2.170298675053104
2.170298675053104
2.170298675053104
2.170298675053104
2.170298675053104
2.170298675053104
2.170298675053104
2.170298675053104
1.5940198979751017
1.5940198979751017
1.5940198979751017
1.5940198979751017
1.5940198979751017
1.5940198979751017
1.5940198979751017
1.5940198979751017
1.5940198979751017
1.5940198979751017
1.5940198979751017
1.5940198979751017
1.5940198979751017
1.5940198979751017
1.5940198979751017
1.5940198979751017
1.5940198979751017
1.5940198979751017
1.5940198979751017
1.5940198979751017
1.5940198979751017
1.1710752465358096
1.1710752465358096
1.1710752465358096
1.1710752465358096
1.1710752465358096
1.1710752465358096
1.1710752465358096
1.1710752465358096
1.1710752465358096
1.1710752465358096
1.1710752465358096
1.1710752465358096
1.1710752465358096
1.1710752465358096
1.1710752465358096
1.1710752465358096
1.1710752465358096
1.1710752465358096
1.1710752465358096
1.1710752465358096
1.0006615108538328
1.0006615108538328
1.0006615108538328
1.0006615108538328
1.0006615108538328
1.0006615108538328
1.0006615108538328
1.0006615108538328
1.0006615108538328
1.0006615108538328
1.0006615108538328
1.0006615108538328
1.0006615108538328
1.0006615108538328
1.0006615108538328
1.0006615108538328
1.0006615108538328
1.0006615108538328
1.0006615108538328
1.0006615108538328
1.0006615108538328
1.0006615108538328
1.0006615108538328
1.0006615108538328
1.0006615108538328
1.0006615108538328
1.0006615108538328
1.0006615108538328
1.0006615108538328
1.0006615108538328
1.0006615108538328
1.0006615108538328
1.0006615108538328
1.0006615108538328
1.0006615108538328
1.0006615108538328
1.0006615108538328
1.0006615108538328
1.0006615108538328
1.0006615108538328
1.0006615108538328
1.0006615108538328
1.0006615108538328
1.0006615108538328
1.0006615108538328
1.0006615108538328
1.0006615108538328
1.0006615108538328
1.0006615108538328
1.0006615108538328
1.0006615108538328
1.0006615108538328
1.0006615108538328
1.0006615108538328
1.0006615108538328
1.0006615108538328
1.0006615108538328
1.0006615108538328
1.0006615108538328
1.0006615108538328
1.0006615108538328
1.0006615108538328
1.0006615108538328
1.0006615108538328
1.0006615108538328
1.0006615108538328
1.0006615108538328
1.0006615108538328
1.0006615108538328
1.0006615108538328
1.0006615108538328
1.0006615108538328
1.0006615108538328
1.0006615108538328
1.0006615108538328
1.0006615108538328
1.0006615108538328
1.0006615108538328
1.0006615108538328
1.0006615108538328
1.0006615108538328
1.0006615108538328
1.0006615108538328
1.0006615108538328
1.0006615108538328
1.0006615108538328
1.0006615108538328
1.0006615108538328
1.0006615108538328
1.0006615108538328
1.0006615108538328
1.0006615108538328
1.0006615108538328
1.0006615108538328
1.0006615108538328
1.0006615108538328
1.0006615108538328
1.0006615108538328
1.0006615108538328
1.0006615108538328
1.0006615108538328
1.0006615108538328
1.0006615108538328
1.0006615108538328
1.0006615108538328
1.0006615108538328
1.0006615108538328
1.0006615108538328
1.0006615108538328
1.0006615108538328
1.0006615108538328
1.0006615108538328
1.0006615108538328
1.0006615108538328
1.0006615108538328
1.0006615108538328
1.0006615108538328
1.0006615108538328
1.0006615108538328
1.0006615108538328
1.0006615108538328
1.0006615108538328
1.0006615108538328
1.0006615108538328
1.0006615108538328
1.0006615108538328
1.0006615108538328
1.0006615108538328
1.0006615108538328
1.0006615108538328
1.0006615108538328
1.0006615108538328
1.0006615108538328
1.0006615108538328
1.0006615108538328
1.0006615108538328
1.0006615108538328
1.0006615108538328
1.0006615108538328
1.0006615108538328
1.0006615108538328
1.0006615108538328
1.0006615108538328
1.0006615108538328
1.0006615108538328
1.0006615108538328
1.0006615108538328
1.0006615108538328
1.0006615108538328
1.0006615108538328
1.0006615108538328
1.0006615108538328
1.0006615108538328
1.0006615108538328
1.0006615108538328
1.0006615108538328
1.0006615108538328
1.0006615108538328
1.0006615108538328
1.0006615108538328
1.0006615108538328
1.0006615108538328
1.0006615108538328
1.0006615108538328
1.0006615108538328
1.0006615108538328
1.0006615108538328
1.0006615108538328
1.0006615108538328
1.0006615108538328
1.0006615108538328
1.0006615108538328
1.0006615108538328
1.0006615108538328
1.0006615108538328
1.0006615108538328
1.0006615108538328
1.0006615108538328
1.0006615108538328
1.0006615108538328
1.0006615108538328
1.0006615108538328
1.0006615108538328
1.0006615108538328
1.0006615108538328
1.0006615108538328
1.0006615108538328
1.0006615108538328
1.0006615108538328
1.0006615108538328
1.0006615108538328
1.0006615108538328
1.0006615108538328
1.0006615108538328
1.0006615108538328
1.0006615108538328
1.0006615108538328
1.0006615108538328
1.0006615108538328
1.0006615108538328
1.0006615108538328
1.0006615108538328
1.0006615108538328
1.0006615108538328
1.0006615108538328
1.0006615108538328
1.0006615108538328
1.0006615108538328
1.0006615108538328
1.0006615108538328
1.0006615108538328
1.0006615108538328
1.0006615108538328
1.0006615108538328
1.0006615108538328
1.0006615108538328
1.0006615108538328
1.0006615108538328
1.0006615108538328
1.0006615108538328
1.0006615108538328
1.0006615108538328
1.0006615108538328
1.0006615108538328
1.0006615108538328
1.0006615108538328
1.0006615108538328
1.0006615108538328
1.0006615108538328
1.0006615108538328
1.0006615108538328
1.0006615108538328
1.0006615108538328
1.0006615108538328
1.0006615108538328
1.0006615108538328
1.0006615108538328
1.0006615108538328
1.0006615108538328
1.0006615108538328
1.0006615108538328
1.0006615108538328
1.0006615108538328
1.0006615108538328
1.0006615108538328
1.0006615108538328
1.0006615108538328
1.0006615108538328
1.0006615108538328
1.0006615108538328
1.0006615108538328
1.0006615108538328
1.0006615108538328
1.0006615108538328
1.0006615108538328
1.0006615108538328
1.0006615108538328
1.0006615108538328
1.0006615108538328
1.0006615108538328
1.0006615108538328
1.0006615108538328
1.0006615108538328
1.0006615108538328
1.0006615108538328
1.0006615108538328
1.0006615108538328
1.0006615108538328
1.0006615108538328
1.0006615108538328
1.0006615108538328
1.0006615108538328
1.0006615108538328
1.0006615108538328
1.0006615108538328
1.0006615108538328
1.0006615108538328
1.0006615108538328
1.0006615108538328
1.0006615108538328
1.0006615108538328
1.0006615108538328
1.0006615108538328
1.0006615108538328
1.0006615108538328
1.0006615108538328
1.0006615108538328
1.0006615108538328
1.0006615108538328
1.0006615108538328
1.0006615108538328
1.0006615108538328
1.0006615108538328
1.0006615108538328
1.0006615108538328
1.0006615108538328
1.0006615108538328
1.0006615108538328
1.0006615108538328
1.0006615108538328
1.0006615108538328
1.0006615108538328
1.0006615108538328
1.0006615108538328
1.0006615108538328
1.0006615108538328
1.0006615108538328
1.0006615108538328
1.0006615108538328
1.0006615108538328
1.0006615108538328
1.0006615108538328
1.0006615108538328
1.0006615108538328
1.0006615108538328
1.0006615108538328
1.0006615108538328
1.0006615108538328
1.0006615108538328
1.0006615108538328
1.0006615108538328
1.0006615108538328
1.0006615108538328
1.0006615108538328
1.0006615108538328
1.0006615108538328
1.0006615108538328
1.0006615108538328
1.0006615108538328
1.0006615108538328
1.0006615108538328
1.0006615108538328
1.0006615108538328
1.0006615108538328
1.0006615108538328
1.0006615108538328
1.0006615108538328
1.0006615108538328
0.9041259300854615
0.9041259300854615
0.9041259300854615
0.9041259300854615
0.9041259300854615
0.9041259300854615
0.9041259300854615
0.9041259300854615
0.9041259300854615
0.9041259300854615
0.9041259300854615
0.9041259300854615
0.9041259300854615
0.9041259300854615
0.9041259300854615
0.9041259300854615
0.9041259300854615
0.9041259300854615
0.9041259300854615
0.9041259300854615
0.9041259300854615
0.9041259300854615
0.9041259300854615
0.9041259300854615
0.9041259300854615
0.9041259300854615
0.9041259300854615
0.9041259300854615
0.9041259300854615
0.9041259300854615
0.9041259300854615
0.9041259300854615
0.9041259300854615
0.9041259300854615
0.9041259300854615
0.9041259300854615
0.9041259300854615
0.9041259300854615
0.9041259300854615
0.9041259300854615
0.9041259300854615
0.9041259300854615
0.9041259300854615
0.9041259300854615
0.9041259300854615
0.9041259300854615
0.9041259300854615
0.9041259300854615
0.9041259300854615
0.9041259300854615
0.9041259300854615
0.9041259300854615
0.9041259300854615
0.9041259300854615
0.9041259300854615
0.9041259300854615
0.9041259300854615
0.9041259300854615
0.9041259300854615
0.9041259300854615
0.9041259300854615
0.9041259300854615
0.9041259300854615
0.9041259300854615
0.9041259300854615
0.9041259300854615
0.9041259300854615
0.9041259300854615
0.9041259300854615
0.9041259300854615
0.9041259300854615
0.9041259300854615
0.9041259300854615
0.9041259300854615
0.9041259300854615
0.9041259300854615
0.9041259300854615
0.9041259300854615
0.9041259300854615
0.9041259300854615
0.9041259300854615
0.9041259300854615
0.9041259300854615
0.9041259300854615
0.9041259300854615
0.9041259300854615
0.9041259300854615
0.9041259300854615
0.9041259300854615
0.9041259300854615
0.9041259300854615
0.9041259300854615
0.9041259300854615
0.9041259300854615
0.9041259300854615
0.9041259300854615
0.9041259300854615
0.9041259300854615
0.9041259300854615
0.9041259300854615
0.9041259300854615
0.9041259300854615
0.9041259300854615
0.9041259300854615
0.9041259300854615
0.9041259300854615
0.9041259300854615
0.9041259300854615
0.9041259300854615
0.9041259300854615
0.9041259300854615
0.9041259300854615
0.9041259300854615
0.9041259300854615
0.9041259300854615
0.9041259300854615
0.9041259300854615
0.9041259300854615
0.9041259300854615
0.9041259300854615
0.9041259300854615
0.9041259300854615
0.9041259300854615
0.9041259300854615
0.9041259300854615
0.9041259300854615
0.9041259300854615
0.9041259300854615
0.9041259300854615
0.9041259300854615
0.9041259300854615
0.9041259300854615
0.7272968704475414
0.7272968704475414
0.7272968704475414
0.7272968704475414
0.7272968704475414
0.7272968704475414
0.7272968704475414
0.7272968704475414
0.7272968704475414
0.7272968704475414
0.7272968704475414
0.7272968704475414
0.7272968704475414
0.7272968704475414
0.7272968704475414
0.7272968704475414
0.7272968704475414
0.7272968704475414
0.7272968704475414
0.7272968704475414
0.7272968704475414
0.7272968704475414
0.7272968704475414
0.7272968704475414
0.7272968704475414
0.7272968704475414
0.7272968704475414
0.7272968704475414
0.7272968704475414
0.7272968704475414
0.7272968704475414
0.7272968704475414
0.7272968704475414
0.7272968704475414
0.7272968704475414
0.7272968704475414
0.7272968704475414
0.7272968704475414
0.7272968704475414
0.7272968704475414
0.7272968704475414
0.7272968704475414
0.7272968704475414
0.7272968704475414
0.7272968704475414
0.7272968704475414
0.7272968704475414
0.7272968704475414
0.7272968704475414
0.7272968704475414
0.7272968704475414
0.7272968704475414
0.7272968704475414
0.7272968704475414
0.7272968704475414
0.7272968704475414
0.7272968704475414
0.7272968704475414
0.7272968704475414
0.7272968704475414
0.7272968704475414
0.7272968704475414
0.7272968704475414
0.7272968704475414
0.7272968704475414
0.7272968704475414
0.7272968704475414
0.7272968704475414
0.7272968704475414
0.7272968704475414
0.7272968704475414
0.7272968704475414
0.7272968704475414
0.7272968704475414
0.7272968704475414
0.7272968704475414
0.7272968704475414
0.7272968704475414
0.7272968704475414
0.7272968704475414
0.7272968704475414
0.7272968704475414
0.7272968704475414
0.7272968704475414
0.7272968704475414
0.7272968704475414
0.7272968704475414
0.7272968704475414
0.7272968704475414
0.7272968704475414
0.7272968704475414
0.7272968704475414
0.7272968704475414
0.7272968704475414
0.7272968704475414
0.7272968704475414
0.7272968704475414
0.7272968704475414
0.7272968704475414
0.7272968704475414
0.7272968704475414
0.7272968704475414
0.7272968704475414
0.7272968704475414
0.7272968704475414
0.7272968704475414
0.7272968704475414
0.7272968704475414
0.7272968704475414
0.7272968704475414
0.7272968704475414
0.7272968704475414
0.7272968704475414
0.7272968704475414
0.7272968704475414
0.7272968704475414
0.7272968704475414
0.7272968704475414
0.7272968704475414
0.7272968704475414
0.7272968704475414
0.7272968704475414
0.7272968704475414
0.7272968704475414
0.7272968704475414
0.7272968704475414
0.7272968704475414
0.7272968704475414
0.7272968704475414
0.7272968704475414
0.7272968704475414
0.7272968704475414
0.7272968704475414
0.7272968704475414
0.7272968704475414
0.7272968704475414
0.7272968704475414
0.7272968704475414
0.7272968704475414
0.7272968704475414
0.7272968704475414
0.7272968704475414
0.7272968704475414
0.7272968704475414
0.7272968704475414
0.7272968704475414
0.7272968704475414
0.7272968704475414
0.7272968704475414
0.7272968704475414
0.7272968704475414
0.7272968704475414
0.7272968704475414
0.7272968704475414
0.7272968704475414
0.7272968704475414
0.7272968704475414
0.7272968704475414
0.7272968704475414
0.7272968704475414
0.7272968704475414
0.7272968704475414
0.7272968704475414
0.7272968704475414
0.7272968704475414
0.7272968704475414
0.7272968704475414
0.7272968704475414
0.7272968704475414
0.7272968704475414
0.7272968704475414
0.7272968704475414
0.7272968704475414
0.7272968704475414
0.7272968704475414
0.7272968704475414
0.7272968704475414
0.7272968704475414
0.7272968704475414
0.7272968704475414
0.7272968704475414
0.7272968704475414
0.7272968704475414
0.7272968704475414
0.7272968704475414
0.7272968704475414
0.7272968704475414
0.7272968704475414
0.7272968704475414
0.7272968704475414
0.7272968704475414
0.7272968704475414
0.7272968704475414
0.7272968704475414
0.7272968704475414
0.7272968704475414
0.7272968704475414
0.7272968704475414
0.7272968704475414
0.7272968704475414
0.7272968704475414
0.7272968704475414
0.7272968704475414
0.7272968704475414
0.7272968704475414
0.7272968704475414
0.7272968704475414
0.7272968704475414
0.7272968704475414
0.7272968704475414
0.7272968704475414
0.7272968704475414
0.7272968704475414
0.7272968704475414
0.7272968704475414
0.7272968704475414
0.7272968704475414
0.7272968704475414
0.7272968704475414
0.7272968704475414
0.7272968704475414
0.7272968704475414
0.7272968704475414
0.7272968704475414
0.7272968704475414
0.7272968704475414
0.7272968704475414
0.7272968704475414
0.7272968704475414
0.7272968704475414
0.7272968704475414
0.7272968704475414
0.7272968704475414
0.7272968704475414
0.7272968704475414
0.7272968704475414
0.7272968704475414
0.7272968704475414
0.7272968704475414
0.7272968704475414
0.7272968704475414
0.7272968704475414
0.7272968704475414
0.7272968704475414
0.7272968704475414
0.7272968704475414
0.7272968704475414
0.7272968704475414
0.7272968704475414
0.7272968704475414
0.7272968704475414
0.7272968704475414
0.7272968704475414
0.7272968704475414
0.7272968704475414
0.7272968704475414
0.7272968704475414
0.7272968704475414
0.7272968704475414
0.7272968704475414
0.7272968704475414
0.7272968704475414
0.7272968704475414
0.7272968704475414
0.7272968704475414
0.7272968704475414
0.7272968704475414
0.7272968704475414
0.7272968704475414
0.7272968704475414
0.7272968704475414
0.7272968704475414
0.7272968704475414
0.7272968704475414
0.7272968704475414
0.7272968704475414
0.7272968704475414
0.7272968704475414
0.7272968704475414
0.7272968704475414
0.7272968704475414
0.7272968704475414
0.7272968704475414
0.7272968704475414
0.7272968704475414
0.7272968704475414
0.7272968704475414
0.7272968704475414
0.7272968704475414
0.7272968704475414
0.7272968704475414
0.7272968704475414
0.7272968704475414
0.7272968704475414
0.7272968704475414
0.7272968704475414
0.7272968704475414
0.7272968704475414
0.7272968704475414
0.7272968704475414
0.7272968704475414
0.7272968704475414
0.7272968704475414
0.7272968704475414
0.7272968704475414
0.7272968704475414
0.7272968704475414
0.7272968704475414
0.7272968704475414
0.7272968704475414
0.7272968704475414
0.7272968704475414
0.7272968704475414
0.7272968704475414
0.7272968704475414
0.7272968704475414
0.7272968704475414
0.7272968704475414
0.7272968704475414
0.7272968704475414
0.7272968704475414
0.7272968704475414
0.7272968704475414
0.7272968704475414
0.7272968704475414
0.7272968704475414
0.7272968704475414
0.7272968704475414
0.7272968704475414
0.7272968704475414
0.7272968704475414
0.7272968704475414
0.7272968704475414
0.7272968704475414
0.7272968704475414
0.7272968704475414
0.7272968704475414
0.7272968704475414
0.7272968704475414
0.7272968704475414
0.7272968704475414
0.7272968704475414
0.7272968704475414
0.7272968704475414
0.7272968704475414
0.7272968704475414
0.7272968704475414
0.7272968704475414
0.7272968704475414
0.7272968704475414
0.7272968704475414
0.7272968704475414
0.7272968704475414
0.7272968704475414
0.7272968704475414
0.7272968704475414
0.7272968704475414
0.7272968704475414
0.7272968704475414
0.7272968704475414
0.7272968704475414
0.7272968704475414
0.7272968704475414
0.7272968704475414
0.7272968704475414
0.7272968704475414
0.7272968704475414
0.7272968704475414
0.7272968704475414
0.7272968704475414
0.7272968704475414
0.7272968704475414
0.7272968704475414
0.7272968704475414
0.7272968704475414
0.7272968704475414
0.7272968704475414
0.7272968704475414
0.7272968704475414
0.7272968704475414
0.7272968704475414
0.7272968704475414
0.7272968704475414
0.7272968704475414
0.7272968704475414
0.7272968704475414
0.7272968704475414
0.7272968704475414
0.7272968704475414
0.7272968704475414
0.7272968704475414
0.7272968704475414
0.7272968704475414
0.7272968704475414
0.7272968704475414
0.7272968704475414
0.7272968704475414
0.7272968704475414
0.7272968704475414
0.7272968704475414
0.7272968704475414
0.7272968704475414
0.7272968704475414
0.7272968704475414
0.7272968704475414
0.7272968704475414
0.7272968704475414
0.7272968704475414
0.7272968704475414
0.7272968704475414
0.7272968704475414
0.7272968704475414
0.7272968704475414
0.7272968704475414
0.7272968704475414
0.7272968704475414
0.7272968704475414
0.7272968704475414
0.7272968704475414
0.7272968704475414
0.7272968704475414
0.7272968704475414
0.7272968704475414
0.7272968704475414
0.7272968704475414
0.7272968704475414
0.7272968704475414
0.7272968704475414
0.7272968704475414
0.7272968704475414
0.7272968704475414
0.7272968704475414
0.7272968704475414
0.7272968704475414
0.7272968704475414
0.7272968704475414
0.7272968704475414
0.7272968704475414
0.7272968704475414
0.7272968704475414
0.7272968704475414
0.7272968704475414
0.7272968704475414
0.7272968704475414
0.7272968704475414
0.7272968704475414
0.7272968704475414
0.7272968704475414
0.7272968704475414
0.7272968704475414
0.7272968704475414
0.7272968704475414
0.7272968704475414
0.7272968704475414
0.7272968704475414
0.7272968704475414
0.7272968704475414
0.7272968704475414
0.7272968704475414
0.7272968704475414
0.7272968704475414
0.7272968704475414
0.7272968704475414
0.7272968704475414
0.7272968704475414
0.7272968704475414
0.7272968704475414
0.7272968704475414
0.7272968704475414
0.7272968704475414
0.7272968704475414
0.7272968704475414
0.7272968704475414
0.7272968704475414
0.7272968704475414
0.7272968704475414
0.7272968704475414
0.7272968704475414
0.7272968704475414
0.7272968704475414
0.7272968704475414
0.7272968704475414
0.7272968704475414
0.7272968704475414
0.7272968704475414
0.7272968704475414
0.7272968704475414
0.7272968704475414
0.7272968704475414
0.7272968704475414
0.7272968704475414
0.7272968704475414
0.7272968704475414
0.7272968704475414
0.7272968704475414
0.7272968704475414
0.7272968704475414
0.7272968704475414
0.7272968704475414
0.7272968704475414
0.7272968704475414
0.7272968704475414
0.7272968704475414
0.7272968704475414
0.7272968704475414
0.7272968704475414
0.7272968704475414
0.7272968704475414
0.7272968704475414
0.7272968704475414
0.7272968704475414
0.7272968704475414
0.7272968704475414
0.7272968704475414
0.7272968704475414
0.7272968704475414
0.7272968704475414
0.7272968704475414
0.7272968704475414
0.7272968704475414
0.7272968704475414
0.7272968704475414
0.7272968704475414
0.7272968704475414
0.7272968704475414
0.7272968704475414
0.7272968704475414
0.7272968704475414
0.6513202259553653
0.6513202259553653
0.6513202259553653
0.6513202259553653
0.6513202259553653
0.6513202259553653
0.6513202259553653
0.6513202259553653
0.6513202259553653
0.6513202259553653
0.6513202259553653
0.6513202259553653
0.6513202259553653
0.6513202259553653
0.6513202259553653
0.6513202259553653
0.6513202259553653
0.6513202259553653
0.6513202259553653
0.6513202259553653
0.6513202259553653
0.6513202259553653
0.6513202259553653
0.6513202259553653
0.6513202259553653
0.6513202259553653
0.6513202259553653
0.6513202259553653
0.6513202259553653
0.6513202259553653
0.6513202259553653
0.6513202259553653
0.6513202259553653
0.6513202259553653
0.6513202259553653
0.6513202259553653
0.6513202259553653
0.6513202259553653
0.6513202259553653
0.6513202259553653
0.6513202259553653
0.6513202259553653
0.6513202259553653
0.6513202259553653
0.6513202259553653
0.6513202259553653
0.6513202259553653
0.6513202259553653
0.6513202259553653
0.6513202259553653
0.6513202259553653
0.6513202259553653
0.6513202259553653
0.6513202259553653
0.6513202259553653
0.6513202259553653
0.6513202259553653
0.6513202259553653
0.6513202259553653
0.6513202259553653
0.6513202259553653
0.6513202259553653
0.6513202259553653
0.6513202259553653
0.6513202259553653
0.6513202259553653
0.6513202259553653
0.6513202259553653
0.6513202259553653
0.6513202259553653
0.6513202259553653
0.6513202259553653
0.6513202259553653
0.6513202259553653
0.6513202259553653
0.6513202259553653
0.6513202259553653
0.6513202259553653
0.6513202259553653
0.6513202259553653
0.6513202259553653
0.6513202259553653
0.6513202259553653
0.6513202259553653
0.6513202259553653
0.6513202259553653
0.6513202259553653
0.6513202259553653
0.6513202259553653
0.6513202259553653
0.6513202259553653
0.6513202259553653
0.6513202259553653
0.6513202259553653
0.6513202259553653
0.6513202259553653
0.6513202259553653
0.6513202259553653
0.6513202259553653
0.6513202259553653
0.6513202259553653
0.6513202259553653
0.6513202259553653
0.6513202259553653
0.6513202259553653
0.6513202259553653
0.6513202259553653
0.6513202259553653
0.6513202259553653
0.6513202259553653
0.6513202259553653
0.6513202259553653
0.6513202259553653
0.6513202259553653
0.6513202259553653
0.6513202259553653
0.6513202259553653
0.6513202259553653
0.6513202259553653
0.6513202259553653
0.6513202259553653
0.6513202259553653
0.6513202259553653
0.6513202259553653
0.6513202259553653
0.6513202259553653
0.6513202259553653
0.6513202259553653
0.6513202259553653
0.6513202259553653
0.6513202259553653
0.6513202259553653
0.6513202259553653
0.6513202259553653
0.6513202259553653
0.6513202259553653
0.6513202259553653
0.6513202259553653
0.6513202259553653
0.6513202259553653
0.6513202259553653
0.6513202259553653
0.6513202259553653
0.6513202259553653
0.5744731288932238
0.5744731288932238
0.5744731288932238
0.5744731288932238
0.5744731288932238
0.5744731288932238
0.5744731288932238
0.5744731288932238
0.5744731288932238
0.5744731288932238
0.5744731288932238
0.5744731288932238
0.5744731288932238
0.5744731288932238
0.5744731288932238
0.5744731288932238
0.5744731288932238
0.5744731288932238
0.5744731288932238
0.5744731288932238
0.5744731288932238
0.5744731288932238
0.5744731288932238
0.5744731288932238
0.5744731288932238
0.5744731288932238
0.5744731288932238
0.5744731288932238
0.5744731288932238
0.5744731288932238
0.5744731288932238
0.5744731288932238
0.5744731288932238
0.5744731288932238
0.5744731288932238
0.5744731288932238
0.5744731288932238
0.5744731288932238
0.5744731288932238
0.5744731288932238
0.5744731288932238
0.5744731288932238
0.5744731288932238
0.5744731288932238
0.5744731288932238
0.5744731288932238
0.5744731288932238
0.5744731288932238
0.5744731288932238
0.5696727450461588
0.5696727450461588
0.5696727450461588
0.5696727450461588
0.5696727450461588
0.5696727450461588
0.5696727450461588
0.5696727450461588
0.5696727450461588
0.5696727450461588
0.5696727450461588
0.5696727450461588
0.5696727450461588
0.5696727450461588
0.5696727450461588
0.5696727450461588
0.5696727450461588
0.5696727450461588
0.5696727450461588
0.5696727450461588
0.5696727450461588
0.5696727450461588
0.5696727450461588
0.5696727450461588
0.5696727450461588
0.5696727450461588
0.5696727450461588
0.5696727450461588
0.5696727450461588
0.5696727450461588
0.5696727450461588
0.5696727450461588
0.5696727450461588
0.5696727450461588
0.5696727450461588
0.5696727450461588
0.5696727450461588
0.5696727450461588
0.5696727450461588
0.5696727450461588
0.5696727450461588
0.5696727450461588
0.5696727450461588
0.5696727450461588
0.5696727450461588
0.5696727450461588
0.5696727450461588
0.5696727450461588
0.5696727450461588
0.5696727450461588
0.5696727450461588
0.5696727450461588
0.5696727450461588
0.5696727450461588
0.5696727450461588
0.5696727450461588
0.5696727450461588
0.5696727450461588
0.5696727450461588
0.5696727450461588
0.5696727450461588
0.5696727450461588
0.5696727450461588
0.5696727450461588
0.5696727450461588
0.5696727450461588
0.5696727450461588
0.5696727450461588
0.5696727450461588
0.5696727450461588
0.5696727450461588
0.5696727450461588
0.5696727450461588
0.5696727450461588
0.5696727450461588
0.5696727450461588
0.5696727450461588
0.5696727450461588
0.5696727450461588
0.5696727450461588
0.5696727450461588
0.5696727450461588
0.5696727450461588
0.5696727450461588
0.5696727450461588
0.5696727450461588
0.5696727450461588
0.5696727450461588
0.5696727450461588
0.5696727450461588
0.5696727450461588
0.5696727450461588
0.5696727450461588
0.5696727450461588
0.5696727450461588
0.5696727450461588
0.5696727450461588
0.5696727450461588
0.5696727450461588
0.5696727450461588
0.5696727450461588
0.5696727450461588
0.5696727450461588
0.5696727450461588
0.5696727450461588
0.5696727450461588
0.5696727450461588
0.5696727450461588
0.5696727450461588
0.5696727450461588
0.5696727450461588
0.5696727450461588
0.5696727450461588
0.5696727450461588
0.5696727450461588
0.5696727450461588
0.5696727450461588
0.5696727450461588
0.5696727450461588
0.5696727450461588
0.5696727450461588
0.5696727450461588
0.5696727450461588
0.5696727450461588
0.5696727450461588
0.5696727450461588
0.5696727450461588
0.5696727450461588
0.5696727450461588
0.5696727450461588
0.5696727450461588
0.5696727450461588
0.5696727450461588
0.5696727450461588
0.5696727450461588
0.5696727450461588
0.5696727450461588
0.5696727450461588
0.5696727450461588
0.5696727450461588
0.5696727450461588
0.5696727450461588
0.5696727450461588
0.5696727450461588
0.5696727450461588
0.5696727450461588
0.5696727450461588
0.5696727450461588
0.5696727450461588
0.5696727450461588
0.5696727450461588
0.5696727450461588
0.5696727450461588
0.5696727450461588
0.5696727450461588
0.5696727450461588
0.5696727450461588
0.5696727450461588
0.5696727450461588
0.5696727450461588
0.5696727450461588
0.5696727450461588
0.5696727450461588
0.5696727450461588
0.5696727450461588
0.5696727450461588
0.5696727450461588
0.5696727450461588
0.5696727450461588
0.5696727450461588
0.5696727450461588
0.5696727450461588
0.5696727450461588
0.5696727450461588
0.5696727450461588
0.5696727450461588
0.5696727450461588
0.5696727450461588
0.5696727450461588
0.5696727450461588
0.5696727450461588
0.5696727450461588
0.5696727450461588
0.5696727450461588
0.5696727450461588
0.5696727450461588
0.5696727450461588
0.5696727450461588
0.5696727450461588
0.5696727450461588
0.5696727450461588
0.5696727450461588
0.5696727450461588
0.5696727450461588
0.5696727450461588
0.5696727450461588
0.5696727450461588
0.5696727450461588
0.5696727450461588
0.5696727450461588
0.5696727450461588
0.5696727450461588
0.5696727450461588
0.5696727450461588
0.5696727450461588
0.5696727450461588
0.5696727450461588
0.5696727450461588
0.5696727450461588
0.5696727450461588
0.5696727450461588
0.5696727450461588
0.5696727450461588
0.5696727450461588
0.5696727450461588
0.5696727450461588
0.5696727450461588
0.5696727450461588
0.5696727450461588
0.5696727450461588
0.5696727450461588
0.5696727450461588
0.5696727450461588
0.5696727450461588
0.5696727450461588
0.5696727450461588
0.5696727450461588
0.5696727450461588
0.5696727450461588
0.5696727450461588
0.5696727450461588
0.5696727450461588
0.5696727450461588
0.5696727450461588
0.5696727450461588
0.5696727450461588
0.5696727450461588
0.5696727450461588
0.5696727450461588
0.5696727450461588
0.5696727450461588
0.5696727450461588
0.5696727450461588
0.5696727450461588
0.5696727450461588
0.5696727450461588
0.5696727450461588
0.5696727450461588
0.5696727450461588
0.5696727450461588
0.5696727450461588
0.5696727450461588
0.5696727450461588
0.5696727450461588
0.5696727450461588
0.5696727450461588
0.5696727450461588
0.5696727450461588
0.5696727450461588
0.5696727450461588
0.5696727450461588
0.5696727450461588
0.5696727450461588
0.5696727450461588
0.5696727450461588
0.5696727450461588
0.5696727450461588
0.5696727450461588
0.5696727450461588
0.5696727450461588
0.5696727450461588
0.5696727450461588
0.5696727450461588
0.5696727450461588
0.5696727450461588
0.5696727450461588
0.5696727450461588
0.5696727450461588
0.5696727450461588
0.5696727450461588
0.5696727450461588
0.5696727450461588
0.5696727450461588
0.5696727450461588
0.5696727450461588
0.5696727450461588
0.5696727450461588
0.5696727450461588
0.5696727450461588
0.5696727450461588
0.5696727450461588
0.5696727450461588
0.5696727450461588
0.5696727450461588
0.5696727450461588
0.5696727450461588
0.5696727450461588
0.5696727450461588
0.5696727450461588
0.5696727450461588
0.5696727450461588
0.5696727450461588
0.5696727450461588
0.5696727450461588
0.5696727450461588
0.5696727450461588
0.5696727450461588
0.5696727450461588
0.5696727450461588
0.5696727450461588
0.5696727450461588
0.5696727450461588
0.5696727450461588
0.5696727450461588
0.5696727450461588
0.5696727450461588
0.5696727450461588
0.5696727450461588
0.5696727450461588
0.5696727450461588
0.5696727450461588
0.5696727450461588
0.5696727450461588
0.5696727450461588
0.5696727450461588
0.5696727450461588
0.5696727450461588
0.5696727450461588
0.5696727450461588
0.5696727450461588
0.5696727450461588
0.5696727450461588
0.5696727450461588
0.5696727450461588
0.5696727450461588
0.5696727450461588
0.5696727450461588
0.5696727450461588
0.5696727450461588
0.5696727450461588
0.5696727450461588
0.5696727450461588
0.5696727450461588
0.5696727450461588
0.5696727450461588
0.5696727450461588
0.5696727450461588
0.5696727450461588
0.5696727450461588
0.5696727450461588
0.5696727450461588
0.5696727450461588
0.5696727450461588
0.5696727450461588
0.5696727450461588
0.5696727450461588
0.5696727450461588
0.5696727450461588
0.5696727450461588
0.5696727450461588
0.5696727450461588
0.5696727450461588
0.5696727450461588
0.5696727450461588
0.5696727450461588
0.5696727450461588
0.5696727450461588
0.5696727450461588
0.5696727450461588
0.5696727450461588
0.5696727450461588
0.5696727450461588
0.5696727450461588
0.5696727450461588
0.5696727450461588
0.5696727450461588
0.5696727450461588
0.5696727450461588
0.5696727450461588
0.5696727450461588
0.5696727450461588
0.5696727450461588
0.5696727450461588
0.5696727450461588
0.5696727450461588
0.5696727450461588
0.5696727450461588
0.5696727450461588
0.5696727450461588
0.5696727450461588
0.5696727450461588
0.5696727450461588
0.5696727450461588
0.5696727450461588
0.5696727450461588
0.5696727450461588
0.5696727450461588
0.5696727450461588
0.5696727450461588
0.5696727450461588
0.5696727450461588
0.5696727450461588
0.5696727450461588
0.5696727450461588
0.5696727450461588
0.5696727450461588
0.5696727450461588
0.5696727450461588
0.5696727450461588
0.5696727450461588
0.5696727450461588
0.5696727450461588
0.5696727450461588
0.5696727450461588
0.5696727450461588
0.5696727450461588
0.5696727450461588
0.5696727450461588
0.5696727450461588
0.5696727450461588
0.5696727450461588
0.5696727450461588
0.5696727450461588
0.5696727450461588
0.5696727450461588
0.5696727450461588
0.5696727450461588
0.5696727450461588
0.5696727450461588
0.5696727450461588
0.5696727450461588
0.5696727450461588
0.5696727450461588
0.5696727450461588
0.5696727450461588
0.5696727450461588
0.5696727450461588
0.5696727450461588
0.5696727450461588
0.5696727450461588
0.5696727450461588
0.5696727450461588
0.5696727450461588
0.5696727450461588
0.5696727450461588
0.5696727450461588
0.5696727450461588
0.5696727450461588
0.5696727450461588
0.5696727450461588
0.5696727450461588
0.5696727450461588
0.5696727450461588
0.5696727450461588
0.5696727450461588
0.5696727450461588
0.5696727450461588
0.5696727450461588
0.5696727450461588
0.5696727450461588
0.5696727450461588
0.5696727450461588
0.5696727450461588
0.5696727450461588
0.5696727450461588
0.5696727450461588
0.5696727450461588
0.5696727450461588
0.5696727450461588
0.5696727450461588
0.5696727450461588
0.5696727450461588
0.5696727450461588
0.5696727450461588
0.5696727450461588
0.5696727450461588
0.5696727450461588
0.5696727450461588
0.5696727450461588
0.5696727450461588
0.5696727450461588
0.5696727450461588
0.5696727450461588
0.5696727450461588
0.5696727450461588
0.5696727450461588
0.5696727450461588
0.5696727450461588
0.5696727450461588
0.5696727450461588
0.5696727450461588
0.5696727450461588
0.5696727450461588
0.5696727450461588
0.5696727450461588
0.5696727450461588
0.5696727450461588
0.5696727450461588
0.5696727450461588
0.5696727450461588
0.5696727450461588
0.5696727450461588
0.5696727450461588
0.5696727450461588
0.5696727450461588
0.5696727450461588
0.5696727450461588
0.5696727450461588
0.5696727450461588
0.5696727450461588
0.5696727450461588
0.5696727450461588
0.5696727450461588
0.5696727450461588
0.5696727450461588
0.5696727450461588
0.5696727450461588
0.5696727450461588
0.5696727450461588
0.5696727450461588
0.5696727450461588
0.5696727450461588
0.5696727450461588
0.5696727450461588
0.5696727450461588
0.5696727450461588
0.5696727450461588
0.5696727450461588
0.5696727450461588
0.5696727450461588
0.5696727450461588
0.5696727450461588
0.5696727450461588
0.5696727450461588
0.5696727450461588
0.5696727450461588
0.5696727450461588
0.5696727450461588
0.5696727450461588
0.5696727450461588
0.5696727450461588
0.5696727450461588
0.5696727450461588
0.5696727450461588
0.5696727450461588
0.5696727450461588
0.5696727450461588
0.5696727450461588
0.5696727450461588
0.5696727450461588
0.5696727450461588
0.5696727450461588
0.5696727450461588
0.5696727450461588
0.5696727450461588
0.5696727450461588
0.5696727450461588
0.5696727450461588
0.5696727450461588
0.5696727450461588
0.5696727450461588
0.5696727450461588
0.5696727450461588
0.5696727450461588
0.5696727450461588
0.5696727450461588
0.5696727450461588
0.5696727450461588
0.5696727450461588
0.5696727450461588
0.5696727450461588
0.5696727450461588
0.5696727450461588
0.5696727450461588
0.5696727450461588
0.5696727450461588
0.5696727450461588
0.5696727450461588
0.5696727450461588
0.5696727450461588
0.5696727450461588
0.5696727450461588
0.5696727450461588
0.5696727450461588
0.5696727450461588
0.5696727450461588
0.5696727450461588
0.5696727450461588
0.5696727450461588
0.5696727450461588
0.5696727450461588
0.5696727450461588
0.5696727450461588
0.5696727450461588
0.5696727450461588
0.5696727450461588
0.5696727450461588
0.5696727450461588
0.5696727450461588
0.5696727450461588
0.5696727450461588
0.5696727450461588
0.5696727450461588
0.5696727450461588
0.5696727450461588
0.5696727450461588
0.5696727450461588
0.5696727450461588
0.5696727450461588
0.5696727450461588
0.5696727450461588
0.5696727450461588
0.5696727450461588
0.5696727450461588
0.5696727450461588
0.5696727450461588
0.5696727450461588
0.5696727450461588
0.5696727450461588
0.5696727450461588
0.5696727450461588
0.5696727450461588
0.5696727450461588
0.5696727450461588
0.5696727450461588
0.5696727450461588
0.5696727450461588
0.5696727450461588
0.5696727450461588
0.5696727450461588
0.5696727450461588
0.5696727450461588
0.5696727450461588
0.5696727450461588
0.5696727450461588
0.5696727450461588
0.5696727450461588
0.5696727450461588
0.5696727450461588
0.5696727450461588
0.5696727450461588
0.5696727450461588
0.5696727450461588
0.5696727450461588
0.5696727450461588
0.5696727450461588
0.5696727450461588
0.5696727450461588
0.5696727450461588
0.5696727450461588
0.5696727450461588
0.5696727450461588
0.5696727450461588
0.5696727450461588
0.5696727450461588
0.5696727450461588
0.5696727450461588
0.5696727450461588
0.5696727450461588
0.5696727450461588
0.5696727450461588
0.5696727450461588
0.5696727450461588
0.5696727450461588
0.5696727450461588
0.5696727450461588
0.5696727450461588
0.5696727450461588
0.5696727450461588
0.5696727450461588
0.5696727450461588
0.5696727450461588
0.5696727450461588
0.5696727450461588
0.5696727450461588
0.5696727450461588
0.5696727450461588
0.5696727450461588
0.5696727450461588
0.5696727450461588
0.5696727450461588
0.5696727450461588
0.5696727450461588
0.5696727450461588
0.5696727450461588
0.5696727450461588
0.5696727450461588
0.5696727450461588
0.5696727450461588
0.5696727450461588
0.5696727450461588
0.5696727450461588
0.5696727450461588
0.5696727450461588
0.5696727450461588
0.5696727450461588
0.5696727450461588
0.5696727450461588
0.5696727450461588
0.5696727450461588
0.5696727450461588
0.5696727450461588
0.5696727450461588
0.5696727450461588
0.5696727450461588
0.5696727450461588
0.5696727450461588
0.5696727450461588
0.5696727450461588
0.5696727450461588
0.5696727450461588
0.5696727450461588
0.5696727450461588
0.5696727450461588
0.5696727450461588
0.5696727450461588
0.5696727450461588
0.5696727450461588
0.5696727450461588
0.5696727450461588
0.5696727450461588
0.5696727450461588
0.5696727450461588
0.5696727450461588
0.5696727450461588
0.5696727450461588
0.5696727450461588
0.5696727450461588
0.5696727450461588
0.5696727450461588
0.5696727450461588
0.5696727450461588
0.5696727450461588
0.5696727450461588
0.5696727450461588
0.5696727450461588
0.5696727450461588
0.5696727450461588
0.5696727450461588
0.5696727450461588
0.5696727450461588
0.5696727450461588
0.5696727450461588
0.5696727450461588
0.5696727450461588
0.5696727450461588
0.5696727450461588
0.5696727450461588
0.5696727450461588
0.5696727450461588
0.5696727450461588
0.5696727450461588
0.5696727450461588
0.5696727450461588
0.5696727450461588
0.5696727450461588
0.5696727450461588
0.5696727450461588
0.5696727450461588
0.5696727450461588
0.5606486501739093
0.5606486501739093
0.5606486501739093
0.5606486501739093
0.5606486501739093
0.5606486501739093
0.5606486501739093
0.5606486501739093
0.5606486501739093
0.5606486501739093
0.5606486501739093
0.5606486501739093
0.5606486501739093
0.5606486501739093
0.5606486501739093
0.5606486501739093
0.5606486501739093
0.5606486501739093
0.5606486501739093
0.5606486501739093
0.5606486501739093
0.5606486501739093
0.5606486501739093
0.5606486501739093
0.5606486501739093
0.5606486501739093
0.5606486501739093
0.5606486501739093
0.5606486501739093
0.5606486501739093
0.5606486501739093
0.5606486501739093
0.5606486501739093
0.5606486501739093
0.5606486501739093
0.5606486501739093
0.5606486501739093
0.5606486501739093
0.5606486501739093
0.5606486501739093
0.5606486501739093
0.5606486501739093
0.5606486501739093
0.5606486501739093
0.5606486501739093
0.5606486501739093
0.5606486501739093
0.5606486501739093
0.5606486501739093
0.5606486501739093
0.5606486501739093
0.5606486501739093
0.5606486501739093
0.5606486501739093
0.5606486501739093
0.5606486501739093
0.5606486501739093
0.5606486501739093
0.5606486501739093
0.5606486501739093
0.5606486501739093
0.5606486501739093
0.5606486501739093
0.5606486501739093
0.5606486501739093
0.5606486501739093
0.5606486501739093
0.5606486501739093
0.5606486501739093
0.5606486501739093
0.5606486501739093
0.5606486501739093
0.5606486501739093
0.5606486501739093
0.5606486501739093
0.5606486501739093
0.5606486501739093
0.5606486501739093
0.5606486501739093
0.5606486501739093
0.5606486501739093
0.5606486501739093
0.5606486501739093
0.5606486501739093
0.5606486501739093
0.5606486501739093
0.5606486501739093
0.5606486501739093
0.5606486501739093
0.5606486501739093
0.5606486501739093
0.5606486501739093
0.5606486501739093
0.5606486501739093
0.5606486501739093
0.5606486501739093
0.5606486501739093
0.5606486501739093
0.5606486501739093
0.5606486501739093
0.5606486501739093
0.5606486501739093
0.5606486501739093
0.5606486501739093
0.5606486501739093
0.5606486501739093
0.5606486501739093
0.5606486501739093
0.5606486501739093
0.5606486501739093
0.5606486501739093
0.5606486501739093
0.5606486501739093
0.5606486501739093
0.5606486501739093
0.5606486501739093
0.5606486501739093
0.5606486501739093
0.5606486501739093
0.5606486501739093
0.5606486501739093
0.5606486501739093
0.5606486501739093
0.5606486501739093
0.5606486501739093
0.5606486501739093
0.5606486501739093
0.5606486501739093
0.5606486501739093
0.5606486501739093
0.5606486501739093
0.5606486501739093
0.5606486501739093
0.5606486501739093
0.5606486501739093
0.5606486501739093
0.5606486501739093
0.5606486501739093
0.5606486501739093
0.5606486501739093
0.5606486501739093
0.5606486501739093
0.5606486501739093
0.5606486501739093
0.5606486501739093
0.5606486501739093
0.5606486501739093
0.5606486501739093
0.5606486501739093
0.5606486501739093
0.5606486501739093
0.5606486501739093
0.5606486501739093
0.5606486501739093
0.5606486501739093
0.5606486501739093
0.5606486501739093
0.5606486501739093
0.5606486501739093
0.5606486501739093
0.5606486501739093
0.5606486501739093
0.5606486501739093
0.5606486501739093
0.5606486501739093
0.5606486501739093
0.5606486501739093
0.5606486501739093
0.5606486501739093
0.5606486501739093
0.5606486501739093
0.5606486501739093
0.5606486501739093
0.5606486501739093
0.5606486501739093
0.5606486501739093
0.5606486501739093
0.5606486501739093
0.5606486501739093
0.5606486501739093
0.5606486501739093
0.5606486501739093
0.5606486501739093
0.5606486501739093
0.5606486501739093
0.5606486501739093
0.5606486501739093
0.5606486501739093
0.5606486501739093
0.5606486501739093
0.5606486501739093
0.5606486501739093
0.5606486501739093
0.5606486501739093
0.5606486501739093
0.5606486501739093
0.5606486501739093
0.5606486501739093
0.5606486501739093
0.5606486501739093
0.5606486501739093
0.5606486501739093
0.5606486501739093
0.5606486501739093
0.5606486501739093
0.5606486501739093
0.5606486501739093
0.5606486501739093
0.5606486501739093
0.5606486501739093
0.5606486501739093
0.5606486501739093
0.5606486501739093
0.5606486501739093
0.5606486501739093
0.5606486501739093
0.5606486501739093
0.5606486501739093
0.5606486501739093
0.5606486501739093
0.5606486501739093
0.5606486501739093
0.5606486501739093
0.5606486501739093
0.5606486501739093
0.5606486501739093
0.5606486501739093
0.5606486501739093
0.5606486501739093
0.5606486501739093
0.5606486501739093
0.5606486501739093
0.5606486501739093
0.5606486501739093
0.5606486501739093
0.5606486501739093
0.5606486501739093
0.5606486501739093
0.5606486501739093
0.5606486501739093
0.5606486501739093
0.5606486501739093
0.5606486501739093
0.5606486501739093
0.5606486501739093
0.5606486501739093
0.5606486501739093
0.5606486501739093
0.5606486501739093
0.5606486501739093
0.5606486501739093
0.5606486501739093
0.5606486501739093
0.5606486501739093
0.5606486501739093
0.5606486501739093
0.5606486501739093
0.5606486501739093
0.5606486501739093
0.5606486501739093
0.5606486501739093
0.5606486501739093
0.5606486501739093
0.5606486501739093
0.5606486501739093
0.5606486501739093
0.5606486501739093
0.5606486501739093
0.5606486501739093
0.5606486501739093
0.5606486501739093
0.5606486501739093
0.5606486501739093
0.5606486501739093
0.5606486501739093
0.5606486501739093
0.5606486501739093
0.5606486501739093
0.5606486501739093
0.5606486501739093
0.5606486501739093
0.5606486501739093
0.5606486501739093
0.5606486501739093
0.5606486501739093
0.5606486501739093
0.5606486501739093
0.5606486501739093
0.5606486501739093
0.5606486501739093
0.5606486501739093
0.5606486501739093
0.5606486501739093
0.5606486501739093
0.5606486501739093
0.5606486501739093
0.5606486501739093
0.5606486501739093
0.5606486501739093
0.5606486501739093
0.5606486501739093
0.5606486501739093
0.5606486501739093
0.5606486501739093
0.5606486501739093
0.5606486501739093
0.5606486501739093
0.5606486501739093
0.5606486501739093
0.5606486501739093
0.5606486501739093
0.5606486501739093
0.5606486501739093
0.5606486501739093
0.5606486501739093
0.5606486501739093
0.5606486501739093
0.5606486501739093
0.5606486501739093
0.5606486501739093
0.5606486501739093
0.5606486501739093
0.5606486501739093
0.5606486501739093
0.5606486501739093
0.5606486501739093
0.5606486501739093
0.5606486501739093
0.5606486501739093
0.5606486501739093
0.5606486501739093
0.5606486501739093
0.5606486501739093
0.5606486501739093
0.5606486501739093
0.5606486501739093
0.5606486501739093
0.5606486501739093
0.5606486501739093
0.5606486501739093
0.5606486501739093
0.5606486501739093
0.5606486501739093
0.5606486501739093
0.5606486501739093
0.5606486501739093
0.5606486501739093
0.5606486501739093
0.5606486501739093
0.5606486501739093
0.5606486501739093
0.5606486501739093
0.5606486501739093
0.5606486501739093
0.5606486501739093
0.5606486501739093
0.5606486501739093
0.5606486501739093
0.5606486501739093
0.5606486501739093
0.5606486501739093
0.5606486501739093
0.5606486501739093
0.5606486501739093
0.5606486501739093
0.5606486501739093
0.5606486501739093
0.5606486501739093
0.5606486501739093
0.5606486501739093
0.5606486501739093
0.5606486501739093
0.5606486501739093
0.5606486501739093
0.5606486501739093
0.5606486501739093
0.5606486501739093
0.5606486501739093
0.5606486501739093
0.5606486501739093
0.5606486501739093
0.5606486501739093
0.5606486501739093
0.5606486501739093
0.5606486501739093
0.5606486501739093
0.5606486501739093
0.5606486501739093
0.5606486501739093
0.5606486501739093
0.5606486501739093
0.5606486501739093
0.5606486501739093
0.5606486501739093
0.5606486501739093
0.5606486501739093
0.5606486501739093
0.5606486501739093
0.5606486501739093
0.5606486501739093
0.5606486501739093
0.5606486501739093
0.5606486501739093
0.5606486501739093
0.5606486501739093
0.5606486501739093
0.5606486501739093
0.5606486501739093
0.5606486501739093
0.5606486501739093
0.5606486501739093
0.5606486501739093
0.5606486501739093
0.5606486501739093
0.5606486501739093
0.5606486501739093
0.5606486501739093
0.5606486501739093
0.5606486501739093
0.5606486501739093
0.5606486501739093
0.5606486501739093
0.5606486501739093
0.5606486501739093
0.5606486501739093
0.5606486501739093
0.5606486501739093
0.5606486501739093
0.5606486501739093
0.5606486501739093
0.5606486501739093
0.5606486501739093
0.5606486501739093
0.5606486501739093
0.5606486501739093
0.5606486501739093
0.5606486501739093
0.5606486501739093
0.5606486501739093
0.5606486501739093
0.5606486501739093
0.5606486501739093
0.5606486501739093
0.5606486501739093
0.5606486501739093
0.5606486501739093
0.5606486501739093
0.5606486501739093
0.5606486501739093
0.5606486501739093
0.5606486501739093
0.5606486501739093
0.5606486501739093
0.5606486501739093
0.5606486501739093
0.5606486501739093
0.5606486501739093
0.5606486501739093
0.5606486501739093
0.5606486501739093
0.5606486501739093
0.5606486501739093
0.5606486501739093
0.5606486501739093
0.5606486501739093
0.5606486501739093
0.5606486501739093
0.5606486501739093
0.5606486501739093
0.5606486501739093
0.5606486501739093
0.5606486501739093
0.5606486501739093
0.5606486501739093
0.5606486501739093
0.5606486501739093
0.5606486501739093
0.5606486501739093
0.5606486501739093
0.5606486501739093
0.5606486501739093
0.5606486501739093
0.5606486501739093
0.5606486501739093
0.5606486501739093
0.5606486501739093
0.5606486501739093
0.5606486501739093
0.5606486501739093
0.5606486501739093
0.5606486501739093
0.5606486501739093
0.5606486501739093
0.5606486501739093
0.5606486501739093
0.5606486501739093
0.5606486501739093
0.5606486501739093
0.5606486501739093
0.5606486501739093
0.5606486501739093
0.5606486501739093
0.5606486501739093
0.5606486501739093
0.5606486501739093
0.5606486501739093
0.5606486501739093
0.5606486501739093
0.5606486501739093
0.5606486501739093
0.5606486501739093
0.5606486501739093
0.5606486501739093
0.5606486501739093
0.5606486501739093
0.5606486501739093
0.5606486501739093
0.5606486501739093
0.5606486501739093
0.5606486501739093
0.5606486501739093
0.5606486501739093
0.5606486501739093
0.5606486501739093
0.5606486501739093
0.5606486501739093
0.5606486501739093
0.5606486501739093
0.5606486501739093
0.5606486501739093
0.5606486501739093
0.5606486501739093
0.5606486501739093
0.5606486501739093
0.5606486501739093
0.5606486501739093
0.5606486501739093
0.5606486501739093
0.5606486501739093
0.5606486501739093
0.5606486501739093
0.5606486501739093
0.5606486501739093
0.5606486501739093
0.5606486501739093
0.5606486501739093
0.5606486501739093
0.5606486501739093
0.5606486501739093
0.5606486501739093
0.5606486501739093
0.5606486501739093
0.5606486501739093
0.5606486501739093
0.5606486501739093
0.5606486501739093
0.5606486501739093
0.5606486501739093
0.5606486501739093
0.5606486501739093
0.5606486501739093
0.5606486501739093
0.5606486501739093
0.5606486501739093
0.5606486501739093
0.5606486501739093
0.5606486501739093
0.5606486501739093
0.5606486501739093
0.5606486501739093
0.5606486501739093
0.5606486501739093
0.5606486501739093
0.5606486501739093
0.5606486501739093
0.5606486501739093
0.5606486501739093
0.5606486501739093
0.5606486501739093
0.5606486501739093
0.5606486501739093
0.5606486501739093
0.5606486501739093
0.5606486501739093
0.5606486501739093
0.5220926322335224
0.5220926322335224
0.5220926322335224
0.5220926322335224
0.5220926322335224
0.5220926322335224
0.5220926322335224
0.5220926322335224
0.5220926322335224
0.5220926322335224
0.5220926322335224
0.5220926322335224
0.5220926322335224
0.5220926322335224
0.5220926322335224
0.5220926322335224
0.5220926322335224
0.5220926322335224
0.5220926322335224
0.5220926322335224
0.5220926322335224
0.5220926322335224
0.5220926322335224
0.5220926322335224
0.5220926322335224
0.5220926322335224
0.5220926322335224
0.5220926322335224
0.5220926322335224
0.5220926322335224
0.5220926322335224
0.5220926322335224
0.5220926322335224
0.5220926322335224
0.5220926322335224
0.5220926322335224
0.5220926322335224
0.5220926322335224
0.5220926322335224
0.5220926322335224
0.5220926322335224
0.5220926322335224
0.5220926322335224
0.5220926322335224
0.5220926322335224
0.5220926322335224
0.5220926322335224
0.5220926322335224
0.5220926322335224
0.5220926322335224
0.5220926322335224
0.5220926322335224
0.5220926322335224
0.5220926322335224
0.5220926322335224
0.5220926322335224
0.5220926322335224
0.5220926322335224
0.5220926322335224
0.5220926322335224
0.5220926322335224
0.5220926322335224
0.5220926322335224
0.5220926322335224
0.5220926322335224
0.5220926322335224
0.5220926322335224
0.5220926322335224
0.5220926322335224
0.5220926322335224
0.5220926322335224
0.5220926322335224
0.5220926322335224
0.5220926322335224
0.5220926322335224
0.5220926322335224
0.5220926322335224
0.5220926322335224
0.5220926322335224
0.5220926322335224
0.5220926322335224
0.5220926322335224
0.5220926322335224
0.5220926322335224
0.5220926322335224
0.5220926322335224
0.5220926322335224
0.5220926322335224
0.5220926322335224
0.5220926322335224
0.5220926322335224
0.5220926322335224
0.5220926322335224
0.5220926322335224
0.5220926322335224
0.5220926322335224
0.5220926322335224
0.5220926322335224
0.5220926322335224
0.5220926322335224
0.5220926322335224
0.5220926322335224
0.5220926322335224
0.5220926322335224
0.5220926322335224
0.5220926322335224
0.5220926322335224
0.5220926322335224
0.5220926322335224
0.5220926322335224
0.5220926322335224
0.5220926322335224
0.5220926322335224
0.5220926322335224
0.5220926322335224
0.5220926322335224
0.5220926322335224
0.5220926322335224
0.5220926322335224
0.5220926322335224
0.5220926322335224
0.5220926322335224
0.5220926322335224
0.5220926322335224
0.5220926322335224
0.5220926322335224
0.5220926322335224
0.5220926322335224
0.5220926322335224
0.5220926322335224
0.5220926322335224
0.5220926322335224
0.5220926322335224
0.5220926322335224
0.5220926322335224
0.5220926322335224
0.5220926322335224
0.5220926322335224
0.5220926322335224
0.5220926322335224
0.5220926322335224
0.5220926322335224
0.5220926322335224
0.5220926322335224
0.5220926322335224
0.5220926322335224
0.5220926322335224
0.5220926322335224
0.5220926322335224
0.5220926322335224
0.5220926322335224
0.5220926322335224
0.5220926322335224
0.5220926322335224
0.5220926322335224
0.5220926322335224
0.5220926322335224
0.5220926322335224
0.5220926322335224
0.5220926322335224
0.5220926322335224
0.5220926322335224
0.5220926322335224
0.5220926322335224
0.5220926322335224
0.5220926322335224
0.5220926322335224
0.5220926322335224
0.5220926322335224
0.5220926322335224
0.5220926322335224
0.5220926322335224
0.5220926322335224
0.5220926322335224
0.5220926322335224
0.5220926322335224
0.5220926322335224
0.5220926322335224
0.5220926322335224
0.5220926322335224
0.5220926322335224
0.5220926322335224
0.5220926322335224
0.5220926322335224
0.5220926322335224
0.5220926322335224
0.5220926322335224
0.5220926322335224
0.5220926322335224
0.5220926322335224
0.5220926322335224
0.5220926322335224
0.5220926322335224
0.5220926322335224
0.5220926322335224
0.5220926322335224
0.5220926322335224
0.5220926322335224
0.5220926322335224
0.5220926322335224
0.5220926322335224
0.5220926322335224
0.5220926322335224
0.5220926322335224
0.5220926322335224
0.5220926322335224
0.5220926322335224
0.5220926322335224
0.5220926322335224
0.5220926322335224
0.5220926322335224
0.5220926322335224
0.5220926322335224
0.5220926322335224
0.5220926322335224
0.5220926322335224
0.5220926322335224
0.5220926322335224
0.5220926322335224
0.5220926322335224
0.5220926322335224
0.5220926322335224
0.5220926322335224
0.5220926322335224
0.5220926322335224
0.5220926322335224
0.5220926322335224
0.5220926322335224
0.5220926322335224
0.5220926322335224
0.5220926322335224
0.5220926322335224
0.5220926322335224
0.5220926322335224
0.5220926322335224
0.5220926322335224
0.5220926322335224
0.5220926322335224
0.5220926322335224
0.5220926322335224
0.5220926322335224
0.5220926322335224
0.5220926322335224
0.5220926322335224
0.5220926322335224
0.5220926322335224
0.5220926322335224
0.5220926322335224
0.5220926322335224
0.5220926322335224
0.5220926322335224
0.5220926322335224
0.5220926322335224
0.5220926322335224
0.5220926322335224
0.5220926322335224
0.5220926322335224
0.5220926322335224
0.5220926322335224
0.5220926322335224
0.5220926322335224
0.5220926322335224
0.5220926322335224
0.5220926322335224
0.5220926322335224
0.5220926322335224
0.5220926322335224
0.5220926322335224
0.5220926322335224
0.5220926322335224
0.5220926322335224
0.5220926322335224
0.5220926322335224
0.5220926322335224
0.5220926322335224
0.5220926322335224
0.5220926322335224
0.5220926322335224
0.5220926322335224
0.5220926322335224
0.5220926322335224
0.5220926322335224
0.5220926322335224
0.5220926322335224
0.5220926322335224
0.5220926322335224
0.5220926322335224
0.5220926322335224
0.5220926322335224
0.5220926322335224
0.5220926322335224
0.5220926322335224
0.5220926322335224
0.5220926322335224
0.5220926322335224
0.5220926322335224
0.5220926322335224
0.5220926322335224
0.5220926322335224
0.5220926322335224
0.5220926322335224
0.5220926322335224
0.5220926322335224
0.5220926322335224
0.5220926322335224
0.5220926322335224
0.5220926322335224
0.5220926322335224
0.5220926322335224
0.5220926322335224
0.5220926322335224
0.5220926322335224
0.5220926322335224
0.5220926322335224
0.5220926322335224
0.5220926322335224
0.5220926322335224
0.5220926322335224
0.5220926322335224
0.5220926322335224
0.5220926322335224
0.5220926322335224
0.5220926322335224
0.5220926322335224
0.5220926322335224
0.5220926322335224
0.5220926322335224
0.5220926322335224
0.5220926322335224
0.5220926322335224
0.5220926322335224
0.5220926322335224
0.5220926322335224
0.5220926322335224
0.5220926322335224
0.5220926322335224
0.5220926322335224
0.5220926322335224
0.5220926322335224
0.5220926322335224
0.5220926322335224
0.5220926322335224
0.5220926322335224
0.5220926322335224
0.5220926322335224
0.5220926322335224
0.5220926322335224
0.5220926322335224
0.5220926322335224
0.5220926322335224
0.5220926322335224
0.5220926322335224
0.5220926322335224
0.5220926322335224
0.5220926322335224
0.5220926322335224
0.5220926322335224
0.5220926322335224
0.5220926322335224
0.5220926322335224
0.5220926322335224
0.5220926322335224
0.5220926322335224
0.5220926322335224
0.5220926322335224
0.5220926322335224
0.5220926322335224
0.5220926322335224
0.5220926322335224
0.5220926322335224
0.5220926322335224
0.5220926322335224
0.5220926322335224
0.5220926322335224
0.5220926322335224
0.5220926322335224
0.5220926322335224
0.5220926322335224
0.5220926322335224
0.5220926322335224
0.5220926322335224
0.5220926322335224
0.5220926322335224
0.5220926322335224
0.5220926322335224
0.5220926322335224
0.5220926322335224
0.5220926322335224
0.5220926322335224
0.5220926322335224
0.5220926322335224
0.5220926322335224
0.5220926322335224
0.5220926322335224
0.5220926322335224
0.5220926322335224
0.5220926322335224
0.5220926322335224
0.5220926322335224
0.5220926322335224
0.5220926322335224
0.5220926322335224
0.5220926322335224
0.5220926322335224
0.5220926322335224
0.5220926322335224
0.5220926322335224
0.5220926322335224
0.5220926322335224
0.5220926322335224
0.5220926322335224
0.5220926322335224
0.5220926322335224
0.5220926322335224
0.5220926322335224
0.5220926322335224
0.5220926322335224
0.5220926322335224
0.5220926322335224
0.5220926322335224
0.5220926322335224
0.5220926322335224
0.5220926322335224
0.5220926322335224
0.5220926322335224
0.5220926322335224
0.5220926322335224
0.5220926322335224
0.5220926322335224
0.5220926322335224
0.5220926322335224
0.5220926322335224
0.5220926322335224
0.5220926322335224
0.5220926322335224
0.5220926322335224
0.5220926322335224
0.5220926322335224
0.5220926322335224
0.5220926322335224
0.5220926322335224
0.5220926322335224
0.5220926322335224
0.5220926322335224
0.5220926322335224
0.5220926322335224
0.5220926322335224
0.5220926322335224
0.5220926322335224
0.5220926322335224
0.5220926322335224
0.5220926322335224
0.5220926322335224
0.5220926322335224
0.5220926322335224
0.5220926322335224
0.5220926322335224
0.5220926322335224
0.5220926322335224
0.5220926322335224
0.5220926322335224
0.5220926322335224
0.5220926322335224
0.5220926322335224
0.5220926322335224
0.5220926322335224
0.5220926322335224
0.5220926322335224
0.5220926322335224
0.5220926322335224
0.5220926322335224
0.5220926322335224
0.5220926322335224
0.5220926322335224
0.5220926322335224
0.5220926322335224
0.5220926322335224
0.5220926322335224
0.5220926322335224
0.5220926322335224
0.5220926322335224
0.5220926322335224
0.5220926322335224
0.5220926322335224
0.5220926322335224
0.5220926322335224
0.5220926322335224
0.5220926322335224
0.5220926322335224
0.5220926322335224
0.5220926322335224
0.5220926322335224
0.5220926322335224
0.5220926322335224
0.5220926322335224
0.5220926322335224
0.5220926322335224
0.5220926322335224
0.5220926322335224
0.5220926322335224
0.5220926322335224
0.5220926322335224
0.5220926322335224
0.5220926322335224
0.5220926322335224
0.5220926322335224
0.5220926322335224
0.5220926322335224
0.5220926322335224
0.5220926322335224
0.5220926322335224
0.5220926322335224
0.5220926322335224
0.5220926322335224
0.5220926322335224
0.5220926322335224
0.5220926322335224
0.5220926322335224
0.5220926322335224
0.5220926322335224
0.5220926322335224
0.5220926322335224
0.5220926322335224
0.5220926322335224
0.5220926322335224
0.5220926322335224
0.5220926322335224
0.5220926322335224
0.5220926322335224
0.5220926322335224
0.5220926322335224
0.5220926322335224
0.5220926322335224
0.5220926322335224
0.5220926322335224
0.5220926322335224
0.5220926322335224
0.5220926322335224
0.5220926322335224
0.5220926322335224
0.5220926322335224
0.5220926322335224
0.5220926322335224
0.5220926322335224
0.5220926322335224
0.5220926322335224
0.5220926322335224
0.5220926322335224
0.5220926322335224
0.5220926322335224
0.5220926322335224
0.5220926322335224
0.5220926322335224
0.5220926322335224
0.5220926322335224
0.5220926322335224
0.5220926322335224
0.5220926322335224
0.5220926322335224
0.5220926322335224
0.5220926322335224
0.5220926322335224
0.5220926322335224
0.5220926322335224
0.5220926322335224
0.5220926322335224
0.5220926322335224
0.5220926322335224
0.5220926322335224
0.5220926322335224
0.5220926322335224
0.5220926322335224
0.5220926322335224
0.5220926322335224
0.5220926322335224
0.5220926322335224
0.5220926322335224
0.5220926322335224
0.5220926322335224
0.5220926322335224
0.5220926322335224
0.5220926322335224
0.5220926322335224
0.5220926322335224
0.5220926322335224
0.5220926322335224
0.5220926322335224
0.5220926322335224
0.5220926322335224
0.5220926322335224
0.5220926322335224
0.5220926322335224
0.5220926322335224
0.5220926322335224
0.5220926322335224
0.5220926322335224
0.5220926322335224
0.5220926322335224
0.5220926322335224
0.5220926322335224
0.5220926322335224
0.5220926322335224
0.5220926322335224
0.5220926322335224
0.5220926322335224
0.5220926322335224
0.5220926322335224
0.5220926322335224
0.5220926322335224
0.5220926322335224
0.5220926322335224
0.5220926322335224
0.5220926322335224
0.5220926322335224
0.5220926322335224
0.5220926322335224
0.5220926322335224
0.5220926322335224
0.5220926322335224
0.5220926322335224
0.5220926322335224
0.5220926322335224
0.5220926322335224
0.5220926322335224
0.5220926322335224
0.5220926322335224
0.5220926322335224
0.5220926322335224
0.5220926322335224
0.5220926322335224
0.5220926322335224
0.5220926322335224
0.5220926322335224
0.5220926322335224
0.5220926322335224
0.5220926322335224
0.5220926322335224
0.5220926322335224
0.5220926322335224
0.5220926322335224
0.5220926322335224
0.5220926322335224
0.5220926322335224
0.5220926322335224
0.5220926322335224
0.5220926322335224
0.5220926322335224
0.5220926322335224
0.5220926322335224
0.5220926322335224
0.5220926322335224
0.5220926322335224
0.5220926322335224
0.5220926322335224
0.5220926322335224
0.5220926322335224
0.5220926322335224
0.5220926322335224
0.5220926322335224
0.5220926322335224
0.5220926322335224
0.5220926322335224
0.5220926322335224
0.5220926322335224
0.5220926322335224
0.5220926322335224
0.5220926322335224
0.5220926322335224
0.5220926322335224
0.5220926322335224
0.5220926322335224
0.5220926322335224
0.5220926322335224
0.5220926322335224
0.5220926322335224
0.5220926322335224
0.5220926322335224
0.5220926322335224
0.5220926322335224
0.5220926322335224
0.5220926322335224
0.5220926322335224
0.5220926322335224
0.5220926322335224
0.5220926322335224
0.5220926322335224
0.5220926322335224
0.5220926322335224
0.5220926322335224
0.5220926322335224
0.5220926322335224
0.5220926322335224
0.5220926322335224
0.5220926322335224
0.5220926322335224
0.5220926322335224
0.5220926322335224
0.5220926322335224
0.5220926322335224
0.5220926322335224
0.5220926322335224
0.5220926322335224
0.5220926322335224
0.5220926322335224
0.5220926322335224
0.5220926322335224
0.5220926322335224
0.5220926322335224
0.5220926322335224
0.5220926322335224
0.5220926322335224
0.5220926322335224
0.5220926322335224
0.5220926322335224
0.5220926322335224
0.5220926322335224
0.5220926322335224
0.5220926322335224
0.5220926322335224
0.5220926322335224
0.5220926322335224
0.5220926322335224
0.5220926322335224
0.5220926322335224
0.5220926322335224
0.5220926322335224
0.5220926322335224
0.5220926322335224
0.5220926322335224
0.5220926322335224
0.5220926322335224
0.5220926322335224
0.5220926322335224
0.5220926322335224
0.5220926322335224
0.5220926322335224
0.5220926322335224
0.5220926322335224
0.5220926322335224
0.5220926322335224
0.5220926322335224
0.5220926322335224
0.5220926322335224
0.5220926322335224
0.5220926322335224
0.5220926322335224
0.5220926322335224
0.5220926322335224
0.5220926322335224
0.5220926322335224
0.5220926322335224
0.5220926322335224
0.5220926322335224
0.5220926322335224
0.5220926322335224
0.5220926322335224
0.5220926322335224
0.5220926322335224
0.5220926322335224
0.5220926322335224
0.5220926322335224
0.5220926322335224
0.5220926322335224
0.5220926322335224
0.5220926322335224
0.5220926322335224
0.5220926322335224
0.5220926322335224
0.5220926322335224
0.5220926322335224
0.5220926322335224
0.5220926322335224
0.5220926322335224
0.5220926322335224
0.5220926322335224
0.5220926322335224
0.5220926322335224
0.5220926322335224
0.5220926322335224
0.5220926322335224
0.5220926322335224
0.5220926322335224
0.5220926322335224
0.5220926322335224
0.5220926322335224
0.5220926322335224
0.5220926322335224
0.5220926322335224
0.5220926322335224
0.5220926322335224
0.5220926322335224
0.5220926322335224
0.5220926322335224
0.5220926322335224
0.5220926322335224
0.5220926322335224
0.5220926322335224
0.5220926322335224
0.5220926322335224
0.5220926322335224
0.5220926322335224
0.5220926322335224
0.5220926322335224
0.5220926322335224
0.5220926322335224
0.5220926322335224
0.5220926322335224
0.5220926322335224
0.5220926322335224
0.5220926322335224
0.47014394901857093
0.47014394901857093
0.47014394901857093
0.47014394901857093
0.47014394901857093
0.47014394901857093
0.47014394901857093
0.47014394901857093
0.47014394901857093
0.47014394901857093
0.47014394901857093
0.47014394901857093
0.47014394901857093
0.47014394901857093
0.47014394901857093
0.47014394901857093
0.47014394901857093
0.47014394901857093
0.47014394901857093
0.47014394901857093
0.47014394901857093
0.47014394901857093
0.47014394901857093
0.47014394901857093
0.47014394901857093
0.47014394901857093
0.47014394901857093
0.47014394901857093
0.47014394901857093
0.47014394901857093
0.47014394901857093
0.47014394901857093
0.47014394901857093
0.47014394901857093
0.47014394901857093
0.47014394901857093
0.47014394901857093
0.47014394901857093
0.47014394901857093
0.47014394901857093
0.47014394901857093
0.47014394901857093
0.47014394901857093
0.47014394901857093
0.47014394901857093
0.47014394901857093
0.47014394901857093
0.47014394901857093
0.47014394901857093
0.47014394901857093
0.47014394901857093
0.47014394901857093
0.47014394901857093
0.47014394901857093
0.47014394901857093
0.47014394901857093
0.47014394901857093
0.47014394901857093
0.47014394901857093
0.47014394901857093
0.47014394901857093
0.47014394901857093
0.47014394901857093
0.47014394901857093
0.47014394901857093
0.47014394901857093
0.47014394901857093
0.47014394901857093
0.47014394901857093
0.47014394901857093
0.47014394901857093
0.47014394901857093
0.47014394901857093
0.47014394901857093
0.47014394901857093
0.47014394901857093
0.47014394901857093
0.47014394901857093
0.47014394901857093
0.47014394901857093
0.47014394901857093
0.47014394901857093
0.47014394901857093
0.47014394901857093
0.47014394901857093
0.47014394901857093
0.47014394901857093
0.47014394901857093
0.47014394901857093
0.47014394901857093
0.47014394901857093
0.47014394901857093
0.47014394901857093
0.47014394901857093
0.47014394901857093
0.47014394901857093
0.47014394901857093
0.47014394901857093
0.47014394901857093
0.47014394901857093
0.47014394901857093
0.47014394901857093
0.47014394901857093
0.47014394901857093
0.47014394901857093
0.47014394901857093
0.47014394901857093
0.47014394901857093
0.47014394901857093
0.47014394901857093
0.47014394901857093
0.47014394901857093
0.47014394901857093
0.47014394901857093
0.47014394901857093
0.47014394901857093
0.47014394901857093
0.47014394901857093
0.47014394901857093
0.47014394901857093
0.47014394901857093
0.47014394901857093
0.47014394901857093
0.47014394901857093
0.47014394901857093
0.47014394901857093
0.47014394901857093
0.47014394901857093
0.47014394901857093
0.47014394901857093
0.47014394901857093
0.47014394901857093
0.47014394901857093
0.47014394901857093
0.47014394901857093
0.47014394901857093
0.47014394901857093
0.47014394901857093
0.47014394901857093
0.47014394901857093
0.47014394901857093
0.47014394901857093
0.47014394901857093
0.47014394901857093
0.47014394901857093
0.47014394901857093
0.47014394901857093
0.47014394901857093
0.47014394901857093
0.47014394901857093
0.47014394901857093
0.47014394901857093
0.47014394901857093
0.47014394901857093
0.47014394901857093
0.47014394901857093
0.47014394901857093
0.47014394901857093
0.47014394901857093
0.47014394901857093
0.47014394901857093
0.47014394901857093
0.47014394901857093
0.47014394901857093
0.47014394901857093
0.47014394901857093
0.47014394901857093
0.47014394901857093
0.47014394901857093
0.47014394901857093
0.47014394901857093
0.47014394901857093
0.47014394901857093
0.47014394901857093
0.47014394901857093
0.47014394901857093
0.47014394901857093
0.47014394901857093
0.47014394901857093
0.47014394901857093
0.47014394901857093
0.47014394901857093
0.47014394901857093
0.47014394901857093
0.47014394901857093
0.47014394901857093
0.47014394901857093
0.47014394901857093
0.47014394901857093
0.47014394901857093
0.47014394901857093
0.47014394901857093
0.47014394901857093
0.47014394901857093
0.47014394901857093
0.47014394901857093
0.47014394901857093
0.47014394901857093
0.47014394901857093
0.47014394901857093
0.47014394901857093
0.47014394901857093
0.47014394901857093
0.47014394901857093
0.47014394901857093
0.47014394901857093
0.47014394901857093
0.47014394901857093
0.47014394901857093
0.47014394901857093
0.47014394901857093
0.47014394901857093
0.47014394901857093
0.47014394901857093
0.47014394901857093
0.47014394901857093
