35557.01338525747
34993.58879155639
34993.58879155639
34881.70107784679
34704.12500696838
34704.12500696838
34516.20781354493
34294.487943519496
33577.08234926855
33577.08234926855
33577.08234926855
33367.113056181384
33318.31183779292
33224.19379807762
33224.19379807762
32855.22946421567
32845.012838042676
32845.012838042676
32648.453916805065
32648.453916805065
32648.453916805065
32635.509608934208
32635.509608934208
32635.509608934208
32635.509608934208
32514.224040507444
32115.553894604298
32115.553894604298
32115.553894604298
32115.553894604298
32115.553894604298
32115.553894604298
31463.28001647805
31463.28001647805
31172.74392198681
31172.74392198681
31172.74392198681
31172.74392198681
30690.361939988758
30690.361939988758
30467.97886148103
30467.97886148103
30467.97886148103
30467.97886148103
30467.97886148103
30467.97886148103
30199.157573195724
29957.982525808442
29957.982525808442
29884.83151671549
29839.82550392513
29556.13850268385
29556.13850268385
29556.13850268385
29403.870358834087
29403.870358834087
29403.870358834087
29402.78437676174
29101.41981645874
28608.03071934339
28252.527084322726
27892.090574222046
27730.094362107528
27730.094362107528
27462.660951206526
27462.660951206526
27274.652887144457
27130.46067610749
27119.26116783405
27119.26116783405
27119.26116783405
26639.871902286595
26411.08966877062
26372.573456305956
25937.319589708397
25937.319589708397
25776.379922544755
25776.379922544755
25776.379922544755
25671.140339162608
25671.140339162608
25339.78522981236
25295.50277613836
25248.076205803598
25248.076205803598
25001.225438121346
24996.27600674016
24898.643679314693
24898.643679314693
24898.643679314693
24898.643679314693
24616.184781134227
24616.184781134227
24616.184781134227
24374.889241547284
24374.889241547284
24374.889241547284
24374.889241547284
24235.408762639767
24131.73344340912
23834.14866917114
23631.560917549796
23304.763776870663
23084.894490023304
23084.894490023304
22598.12812486382
22598.12812486382
22598.12812486382
21813.342608312807
21052.64345968231
21052.64345968231
21038.695279349267
20936.576586092375
20688.569096113857
20688.569096113857
20642.918642674642
20296.695075069347
20115.920509064545
19917.245968208397
19558.15847100745
19399.45348071496
19355.998107148927
19355.998107148927
19270.535253510425
18875.58504176761
18875.58504176761
18707.674216359504
18707.674216359504
18318.882107249887
18318.882107249887
18318.882107249887
18318.882107249887
18318.882107249887
18318.882107249887
18318.882107249887
18136.47938425286
17757.71567273547
17757.71567273547
17757.71567273547
17757.71567273547
17212.13703082982
17212.13703082982
17212.13703082982
17084.37580109473
17076.410145353246
17076.410145353246
17076.410145353246
17076.410145353246
17076.410145353246
17076.410145353246
16845.03045603906
16652.186800433497
16561.046782073718
16473.214739036684
16301.159643736339
16301.159643736339
16301.159643736339
15730.042554936086
15259.493493573793
15259.493493573793
15106.044487842124
15010.493930788725
14829.674439007178
14829.674439007178
14829.674439007178
14829.674439007178
14829.674439007178
14669.267951682674
14295.968354827754
14073.56456181262
14073.56456181262
13460.086546150116
13460.086546150116
13460.086546150116
13460.086546150116
12996.203408545869
12996.203408545869
12996.203408545869
12996.203408545869
12996.203408545869
12606.048113856683
12606.048113856683
12606.048113856683
12278.93588138985
12278.93588138985
12115.191369948832
11793.770754939733
11680.251161634964
11651.945561070794
11651.945561070794
11620.315497297444
11612.896724138373
11070.053722283203
11070.053722283203
10698.907612545045
10698.907612545045
10417.454590567597
10039.77223456862
9825.734244816445
9825.734244816445
9825.734244816445
9748.708067629475
9601.942085860243
9601.942085860243
9560.022121751634
9560.022121751634
9531.316391013306
9459.8987841017
9395.80318871267
9333.604997537923
9060.213430535066
9060.213430535066
9060.213430535066
9060.213430535066
9060.213430535066
9011.408946841706
8946.511733989973
8946.511733989973
8635.39442866038
8635.39442866038
8635.39442866038
8635.39442866038
8635.39442866038
8329.571141295659
8329.571141295659
8290.402559027601
8105.934381546741
8105.934381546741
8105.934381546741
7910.671074348096
7910.671074348096
7629.861341906178
7560.592552523529
7405.893813330812
7405.893813330812
7405.893813330812
7304.108256431218
7102.723282783408
7102.723282783408
7102.723282783408
7102.723282783408
7084.906469028545
7084.906469028545
7084.906469028545
7084.906469028545
7084.906469028545
6924.737634956387
6924.737634956387
6737.898566816655
6568.63184590961
6568.63184590961
6568.63184590961
6568.63184590961
6474.53683115071
6472.68863669616
6472.68863669616
6323.160023624331
6140.112168027872
6064.548188135486
5942.0937012086815
5942.0937012086815
5937.543528546137
5917.4727189926225
5662.145877934425
5338.807107035474
5338.807107035474
5197.621945963615
5185.832584956386
5185.832584956386
5185.832584956386
4817.194291657408
4769.544085541501
4769.544085541501
4769.544085541501
4769.544085541501
4631.942259931308
4631.942259931308
4631.942259931308
4540.44238728677
4540.44238728677
4540.44238728677
4540.44238728677
4540.44238728677
4540.44238728677
4539.630221953531
4527.293596173749
4527.293596173749
4477.1437001402755
4391.428342094495
4258.634236691543
4258.634236691543
4258.634236691543
4198.492654193892
4198.492654193892
4198.492654193892
4031.8383699426945
4031.8383699426945
3962.454723741546
3865.1882598768375
3865.1882598768375
3750.8375684727675
3750.8375684727675
3601.5878718766317
3601.5878718766317
3601.5878718766317
3601.5878718766317
3519.7239637010657
3519.7239637010657
3478.233459208549
3478.233459208549
3478.233459208549
3478.233459208549
3478.233459208549
3446.738393212824
3390.373304615871
3316.280434199002
3198.6441467009527
3131.628307710829
3131.628307710829
3030.6436504416088
3030.6436504416088
3030.6436504416088
3030.6436504416088
2982.710973853233
2764.150267908492
2764.150267908492
2643.03551664794
2488.3641290889573
2378.5160067167308
2328.8820761697298
2328.8820761697298
2328.8820761697298
2328.8820761697298
2328.8820761697298
2328.8820761697298
2328.8820761697298
2304.931313853794
2290.5064641993386
2290.5064641993386
2237.807820840952
2237.807820840952
2237.807820840952
2118.720986704037
2049.3775373396015
2049.3775373396015
2022.461760815943
2019.5883371412701
2019.5883371412701
2019.5883371412701
1910.1657127727358
1910.1657127727358
1669.9983732621788
1626.895903523345
1536.97247538667
1488.302500367087
1488.302500367087
1488.302500367087
1464.8814215510538
1403.8496325894362
1403.8496325894362
1403.8496325894362
1289.9039683365354
1219.9336140318283
1219.9336140318283
1219.9336140318283
1172.0292168389765
1145.5707880801444
1145.5707880801444
983.8710033652278
847.0521151606212
822.7588766621698
692.2146394163968
681.1276058089564
578.3708503164988
578.3708503164988
504.6483680882078
504.6483680882078
461.8856333282499
456.1075527760702
456.1075527760702
447.4683371134535
425.76067411669567
425.76067411669567
425.76067411669567
425.76067411669567
425.76067411669567
425.76067411669567
425.76067411669567
414.6104525467045
414.6104525467045
414.6104525467045
414.6104525467045
414.6104525467045
414.6104525467045
414.6104525467045
414.6104525467045
396.4007835536351
396.4007835536351
396.4007835536351
394.6276256846179
394.6276256846179
394.6276256846179
394.6276256846179
394.6276256846179
394.6276256846179
383.5025415180806
350.5647039876738
350.5647039876738
350.5647039876738
278.93651986068613
243.71357759545543
243.71357759545543
243.71357759545543
243.71357759545543
243.71357759545543
243.71357759545543
243.71357759545543
230.60076111837407
183.10003411827998
183.10003411827998
183.10003411827998
183.10003411827998
180.98923345571566
174.23986084739892
174.23986084739892
137.6688429702138
129.1667692523971
102.59212317869041
93.69227064919687
93.69227064919687
93.69227064919687
74.9224539436787
74.9224539436787
74.9224539436787
74.9224539436787
74.9224539436787
74.9224539436787
74.9224539436787
59.95479490285858
44.82555443170716
44.82555443170716
44.82555443170716
21.530849196378934
21.530849196378934
21.530849196378934
21.530849196378934
21.530849196378934
5.749019690673143
5.749019690673143
5.749019690673143
5.749019690673143
5.749019690673143
5.749019690673143
5.749019690673143
5.749019690673143
5.749019690673143
4.87087219900428
4.87087219900428
4.87087219900428
4.87087219900428
4.87087219900428
4.87087219900428
4.87087219900428
4.87087219900428
4.87087219900428
4.87087219900428
4.87087219900428
4.87087219900428
4.87087219900428
4.87087219900428
4.87087219900428
4.87087219900428
4.87087219900428
4.87087219900428
4.87087219900428
4.87087219900428
4.87087219900428
4.87087219900428
4.87087219900428
4.87087219900428
4.87087219900428
4.87087219900428
4.87087219900428
4.87087219900428
4.87087219900428
4.87087219900428
4.87087219900428
4.87087219900428
4.87087219900428
4.87087219900428
4.87087219900428
4.87087219900428
4.87087219900428
4.87087219900428
4.87087219900428
4.87087219900428
4.87087219900428
4.87087219900428
2.5280213687911264
2.5280213687911264
2.5280213687911264
2.5280213687911264
2.5280213687911264
2.5280213687911264
2.5280213687911264
2.5280213687911264
2.5280213687911264
2.5280213687911264
2.5280213687911264
2.5280213687911264
2.5280213687911264
2.5280213687911264
2.5280213687911264
2.5280213687911264
2.5280213687911264
2.5280213687911264
2.5280213687911264
2.5280213687911264
2.5280213687911264
2.5280213687911264
2.5280213687911264
2.5280213687911264
2.5280213687911264
2.5280213687911264
2.5280213687911264
2.5280213687911264
2.5280213687911264
2.5280213687911264
2.5280213687911264
2.5280213687911264
2.5280213687911264
2.5280213687911264
2.5280213687911264
2.5280213687911264
2.5280213687911264
2.5280213687911264
2.5280213687911264
2.5280213687911264
2.5280213687911264
2.5280213687911264
2.5280213687911264
2.5280213687911264
2.5280213687911264
2.5280213687911264
2.5280213687911264
2.5280213687911264
2.5280213687911264
2.5280213687911264
2.5280213687911264
2.5280213687911264
2.5280213687911264
2.5280213687911264
2.5280213687911264
2.5280213687911264
2.5280213687911264
2.5280213687911264
2.5280213687911264
2.5280213687911264
2.5280213687911264
2.5280213687911264
2.5280213687911264
2.5280213687911264
2.5280213687911264
2.5280213687911264
2.5280213687911264
2.5280213687911264
2.5280213687911264
2.5280213687911264
2.5280213687911264
2.5280213687911264
2.5280213687911264
2.5280213687911264
2.5280213687911264
2.5280213687911264
2.5280213687911264
2.5280213687911264
2.5280213687911264
2.5280213687911264
2.5280213687911264
2.5280213687911264
2.5280213687911264
2.5280213687911264
2.5280213687911264
2.5280213687911264
2.5280213687911264
2.5280213687911264
2.5280213687911264
2.5280213687911264
2.5280213687911264
2.5280213687911264
2.5280213687911264
2.5280213687911264
2.5280213687911264
2.5280213687911264
2.5280213687911264
2.5280213687911264
2.5280213687911264
2.5280213687911264
2.5280213687911264
2.5280213687911264
2.5280213687911264
2.5280213687911264
2.5280213687911264
2.5280213687911264
2.5280213687911264
2.5280213687911264
2.5280213687911264
2.5280213687911264
2.5280213687911264
2.5280213687911264
2.5280213687911264
2.5280213687911264
2.5280213687911264
2.5280213687911264
2.5280213687911264
2.5280213687911264
2.5280213687911264
2.5280213687911264
2.5280213687911264
2.5280213687911264
2.5280213687911264
2.5280213687911264
2.5280213687911264
2.5280213687911264
2.5280213687911264
2.5280213687911264
2.5280213687911264
2.5280213687911264
2.5280213687911264
2.5280213687911264
2.5280213687911264
2.5280213687911264
2.5280213687911264
2.5280213687911264
2.5280213687911264
2.5280213687911264
2.5280213687911264
2.5280213687911264
2.5280213687911264
2.5280213687911264
2.5280213687911264
2.5280213687911264
2.5280213687911264
2.5280213687911264
2.5280213687911264
2.5280213687911264
2.5280213687911264
2.5280213687911264
2.5280213687911264
2.5280213687911264
2.5280213687911264
2.5280213687911264
2.5280213687911264
2.5280213687911264
2.5280213687911264
2.5280213687911264
2.5280213687911264
2.5280213687911264
2.5280213687911264
2.5280213687911264
2.5280213687911264
2.5280213687911264
2.5280213687911264
2.5280213687911264
2.5280213687911264
2.5280213687911264
2.5280213687911264
2.5280213687911264
2.5280213687911264
2.5280213687911264
2.5280213687911264
2.5280213687911264
2.5280213687911264
2.5280213687911264
2.5280213687911264
2.5280213687911264
2.5280213687911264
2.5280213687911264
2.5280213687911264
2.5280213687911264
2.5280213687911264
2.5280213687911264
2.5280213687911264
2.5280213687911264
2.5280213687911264
2.5280213687911264
2.5280213687911264
2.5280213687911264
2.5280213687911264
2.5280213687911264
2.5280213687911264
2.5280213687911264
2.5280213687911264
2.5280213687911264
2.5280213687911264
2.5280213687911264
2.5280213687911264
2.5280213687911264
2.5280213687911264
2.5280213687911264
2.5280213687911264
2.5280213687911264
2.5280213687911264
2.5280213687911264
2.5280213687911264
2.5280213687911264
2.5280213687911264
2.5280213687911264
2.5280213687911264
2.5280213687911264
2.5280213687911264
2.5280213687911264
2.5280213687911264
2.5280213687911264
2.5280213687911264
2.5280213687911264
2.5280213687911264
2.5280213687911264
2.5280213687911264
2.5280213687911264
2.5280213687911264
2.5280213687911264
2.5280213687911264
2.5280213687911264
2.5280213687911264
2.5280213687911264
2.5280213687911264
2.5280213687911264
2.5280213687911264
2.5280213687911264
2.5280213687911264
2.5280213687911264
2.5280213687911264
2.5280213687911264
2.5280213687911264
2.5280213687911264
2.5280213687911264
2.5280213687911264
2.5280213687911264
2.5280213687911264
2.5280213687911264
2.5280213687911264
2.5280213687911264
2.5280213687911264
2.5280213687911264
2.5280213687911264
2.5280213687911264
2.5280213687911264
2.5280213687911264
2.5280213687911264
2.5280213687911264
2.5280213687911264
2.5280213687911264
2.5280213687911264
2.5280213687911264
2.5280213687911264
2.5280213687911264
2.5280213687911264
2.5280213687911264
2.5280213687911264
2.5280213687911264
2.5280213687911264
2.5280213687911264
2.5280213687911264
2.5280213687911264
2.5280213687911264
2.5280213687911264
2.5280213687911264
2.5280213687911264
2.5280213687911264
2.5280213687911264
2.5280213687911264
2.5280213687911264
2.5280213687911264
2.5280213687911264
2.5280213687911264
2.5280213687911264
2.5280213687911264
2.5280213687911264
2.5280213687911264
2.5280213687911264
2.5280213687911264
2.5280213687911264
2.5280213687911264
2.5280213687911264
2.5280213687911264
2.5280213687911264
2.5280213687911264
2.5280213687911264
2.5280213687911264
2.5280213687911264
2.5280213687911264
2.5280213687911264
2.5280213687911264
2.5280213687911264
2.5280213687911264
2.5280213687911264
2.5280213687911264
2.5280213687911264
2.5280213687911264
2.5280213687911264
2.5280213687911264
2.5280213687911264
2.5280213687911264
2.5280213687911264
2.5280213687911264
2.5280213687911264
2.5280213687911264
2.5280213687911264
2.5280213687911264
2.5280213687911264
2.5280213687911264
2.5280213687911264
2.5280213687911264
2.5280213687911264
2.5280213687911264
2.5280213687911264
2.5280213687911264
2.5280213687911264
2.5280213687911264
2.5280213687911264
2.5280213687911264
2.5280213687911264
2.5280213687911264
2.5280213687911264
2.5280213687911264
2.5280213687911264
2.5280213687911264
2.5280213687911264
2.5280213687911264
2.5280213687911264
2.5280213687911264
2.5280213687911264
2.5280213687911264
2.5280213687911264
2.5280213687911264
2.5280213687911264
2.5280213687911264
2.5280213687911264
2.5280213687911264
2.5280213687911264
2.5280213687911264
2.5280213687911264
2.5280213687911264
2.5280213687911264
2.5280213687911264
2.5280213687911264
2.5280213687911264
2.5280213687911264
2.5280213687911264
2.5280213687911264
2.5280213687911264
2.5280213687911264
2.5280213687911264
2.5280213687911264
2.5280213687911264
2.5280213687911264
2.5280213687911264
2.5280213687911264
2.5280213687911264
2.5280213687911264
2.5280213687911264
2.5280213687911264
2.5280213687911264
2.5280213687911264
2.5280213687911264
2.5280213687911264
2.5280213687911264
2.5280213687911264
2.5280213687911264
2.5280213687911264
2.5280213687911264
2.5280213687911264
2.5280213687911264
2.5280213687911264
2.5280213687911264
2.5280213687911264
2.5280213687911264
2.5280213687911264
2.5280213687911264
2.5280213687911264
2.5280213687911264
2.5280213687911264
2.5280213687911264
2.5280213687911264
2.5280213687911264
2.5280213687911264
2.5280213687911264
2.5280213687911264
2.5280213687911264
2.5280213687911264
2.5280213687911264
2.5280213687911264
2.5280213687911264
2.5280213687911264
2.5280213687911264
2.5280213687911264
2.5280213687911264
2.5280213687911264
2.5280213687911264
2.5280213687911264
2.5280213687911264
2.5280213687911264
2.5280213687911264
2.5280213687911264
2.5280213687911264
2.5280213687911264
2.5280213687911264
2.5280213687911264
2.5280213687911264
2.5280213687911264
2.5280213687911264
2.5280213687911264
2.5280213687911264
2.5280213687911264
2.5280213687911264
2.5280213687911264
2.5280213687911264
2.5280213687911264
2.5280213687911264
2.5280213687911264
2.5280213687911264
2.5280213687911264
2.5280213687911264
2.5280213687911264
2.5280213687911264
2.5280213687911264
2.5280213687911264
2.5280213687911264
2.5280213687911264
2.5280213687911264
2.5280213687911264
2.5280213687911264
2.5280213687911264
2.5280213687911264
2.5280213687911264
2.5280213687911264
2.5280213687911264
2.5280213687911264
2.5280213687911264
2.5280213687911264
2.5280213687911264
2.5280213687911264
2.5280213687911264
2.5280213687911264
2.5280213687911264
2.5280213687911264
2.5280213687911264
2.5280213687911264
2.5280213687911264
2.5280213687911264
2.5280213687911264
2.5280213687911264
2.5280213687911264
2.5280213687911264
2.5280213687911264
2.5280213687911264
2.5280213687911264
2.5280213687911264
2.5280213687911264
2.5280213687911264
2.5280213687911264
2.5280213687911264
2.5280213687911264
2.5280213687911264
2.5280213687911264
2.5280213687911264
2.5280213687911264
2.5280213687911264
2.5280213687911264
2.5280213687911264
2.5280213687911264
2.5280213687911264
2.5280213687911264
2.5280213687911264
2.5280213687911264
2.5280213687911264
2.5280213687911264
2.5280213687911264
2.5280213687911264
2.5280213687911264
2.5280213687911264
2.5280213687911264
2.5280213687911264
2.5280213687911264
2.5280213687911264
2.5280213687911264
2.5280213687911264
2.5280213687911264
2.5280213687911264
2.5280213687911264
2.5280213687911264
2.5280213687911264
2.5280213687911264
2.5280213687911264
2.5280213687911264
2.5280213687911264
2.5280213687911264
2.5280213687911264
2.5280213687911264
2.5280213687911264
2.5280213687911264
2.5280213687911264
2.5280213687911264
2.5280213687911264
2.5280213687911264
2.5280213687911264
2.5280213687911264
2.5280213687911264
2.5280213687911264
2.5280213687911264
2.5280213687911264
2.5280213687911264
2.5280213687911264
2.5280213687911264
2.5280213687911264
2.5280213687911264
2.5280213687911264
2.5280213687911264
2.5280213687911264
2.5280213687911264
2.5280213687911264
2.5280213687911264
2.5280213687911264
2.5280213687911264
2.5280213687911264
2.5280213687911264
2.5280213687911264
2.5280213687911264
2.5280213687911264
2.5280213687911264
2.5280213687911264
2.5280213687911264
2.5280213687911264
2.5280213687911264
2.5280213687911264
2.5280213687911264
1.8537561789131929
1.8537561789131929
1.8537561789131929
1.8537561789131929
1.8537561789131929
1.8537561789131929
1.8537561789131929
1.8537561789131929
1.8537561789131929
1.8537561789131929
1.8537561789131929
1.8537561789131929
1.8537561789131929
1.8537561789131929
1.8537561789131929
1.8537561789131929
1.8537561789131929
1.8537561789131929
1.8537561789131929
1.8537561789131929
1.8537561789131929
1.8537561789131929
1.8537561789131929
1.8537561789131929
1.8537561789131929
1.8537561789131929
1.8537561789131929
1.8537561789131929
1.8537561789131929
1.8537561789131929
1.8537561789131929
1.8537561789131929
1.8537561789131929
1.8537561789131929
1.8537561789131929
1.8537561789131929
1.8537561789131929
1.8537561789131929
1.8537561789131929
1.8537561789131929
1.8537561789131929
1.8537561789131929
1.8537561789131929
1.8533511878133995
1.8533511878133995
1.8533511878133995
1.8533511878133995
1.8533511878133995
1.8533511878133995
1.8533511878133995
1.8533511878133995
1.8533511878133995
1.8533511878133995
1.8533511878133995
1.8533511878133995
1.8533511878133995
1.8533511878133995
1.8533511878133995
1.8533511878133995
1.8533511878133995
1.8533511878133995
1.8533511878133995
1.8533511878133995
1.8533511878133995
1.8533511878133995
1.8533511878133995
1.8533511878133995
1.8533511878133995
1.8533511878133995
1.8533511878133995
1.8533511878133995
1.8533511878133995
1.8533511878133995
1.8533511878133995
1.8533511878133995
1.8533511878133995
1.8533511878133995
1.8533511878133995
1.8533511878133995
1.8533511878133995
1.8533511878133995
1.8533511878133995
1.8533511878133995
1.8533511878133995
1.8533511878133995
1.8533511878133995
1.8533511878133995
1.8533511878133995
1.8533511878133995
1.8533511878133995
1.8533511878133995
1.8533511878133995
1.8533511878133995
1.8533511878133995
1.8533511878133995
1.8533511878133995
1.8533511878133995
1.8533511878133995
1.8533511878133995
1.8533511878133995
1.8533511878133995
1.8533511878133995
1.8533511878133995
1.8533511878133995
1.8533511878133995
1.8533511878133995
1.8533511878133995
1.8533511878133995
1.8533511878133995
1.8533511878133995
1.8533511878133995
1.8533511878133995
1.8533511878133995
1.8533511878133995
1.8533511878133995
1.8533511878133995
1.8533511878133995
1.8533511878133995
1.8533511878133995
1.8533511878133995
1.8533511878133995
1.8533511878133995
1.8533511878133995
1.8533511878133995
1.8533511878133995
1.8533511878133995
1.8533511878133995
1.8533511878133995
1.8533511878133995
1.8533511878133995
1.8533511878133995
1.8533511878133995
1.8533511878133995
1.8533511878133995
1.8533511878133995
1.8533511878133995
1.8533511878133995
1.8533511878133995
1.8533511878133995
1.8533511878133995
1.8533511878133995
1.8533511878133995
1.8533511878133995
1.8533511878133995
1.8533511878133995
1.8533511878133995
1.8533511878133995
1.8533511878133995
1.8533511878133995
1.8533511878133995
1.8533511878133995
1.8533511878133995
1.8533511878133995
1.8533511878133995
1.8533511878133995
1.8533511878133995
1.8533511878133995
1.8533511878133995
1.8533511878133995
1.8533511878133995
1.8533511878133995
1.8533511878133995
1.8533511878133995
1.8533511878133995
1.8533511878133995
1.8533511878133995
1.8533511878133995
1.8533511878133995
1.8533511878133995
1.8533511878133995
1.8533511878133995
1.8533511878133995
1.8533511878133995
1.8533511878133995
1.8533511878133995
1.8533511878133995
1.8533511878133995
1.8533511878133995
1.8533511878133995
1.8533511878133995
1.8533511878133995
1.8533511878133995
1.8533511878133995
1.8533511878133995
1.8533511878133995
1.8533511878133995
1.8533511878133995
1.8533511878133995
1.8533511878133995
1.8533511878133995
1.8533511878133995
1.8533511878133995
1.8533511878133995
1.8533511878133995
1.8533511878133995
1.8533511878133995
1.8533511878133995
1.8533511878133995
1.8533511878133995
1.8533511878133995
1.8533511878133995
1.8533511878133995
1.8533511878133995
1.8533511878133995
1.8533511878133995
1.8533511878133995
1.8533511878133995
1.8533511878133995
1.8533511878133995
1.8533511878133995
1.8533511878133995
1.8533511878133995
1.8533511878133995
1.8533511878133995
1.8533511878133995
1.185502092894676
1.185502092894676
1.185502092894676
1.185502092894676
1.185502092894676
1.185502092894676
1.185502092894676
1.185502092894676
1.185502092894676
1.185502092894676
1.185502092894676
1.185502092894676
1.185502092894676
1.185502092894676
1.185502092894676
1.185502092894676
1.185502092894676
1.185502092894676
1.185502092894676
1.185502092894676
1.185502092894676
1.185502092894676
1.185502092894676
1.185502092894676
1.185502092894676
1.185502092894676
1.185502092894676
1.185502092894676
1.185502092894676
1.185502092894676
1.185502092894676
1.185502092894676
1.185502092894676
1.185502092894676
1.185502092894676
1.185502092894676
1.185502092894676
1.185502092894676
1.185502092894676
1.185502092894676
1.185502092894676
1.185502092894676
1.185502092894676
1.185502092894676
1.185502092894676
1.185502092894676
1.185502092894676
1.185502092894676
1.185502092894676
1.185502092894676
1.185502092894676
1.185502092894676
1.185502092894676
1.185502092894676
1.185502092894676
1.185502092894676
1.185502092894676
1.185502092894676
1.185502092894676
1.185502092894676
1.185502092894676
1.185502092894676
1.185502092894676
1.185502092894676
1.185502092894676
1.185502092894676
1.185502092894676
1.185502092894676
1.185502092894676
1.185502092894676
1.185502092894676
1.185502092894676
1.185502092894676
1.185502092894676
1.185502092894676
1.185502092894676
1.185502092894676
1.185502092894676
1.185502092894676
1.185502092894676
1.185502092894676
1.185502092894676
1.185502092894676
1.185502092894676
1.185502092894676
1.185502092894676
1.185502092894676
1.185502092894676
1.185502092894676
1.185502092894676
1.185502092894676
1.185502092894676
1.185502092894676
1.185502092894676
1.185502092894676
1.185502092894676
1.185502092894676
1.185502092894676
1.185502092894676
1.185502092894676
1.185502092894676
1.185502092894676
1.185502092894676
1.185502092894676
1.185502092894676
1.185502092894676
1.185502092894676
1.185502092894676
1.185502092894676
1.185502092894676
1.185502092894676
1.185502092894676
1.185502092894676
1.185502092894676
1.185502092894676
1.185502092894676
1.185502092894676
1.185502092894676
1.185502092894676
1.185502092894676
1.185502092894676
1.185502092894676
1.185502092894676
1.185502092894676
1.185502092894676
1.185502092894676
1.185502092894676
1.185502092894676
1.185502092894676
1.185502092894676
1.185502092894676
1.185502092894676
1.185502092894676
1.185502092894676
1.185502092894676
1.185502092894676
1.185502092894676
1.185502092894676
1.185502092894676
1.185502092894676
1.185502092894676
1.185502092894676
1.185502092894676
1.185502092894676
1.185502092894676
1.185502092894676
1.185502092894676
1.185502092894676
1.185502092894676
1.185502092894676
1.185502092894676
1.185502092894676
1.185502092894676
1.185502092894676
1.185502092894676
1.185502092894676
1.185502092894676
1.185502092894676
1.185502092894676
1.185502092894676
1.185502092894676
1.185502092894676
1.185502092894676
1.185502092894676
1.185502092894676
1.185502092894676
1.185502092894676
1.185502092894676
1.185502092894676
1.185502092894676
1.185502092894676
1.185502092894676
1.185502092894676
1.185502092894676
1.185502092894676
1.185502092894676
1.185502092894676
1.185502092894676
1.185502092894676
1.185502092894676
1.185502092894676
1.185502092894676
1.185502092894676
1.185502092894676
1.185502092894676
1.185502092894676
1.185502092894676
1.185502092894676
1.185502092894676
1.185502092894676
1.185502092894676
1.185502092894676
1.185502092894676
1.185502092894676
1.185502092894676
1.185502092894676
1.185502092894676
1.185502092894676
1.185502092894676
1.185502092894676
1.185502092894676
1.185502092894676
1.185502092894676
1.185502092894676
1.185502092894676
1.185502092894676
1.185502092894676
1.185502092894676
1.185502092894676
1.185502092894676
1.185502092894676
1.185502092894676
1.185502092894676
1.185502092894676
1.185502092894676
1.185502092894676
1.185502092894676
1.185502092894676
1.185502092894676
1.185502092894676
1.185502092894676
1.185502092894676
1.185502092894676
1.185502092894676
1.185502092894676
1.185502092894676
1.185502092894676
1.185502092894676
1.185502092894676
1.185502092894676
1.185502092894676
1.185502092894676
1.185502092894676
1.185502092894676
1.185502092894676
1.185502092894676
1.185502092894676
1.185502092894676
1.185502092894676
1.185502092894676
1.185502092894676
1.185502092894676
1.185502092894676
1.185502092894676
1.185502092894676
1.185502092894676
1.185502092894676
1.185502092894676
1.185502092894676
1.185502092894676
1.185502092894676
1.185502092894676
1.185502092894676
1.185502092894676
1.185502092894676
1.185502092894676
1.185502092894676
1.185502092894676
1.185502092894676
1.185502092894676
1.185502092894676
1.185502092894676
1.185502092894676
1.185502092894676
1.185502092894676
1.185502092894676
1.185502092894676
1.185502092894676
1.185502092894676
1.185502092894676
1.185502092894676
1.185502092894676
1.185502092894676
1.185502092894676
1.185502092894676
1.185502092894676
1.185502092894676
1.185502092894676
1.185502092894676
1.185502092894676
1.185502092894676
1.185502092894676
1.185502092894676
1.185502092894676
1.185502092894676
1.185502092894676
1.185502092894676
1.185502092894676
1.185502092894676
1.185502092894676
1.185502092894676
1.185502092894676
1.185502092894676
1.185502092894676
1.185502092894676
1.185502092894676
1.185502092894676
1.185502092894676
1.185502092894676
1.185502092894676
1.185502092894676
1.185502092894676
1.185502092894676
1.185502092894676
1.185502092894676
1.185502092894676
1.185502092894676
1.185502092894676
1.185502092894676
1.185502092894676
1.185502092894676
1.185502092894676
1.185502092894676
1.185502092894676
1.185502092894676
1.185502092894676
1.185502092894676
1.185502092894676
1.185502092894676
1.185502092894676
1.185502092894676
1.185502092894676
1.185502092894676
1.185502092894676
1.185502092894676
1.185502092894676
1.185502092894676
1.185502092894676
1.185502092894676
1.185502092894676
1.185502092894676
1.185502092894676
1.185502092894676
1.185502092894676
1.185502092894676
1.185502092894676
1.185502092894676
1.185502092894676
1.185502092894676
1.185502092894676
1.185502092894676
1.185502092894676
1.185502092894676
1.185502092894676
1.185502092894676
1.185502092894676
1.185502092894676
1.185502092894676
1.185502092894676
1.185502092894676
1.185502092894676
1.185502092894676
1.185502092894676
1.185502092894676
1.185502092894676
1.185502092894676
1.185502092894676
1.185502092894676
1.185502092894676
1.185502092894676
1.185502092894676
1.185502092894676
1.185502092894676
1.185502092894676
1.185502092894676
1.185502092894676
1.185502092894676
1.185502092894676
1.185502092894676
1.185502092894676
1.185502092894676
1.185502092894676
1.185502092894676
1.185502092894676
1.185502092894676
1.185502092894676
1.185502092894676
1.185502092894676
1.185502092894676
1.185502092894676
1.185502092894676
1.185502092894676
1.185502092894676
1.185502092894676
1.185502092894676
1.185502092894676
1.185502092894676
1.185502092894676
1.185502092894676
1.185502092894676
1.185502092894676
1.185502092894676
1.185502092894676
1.185502092894676
1.185502092894676
1.185502092894676
1.185502092894676
1.185502092894676
1.185502092894676
1.185502092894676
1.185502092894676
1.185502092894676
1.185502092894676
1.185502092894676
1.185502092894676
1.185502092894676
1.185502092894676
1.185502092894676
1.185502092894676
1.185502092894676
1.185502092894676
1.185502092894676
1.185502092894676
1.185502092894676
1.185502092894676
1.185502092894676
1.185502092894676
1.185502092894676
1.185502092894676
1.185502092894676
1.185502092894676
1.185502092894676
1.185502092894676
1.185502092894676
1.185502092894676
1.185502092894676
1.185502092894676
1.185502092894676
1.185502092894676
1.185502092894676
1.185502092894676
1.185502092894676
1.185502092894676
1.185502092894676
1.185502092894676
1.185502092894676
1.185502092894676
1.185502092894676
1.185502092894676
1.185502092894676
1.185502092894676
1.185502092894676
1.185502092894676
1.185502092894676
1.185502092894676
1.185502092894676
1.185502092894676
1.185502092894676
1.185502092894676
1.185502092894676
1.185502092894676
1.185502092894676
1.185502092894676
1.185502092894676
1.185502092894676
1.185502092894676
1.185502092894676
1.185502092894676
1.185502092894676
1.185502092894676
1.185502092894676
1.185502092894676
1.185502092894676
1.185502092894676
1.185502092894676
1.185502092894676
1.185502092894676
1.1217754645259947
1.1217754645259947
1.1217754645259947
1.1217754645259947
1.1217754645259947
1.1217754645259947
1.1217754645259947
1.1217754645259947
1.1217754645259947
1.1217754645259947
1.1217754645259947
1.1217754645259947
1.1217754645259947
1.1217754645259947
1.1217754645259947
1.1217754645259947
1.1217754645259947
1.1217754645259947
1.1217754645259947
1.1217754645259947
1.1217754645259947
1.1217754645259947
1.1217754645259947
1.1217754645259947
1.1217754645259947
1.1217754645259947
1.1217754645259947
1.1217754645259947
1.1217754645259947
1.1217754645259947
1.1217754645259947
1.1217754645259947
1.1217754645259947
1.1217754645259947
1.1217754645259947
1.1217754645259947
1.1217754645259947
1.1217754645259947
1.1217754645259947
1.1217754645259947
1.1217754645259947
1.1217754645259947
1.1217754645259947
1.1217754645259947
1.1217754645259947
1.1217754645259947
1.1217754645259947
1.1217754645259947
1.1217754645259947
1.1217754645259947
1.1217754645259947
1.1217754645259947
1.1217754645259947
1.1217754645259947
1.1217754645259947
1.1217754645259947
1.1217754645259947
1.1217754645259947
1.1217754645259947
1.1217754645259947
1.1217754645259947
1.1217754645259947
1.1217754645259947
1.1217754645259947
1.1217754645259947
1.1217754645259947
1.1217754645259947
1.1217754645259947
1.1217754645259947
1.1217754645259947
1.1217754645259947
1.1217754645259947
1.1217754645259947
1.1217754645259947
1.1217754645259947
1.1217754645259947
1.1217754645259947
1.1217754645259947
1.1217754645259947
1.1217754645259947
1.1217754645259947
1.1217754645259947
1.1217754645259947
1.1217754645259947
1.1217754645259947
1.1217754645259947
1.1217754645259947
1.1217754645259947
1.1217754645259947
1.1217754645259947
1.1217754645259947
1.1217754645259947
1.1217754645259947
1.1217754645259947
1.1217754645259947
1.1217754645259947
1.1217754645259947
1.1217754645259947
1.1217754645259947
1.1217754645259947
1.1217754645259947
1.1217754645259947
1.1217754645259947
1.1217754645259947
1.1217754645259947
1.1217754645259947
1.1217754645259947
1.1217754645259947
1.1217754645259947
1.1217754645259947
1.1217754645259947
1.1217754645259947
1.1217754645259947
1.1217754645259947
1.1217754645259947
1.1217754645259947
1.1217754645259947
1.1217754645259947
1.1217754645259947
1.1217754645259947
1.1217754645259947
1.1217754645259947
1.1217754645259947
1.1217754645259947
1.1217754645259947
1.1217754645259947
1.1217754645259947
1.1217754645259947
1.1217754645259947
1.1217754645259947
1.1217754645259947
1.1217754645259947
1.1217754645259947
1.1217754645259947
1.1217754645259947
1.1217754645259947
1.1217754645259947
1.1217754645259947
1.1217754645259947
1.1217754645259947
1.1217754645259947
1.1217754645259947
1.1217754645259947
1.1217754645259947
1.1217754645259947
1.1217754645259947
1.1217754645259947
1.1217754645259947
1.1217754645259947
1.1217754645259947
1.1217754645259947
1.1217754645259947
1.1217754645259947
1.1217754645259947
1.1217754645259947
1.1217754645259947
1.1217754645259947
1.1217754645259947
1.1217754645259947
1.1217754645259947
1.1217754645259947
1.1217754645259947
1.1217754645259947
1.1217754645259947
1.1217754645259947
1.1217754645259947
1.1217754645259947
1.1217754645259947
1.1217754645259947
1.1217754645259947
1.1217754645259947
1.1217754645259947
1.1217754645259947
1.1217754645259947
1.1217754645259947
1.1217754645259947
1.1217754645259947
1.1217754645259947
1.1217754645259947
1.1217754645259947
1.1217754645259947
1.1217754645259947
1.1217754645259947
1.1217754645259947
1.1217754645259947
1.1217754645259947
1.1217754645259947
1.1217754645259947
1.1217754645259947
1.1217754645259947
1.1217754645259947
1.1217754645259947
1.1217754645259947
1.1217754645259947
1.1217754645259947
1.1217754645259947
1.1217754645259947
1.1217754645259947
1.1217754645259947
1.1217754645259947
1.1217754645259947
1.1217754645259947
1.1217754645259947
1.1217754645259947
1.1217754645259947
1.1217754645259947
1.1217754645259947
1.1217754645259947
1.1217754645259947
1.1217754645259947
1.1217754645259947
1.1217754645259947
1.1217754645259947
1.1217754645259947
1.1217754645259947
1.1217754645259947
1.1217754645259947
1.1217754645259947
1.1217754645259947
1.1217754645259947
1.1217754645259947
1.1217754645259947
1.1217754645259947
1.1217754645259947
1.1217754645259947
1.1217754645259947
1.1217754645259947
1.1217754645259947
1.1217754645259947
1.1217754645259947
1.1217754645259947
1.1217754645259947
1.1217754645259947
1.1217754645259947
1.1217754645259947
1.1217754645259947
1.1217754645259947
1.1217754645259947
1.1217754645259947
1.1217754645259947
1.1217754645259947
1.1217754645259947
1.1217754645259947
1.1217754645259947
1.1217754645259947
1.1217754645259947
1.1217754645259947
1.1217754645259947
1.1217754645259947
1.1217754645259947
1.1217754645259947
1.1217754645259947
1.1217754645259947
1.1217754645259947
1.1217754645259947
1.1217754645259947
1.1217754645259947
1.1217754645259947
1.1217754645259947
1.1217754645259947
1.1217754645259947
1.1217754645259947
1.1217754645259947
1.1217754645259947
1.1217754645259947
1.1217754645259947
1.1217754645259947
1.1217754645259947
1.1217754645259947
1.1217754645259947
1.1217754645259947
1.1217754645259947
1.1217754645259947
1.1217754645259947
1.1217754645259947
1.1217754645259947
1.1217754645259947
1.1217754645259947
1.1217754645259947
1.1217754645259947
1.1217754645259947
1.1217754645259947
1.1217754645259947
1.1217754645259947
1.1217754645259947
1.1217754645259947
1.1217754645259947
1.1217754645259947
1.1217754645259947
1.1217754645259947
1.1217754645259947
1.1217754645259947
1.1217754645259947
1.1217754645259947
1.1217754645259947
1.1217754645259947
1.1217754645259947
1.1217754645259947
1.1217754645259947
1.1217754645259947
1.1217754645259947
1.1217754645259947
1.1217754645259947
1.1217754645259947
1.1217754645259947
1.1217754645259947
1.1217754645259947
1.1217754645259947
1.1217754645259947
1.1217754645259947
1.1217754645259947
1.1217754645259947
1.1217754645259947
1.1217754645259947
1.1217754645259947
1.1217754645259947
1.1217754645259947
1.1217754645259947
1.1217754645259947
1.1217754645259947
1.1217754645259947
1.1217754645259947
1.1217754645259947
1.1217754645259947
1.1217754645259947
1.1217754645259947
1.1217754645259947
1.1217754645259947
1.1217754645259947
1.1217754645259947
1.1217754645259947
1.1217754645259947
1.1217754645259947
1.1217754645259947
1.1217754645259947
1.1217754645259947
1.1217754645259947
1.1217754645259947
1.1217754645259947
1.1217754645259947
1.1217754645259947
1.1217754645259947
1.1217754645259947
1.1217754645259947
1.1217754645259947
1.1217754645259947
1.1217754645259947
1.1217754645259947
1.1217754645259947
1.1217754645259947
1.1217754645259947
1.1217754645259947
1.1217754645259947
1.1217754645259947
1.1217754645259947
1.1217754645259947
1.1217754645259947
1.1217754645259947
1.1217754645259947
1.1217754645259947
1.1217754645259947
1.1217754645259947
1.1217754645259947
1.1217754645259947
1.1217754645259947
1.1217754645259947
1.1217754645259947
1.1217754645259947
1.1217754645259947
1.1217754645259947
1.1217754645259947
1.1217754645259947
1.1217754645259947
1.1217754645259947
1.1217754645259947
1.1217754645259947
1.1217754645259947
1.1217754645259947
1.1217754645259947
1.1217754645259947
1.1217754645259947
1.1217754645259947
1.1217754645259947
1.1217754645259947
1.1217754645259947
1.1217754645259947
1.1217754645259947
1.1217754645259947
1.1217754645259947
1.1217754645259947
1.1217754645259947
1.1217754645259947
1.1217754645259947
1.1217754645259947
1.1217754645259947
1.1217754645259947
1.1217754645259947
1.1217754645259947
1.1217754645259947
1.1217754645259947
1.1217754645259947
1.1217754645259947
1.1217754645259947
1.1217754645259947
1.1217754645259947
1.1217754645259947
1.1217754645259947
1.1217754645259947
1.1217754645259947
1.1217754645259947
1.1217754645259947
1.1217754645259947
1.1217754645259947
1.1217754645259947
1.1217754645259947
1.1217754645259947
1.1217754645259947
1.1217754645259947
1.1217754645259947
1.1217754645259947
1.1217754645259947
1.1217754645259947
1.1217754645259947
1.1217754645259947
1.1217754645259947
1.1217754645259947
1.1217754645259947
1.1217754645259947
1.1217754645259947
1.1217754645259947
1.1217754645259947
1.1217754645259947
1.1217754645259947
1.1217754645259947
1.1217754645259947
1.1217754645259947
1.1217754645259947
1.1217754645259947
1.1217754645259947
1.1217754645259947
1.1217754645259947
1.1217754645259947
1.1217754645259947
1.1217754645259947
1.1217754645259947
1.1217754645259947
1.1217754645259947
1.1217754645259947
1.1217754645259947
1.1217754645259947
1.1217754645259947
1.1217754645259947
1.1217754645259947
1.1217754645259947
1.1217754645259947
1.1217754645259947
1.1217754645259947
1.1217754645259947
1.1217754645259947
1.1217754645259947
1.1217754645259947
1.1217754645259947
1.1217754645259947
1.1217754645259947
1.1217754645259947
1.1217754645259947
1.1217754645259947
1.1217754645259947
1.1217754645259947
1.1217754645259947
1.1217754645259947
1.1217754645259947
1.1217754645259947
1.1217754645259947
1.1217754645259947
1.1217754645259947
1.1217754645259947
1.1217754645259947
1.1217754645259947
1.1217754645259947
1.1217754645259947
1.1217754645259947
1.1217754645259947
1.1217754645259947
1.1217754645259947
1.1217754645259947
1.1217754645259947
1.1217754645259947
1.1217754645259947
1.1217754645259947
1.1217754645259947
1.1217754645259947
1.1217754645259947
1.1217754645259947
1.1217754645259947
1.1217754645259947
1.1217754645259947
1.1217754645259947
1.1217754645259947
1.1217754645259947
1.1217754645259947
1.1217754645259947
1.1217754645259947
1.1217754645259947
1.1217754645259947
1.1217754645259947
1.1217754645259947
1.1217754645259947
1.1217754645259947
1.1217754645259947
1.1217754645259947
1.1217754645259947
1.1217754645259947
1.1217754645259947
1.1217754645259947
1.1217754645259947
1.1217754645259947
1.1217754645259947
1.1217754645259947
1.1217754645259947
1.1217754645259947
1.1217754645259947
1.1217754645259947
1.1217754645259947
1.1217754645259947
1.1217754645259947
1.1217754645259947
1.1217754645259947
1.1217754645259947
1.1217754645259947
1.1217754645259947
1.1217754645259947
1.1217754645259947
1.1217754645259947
1.1217754645259947
1.1217754645259947
1.1217754645259947
1.1217754645259947
1.1217754645259947
1.1217754645259947
1.1217754645259947
1.1217754645259947
1.1217754645259947
1.1217754645259947
1.1217754645259947
1.1217754645259947
1.1217754645259947
1.1217754645259947
1.1217754645259947
1.1217754645259947
1.1217754645259947
1.1217754645259947
1.1217754645259947
1.1217754645259947
1.1217754645259947
1.1217754645259947
1.1217754645259947
1.1217754645259947
1.1217754645259947
1.1217754645259947
1.1217754645259947
1.1217754645259947
1.1217754645259947
1.1217754645259947
1.1217754645259947
1.1217754645259947
1.1217754645259947
1.1217754645259947
1.1217754645259947
1.1217754645259947
1.1217754645259947
1.1217754645259947
1.1217754645259947
1.1217754645259947
1.1217754645259947
1.1217754645259947
1.1217754645259947
1.1217754645259947
1.1217754645259947
1.1217754645259947
1.1217754645259947
1.1217754645259947
1.1217754645259947
1.1217754645259947
1.1217754645259947
1.1217754645259947
1.1217754645259947
1.1217754645259947
1.1217754645259947
1.1217754645259947
1.1217754645259947
1.1217754645259947
1.1217754645259947
1.1217754645259947
1.1217754645259947
1.1217754645259947
1.1217754645259947
1.1217754645259947
1.1217754645259947
1.1217754645259947
1.1217754645259947
1.1217754645259947
1.1217754645259947
1.1217754645259947
1.1217754645259947
1.1217754645259947
1.1217754645259947
1.1217754645259947
1.1217754645259947
1.1217754645259947
1.1217754645259947
1.1217754645259947
1.1217754645259947
1.1217754645259947
1.1217754645259947
1.1217754645259947
1.1217754645259947
1.1217754645259947
1.1217754645259947
1.1217754645259947
1.1217754645259947
1.1217754645259947
1.1217754645259947
1.1217754645259947
1.1217754645259947
1.1217754645259947
1.1217754645259947
1.1217754645259947
1.1217754645259947
1.1217754645259947
1.1217754645259947
1.1217754645259947
1.1217754645259947
1.1217754645259947
1.1217754645259947
1.1217754645259947
1.1217754645259947
1.1217754645259947
1.1217754645259947
1.1217754645259947
1.1217754645259947
1.1217754645259947
1.1217754645259947
1.1217754645259947
1.1217754645259947
1.1217754645259947
1.1217754645259947
1.1217754645259947
1.1217754645259947
1.1217754645259947
1.1217754645259947
1.1217754645259947
1.1217754645259947
1.1217754645259947
1.1217754645259947
1.1217754645259947
1.1217754645259947
1.1217754645259947
1.1217754645259947
1.1217754645259947
1.1217754645259947
1.1217754645259947
1.1217754645259947
1.1217754645259947
1.1217754645259947
1.1217754645259947
1.1217754645259947
1.1217754645259947
1.1217754645259947
1.1217754645259947
1.1217754645259947
1.1217754645259947
1.1217754645259947
1.1217754645259947
1.1217754645259947
1.1217754645259947
1.1217754645259947
1.1217754645259947
1.1217754645259947
1.1217754645259947
1.1217754645259947
1.1217754645259947
1.1217754645259947
1.1217754645259947
1.1217754645259947
1.1217754645259947
1.1217754645259947
1.1217754645259947
1.1217754645259947
1.1217754645259947
1.1217754645259947
1.1217754645259947
1.1217754645259947
1.1217754645259947
1.1217754645259947
1.1217754645259947
1.1217754645259947
1.1217754645259947
1.1217754645259947
1.1217754645259947
1.1217754645259947
1.1217754645259947
1.1217754645259947
1.1217754645259947
1.1217754645259947
1.1217754645259947
1.1217754645259947
1.1217754645259947
1.1217754645259947
1.1217754645259947
1.1217754645259947
1.1217754645259947
1.1217754645259947
1.1217754645259947
1.1217754645259947
1.1217754645259947
1.1217754645259947
1.1217754645259947
1.1217754645259947
1.1217754645259947
1.1217754645259947
1.1217754645259947
1.1217754645259947
1.1217754645259947
1.1217754645259947
1.1217754645259947
1.1217754645259947
1.1217754645259947
1.1217754645259947
1.1217754645259947
1.1217754645259947
1.1217754645259947
1.1217754645259947
1.1217754645259947
1.1217754645259947
1.1217754645259947
1.1217754645259947
1.1217754645259947
1.1217754645259947
1.1217754645259947
1.1217754645259947
1.1217754645259947
1.1217754645259947
1.1217754645259947
1.1217754645259947
1.1217754645259947
1.1217754645259947
1.1217754645259947
1.1217754645259947
1.1217754645259947
1.1217754645259947
1.1217754645259947
1.1217754645259947
1.1217754645259947
1.1217754645259947
1.1217754645259947
1.1217754645259947
1.1217754645259947
1.1217754645259947
1.1217754645259947
1.1217754645259947
1.1217754645259947
1.1217754645259947
1.1217754645259947
1.1217754645259947
1.1217754645259947
1.1217754645259947
1.1217754645259947
1.1217754645259947
1.1217754645259947
1.1217754645259947
1.1217754645259947
1.1217754645259947
1.1217754645259947
1.1217754645259947
1.1217754645259947
1.1217754645259947
1.1217754645259947
1.1217754645259947
1.1217754645259947
1.1217754645259947
1.1217754645259947
1.1217754645259947
1.1217754645259947
1.1217754645259947
1.1217754645259947
1.1217754645259947
1.1217754645259947
1.1217754645259947
1.1217754645259947
1.1217754645259947
1.1217754645259947
1.1217754645259947
1.1217754645259947
1.1217754645259947
1.1217754645259947
1.1217754645259947
1.1217754645259947
1.1217754645259947
1.1217754645259947
1.1217754645259947
1.1217754645259947
1.1217754645259947
1.1217754645259947
1.1217754645259947
1.1217754645259947
1.1217754645259947
1.1217754645259947
1.1217754645259947
1.1217754645259947
1.1217754645259947
1.1217754645259947
1.1217754645259947
1.1217754645259947
1.1217754645259947
1.1217754645259947
1.1217754645259947
1.1217754645259947
1.1217754645259947
1.1217754645259947
1.1217754645259947
1.1217754645259947
1.1217754645259947
1.1217754645259947
1.1217754645259947
1.1217754645259947
1.1217754645259947
1.1217754645259947
1.1217754645259947
1.1217754645259947
1.1217754645259947
1.1217754645259947
1.1217754645259947
1.1217754645259947
1.1217754645259947
1.1217754645259947
1.1217754645259947
1.1217754645259947
1.1217754645259947
1.1217754645259947
1.1217754645259947
1.1217754645259947
1.1217754645259947
1.1217754645259947
1.1217754645259947
1.1217754645259947
1.1217754645259947
1.1217754645259947
1.1217754645259947
1.1217754645259947
1.1217754645259947
1.1217754645259947
1.1217754645259947
1.1217754645259947
1.1217754645259947
1.1217754645259947
1.1217754645259947
1.1217754645259947
1.1217754645259947
1.1217754645259947
1.1217754645259947
1.1217754645259947
1.1217754645259947
1.1217754645259947
1.1217754645259947
1.1217754645259947
1.1217754645259947
1.1217754645259947
1.1217754645259947
1.1217754645259947
1.1217754645259947
1.1217754645259947
1.1217754645259947
1.1217754645259947
1.1217754645259947
1.1217754645259947
1.1217754645259947
1.1217754645259947
1.1217754645259947
1.1217754645259947
1.1217754645259947
1.1217754645259947
1.1217754645259947
1.1217754645259947
1.1217754645259947
1.1217754645259947
1.1217754645259947
1.1217754645259947
1.1217754645259947
1.1217754645259947
1.1217754645259947
1.1217754645259947
1.1217754645259947
1.1217754645259947
1.1217754645259947
1.1217754645259947
1.1217754645259947
1.1217754645259947
1.1217754645259947
1.1217754645259947
1.1217754645259947
1.1217754645259947
1.1217754645259947
1.1217754645259947
1.1217754645259947
1.1217754645259947
1.1217754645259947
1.1217754645259947
1.1217754645259947
1.1217754645259947
1.1217754645259947
1.1217754645259947
1.1217754645259947
1.1217754645259947
1.1217754645259947
1.1217754645259947
1.1217754645259947
1.1217754645259947
1.1217754645259947
1.1217754645259947
1.1217754645259947
1.1217754645259947
1.1217754645259947
1.1217754645259947
1.1217754645259947
1.1217754645259947
1.1217754645259947
1.1217754645259947
1.1217754645259947
1.1217754645259947
1.1217754645259947
1.1217754645259947
1.1217754645259947
1.1217754645259947
1.1217754645259947
1.1217754645259947
1.1217754645259947
1.1217754645259947
1.1217754645259947
1.1217754645259947
1.1217754645259947
1.1217754645259947
1.1217754645259947
1.1217754645259947
1.1217754645259947
1.1217754645259947
1.1217754645259947
1.1217754645259947
1.1217754645259947
1.1217754645259947
1.1217754645259947
1.1217754645259947
1.1217754645259947
1.1217754645259947
1.1217754645259947
1.1217754645259947
1.1217754645259947
1.1217754645259947
1.1217754645259947
1.1217754645259947
1.1217754645259947
1.1217754645259947
1.1217754645259947
1.1217754645259947
1.1217754645259947
1.1217754645259947
1.1217754645259947
1.1217754645259947
1.1217754645259947
1.1217754645259947
1.1217754645259947
1.1217754645259947
1.1217754645259947
1.1217754645259947
1.1217754645259947
1.1217754645259947
1.1217754645259947
1.1217754645259947
1.1217754645259947
1.1217754645259947
1.1217754645259947
1.1217754645259947
1.1217754645259947
1.1217754645259947
1.1217754645259947
1.1217754645259947
1.1217754645259947
1.1217754645259947
1.1217754645259947
1.1217754645259947
1.1217754645259947
1.1217754645259947
1.1217754645259947
1.1217754645259947
1.1217754645259947
1.1217754645259947
1.1217754645259947
1.1217754645259947
1.1217754645259947
1.1217754645259947
1.1217754645259947
1.1217754645259947
1.1217754645259947
1.1217754645259947
1.1217754645259947
1.1217754645259947
1.1217754645259947
1.1217754645259947
1.1217754645259947
1.1217754645259947
1.1217754645259947
1.1217754645259947
1.1217754645259947
1.1217754645259947
1.1217754645259947
1.1217754645259947
1.1217754645259947
1.1217754645259947
1.1217754645259947
1.1217754645259947
1.1217754645259947
1.1217754645259947
1.1217754645259947
1.1217754645259947
1.1217754645259947
1.1217754645259947
1.1217754645259947
1.1217754645259947
1.1217754645259947
1.1217754645259947
1.1217754645259947
1.1217754645259947
1.1217754645259947
1.1217754645259947
1.1217754645259947
1.1217754645259947
1.1217754645259947
1.1217754645259947
1.1217754645259947
1.1217754645259947
1.1217754645259947
1.1217754645259947
1.1217754645259947
1.1217754645259947
1.1217754645259947
1.1217754645259947
1.1217754645259947
1.1217754645259947
1.1217754645259947
1.1217754645259947
1.1217754645259947
1.1217754645259947
1.1217754645259947
1.1217754645259947
1.1217754645259947
1.1217754645259947
1.1217754645259947
1.1217754645259947
1.1217754645259947
1.1217754645259947
1.1217754645259947
1.1217754645259947
1.1217754645259947
1.1217754645259947
1.1217754645259947
1.1217754645259947
1.1217754645259947
1.1217754645259947
1.1217754645259947
1.1217754645259947
1.1217754645259947
1.1217754645259947
1.1217754645259947
1.1217754645259947
1.1217754645259947
1.1217754645259947
1.1217754645259947
1.1217754645259947
1.1217754645259947
1.1217754645259947
1.1217754645259947
1.1217754645259947
1.1217754645259947
1.1217754645259947
1.1217754645259947
1.1217754645259947
1.1217754645259947
1.1217754645259947
1.1217754645259947
1.1217754645259947
1.1217754645259947
1.1217754645259947
1.1217754645259947
1.1217754645259947
1.1217754645259947
1.1217754645259947
1.1217754645259947
1.1217754645259947
1.1217754645259947
1.1217754645259947
1.1217754645259947
1.1217754645259947
1.1217754645259947
1.1217754645259947
1.1217754645259947
1.1217754645259947
1.1217754645259947
1.1217754645259947
1.1217754645259947
1.1217754645259947
1.1217754645259947
1.1217754645259947
1.1217754645259947
1.1217754645259947
1.1217754645259947
1.1217754645259947
1.1217754645259947
1.1217754645259947
1.1217754645259947
1.1217754645259947
1.1217754645259947
1.1217754645259947
1.1217754645259947
1.1217754645259947
1.1217754645259947
1.1217754645259947
1.1217754645259947
1.1217754645259947
1.1217754645259947
1.1217754645259947
1.1217754645259947
1.1217754645259947
1.1217754645259947
1.1217754645259947
1.1217754645259947
1.1217754645259947
1.1217754645259947
1.1217754645259947
1.1217754645259947
1.1217754645259947
1.1217754645259947
1.1217754645259947
1.1217754645259947
1.1217754645259947
1.1217754645259947
1.1217754645259947
1.1217754645259947
1.1217754645259947
1.1217754645259947
1.1217754645259947
1.1217754645259947
1.1217754645259947
1.1217754645259947
1.1217754645259947
1.1217754645259947
1.1217754645259947
1.1217754645259947
1.1217754645259947
1.1217754645259947
1.1217754645259947
1.1217754645259947
1.1217754645259947
1.1217754645259947
1.1217754645259947
1.1217754645259947
1.1217754645259947
1.1217754645259947
1.1217754645259947
1.1217754645259947
1.1217754645259947
1.1217754645259947
1.1217754645259947
1.1217754645259947
1.1217754645259947
1.1217754645259947
1.1217754645259947
1.1217754645259947
1.1217754645259947
1.1217754645259947
1.1217754645259947
1.1217754645259947
1.1217754645259947
1.1217754645259947
1.1217754645259947
1.1217754645259947
1.1217754645259947
1.1217754645259947
1.1217754645259947
1.1217754645259947
1.1217754645259947
1.1217754645259947
1.1217754645259947
1.1217754645259947
1.1217754645259947
1.1217754645259947
1.1217754645259947
1.1217754645259947
1.1217754645259947
1.1217754645259947
1.1217754645259947
1.1217754645259947
1.1217754645259947
1.1217754645259947
1.1217754645259947
1.1217754645259947
1.1217754645259947
1.1217754645259947
1.1217754645259947
1.1217754645259947
1.1217754645259947
1.1217754645259947
1.1217754645259947
1.1217754645259947
1.1217754645259947
1.1217754645259947
1.1217754645259947
1.1217754645259947
1.1217754645259947
1.1217754645259947
1.1217754645259947
1.1217754645259947
1.1217754645259947
1.1217754645259947
1.1217754645259947
1.1217754645259947
1.1217754645259947
1.1217754645259947
1.1217754645259947
1.1217754645259947
1.1217754645259947
1.1217754645259947
1.1217754645259947
1.1217754645259947
1.1217754645259947
1.1217754645259947
1.1217754645259947
1.1217754645259947
1.1217754645259947
1.1217754645259947
1.1217754645259947
1.1217754645259947
1.1217754645259947
1.1217754645259947
1.1217754645259947
1.1217754645259947
1.1217754645259947
1.1217754645259947
1.1217754645259947
1.1217754645259947
1.1217754645259947
1.1217754645259947
1.1217754645259947
1.1217754645259947
1.1217754645259947
1.1217754645259947
1.1217754645259947
1.1217754645259947
1.1217754645259947
1.1217754645259947
1.1217754645259947
1.1217754645259947
1.1217754645259947
1.1217754645259947
1.1217754645259947
1.1217754645259947
1.1217754645259947
1.1217754645259947
1.1217754645259947
1.1217754645259947
1.1217754645259947
1.1217754645259947
1.1217754645259947
1.1217754645259947
1.1217754645259947
1.1217754645259947
1.1217754645259947
1.1217754645259947
1.1217754645259947
1.1217754645259947
1.1217754645259947
1.1217754645259947
1.1217754645259947
1.1217754645259947
1.1217754645259947
1.1217754645259947
1.1217754645259947
1.1217754645259947
1.1217754645259947
1.1217754645259947
1.1217754645259947
1.1217754645259947
1.1217754645259947
1.1217754645259947
1.1217754645259947
1.1217754645259947
1.1217754645259947
1.1217754645259947
1.1217754645259947
1.1217754645259947
1.1217754645259947
1.1217754645259947
1.1217754645259947
1.1217754645259947
1.1217754645259947
1.1217754645259947
1.1217754645259947
1.1217754645259947
1.1217754645259947
1.1217754645259947
1.1217754645259947
1.1217754645259947
1.1217754645259947
1.1217754645259947
1.1217754645259947
1.1217754645259947
1.1217754645259947
1.1217754645259947
1.1217754645259947
1.1217754645259947
1.1217754645259947
1.1217754645259947
1.1217754645259947
1.1217754645259947
1.1217754645259947
1.1217754645259947
1.1217754645259947
1.1217754645259947
1.1217754645259947
1.1217754645259947
1.1217754645259947
1.1217754645259947
1.1217754645259947
1.1217754645259947
1.1217754645259947
1.1217754645259947
1.1217754645259947
1.1217754645259947
1.1217754645259947
1.1217754645259947
1.1217754645259947
1.1217754645259947
1.1217754645259947
1.1217754645259947
1.1217754645259947
1.1217754645259947
1.1217754645259947
1.1217754645259947
1.1217754645259947
1.1217754645259947
1.1217754645259947
1.1217754645259947
1.1217754645259947
1.1217754645259947
1.1217754645259947
1.1217754645259947
1.1217754645259947
1.1217754645259947
1.1217754645259947
1.1217754645259947
1.1217754645259947
1.1217754645259947
1.1217754645259947
1.1217754645259947
1.1217754645259947
1.1217754645259947
1.1217754645259947
1.1217754645259947
1.1217754645259947
1.1217754645259947
1.1217754645259947
1.1217754645259947
1.1217754645259947
1.1217754645259947
1.1217754645259947
1.1217754645259947
1.1217754645259947
1.1217754645259947
1.1217754645259947
1.1217754645259947
1.1217754645259947
1.1217754645259947
1.1217754645259947
1.1217754645259947
1.1217754645259947
1.1217754645259947
1.1217754645259947
1.1217754645259947
1.1217754645259947
1.1217754645259947
1.1217754645259947
1.1217754645259947
1.1217754645259947
1.1217754645259947
1.1217754645259947
1.1217754645259947
1.1217754645259947
1.1217754645259947
1.1217754645259947
1.1217754645259947
1.1217754645259947
1.1217754645259947
1.1217754645259947
1.1217754645259947
1.1217754645259947
1.1217754645259947
1.1217754645259947
1.1217754645259947
1.1217754645259947
1.1217754645259947
1.1217754645259947
1.1217754645259947
1.1217754645259947
1.1217754645259947
1.1217754645259947
1.1217754645259947
1.1217754645259947
1.1217754645259947
1.1217754645259947
1.1217754645259947
1.1217754645259947
1.1217754645259947
1.1217754645259947
1.1217754645259947
1.1217754645259947
1.1217754645259947
1.1217754645259947
1.1217754645259947
1.1217754645259947
1.1217754645259947
1.1217754645259947
1.1217754645259947
1.1217754645259947
1.1217754645259947
1.1217754645259947
1.1217754645259947
1.1217754645259947
1.1217754645259947
1.1217754645259947
1.1217754645259947
1.1217754645259947
1.1217754645259947
1.1217754645259947
1.1217754645259947
1.1217754645259947
1.1217754645259947
1.1217754645259947
1.1217754645259947
1.1217754645259947
1.1217754645259947
1.1217754645259947
1.1217754645259947
1.1217754645259947
1.1217754645259947
1.1217754645259947
1.1217754645259947
1.1217754645259947
1.1217754645259947
1.1217754645259947
1.1217754645259947
1.1217754645259947
1.1217754645259947
1.1217754645259947
1.1217754645259947
1.1217754645259947
1.1217754645259947
1.1217754645259947
1.1217754645259947
1.1217754645259947
1.1217754645259947
1.1217754645259947
1.1217754645259947
1.1217754645259947
1.1217754645259947
1.1217754645259947
1.1217754645259947
1.1217754645259947
1.1217754645259947
1.1217754645259947
1.1217754645259947
1.1217754645259947
1.1217754645259947
1.1217754645259947
1.1217754645259947
1.1217754645259947
1.1217754645259947
1.1217754645259947
1.1217754645259947
1.1217754645259947
1.1217754645259947
1.1217754645259947
1.1217754645259947
1.1217754645259947
1.1217754645259947
1.1217754645259947
1.1217754645259947
1.1217754645259947
1.1217754645259947
1.1217754645259947
1.1217754645259947
1.1217754645259947
1.1217754645259947
1.1217754645259947
1.1217754645259947
1.1217754645259947
1.1217754645259947
1.1217754645259947
1.1217754645259947
1.1217754645259947
1.1217754645259947
1.1217754645259947
1.1217754645259947
1.1217754645259947
1.1217754645259947
1.1217754645259947
1.1217754645259947
1.1217754645259947
1.1217754645259947
1.1217754645259947
1.1217754645259947
1.1217754645259947
1.1217754645259947
1.1217754645259947
1.1217754645259947
1.1217754645259947
1.1217754645259947
1.1217754645259947
1.1217754645259947
1.1217754645259947
1.1217754645259947
1.1217754645259947
1.1217754645259947
1.1217754645259947
1.1217754645259947
1.1217754645259947
1.1217754645259947
1.1217754645259947
1.1217754645259947
1.1217754645259947
1.1217754645259947
1.1217754645259947
1.1217754645259947
1.1217754645259947
1.1217754645259947
1.1217754645259947
1.1217754645259947
1.1217754645259947
1.1217754645259947
1.1217754645259947
1.1217754645259947
1.1217754645259947
1.1217754645259947
1.1217754645259947
1.1217754645259947
1.1217754645259947
1.1217754645259947
1.1217754645259947
1.1217754645259947
1.1217754645259947
1.1217754645259947
1.1217754645259947
1.1217754645259947
1.1217754645259947
1.1217754645259947
1.1217754645259947
1.1217754645259947
1.1217754645259947
1.1217754645259947
1.1217754645259947
1.1217754645259947
1.1217754645259947
1.1217754645259947
1.1217754645259947
1.1217754645259947
1.1217754645259947
1.1217754645259947
1.1217754645259947
1.1217754645259947
1.1217754645259947
1.1217754645259947
1.1217754645259947
1.1217754645259947
1.1217754645259947
1.1217754645259947
1.1217754645259947
1.1217754645259947
1.1217754645259947
1.1217754645259947
1.1217754645259947
1.1217754645259947
1.1217754645259947
1.1217754645259947
1.1217754645259947
1.1217754645259947
1.1217754645259947
1.1217754645259947
1.1217754645259947
1.1217754645259947
1.1217754645259947
1.1217754645259947
1.1217754645259947
1.1217754645259947
1.1217754645259947
1.1217754645259947
1.1217754645259947
1.1217754645259947
1.1217754645259947
1.1217754645259947
1.1217754645259947
1.1217754645259947
1.1217754645259947
1.1217754645259947
1.1217754645259947
1.1217754645259947
1.1217754645259947
1.1217754645259947
1.1217754645259947
1.1217754645259947
1.1217754645259947
1.1217754645259947
1.1217754645259947
1.1217754645259947
1.1217754645259947
1.1217754645259947
1.1217754645259947
1.1217754645259947
1.1217754645259947
1.1217754645259947
1.1217754645259947
1.1217754645259947
1.1217754645259947
1.1217754645259947
1.1217754645259947
1.1217754645259947
1.1217754645259947
1.1217754645259947
1.1217754645259947
1.1217754645259947
1.1217754645259947
1.1217754645259947
1.1217754645259947
1.1217754645259947
1.1217754645259947
1.1217754645259947
1.1217754645259947
1.1217754645259947
1.1217754645259947
1.1217754645259947
1.1217754645259947
1.1217754645259947
1.1217754645259947
1.1217754645259947
1.1217754645259947
1.1217754645259947
1.1217754645259947
1.1217754645259947
1.1217754645259947
1.1217754645259947
1.1217754645259947
1.1217754645259947
1.1217754645259947
1.1217754645259947
1.1217754645259947
1.1217754645259947
1.1217754645259947
1.1217754645259947
1.1217754645259947
1.1217754645259947
1.1217754645259947
1.1217754645259947
1.1217754645259947
1.1217754645259947
1.1217754645259947
1.1217754645259947
1.1217754645259947
1.1217754645259947
1.1217754645259947
1.1217754645259947
1.1217754645259947
1.1217754645259947
1.1217754645259947
1.1217754645259947
1.1217754645259947
1.1217754645259947
1.1217754645259947
1.1217754645259947
1.1217754645259947
1.1217754645259947
1.1217754645259947
1.1217754645259947
1.1217754645259947
1.1217754645259947
1.1217754645259947
1.1217754645259947
1.1217754645259947
1.1217754645259947
1.1217754645259947
1.1217754645259947
1.1217754645259947
1.1217754645259947
1.1217754645259947
1.1217754645259947
1.1217754645259947
1.1217754645259947
1.1217754645259947
1.1217754645259947
1.1217754645259947
1.1217754645259947
1.1217754645259947
1.1217754645259947
1.1217754645259947
1.1217754645259947
1.1217754645259947
1.1217754645259947
1.1217754645259947
1.1217754645259947
1.1217754645259947
1.1217754645259947
1.1217754645259947
1.1217754645259947
1.1217754645259947
1.1217754645259947
1.1217754645259947
1.1217754645259947
1.1217754645259947
1.1217754645259947
1.1217754645259947
1.1217754645259947
1.1217754645259947
1.1217754645259947
1.1217754645259947
1.1217754645259947
1.1217754645259947
1.1217754645259947
1.1217754645259947
1.1217754645259947
1.1217754645259947
1.1217754645259947
1.1217754645259947
1.1217754645259947
1.1217754645259947
1.1217754645259947
1.1217754645259947
1.1217754645259947
1.1217754645259947
1.1217754645259947
1.1217754645259947
1.1217754645259947
1.1217754645259947
1.1217754645259947
1.1217754645259947
1.1217754645259947
1.1217754645259947
1.1217754645259947
1.1217754645259947
1.1217754645259947
1.1217754645259947
1.1217754645259947
1.1217754645259947
1.1217754645259947
1.1217754645259947
1.1217754645259947
1.1217754645259947
1.1217754645259947
1.1217754645259947
1.1217754645259947
1.1217754645259947
1.1217754645259947
1.1217754645259947
1.1217754645259947
1.1217754645259947
1.1217754645259947
1.1217754645259947
1.1217754645259947
1.1217754645259947
1.1217754645259947
1.1217754645259947
1.1217754645259947
1.1217754645259947
1.1217754645259947
1.1217754645259947
1.1217754645259947
1.1217754645259947
1.1217754645259947
1.1217754645259947
1.1217754645259947
1.1217754645259947
1.1217754645259947
1.1217754645259947
1.1217754645259947
1.1217754645259947
1.1217754645259947
1.1217754645259947
1.1217754645259947
1.1217754645259947
1.1217754645259947
1.1217754645259947
1.1217754645259947
1.1217754645259947
1.1217754645259947
1.1217754645259947
1.1217754645259947
1.1217754645259947
1.1217754645259947
1.1217754645259947
1.1217754645259947
1.1217754645259947
1.1217754645259947
1.1217754645259947
1.1217754645259947
1.1217754645259947
1.1217754645259947
1.1217754645259947
1.1217754645259947
1.1217754645259947
1.1217754645259947
1.1217754645259947
1.1217754645259947
1.1217754645259947
1.1217754645259947
1.1217754645259947
1.1217754645259947
1.1217754645259947
1.1217754645259947
1.1217754645259947
1.1217754645259947
1.1217754645259947
1.1217754645259947
1.1217754645259947
1.1217754645259947
1.1217754645259947
1.1217754645259947
1.1217754645259947
1.1217754645259947
1.1217754645259947
1.1217754645259947
1.1217754645259947
1.1217754645259947
1.1217754645259947
1.1217754645259947
1.1217754645259947
1.1217754645259947
1.1217754645259947
1.1217754645259947
1.1217754645259947
1.1217754645259947
1.1217754645259947
1.1217754645259947
1.1217754645259947
1.1217754645259947
1.1217754645259947
1.1217754645259947
1.1217754645259947
1.1217754645259947
1.1217754645259947
1.1217754645259947
1.1217754645259947
1.1217754645259947
1.1217754645259947
1.1217754645259947
1.1217754645259947
1.1217754645259947
1.1217754645259947
1.1217754645259947
1.1217754645259947
1.1217754645259947
1.1217754645259947
1.1217754645259947
1.1217754645259947
1.1217754645259947
1.1217754645259947
1.1217754645259947
1.1217754645259947
1.1217754645259947
1.1217754645259947
1.1217754645259947
1.1217754645259947
1.1217754645259947
1.1217754645259947
1.1217754645259947
1.1217754645259947
1.1217754645259947
1.1217754645259947
1.1217754645259947
1.1217754645259947
1.1217754645259947
1.1217754645259947
1.1217754645259947
1.1217754645259947
1.1217754645259947
1.1217754645259947
1.1217754645259947
1.1217754645259947
1.1217754645259947
1.1217754645259947
1.1217754645259947
1.1217754645259947
1.1217754645259947
1.1217754645259947
1.1217754645259947
1.1217754645259947
1.1217754645259947
1.1217754645259947
1.1217754645259947
1.1217754645259947
1.1217754645259947
1.1217754645259947
1.1217754645259947
1.1217754645259947
1.1217754645259947
1.1217754645259947
1.1217754645259947
1.1217754645259947
1.1217754645259947
1.1217754645259947
1.1217754645259947
1.1217754645259947
1.1217754645259947
1.1217754645259947
1.1217754645259947
1.1217754645259947
1.1217754645259947
1.1217754645259947
1.1217754645259947
1.1217754645259947
1.1217754645259947
1.1217754645259947
1.1217754645259947
1.1217754645259947
1.1217754645259947
1.1217754645259947
1.1217754645259947
1.1217754645259947
1.1217754645259947
1.1217754645259947
1.1217754645259947
1.1217754645259947
1.1217754645259947
1.1217754645259947
1.1217754645259947
1.1217754645259947
1.1217754645259947
1.1217754645259947
1.1217754645259947
1.1217754645259947
1.1217754645259947
1.1217754645259947
1.1217754645259947
1.1217754645259947
1.1217754645259947
1.1217754645259947
1.1217754645259947
1.1217754645259947
1.1217754645259947
1.1217754645259947
1.1217754645259947
1.1217754645259947
1.1217754645259947
1.1217754645259947
1.1217754645259947
1.1217754645259947
1.1217754645259947
1.1217754645259947
1.1217754645259947
1.1217754645259947
1.1217754645259947
1.1217754645259947
1.1217754645259947
1.1217754645259947
1.1217754645259947
1.1217754645259947
1.1217754645259947
1.1217754645259947
1.1217754645259947
1.1217754645259947
1.1217754645259947
1.1217754645259947
1.1217754645259947
1.1217754645259947
1.1217754645259947
1.1217754645259947
1.1217754645259947
1.1217754645259947
1.1217754645259947
1.1217754645259947
1.1217754645259947
1.1217754645259947
1.1217754645259947
1.1217754645259947
1.1217754645259947
1.1217754645259947
1.1217754645259947
1.1217754645259947
1.1217754645259947
1.1217754645259947
1.1217754645259947
1.1217754645259947
1.1217754645259947
1.1217754645259947
1.1217754645259947
1.1217754645259947
1.1217754645259947
1.1217754645259947
1.1217754645259947
1.1217754645259947
1.1217754645259947
1.1217754645259947
1.1217754645259947
1.1217754645259947
1.1217754645259947
1.1217754645259947
1.1217754645259947
1.1217754645259947
1.1217754645259947
1.1217754645259947
1.1217754645259947
1.1217754645259947
1.1217754645259947
1.1217754645259947
1.1217754645259947
1.1217754645259947
1.1217754645259947
1.1217754645259947
1.1217754645259947
1.1217754645259947
1.1217754645259947
1.1217754645259947
1.1217754645259947
1.1217754645259947
1.1217754645259947
1.1217754645259947
1.1217754645259947
1.1217754645259947
1.1217754645259947
1.1217754645259947
1.1217754645259947
1.1217754645259947
1.1217754645259947
1.1217754645259947
1.1217754645259947
1.1217754645259947
1.1217754645259947
1.1217754645259947
1.1217754645259947
1.1217754645259947
1.1217754645259947
1.1217754645259947
1.1217754645259947
1.1217754645259947
1.1217754645259947
1.1217754645259947
1.1217754645259947
1.1217754645259947
1.1217754645259947
1.1217754645259947
1.1217754645259947
1.1217754645259947
1.1217754645259947
1.1217754645259947
1.1217754645259947
1.1217754645259947
1.1217754645259947
1.1217754645259947
1.1217754645259947
1.1217754645259947
1.1217754645259947
1.1217754645259947
1.1217754645259947
1.1217754645259947
1.1217754645259947
1.1217754645259947
1.1217754645259947
1.1217754645259947
1.1217754645259947
1.1217754645259947
1.1217754645259947
1.1217754645259947
1.1217754645259947
1.1217754645259947
1.1217754645259947
1.1217754645259947
1.1217754645259947
1.1217754645259947
1.1217754645259947
1.1217754645259947
1.1217754645259947
1.1217754645259947
1.1217754645259947
1.1217754645259947
1.1217754645259947
1.1217754645259947
1.1217754645259947
1.1217754645259947
1.1217754645259947
1.1217754645259947
1.1217754645259947
1.1217754645259947
1.1217754645259947
1.1217754645259947
1.1217754645259947
1.1217754645259947
1.1217754645259947
1.1217754645259947
1.1217754645259947
1.1217754645259947
1.1217754645259947
1.1217754645259947
1.1217754645259947
1.1217754645259947
1.1217754645259947
1.1217754645259947
1.1217754645259947
1.1217754645259947
1.1217754645259947
1.1217754645259947
1.1217754645259947
1.1217754645259947
1.1217754645259947
1.1217754645259947
1.1217754645259947
1.1217754645259947
1.1217754645259947
1.1217754645259947
1.1217754645259947
1.1217754645259947
1.1217754645259947
1.1217754645259947
1.1217754645259947
1.1217754645259947
1.1217754645259947
1.1217754645259947
1.1217754645259947
1.1217754645259947
1.1217754645259947
1.1217754645259947
1.1217754645259947
1.1217754645259947
1.1217754645259947
1.1217754645259947
1.1217754645259947
1.1217754645259947
1.1217754645259947
1.1217754645259947
1.1217754645259947
1.1217754645259947
1.1217754645259947
1.1217754645259947
1.1217754645259947
1.1217754645259947
1.1217754645259947
1.1217754645259947
1.1217754645259947
1.1217754645259947
1.1217754645259947
1.1217754645259947
1.1217754645259947
1.1217754645259947
1.1217754645259947
1.1217754645259947
1.1217754645259947
1.1217754645259947
1.1217754645259947
1.1217754645259947
1.1217754645259947
1.1217754645259947
1.1217754645259947
1.1217754645259947
1.1217754645259947
1.1217754645259947
1.1217754645259947
1.1217754645259947
1.1217754645259947
1.1217754645259947
1.1217754645259947
1.1217754645259947
1.1217754645259947
1.1217754645259947
1.1217754645259947
1.1217754645259947
1.1217754645259947
1.1217754645259947
1.1217754645259947
1.1217754645259947
1.1217754645259947
1.1217754645259947
1.1217754645259947
1.1217754645259947
1.1217754645259947
1.1217754645259947
1.1217754645259947
1.1217754645259947
1.1217754645259947
1.1217754645259947
1.1217754645259947
1.1217754645259947
1.1217754645259947
1.1217754645259947
1.1217754645259947
1.1217754645259947
1.1217754645259947
1.1217754645259947
1.1217754645259947
1.1217754645259947
1.1217754645259947
1.1217754645259947
1.1217754645259947
1.1217754645259947
1.1217754645259947
1.1217754645259947
1.1217754645259947
1.1217754645259947
1.1217754645259947
1.1217754645259947
1.1217754645259947
1.1217754645259947
1.1217754645259947
1.1217754645259947
1.1217754645259947
1.1217754645259947
1.1217754645259947
1.1217754645259947
1.1217754645259947
1.1217754645259947
1.1217754645259947
1.1217754645259947
1.1217754645259947
1.1217754645259947
1.1217754645259947
1.1217754645259947
1.1217754645259947
1.1217754645259947
1.1217754645259947
1.1217754645259947
1.1217754645259947
1.1217754645259947
1.1217754645259947
1.1217754645259947
1.1217754645259947
1.1217754645259947
1.1217754645259947
1.1217754645259947
1.1217754645259947
1.1217754645259947
1.1217754645259947
1.1217754645259947
1.1217754645259947
1.1217754645259947
1.1217754645259947
1.1217754645259947
1.1217754645259947
1.1217754645259947
1.1217754645259947
1.1217754645259947
1.1217754645259947
1.1217754645259947
1.1217754645259947
1.1217754645259947
1.1217754645259947
1.1217754645259947
1.1217754645259947
1.1217754645259947
1.1217754645259947
1.1217754645259947
1.1217754645259947
1.1217754645259947
1.1217754645259947
1.1217754645259947
1.1217754645259947
1.1217754645259947
1.1217754645259947
1.1217754645259947
1.1217754645259947
1.1217754645259947
1.1217754645259947
1.1217754645259947
1.1217754645259947
1.1217754645259947
1.1217754645259947
1.1217754645259947
1.1217754645259947
1.1217754645259947
1.1217754645259947
1.1217754645259947
1.1217754645259947
1.1217754645259947
1.1217754645259947
1.1217754645259947
1.1217754645259947
1.1217754645259947
1.1217754645259947
1.1217754645259947
1.1217754645259947
1.1217754645259947
1.1217754645259947
1.1217754645259947
1.1217754645259947
1.1217754645259947
1.1217754645259947
1.1217754645259947
1.1217754645259947
1.1217754645259947
1.1217754645259947
1.1217754645259947
1.1217754645259947
1.1217754645259947
1.1217754645259947
1.1217754645259947
1.1217754645259947
1.1217754645259947
1.1217754645259947
1.1217754645259947
1.1217754645259947
1.1217754645259947
1.1217754645259947
1.1217754645259947
1.1217754645259947
1.1217754645259947
1.1217754645259947
1.1217754645259947
1.1217754645259947
1.1217754645259947
1.1217754645259947
1.1217754645259947
1.1217754645259947
1.1217754645259947
1.1217754645259947
1.1217754645259947
1.1217754645259947
1.1217754645259947
1.1217754645259947
1.1217754645259947
1.1217754645259947
1.1217754645259947
1.1217754645259947
1.1217754645259947
1.1217754645259947
1.1217754645259947
1.1217754645259947
1.1217754645259947
1.1217754645259947
1.1217754645259947
1.1217754645259947
1.1217754645259947
1.1217754645259947
1.1217754645259947
1.1217754645259947
1.1217754645259947
1.1217754645259947
1.1217754645259947
1.1217754645259947
1.1217754645259947
1.1217754645259947
1.1217754645259947
1.1217754645259947
1.1217754645259947
1.1217754645259947
1.1217754645259947
1.1217754645259947
1.1217754645259947
1.1217754645259947
1.1217754645259947
1.1217754645259947
1.1217754645259947
1.1217754645259947
1.1217754645259947
1.1217754645259947
1.1217754645259947
1.1217754645259947
1.1217754645259947
1.1217754645259947
1.1217754645259947
1.1217754645259947
1.1217754645259947
1.1217754645259947
1.1217754645259947
1.1217754645259947
1.1217754645259947
1.1217754645259947
1.1217754645259947
1.1217754645259947
1.1217754645259947
1.1217754645259947
1.1217754645259947
1.1217754645259947
1.1217754645259947
1.1217754645259947
1.1217754645259947
1.1217754645259947
1.1217754645259947
1.1217754645259947
1.1217754645259947
1.1217754645259947
1.1217754645259947
1.1217754645259947
1.1217754645259947
1.1217754645259947
1.1217754645259947
1.1217754645259947
1.1217754645259947
1.1217754645259947
1.1217754645259947
1.1217754645259947
1.1217754645259947
1.1217754645259947
1.1217754645259947
1.1217754645259947
1.1217754645259947
1.1217754645259947
1.1217754645259947
1.1217754645259947
1.1217754645259947
1.1217754645259947
1.1217754645259947
1.1217754645259947
1.1217754645259947
1.1217754645259947
1.1217754645259947
1.1217754645259947
1.1217754645259947
1.1217754645259947
1.1217754645259947
1.1217754645259947
1.1217754645259947
1.1217754645259947
1.1217754645259947
1.1217754645259947
1.1217754645259947
1.1217754645259947
1.1217754645259947
1.1217754645259947
1.1217754645259947
1.1217754645259947
1.1217754645259947
1.1217754645259947
1.1217754645259947
1.1217754645259947
1.1217754645259947
1.1217754645259947
1.1217754645259947
1.1217754645259947
1.1217754645259947
1.1217754645259947
1.1217754645259947
1.1217754645259947
1.1217754645259947
1.1217754645259947
1.1217754645259947
1.1217754645259947
1.1217754645259947
1.1217754645259947
1.1217754645259947
1.1217754645259947
1.1217754645259947
1.1217754645259947
1.1217754645259947
1.1217754645259947
1.1217754645259947
1.1217754645259947
1.1217754645259947
1.1217754645259947
1.1217754645259947
1.1217754645259947
1.1217754645259947
1.1217754645259947
1.1217754645259947
1.1217754645259947
1.1217754645259947
1.1217754645259947
1.1217754645259947
1.1217754645259947
1.1217754645259947
1.1217754645259947
1.1217754645259947
1.1217754645259947
1.1217754645259947
1.1217754645259947
1.1217754645259947
1.1217754645259947
1.1217754645259947
1.1217754645259947
1.1217754645259947
1.1217754645259947
1.1217754645259947
1.1217754645259947
1.1217754645259947
1.1217754645259947
1.1217754645259947
1.1217754645259947
1.1217754645259947
1.1217754645259947
1.1217754645259947
1.1217754645259947
1.1217754645259947
1.1217754645259947
1.1217754645259947
1.1217754645259947
1.1217754645259947
1.1217754645259947
1.1217754645259947
1.1217754645259947
1.1217754645259947
1.1217754645259947
1.1217754645259947
1.1217754645259947
1.1217754645259947
1.1217754645259947
1.1217754645259947
1.1217754645259947
1.1217754645259947
1.1217754645259947
1.1217754645259947
1.1217754645259947
1.1217754645259947
1.1217754645259947
1.1217754645259947
1.1217754645259947
1.1217754645259947
1.1217754645259947
1.1217754645259947
1.1217754645259947
1.1217754645259947
1.1217754645259947
1.1217754645259947
1.1217754645259947
1.1217754645259947
1.1217754645259947
1.1217754645259947
1.1217754645259947
1.1217754645259947
1.1217754645259947
1.1217754645259947
1.1217754645259947
1.1217754645259947
1.1217754645259947
1.1217754645259947
1.1217754645259947
1.1217754645259947
1.1217754645259947
1.1217754645259947
1.1217754645259947
1.1217754645259947
1.1217754645259947
1.1217754645259947
1.1217754645259947
1.1217754645259947
1.1217754645259947
1.1217754645259947
1.1217754645259947
1.1217754645259947
1.1217754645259947
1.1217754645259947
1.1217754645259947
1.1217754645259947
1.1217754645259947
1.1217754645259947
1.1217754645259947
1.1217754645259947
1.1217754645259947
1.1217754645259947
1.1217754645259947
1.1217754645259947
1.1217754645259947
1.1217754645259947
1.1217754645259947
1.1217754645259947
1.1217754645259947
1.1217754645259947
1.1217754645259947
1.1217754645259947
1.1217754645259947
1.1217754645259947
1.1217754645259947
1.1217754645259947
1.1217754645259947
1.1217754645259947
1.1217754645259947
1.1217754645259947
1.1217754645259947
1.1217754645259947
1.1217754645259947
1.1217754645259947
1.1217754645259947
1.1217754645259947
1.1217754645259947
1.1217754645259947
1.1217754645259947
1.1217754645259947
1.1217754645259947
1.1217754645259947
1.1217754645259947
1.1217754645259947
1.1217754645259947
1.1217754645259947
1.1217754645259947
1.1217754645259947
1.1217754645259947
1.1217754645259947
1.1217754645259947
1.1217754645259947
1.1217754645259947
1.1217754645259947
1.1217754645259947
1.1217754645259947
1.1217754645259947
1.1217754645259947
1.1217754645259947
1.1217754645259947
1.1217754645259947
1.1217754645259947
1.1217754645259947
1.1217754645259947
1.1217754645259947
1.1217754645259947
1.1217754645259947
1.1217754645259947
1.1217754645259947
1.1217754645259947
1.1217754645259947
1.1217754645259947
1.1217754645259947
1.1217754645259947
1.1217754645259947
1.1217754645259947
1.1217754645259947
1.1217754645259947
1.1217754645259947
1.1217754645259947
1.1217754645259947
1.1217754645259947
1.1217754645259947
1.1217754645259947
1.1217754645259947
1.1217754645259947
1.1217754645259947
1.1217754645259947
1.1217754645259947
1.1217754645259947
1.1217754645259947
1.1217754645259947
1.1217754645259947
1.1217754645259947
1.1217754645259947
1.1217754645259947
1.1217754645259947
1.1217754645259947
1.1217754645259947
1.1217754645259947
1.1217754645259947
1.1217754645259947
1.1217754645259947
1.1217754645259947
1.1217754645259947
1.1217754645259947
1.1217754645259947
1.1217754645259947
1.1217754645259947
1.1217754645259947
1.1217754645259947
1.1217754645259947
1.1217754645259947
1.1217754645259947
1.1217754645259947
1.1217754645259947
1.1217754645259947
1.1217754645259947
1.1217754645259947
1.1217754645259947
1.1217754645259947
1.1217754645259947
1.1217754645259947
1.1217754645259947
1.1217754645259947
1.1217754645259947
1.1217754645259947
1.1217754645259947
1.1217754645259947
1.1217754645259947
1.1217754645259947
1.1217754645259947
1.1217754645259947
1.1217754645259947
1.1217754645259947
1.1217754645259947
1.1217754645259947
1.1217754645259947
1.1217754645259947
1.1217754645259947
1.1217754645259947
1.1217754645259947
1.1217754645259947
1.1217754645259947
1.1217754645259947
1.1217754645259947
1.1217754645259947
1.1217754645259947
1.1217754645259947
1.1217754645259947
1.1217754645259947
1.1217754645259947
1.1217754645259947
1.1217754645259947
1.1217754645259947
1.1217754645259947
1.1217754645259947
1.1217754645259947
1.1217754645259947
1.1217754645259947
1.1217754645259947
1.1217754645259947
1.1217754645259947
1.1217754645259947
1.1217754645259947
1.1217754645259947
1.1217754645259947
1.1217754645259947
1.1217754645259947
1.1217754645259947
1.1217754645259947
1.1217754645259947
1.1217754645259947
1.1217754645259947
1.1217754645259947
1.1217754645259947
1.1217754645259947
1.1217754645259947
1.1217754645259947
1.1217754645259947
1.1217754645259947
1.1217754645259947
1.1217754645259947
1.1217754645259947
1.1217754645259947
1.1217754645259947
1.1217754645259947
1.1217754645259947
1.1217754645259947
1.1217754645259947
1.1217754645259947
1.1217754645259947
1.1217754645259947
1.1217754645259947
1.1217754645259947
1.1217754645259947
1.1217754645259947
1.1217754645259947
1.1217754645259947
1.1217754645259947
1.1217754645259947
1.1217754645259947
1.1217754645259947
1.1217754645259947
1.1217754645259947
1.1217754645259947
1.1217754645259947
1.1217754645259947
1.1217754645259947
1.1217754645259947
1.1217754645259947
1.1217754645259947
1.1217754645259947
1.1217754645259947
1.1217754645259947
1.1217754645259947
1.1217754645259947
1.1217754645259947
1.1217754645259947
1.1217754645259947
1.1217754645259947
1.1217754645259947
1.1217754645259947
1.1217754645259947
1.1217754645259947
1.1217754645259947
1.1217754645259947
1.1217754645259947
1.1217754645259947
1.1217754645259947
1.1217754645259947
1.1217754645259947
1.1217754645259947
1.1217754645259947
1.1217754645259947
1.1217754645259947
1.1217754645259947
1.1217754645259947
1.1217754645259947
1.1217754645259947
1.1217754645259947
1.1217754645259947
1.1217754645259947
1.1217754645259947
1.1217754645259947
1.1217754645259947
1.1217754645259947
1.1217754645259947
1.1217754645259947
1.1217754645259947
1.1217754645259947
1.1217754645259947
1.1217754645259947
1.1217754645259947
1.1217754645259947
1.1217754645259947
1.1217754645259947
1.1217754645259947
1.1217754645259947
1.1217754645259947
1.1217754645259947
1.1217754645259947
1.1217754645259947
1.1217754645259947
1.1217754645259947
1.1217754645259947
1.1217754645259947
1.1217754645259947
1.1217754645259947
1.1217754645259947
1.1217754645259947
1.1217754645259947
1.1217754645259947
1.1217754645259947
1.1217754645259947
1.1217754645259947
1.1217754645259947
1.1217754645259947
1.1217754645259947
1.1217754645259947
1.1217754645259947
1.1217754645259947
1.1217754645259947
1.1217754645259947
1.1217754645259947
1.1217754645259947
1.1217754645259947
1.1217754645259947
1.1217754645259947
1.1217754645259947
1.1217754645259947
1.1217754645259947
1.1217754645259947
1.1217754645259947
1.1217754645259947
1.1217754645259947
1.1217754645259947
1.1217754645259947
1.1217754645259947
1.1217754645259947
1.1217754645259947
1.1217754645259947
1.1217754645259947
1.1217754645259947
1.1217754645259947
1.1217754645259947
1.1217754645259947
1.1217754645259947
1.1217754645259947
1.1217754645259947
1.1217754645259947
1.1217754645259947
1.1217754645259947
1.1217754645259947
1.1217754645259947
1.1217754645259947
1.1217754645259947
1.1217754645259947
1.1217754645259947
1.1217754645259947
1.1217754645259947
1.1217754645259947
1.1217754645259947
1.1217754645259947
1.1217754645259947
1.1217754645259947
1.1217754645259947
1.1217754645259947
1.1217754645259947
1.1217754645259947
1.1217754645259947
1.1217754645259947
1.1217754645259947
1.1217754645259947
1.1217754645259947
1.1217754645259947
1.1217754645259947
1.1217754645259947
1.1217754645259947
1.1217754645259947
1.1217754645259947
1.1217754645259947
1.1217754645259947
1.1217754645259947
1.1217754645259947
1.1217754645259947
1.1217754645259947
1.1217754645259947
1.1217754645259947
1.1217754645259947
1.1217754645259947
1.1217754645259947
1.1217754645259947
1.1217754645259947
1.1217754645259947
1.1217754645259947
1.1217754645259947
1.1217754645259947
1.1217754645259947
1.1217754645259947
1.1217754645259947
1.1217754645259947
1.1217754645259947
1.1217754645259947
1.1217754645259947
1.1217754645259947
1.1217754645259947
1.1217754645259947
1.1217754645259947
1.1217754645259947
1.1217754645259947
1.1217754645259947
1.1217754645259947
1.1217754645259947
1.1217754645259947
1.1217754645259947
1.1217754645259947
1.1217754645259947
1.1217754645259947
1.1217754645259947
1.1217754645259947
1.1217754645259947
1.1217754645259947
1.1217754645259947
1.1217754645259947
1.1217754645259947
1.1217754645259947
1.1217754645259947
1.1217754645259947
1.1217754645259947
1.1217754645259947
1.1217754645259947
1.1217754645259947
1.1217754645259947
1.1217754645259947
1.1217754645259947
1.1217754645259947
1.1217754645259947
1.1217754645259947
1.1217754645259947
1.1217754645259947
1.1217754645259947
1.1217754645259947
1.1217754645259947
1.1217754645259947
1.1217754645259947
1.1217754645259947
1.1217754645259947
1.1217754645259947
1.1217754645259947
1.1217754645259947
1.1217754645259947
1.1217754645259947
1.1217754645259947
1.1217754645259947
1.1217754645259947
1.1217754645259947
1.1217754645259947
1.1217754645259947
1.1217754645259947
1.1217754645259947
1.1217754645259947
1.1217754645259947
1.1217754645259947
1.1217754645259947
1.1217754645259947
1.1217754645259947
1.1217754645259947
1.1217754645259947
1.1217754645259947
1.1217754645259947
1.1217754645259947
1.1217754645259947
1.1217754645259947
1.1217754645259947
1.1217754645259947
1.1217754645259947
1.1217754645259947
1.1217754645259947
1.1217754645259947
1.1217754645259947
1.1217754645259947
1.1217754645259947
1.1217754645259947
1.1217754645259947
1.1217754645259947
1.1217754645259947
1.1217754645259947
1.1217754645259947
1.1217754645259947
1.1217754645259947
1.1217754645259947
1.1217754645259947
1.1217754645259947
1.1217754645259947
1.1217754645259947
1.1217754645259947
1.1217754645259947
1.1217754645259947
1.1217754645259947
1.1217754645259947
1.1217754645259947
1.1217754645259947
1.1217754645259947
1.1217754645259947
1.1217754645259947
1.1217754645259947
1.1217754645259947
1.1217754645259947
1.1217754645259947
1.1217754645259947
1.1217754645259947
1.1217754645259947
1.1217754645259947
1.1217754645259947
1.1217754645259947
1.1217754645259947
1.1217754645259947
1.1217754645259947
1.1217754645259947
1.1217754645259947
1.1217754645259947
1.1217754645259947
1.1217754645259947
1.1217754645259947
1.1217754645259947
1.1217754645259947
1.1217754645259947
1.1217754645259947
1.1217754645259947
1.1217754645259947
1.1217754645259947
1.1217754645259947
1.1217754645259947
1.1217754645259947
1.1217754645259947
1.1217754645259947
1.1217754645259947
1.1217754645259947
1.1217754645259947
1.1217754645259947
1.1217754645259947
1.1217754645259947
1.1217754645259947
1.1217754645259947
1.1217754645259947
1.1217754645259947
1.1217754645259947
1.1217754645259947
1.1217754645259947
1.1217754645259947
1.1217754645259947
1.1217754645259947
1.1217754645259947
1.1217754645259947
1.1217754645259947
1.1217754645259947
1.1217754645259947
1.1217754645259947
1.1217754645259947
1.1217754645259947
1.1217754645259947
1.1217754645259947
1.1217754645259947
1.1217754645259947
1.1217754645259947
1.1217754645259947
1.1217754645259947
1.1217754645259947
1.1217754645259947
1.1217754645259947
1.1217754645259947
1.1217754645259947
1.1217754645259947
1.1217754645259947
1.1217754645259947
1.1217754645259947
1.1217754645259947
1.1217754645259947
1.1217754645259947
1.1217754645259947
1.1217754645259947
1.1217754645259947
1.1217754645259947
1.1217754645259947
1.1217754645259947
1.1217754645259947
1.1217754645259947
1.1217754645259947
1.1217754645259947
1.1217754645259947
1.1217754645259947
1.1217754645259947
1.1217754645259947
1.1217754645259947
1.1217754645259947
1.1217754645259947
1.1217754645259947
1.1217754645259947
1.1217754645259947
1.1217754645259947
1.1217754645259947
1.1217754645259947
1.1217754645259947
1.1217754645259947
1.1217754645259947
1.1217754645259947
1.1217754645259947
1.1217754645259947
1.1217754645259947
1.1217754645259947
1.1217754645259947
1.1217754645259947
1.1217754645259947
1.1217754645259947
1.1217754645259947
1.1217754645259947
1.1217754645259947
1.1217754645259947
1.1217754645259947
1.1217754645259947
1.1217754645259947
1.1217754645259947
1.1217754645259947
1.1217754645259947
1.1217754645259947
1.1217754645259947
1.1217754645259947
1.1217754645259947
1.1217754645259947
1.1217754645259947
1.1217754645259947
1.1217754645259947
1.1217754645259947
1.1217754645259947
1.1217754645259947
1.1217754645259947
1.1217754645259947
1.1217754645259947
1.1217754645259947
1.1217754645259947
1.1217754645259947
1.1217754645259947
1.1217754645259947
1.1217754645259947
1.1217754645259947
1.1217754645259947
1.1217754645259947
1.1217754645259947
1.1217754645259947
1.1217754645259947
1.1217754645259947
1.1217754645259947
1.1217754645259947
1.1217754645259947
1.1217754645259947
1.1217754645259947
1.1217754645259947
1.1217754645259947
1.1217754645259947
1.1217754645259947
1.1217754645259947
1.1217754645259947
1.1217754645259947
1.1217754645259947
1.1217754645259947
1.1217754645259947
1.1217754645259947
1.1217754645259947
1.1217754645259947
1.1217754645259947
1.1217754645259947
1.1217754645259947
1.1217754645259947
1.1217754645259947
1.1217754645259947
1.1217754645259947
1.1217754645259947
1.1217754645259947
1.1217754645259947
1.1217754645259947
1.1217754645259947
1.1217754645259947
1.1217754645259947
1.1217754645259947
1.1217754645259947
1.1217754645259947
1.1217754645259947
1.1217754645259947
1.1217754645259947
1.1217754645259947
1.1217754645259947
1.1217754645259947
1.1217754645259947
1.1217754645259947
1.1217754645259947
1.1217754645259947
1.1217754645259947
1.1217754645259947
1.1217754645259947
1.1217754645259947
1.1217754645259947
1.1217754645259947
1.1217754645259947
1.1217754645259947
1.1217754645259947
1.1217754645259947
1.1217754645259947
1.1217754645259947
1.1217754645259947
1.1217754645259947
1.1217754645259947
1.1217754645259947
1.1217754645259947
1.1217754645259947
1.1217754645259947
1.1217754645259947
1.1217754645259947
1.1217754645259947
1.1217754645259947
1.1217754645259947
1.1217754645259947
1.1217754645259947
1.1217754645259947
1.1217754645259947
1.1217754645259947
1.1217754645259947
1.1217754645259947
1.1217754645259947
1.1217754645259947
1.1217754645259947
1.1217754645259947
1.1217754645259947
1.1217754645259947
1.1217754645259947
1.1217754645259947
1.1217754645259947
1.1217754645259947
1.1217754645259947
1.1217754645259947
1.1217754645259947
1.1217754645259947
1.1217754645259947
1.1217754645259947
1.1217754645259947
1.1217754645259947
1.1217754645259947
1.1217754645259947
1.1217754645259947
1.1217754645259947
1.1217754645259947
1.1217754645259947
1.1217754645259947
1.1217754645259947
1.1217754645259947
1.1217754645259947
1.1217754645259947
1.1217754645259947
1.1217754645259947
1.1217754645259947
1.1217754645259947
1.1217754645259947
1.1217754645259947
1.1217754645259947
1.1217754645259947
1.1217754645259947
1.1217754645259947
1.1217754645259947
1.1217754645259947
1.1217754645259947
1.1217754645259947
1.1217754645259947
1.1217754645259947
1.1217754645259947
1.1217754645259947
