22765.161721888708
22765.161721888708
22754.4891534389
22671.491705686636
22469.254533622618
22469.254533622618
22469.254533622618
22469.254533622618
22256.227456177676
22256.227456177676
22231.713810311372
21781.137764643623
21781.137764643623
21582.312556601246
21338.66091362775
20999.53730975497
20999.53730975497
20783.813403605054
20526.935349573378
20526.935349573378
20526.935349573378
20286.73486141688
20286.73486141688
20027.120181849452
19570.8947561628
19570.8947561628
19570.8947561628
18872.379284313694
18699.314932581306
18301.968349017778
18138.32372900043
18138.32372900043
18138.32372900043
18138.32372900043
17827.996181030798
17827.996181030798
17522.13202857273
17522.13202857273
17522.13202857273
17191.889862112268
16998.511162589122
16998.511162589122
16966.08743625131
16966.08743625131
16603.608506513378
16603.608506513378
16603.608506513378
16587.21766520816
16587.21766520816
16587.21766520816
16587.21766520816
16405.987969001144
16204.746777398708
15962.35259065024
15810.22310138118
15667.63481847481
15104.358094762729
15097.430688890849
14785.343122182292
14785.343122182292
14548.415101546272
14436.12829483469
14204.151693823047
14146.040354484985
13823.089501744496
13823.089501744496
13823.089501744496
13669.470150501003
13562.417642303457
13562.417642303457
13548.755440109024
13548.755440109024
13548.755440109024
13548.755440109024
13548.755440109024
13548.755440109024
13486.280605310387
13486.280605310387
13486.280605310387
13357.729155391045
13357.729155391045
13357.729155391045
13299.944896644598
13259.304025814508
13094.175703146366
13082.843240407276
13082.843240407276
13082.843240407276
13082.843240407276
13082.843240407276
13082.843240407276
13082.843240407276
13020.848710443935
13020.848710443935
12873.736335508735
12714.468712843613
12545.529122009277
12545.529122009277
12270.467586696508
12270.467586696508
12270.467586696508
11652.34026967916
11618.361727893105
11618.361727893105
11618.361727893105
11618.361727893105
11618.361727893105
11602.798179884005
11602.798179884005
11602.798179884005
11602.798179884005
11602.798179884005
11405.222150982117
11223.675067032294
11223.675067032294
11223.675067032294
10915.181876497316
10915.181876497316
10915.181876497316
10821.605955611718
10423.764613238898
10423.764613238898
10416.57919266599
10207.78318361297
10207.78318361297
10207.78318361297
9956.683643156843
9777.103302516849
9704.178260786128
9637.535474520208
9572.257872968094
9572.257872968094
9498.128393862098
9498.128393862098
9498.128393862098
9278.118976657577
9278.118976657577
9133.38818914471
9060.308542338422
8965.630624219113
8965.630624219113
8905.648694630254
8838.546956888176
8838.546956888176
8838.546956888176
8813.961317152984
8813.961317152984
8813.961317152984
8729.136878213872
8729.136878213872
8665.48759376533
8665.48759376533
8318.153584533271
8318.153584533271
8318.153584533271
8318.153584533271
8318.153584533271
8318.153584533271
8318.153584533271
8318.153584533271
8282.90399126634
8282.90399126634
8249.701391993573
8047.747166749288
7805.515833805172
7805.515833805172
7800.168622036767
7800.168622036767
7798.039854152394
7798.039854152394
7798.039854152394
7679.76699884879
7581.689095706815
7476.9695571024295
7476.9695571024295
7476.9695571024295
7392.689167964917
7375.376334896072
7375.376334896072
7375.376334896072
7351.353414076266
7214.106224035573
7214.106224035573
7214.106224035573
7214.106224035573
7048.812954168042
7048.812954168042
7041.658459183383
7041.658459183383
7041.658459183383
6753.215389225736
6753.215389225736
6644.897429259311
6535.460181046054
6453.882604050974
6453.882604050974
6453.882604050974
6280.125763540647
6253.4577386149795
6253.4577386149795
6135.375184808204
5913.609822614859
5782.2842943111555
5782.2842943111555
5653.885532670179
5653.885532670179
5499.627284007958
5499.627284007958
5499.627284007958
5499.627284007958
5488.335102395958
5432.023348549128
5432.023348549128
5432.023348549128
5432.023348549128
5395.297009936094
5395.297009936094
5255.564432469588
5255.564432469588
5255.564432469588
5255.564432469588
5255.564432469588
5255.564432469588
5255.564432469588
5004.319268231082
4826.1303069785135
4826.1303069785135
4784.889273552789
4471.988878767487
4471.988878767487
4471.988878767487
4466.087140444974
4245.453079281926
4245.453079281926
4245.453079281926
4117.900516140704
4117.900516140704
4117.900516140704
4117.900516140704
4117.900516140704
3958.9895473448673
3958.9895473448673
3796.5221837404342
3772.459910836357
3772.459910836357
3760.6919540426275
3760.6919540426275
3724.7436431719984
3712.000078042343
3525.596060593238
3525.596060593238
3384.556457793917
3334.474615337038
3334.474615337038
3334.474615337038
3334.474615337038
3334.474615337038
3334.474615337038
3254.92750957055
3254.92750957055
3254.92750957055
3126.9843027023476
2917.0373020530715
2917.0373020530715
2917.0373020530715
2872.1915890665878
2836.1586600142064
2836.1586600142064
2760.6262773700437
2749.240879979943
2749.240879979943
2703.869890034016
2631.9032868391164
2631.9032868391164
2631.9032868391164
2631.9032868391164
2631.9032868391164
2631.9032868391164
2631.9032868391164
2631.9032868391164
2609.5179858873466
2553.7997758566557
2553.7997758566557
2553.7997758566557
2553.7997758566557
2459.071371670017
2459.071371670017
2348.8416468824794
2348.8416468824794
2348.8416468824794
2331.1432293575645
2331.1432293575645
2270.340604010228
2270.340604010228
2270.340604010228
2176.355032245217
2133.053081458889
2133.053081458889
2109.6589755467544
2109.6589755467544
1983.000609770994
1860.0820346740625
1781.7653715804092
1781.7653715804092
1648.8858810023344
1640.8002530406973
1640.8002530406973
1640.8002530406973
1629.4746145453853
1629.4746145453853
1629.4746145453853
1628.1595671311168
1512.2672031723419
1512.2672031723419
1512.2672031723419
1469.0929030453253
1469.0929030453253
1446.572077387279
1446.572077387279
1446.572077387279
1446.572077387279
1446.572077387279
1362.7174806125142
1347.2380838146867
1347.2380838146867
1347.2380838146867
1318.1455091928376
1240.1042131782303
1200.6865663364993
1200.6865663364993
1200.6865663364993
1200.6865663364993
1200.6865663364993
1191.3317237190297
1033.743659407728
1012.3686138397957
1012.3686138397957
958.3257739311531
958.3257739311531
949.4824484052376
949.4824484052376
931.698590524396
931.698590524396
914.278296957857
914.278296957857
914.278296957857
778.2493300320632
778.2493300320632
759.2321316661678
737.3751598569874
731.7499336507841
731.7499336507841
731.7499336507841
731.7499336507841
669.0599114336941
669.0599114336941
651.8277143179399
651.8277143179399
651.8277143179399
651.8277143179399
651.8277143179399
651.8277143179399
651.8277143179399
651.8277143179399
651.8277143179399
615.3768021932401
597.0988944183443
561.8076541283602
561.8076541283602
542.5506447912694
542.5506447912694
542.5506447912694
542.5506447912694
542.5506447912694
542.5506447912694
542.5506447912694
542.5506447912694
520.3422438409121
520.3422438409121
520.3422438409121
518.2549163796184
518.2549163796184
510.03454389409427
492.5404955464293
441.02952530154676
387.44783172157514
387.44783172157514
387.44783172157514
385.56299485042524
385.56299485042524
369.5189556382697
316.315932049864
316.315932049864
289.60157947498345
289.60157947498345
289.60157947498345
251.65558105272288
251.65558105272288
251.65558105272288
251.65558105272288
251.65558105272288
251.65558105272288
251.65558105272288
237.35796383671328
237.35796383671328
237.35796383671328
234.77140822985191
234.77140822985191
234.77140822985191
234.77140822985191
234.77140822985191
234.77140822985191
200.42390222431337
187.95834237956785
187.95834237956785
187.95834237956785
184.56341077679517
184.56341077679517
184.56341077679517
178.76647821419138
178.76647821419138
178.76647821419138
157.73774999983274
155.2880877671529
132.3068517113457
132.3068517113457
115.94223844609375
101.34128399645441
101.34128399645441
101.34128399645441
101.34128399645441
101.34128399645441
94.61865324169118
94.61865324169118
78.48223237490684
70.02112164940563
70.02112164940563
70.02112164940563
58.569061025584524
58.569061025584524
58.569061025584524
58.569061025584524
33.76205206984019
27.155701073829196
27.155701073829196
27.155701073829196
27.155701073829196
27.155701073829196
27.155701073829196
27.155701073829196
26.36146067791111
26.36146067791111
26.36146067791111
26.36146067791111
26.36146067791111
26.36146067791111
24.827832652476257
24.827832652476257
24.827832652476257
20.64832271132943
20.64832271132943
20.64832271132943
20.64832271132943
20.64832271132943
20.64832271132943
20.64832271132943
20.64832271132943
20.64832271132943
20.64832271132943
16.952088497394122
16.952088497394122
16.952088497394122
16.952088497394122
11.711796456547976
11.711796456547976
11.711796456547976
11.711796456547976
11.711796456547976
11.711796456547976
11.711796456547976
11.711796456547976
11.711796456547976
11.711796456547976
11.711796456547976
11.711796456547976
11.711796456547976
11.711796456547976
11.711796456547976
11.711796456547976
11.711796456547976
11.711796456547976
11.711796456547976
11.711796456547976
11.711796456547976
11.711796456547976
11.711796456547976
10.552671462235082
10.552671462235082
10.552671462235082
10.102223097090745
10.102223097090745
10.102223097090745
10.102223097090745
10.102223097090745
10.102223097090745
10.102223097090745
10.102223097090745
10.102223097090745
9.446769407667798
9.446769407667798
9.446769407667798
9.446769407667798
9.446769407667798
9.446769407667798
6.266473491851858
6.266473491851858
6.266473491851858
6.266473491851858
6.266473491851858
6.266473491851858
6.266473491851858
6.266473491851858
6.266473491851858
6.266473491851858
6.266473491851858
6.266473491851858
6.266473491851858
6.266473491851858
6.266473491851858
6.266473491851858
6.266473491851858
6.266473491851858
6.031795389549468
6.031795389549468
6.031795389549468
6.031795389549468
6.031795389549468
6.031795389549468
6.031795389549468
6.031795389549468
6.031795389549468
6.031795389549468
6.031795389549468
6.031795389549468
6.031795389549468
6.031795389549468
6.031795389549468
6.031795389549468
6.031795389549468
6.031795389549468
6.031795389549468
6.031795389549468
6.031795389549468
6.031795389549468
6.031795389549468
6.031795389549468
6.031795389549468
4.7333906672704495
4.7333906672704495
4.7333906672704495
4.7333906672704495
4.7333906672704495
4.7333906672704495
4.7333906672704495
4.7333906672704495
4.7333906672704495
4.7333906672704495
4.7333906672704495
4.7333906672704495
4.7333906672704495
4.7333906672704495
4.7333906672704495
4.7333906672704495
4.7333906672704495
4.7333906672704495
4.7333906672704495
4.7333906672704495
4.7333906672704495
4.7333906672704495
4.7333906672704495
4.7333906672704495
4.7333906672704495
4.7333906672704495
4.7333906672704495
4.7333906672704495
4.7333906672704495
4.7333906672704495
4.7333906672704495
4.7333906672704495
4.7333906672704495
4.7333906672704495
4.7333906672704495
4.7333906672704495
4.7333906672704495
4.7333906672704495
4.7333906672704495
4.7333906672704495
4.7333906672704495
4.7333906672704495
4.7333906672704495
4.7333906672704495
4.7333906672704495
4.7333906672704495
4.7333906672704495
4.7333906672704495
4.7333906672704495
4.7333906672704495
4.7333906672704495
4.7333906672704495
4.7333906672704495
4.7333906672704495
4.7333906672704495
4.7333906672704495
4.7333906672704495
4.7333906672704495
4.7333906672704495
4.7333906672704495
4.7333906672704495
4.7333906672704495
4.7333906672704495
4.7333906672704495
4.7333906672704495
4.7333906672704495
4.7333906672704495
4.7333906672704495
4.7333906672704495
3.251527606188763
3.251527606188763
3.251527606188763
3.251527606188763
3.251527606188763
3.251527606188763
3.251527606188763
3.251527606188763
3.251527606188763
3.251527606188763
3.251527606188763
3.251527606188763
3.251527606188763
3.251527606188763
3.251527606188763
3.251527606188763
3.251527606188763
3.251527606188763
3.251527606188763
3.251527606188763
3.251527606188763
3.251527606188763
3.251527606188763
3.251527606188763
3.251527606188763
3.251527606188763
3.251527606188763
3.251527606188763
3.251527606188763
3.251527606188763
3.251527606188763
3.251527606188763
3.251527606188763
3.251527606188763
3.251527606188763
3.251527606188763
3.251527606188763
3.251527606188763
3.251527606188763
3.251527606188763
3.251527606188763
3.251527606188763
3.251527606188763
3.251527606188763
3.251527606188763
3.251527606188763
3.251527606188763
3.251527606188763
3.251527606188763
3.251527606188763
3.251527606188763
3.251527606188763
3.251527606188763
3.251527606188763
3.251527606188763
3.251527606188763
3.251527606188763
3.251527606188763
3.251527606188763
3.251527606188763
3.251527606188763
3.251527606188763
3.251527606188763
3.251527606188763
3.251527606188763
3.251527606188763
3.251527606188763
3.251527606188763
3.251527606188763
3.251527606188763
3.251527606188763
3.251527606188763
3.251527606188763
3.251527606188763
3.251527606188763
3.251527606188763
3.251527606188763
3.251527606188763
3.251527606188763
3.251527606188763
3.251527606188763
3.251527606188763
3.251527606188763
3.251527606188763
3.251527606188763
3.251527606188763
3.251527606188763
3.251527606188763
3.251527606188763
3.251527606188763
3.251527606188763
3.251527606188763
3.251527606188763
3.251527606188763
3.251527606188763
3.251527606188763
3.251527606188763
3.251527606188763
3.251527606188763
3.251527606188763
3.251527606188763
3.251527606188763
3.251527606188763
3.251527606188763
3.251527606188763
3.251527606188763
3.251527606188763
3.251527606188763
3.251527606188763
3.251527606188763
3.251527606188763
3.251527606188763
3.251527606188763
3.251527606188763
3.251527606188763
3.251527606188763
3.251527606188763
3.251527606188763
3.251527606188763
3.251527606188763
3.251527606188763
3.251527606188763
3.251527606188763
3.251527606188763
3.251527606188763
3.251527606188763
3.251527606188763
3.251527606188763
3.251527606188763
3.251527606188763
3.251527606188763
3.251527606188763
3.251527606188763
3.251527606188763
3.251527606188763
3.251527606188763
3.251527606188763
3.251527606188763
3.251527606188763
3.251527606188763
3.251527606188763
3.251527606188763
3.251527606188763
3.251527606188763
3.251527606188763
3.251527606188763
3.251527606188763
3.251527606188763
3.251527606188763
3.251527606188763
3.251527606188763
3.251527606188763
3.251527606188763
3.251527606188763
3.251527606188763
3.251527606188763
3.251527606188763
3.251527606188763
3.251527606188763
3.251527606188763
3.251527606188763
3.251527606188763
3.251527606188763
3.251527606188763
3.251527606188763
3.251527606188763
3.251527606188763
3.251527606188763
3.251527606188763
3.251527606188763
3.251527606188763
3.251527606188763
3.251527606188763
3.251527606188763
3.251527606188763
3.251527606188763
3.251527606188763
3.251527606188763
3.251527606188763
3.251527606188763
3.251527606188763
3.251527606188763
3.251527606188763
3.251527606188763
3.251527606188763
3.251527606188763
3.251527606188763
3.251527606188763
3.251527606188763
3.251527606188763
3.251527606188763
3.251527606188763
3.251527606188763
3.251527606188763
3.251527606188763
3.251527606188763
3.251527606188763
3.251527606188763
3.251527606188763
3.251527606188763
3.251527606188763
3.251527606188763
3.251527606188763
3.251527606188763
3.251527606188763
2.478985154169407
2.478985154169407
2.478985154169407
2.478985154169407
2.478985154169407
2.478985154169407
2.478985154169407
2.478985154169407
2.478985154169407
2.478985154169407
2.478985154169407
2.478985154169407
2.478985154169407
2.478985154169407
2.478985154169407
2.478985154169407
2.478985154169407
2.478985154169407
2.478985154169407
2.478985154169407
2.478985154169407
2.478985154169407
2.478985154169407
2.478985154169407
2.478985154169407
2.478985154169407
2.478985154169407
2.478985154169407
2.478985154169407
2.478985154169407
2.478985154169407
2.478985154169407
2.478985154169407
2.478985154169407
2.478985154169407
2.478985154169407
2.478985154169407
2.478985154169407
2.478985154169407
2.478985154169407
2.478985154169407
2.478985154169407
2.478985154169407
2.478985154169407
2.478985154169407
2.478985154169407
2.478985154169407
2.478985154169407
2.478985154169407
2.478985154169407
2.478985154169407
2.478985154169407
2.478985154169407
2.478985154169407
2.478985154169407
2.478985154169407
2.478985154169407
2.478985154169407
2.478985154169407
2.478985154169407
2.478985154169407
2.478985154169407
2.478985154169407
2.478985154169407
2.478985154169407
2.478985154169407
2.478985154169407
2.478985154169407
2.478985154169407
2.478985154169407
2.478985154169407
2.478985154169407
2.478985154169407
2.478985154169407
2.478985154169407
2.478985154169407
2.478985154169407
2.478985154169407
2.478985154169407
2.478985154169407
2.478985154169407
2.478985154169407
2.478985154169407
2.478985154169407
2.478985154169407
2.478985154169407
2.478985154169407
2.478985154169407
2.478985154169407
2.478985154169407
2.478985154169407
2.478985154169407
2.478985154169407
2.478985154169407
2.478985154169407
2.478985154169407
2.478985154169407
2.478985154169407
2.478985154169407
2.478985154169407
2.478985154169407
2.478985154169407
2.478985154169407
2.478985154169407
2.478985154169407
2.478985154169407
2.478985154169407
2.478985154169407
2.478985154169407
2.478985154169407
2.478985154169407
2.478985154169407
2.478985154169407
2.478985154169407
2.478985154169407
2.478985154169407
2.478985154169407
2.478985154169407
2.478985154169407
2.478985154169407
2.478985154169407
2.478985154169407
2.478985154169407
2.478985154169407
2.478985154169407
2.478985154169407
2.478985154169407
2.478985154169407
2.478985154169407
2.478985154169407
2.478985154169407
2.478985154169407
2.478985154169407
2.478985154169407
2.478985154169407
2.478985154169407
2.478985154169407
2.478985154169407
2.478985154169407
2.478985154169407
2.478985154169407
2.478985154169407
2.478985154169407
2.478985154169407
2.478985154169407
2.478985154169407
2.478985154169407
2.478985154169407
2.478985154169407
2.478985154169407
2.478985154169407
2.478985154169407
2.478985154169407
2.478985154169407
2.478985154169407
2.478985154169407
2.478985154169407
2.478985154169407
2.478985154169407
2.1070005703729247
2.1070005703729247
2.1070005703729247
2.1070005703729247
2.1070005703729247
2.1070005703729247
2.1070005703729247
2.1070005703729247
2.1070005703729247
2.1070005703729247
2.1070005703729247
2.1070005703729247
2.1070005703729247
2.1070005703729247
2.1070005703729247
2.1070005703729247
2.1070005703729247
2.1070005703729247
2.1070005703729247
2.1070005703729247
2.1070005703729247
2.1070005703729247
2.1070005703729247
2.1070005703729247
2.1070005703729247
2.1070005703729247
2.1070005703729247
2.1070005703729247
2.1070005703729247
2.1070005703729247
2.1070005703729247
2.1070005703729247
2.1070005703729247
2.1070005703729247
2.1070005703729247
2.1070005703729247
2.1070005703729247
2.1070005703729247
2.1070005703729247
2.1070005703729247
2.1070005703729247
2.1070005703729247
2.1070005703729247
2.1070005703729247
2.1070005703729247
2.1070005703729247
2.1070005703729247
2.1070005703729247
2.1070005703729247
2.1070005703729247
2.1070005703729247
2.1070005703729247
2.1070005703729247
2.1070005703729247
2.1070005703729247
2.1070005703729247
2.1070005703729247
2.1070005703729247
2.1070005703729247
2.1070005703729247
2.1070005703729247
2.1070005703729247
2.1070005703729247
2.1070005703729247
2.1070005703729247
2.1070005703729247
2.1070005703729247
2.1070005703729247
2.1070005703729247
2.1070005703729247
2.1070005703729247
2.1070005703729247
2.1070005703729247
2.1070005703729247
2.1070005703729247
2.1070005703729247
2.1070005703729247
2.1070005703729247
2.1070005703729247
2.1070005703729247
2.1070005703729247
2.1070005703729247
2.1070005703729247
2.1070005703729247
2.1070005703729247
2.1070005703729247
2.1070005703729247
2.1070005703729247
2.1070005703729247
2.1070005703729247
2.1070005703729247
2.1070005703729247
2.1070005703729247
2.1070005703729247
2.1070005703729247
2.1070005703729247
2.1070005703729247
2.1070005703729247
2.1070005703729247
2.1070005703729247
2.1070005703729247
2.1070005703729247
2.1070005703729247
2.1070005703729247
2.1070005703729247
2.1070005703729247
2.1070005703729247
2.1070005703729247
2.1070005703729247
2.1070005703729247
2.1070005703729247
2.1070005703729247
2.1070005703729247
2.1070005703729247
2.1070005703729247
2.1070005703729247
2.1070005703729247
2.1070005703729247
2.1070005703729247
2.1070005703729247
2.1070005703729247
2.1070005703729247
2.1070005703729247
2.1070005703729247
2.1070005703729247
2.1070005703729247
2.1070005703729247
2.1070005703729247
2.1070005703729247
2.1070005703729247
2.1070005703729247
2.1070005703729247
2.1070005703729247
2.1070005703729247
2.1070005703729247
2.1070005703729247
2.1070005703729247
2.1070005703729247
2.1070005703729247
2.1070005703729247
2.1070005703729247
2.1070005703729247
2.1070005703729247
2.1070005703729247
2.1070005703729247
2.1070005703729247
2.1070005703729247
2.1070005703729247
2.1070005703729247
2.1070005703729247
2.1070005703729247
2.1070005703729247
2.1070005703729247
2.1070005703729247
2.1070005703729247
2.1070005703729247
2.1070005703729247
2.1070005703729247
2.1070005703729247
2.1070005703729247
2.1070005703729247
2.1070005703729247
2.1070005703729247
2.1070005703729247
2.1070005703729247
2.1070005703729247
2.1070005703729247
2.1070005703729247
2.1070005703729247
2.1070005703729247
2.1070005703729247
2.1070005703729247
2.1070005703729247
2.1070005703729247
2.1070005703729247
2.1070005703729247
2.1070005703729247
2.1070005703729247
2.1070005703729247
2.1070005703729247
2.1070005703729247
2.1070005703729247
2.1070005703729247
2.1070005703729247
2.1070005703729247
2.1070005703729247
2.1070005703729247
2.1070005703729247
2.1070005703729247
2.1070005703729247
2.1070005703729247
2.1070005703729247
2.1070005703729247
2.1070005703729247
2.1070005703729247
2.1070005703729247
2.1070005703729247
2.1070005703729247
2.1070005703729247
2.1070005703729247
2.1070005703729247
2.1070005703729247
2.1070005703729247
2.1070005703729247
2.1070005703729247
2.1070005703729247
2.1070005703729247
2.1070005703729247
2.1070005703729247
2.1070005703729247
2.1070005703729247
2.1070005703729247
2.1070005703729247
2.1070005703729247
2.1070005703729247
2.1070005703729247
2.1070005703729247
2.1070005703729247
2.1070005703729247
2.1070005703729247
2.1070005703729247
2.1070005703729247
2.1070005703729247
2.1070005703729247
2.1070005703729247
2.1070005703729247
2.1070005703729247
2.1070005703729247
2.1070005703729247
2.1070005703729247
2.1070005703729247
2.1070005703729247
2.1070005703729247
2.1070005703729247
2.1070005703729247
2.1070005703729247
2.1070005703729247
2.1070005703729247
2.1070005703729247
2.1070005703729247
2.1070005703729247
2.1070005703729247
2.1070005703729247
2.1070005703729247
2.1070005703729247
2.1070005703729247
2.1070005703729247
2.1070005703729247
2.1070005703729247
2.1070005703729247
2.1070005703729247
2.1070005703729247
2.1070005703729247
2.1070005703729247
2.1070005703729247
2.1070005703729247
2.1070005703729247
2.1070005703729247
2.1070005703729247
2.1070005703729247
2.1070005703729247
2.1070005703729247
2.1070005703729247
2.1070005703729247
2.1070005703729247
2.1070005703729247
2.1070005703729247
2.1070005703729247
2.1070005703729247
2.1070005703729247
2.1070005703729247
2.1070005703729247
2.1070005703729247
2.1070005703729247
2.1070005703729247
2.1070005703729247
2.1070005703729247
2.1070005703729247
2.1070005703729247
2.1070005703729247
2.1070005703729247
2.1070005703729247
2.1070005703729247
2.1070005703729247
2.1070005703729247
2.1070005703729247
2.1070005703729247
2.1070005703729247
2.1070005703729247
2.1070005703729247
2.1070005703729247
2.1070005703729247
2.1070005703729247
2.1070005703729247
2.1070005703729247
2.1070005703729247
2.1070005703729247
2.1070005703729247
2.1070005703729247
2.1070005703729247
2.1070005703729247
2.1070005703729247
2.1070005703729247
2.1070005703729247
2.1070005703729247
2.1070005703729247
2.1070005703729247
2.1070005703729247
2.1070005703729247
2.1070005703729247
2.1070005703729247
2.1070005703729247
2.1070005703729247
2.1070005703729247
2.1070005703729247
2.1070005703729247
2.1070005703729247
2.1070005703729247
2.1070005703729247
2.1070005703729247
2.1070005703729247
2.1070005703729247
2.1070005703729247
2.1070005703729247
2.1070005703729247
2.1070005703729247
2.1070005703729247
2.1070005703729247
2.1070005703729247
2.1070005703729247
2.1070005703729247
2.1070005703729247
2.1070005703729247
2.1070005703729247
2.1070005703729247
2.1070005703729247
2.1070005703729247
2.1070005703729247
2.1070005703729247
2.1070005703729247
2.1070005703729247
2.1070005703729247
2.1070005703729247
2.1070005703729247
2.1070005703729247
2.1070005703729247
2.1070005703729247
2.1070005703729247
2.1070005703729247
2.1070005703729247
2.1070005703729247
2.1070005703729247
2.1070005703729247
2.1070005703729247
2.1070005703729247
2.1070005703729247
2.1070005703729247
2.1070005703729247
2.1070005703729247
2.1070005703729247
2.1070005703729247
2.1070005703729247
2.1070005703729247
2.1070005703729247
2.1070005703729247
2.1070005703729247
2.1070005703729247
2.1070005703729247
2.1070005703729247
2.1070005703729247
2.1070005703729247
2.1070005703729247
2.1070005703729247
2.1070005703729247
2.1070005703729247
2.1070005703729247
2.1070005703729247
2.1070005703729247
2.1070005703729247
2.1070005703729247
2.1070005703729247
2.1070005703729247
2.1070005703729247
2.1070005703729247
2.1070005703729247
2.1070005703729247
2.1070005703729247
2.1070005703729247
2.1070005703729247
2.1070005703729247
2.1070005703729247
2.1070005703729247
2.1070005703729247
2.1070005703729247
2.1070005703729247
2.1070005703729247
2.1070005703729247
2.1070005703729247
2.1070005703729247
2.1070005703729247
2.1070005703729247
2.1070005703729247
2.1070005703729247
2.1070005703729247
2.1070005703729247
2.1070005703729247
2.1070005703729247
2.1070005703729247
2.1070005703729247
2.1070005703729247
2.1070005703729247
2.1070005703729247
2.1070005703729247
2.1070005703729247
2.1070005703729247
2.1070005703729247
2.1070005703729247
2.1070005703729247
2.1070005703729247
2.1070005703729247
2.1070005703729247
2.1070005703729247
2.1070005703729247
2.1070005703729247
2.1070005703729247
2.1070005703729247
2.1070005703729247
2.1070005703729247
2.1070005703729247
2.1070005703729247
2.1070005703729247
2.1070005703729247
2.1070005703729247
2.1070005703729247
2.1070005703729247
2.1070005703729247
2.1070005703729247
2.1070005703729247
2.1070005703729247
2.1070005703729247
2.1070005703729247
2.1070005703729247
2.1070005703729247
2.1070005703729247
2.1070005703729247
2.1070005703729247
2.1070005703729247
2.1070005703729247
2.1070005703729247
2.1070005703729247
2.1070005703729247
2.1070005703729247
2.1070005703729247
2.1070005703729247
2.1070005703729247
2.1070005703729247
2.1070005703729247
2.1070005703729247
2.1070005703729247
2.1070005703729247
2.1070005703729247
2.1070005703729247
2.1070005703729247
2.1070005703729247
2.1070005703729247
2.1070005703729247
2.1070005703729247
2.1070005703729247
2.1070005703729247
2.1070005703729247
2.1070005703729247
2.1070005703729247
2.1070005703729247
2.1070005703729247
2.1070005703729247
2.1070005703729247
2.1070005703729247
2.1070005703729247
2.1070005703729247
2.1070005703729247
2.1070005703729247
2.1070005703729247
2.1070005703729247
2.1070005703729247
2.1070005703729247
2.1070005703729247
2.1070005703729247
2.1070005703729247
2.1070005703729247
2.1070005703729247
2.1070005703729247
2.1070005703729247
2.1070005703729247
2.1070005703729247
2.1070005703729247
2.1070005703729247
2.1070005703729247
2.1070005703729247
2.1070005703729247
2.1070005703729247
2.1070005703729247
2.1070005703729247
2.1070005703729247
2.1070005703729247
2.1070005703729247
2.1070005703729247
2.1070005703729247
2.1070005703729247
2.1070005703729247
2.1070005703729247
2.1070005703729247
2.1070005703729247
2.005588157504366
2.005588157504366
2.005588157504366
2.005588157504366
2.005588157504366
2.005588157504366
2.005588157504366
2.005588157504366
2.005588157504366
2.005588157504366
2.005588157504366
2.005588157504366
2.005588157504366
2.005588157504366
2.005588157504366
2.005588157504366
2.005588157504366
2.005588157504366
2.005588157504366
2.005588157504366
2.005588157504366
2.005588157504366
2.005588157504366
2.005588157504366
2.005588157504366
2.005588157504366
2.005588157504366
2.005588157504366
2.005588157504366
2.005588157504366
2.005588157504366
2.005588157504366
2.005588157504366
2.005588157504366
2.005588157504366
2.005588157504366
2.005588157504366
2.005588157504366
2.005588157504366
2.005588157504366
2.005588157504366
2.005588157504366
2.005588157504366
2.005588157504366
2.005588157504366
2.005588157504366
2.005588157504366
2.005588157504366
2.005588157504366
2.005588157504366
2.005588157504366
2.005588157504366
2.005588157504366
2.005588157504366
2.005588157504366
2.005588157504366
2.005588157504366
2.005588157504366
2.005588157504366
2.005588157504366
2.005588157504366
2.005588157504366
2.005588157504366
2.005588157504366
2.005588157504366
2.005588157504366
2.005588157504366
2.005588157504366
2.005588157504366
2.005588157504366
2.005588157504366
2.005588157504366
2.005588157504366
2.005588157504366
2.005588157504366
2.005588157504366
2.005588157504366
2.005588157504366
2.005588157504366
2.005588157504366
2.005588157504366
2.005588157504366
2.005588157504366
2.005588157504366
2.005588157504366
2.005588157504366
2.005588157504366
2.005588157504366
2.005588157504366
2.005588157504366
2.005588157504366
2.005588157504366
2.005588157504366
2.005588157504366
2.005588157504366
2.005588157504366
2.005588157504366
2.005588157504366
2.005588157504366
2.005588157504366
2.005588157504366
2.005588157504366
2.005588157504366
2.005588157504366
2.005588157504366
2.005588157504366
2.005588157504366
2.005588157504366
2.005588157504366
2.005588157504366
2.005588157504366
2.005588157504366
2.005588157504366
2.005588157504366
2.005588157504366
2.005588157504366
2.005588157504366
2.005588157504366
2.005588157504366
2.005588157504366
2.005588157504366
2.005588157504366
2.005588157504366
2.005588157504366
2.005588157504366
2.005588157504366
2.005588157504366
2.005588157504366
2.005588157504366
2.005588157504366
2.005588157504366
2.005588157504366
2.005588157504366
2.005588157504366
2.005588157504366
2.005588157504366
2.005588157504366
2.005588157504366
2.005588157504366
2.005588157504366
2.005588157504366
2.005588157504366
2.005588157504366
2.005588157504366
2.005588157504366
2.005588157504366
2.005588157504366
2.005588157504366
2.005588157504366
2.005588157504366
2.005588157504366
2.005588157504366
2.005588157504366
2.005588157504366
2.005588157504366
2.005588157504366
2.005588157504366
2.005588157504366
2.005588157504366
2.005588157504366
2.005588157504366
2.005588157504366
2.005588157504366
2.005588157504366
2.005588157504366
2.005588157504366
2.005588157504366
2.005588157504366
2.005588157504366
2.005588157504366
2.005588157504366
2.005588157504366
2.005588157504366
2.005588157504366
2.005588157504366
2.005588157504366
2.005588157504366
2.005588157504366
2.005588157504366
2.005588157504366
2.005588157504366
2.005588157504366
2.005588157504366
2.005588157504366
2.005588157504366
2.005588157504366
2.005588157504366
2.005588157504366
2.005588157504366
2.005588157504366
2.005588157504366
2.005588157504366
2.005588157504366
2.005588157504366
2.005588157504366
2.005588157504366
2.005588157504366
2.005588157504366
2.005588157504366
2.005588157504366
2.005588157504366
2.005588157504366
2.005588157504366
2.005588157504366
2.005588157504366
2.005588157504366
2.005588157504366
2.005588157504366
2.005588157504366
2.005588157504366
2.005588157504366
2.005588157504366
2.005588157504366
2.005588157504366
2.005588157504366
2.005588157504366
2.005588157504366
2.005588157504366
2.005588157504366
2.005588157504366
1.2234718236018614
1.2234718236018614
1.2234718236018614
1.2234718236018614
1.2234718236018614
1.2234718236018614
1.2234718236018614
1.2234718236018614
1.2234718236018614
1.2234718236018614
1.2234718236018614
1.2234718236018614
1.2234718236018614
1.2234718236018614
1.2234718236018614
1.2234718236018614
1.2234718236018614
1.2234718236018614
1.2234718236018614
1.2234718236018614
1.2234718236018614
1.2234718236018614
1.2234718236018614
1.2234718236018614
1.2234718236018614
1.2234718236018614
1.2234718236018614
1.2234718236018614
1.2234718236018614
1.2234718236018614
1.2234718236018614
1.2234718236018614
1.2234718236018614
1.2234718236018614
1.2234718236018614
1.2234718236018614
1.2234718236018614
1.2234718236018614
1.2234718236018614
1.2234718236018614
1.2234718236018614
1.2234718236018614
1.2234718236018614
1.2234718236018614
1.2234718236018614
1.2234718236018614
1.2234718236018614
1.2234718236018614
1.2234718236018614
1.2234718236018614
1.2234718236018614
1.2234718236018614
1.2234718236018614
1.2234718236018614
1.2234718236018614
1.2234718236018614
1.2234718236018614
1.2234718236018614
1.2234718236018614
1.2234718236018614
1.2234718236018614
1.2234718236018614
1.2234718236018614
1.2234718236018614
1.2234718236018614
1.2234718236018614
1.2234718236018614
1.2234718236018614
1.2234718236018614
1.2234718236018614
1.2234718236018614
1.2234718236018614
1.2234718236018614
1.2234718236018614
1.2234718236018614
1.2234718236018614
1.2234718236018614
1.2234718236018614
1.2234718236018614
1.2234718236018614
1.2234718236018614
1.2234718236018614
1.2234718236018614
1.2234718236018614
1.2234718236018614
1.2234718236018614
1.2234718236018614
1.2234718236018614
1.2234718236018614
1.2234718236018614
1.2234718236018614
1.2234718236018614
1.2234718236018614
1.2234718236018614
1.2234718236018614
1.2234718236018614
1.2234718236018614
1.2234718236018614
1.2234718236018614
1.2234718236018614
1.2234718236018614
1.2234718236018614
1.2234718236018614
1.2234718236018614
1.2234718236018614
1.2234718236018614
1.2234718236018614
1.2234718236018614
1.2234718236018614
1.2234718236018614
1.2234718236018614
1.2234718236018614
1.2234718236018614
1.2234718236018614
1.2234718236018614
1.2234718236018614
1.2234718236018614
1.2234718236018614
1.2234718236018614
1.2234718236018614
1.2234718236018614
1.2234718236018614
1.2234718236018614
1.2234718236018614
1.2234718236018614
1.2234718236018614
1.2234718236018614
1.2234718236018614
1.2234718236018614
1.2234718236018614
1.2234718236018614
1.2234718236018614
1.2234718236018614
1.2234718236018614
1.2234718236018614
1.2234718236018614
1.2234718236018614
1.2234718236018614
1.2234718236018614
1.2234718236018614
1.2234718236018614
1.2234718236018614
1.2234718236018614
1.2234718236018614
1.2234718236018614
1.2234718236018614
1.2234718236018614
1.2234718236018614
1.2234718236018614
1.2234718236018614
1.2234718236018614
1.2234718236018614
1.2234718236018614
1.2234718236018614
1.2234718236018614
1.2234718236018614
1.2234718236018614
1.2234718236018614
1.2234718236018614
1.2234718236018614
1.2234718236018614
1.2234718236018614
1.2234718236018614
1.2234718236018614
1.2234718236018614
1.2234718236018614
1.2234718236018614
1.2234718236018614
1.2234718236018614
1.2234718236018614
1.2234718236018614
1.2234718236018614
1.2234718236018614
1.2234718236018614
1.2234718236018614
1.2234718236018614
1.2234718236018614
1.2234718236018614
1.2234718236018614
1.2234718236018614
1.2234718236018614
1.2234718236018614
1.2234718236018614
1.2234718236018614
1.2234718236018614
1.2234718236018614
1.2234718236018614
1.2234718236018614
1.2234718236018614
1.2234718236018614
1.2234718236018614
1.2234718236018614
1.2234718236018614
1.2234718236018614
1.2234718236018614
1.2234718236018614
1.2234718236018614
1.2234718236018614
1.2234718236018614
1.2234718236018614
1.2234718236018614
1.2234718236018614
1.2234718236018614
1.2234718236018614
1.2234718236018614
1.2234718236018614
1.2234718236018614
1.2234718236018614
1.2234718236018614
1.129635825642602
1.129635825642602
1.129635825642602
1.129635825642602
1.129635825642602
1.129635825642602
1.129635825642602
1.129635825642602
1.129635825642602
1.129635825642602
1.129635825642602
1.129635825642602
1.129635825642602
1.129635825642602
1.129635825642602
1.129635825642602
1.129635825642602
1.129635825642602
1.129635825642602
1.129635825642602
1.129635825642602
1.129635825642602
1.129635825642602
1.129635825642602
1.129635825642602
1.129635825642602
1.129635825642602
1.129635825642602
1.129635825642602
1.129635825642602
1.129635825642602
1.129635825642602
1.129635825642602
1.129635825642602
1.129635825642602
1.129635825642602
1.129635825642602
1.129635825642602
1.129635825642602
1.129635825642602
1.129635825642602
1.129635825642602
1.129635825642602
1.129635825642602
1.129635825642602
1.129635825642602
1.129635825642602
1.129635825642602
1.129635825642602
1.129635825642602
1.129635825642602
1.129635825642602
1.129635825642602
1.129635825642602
1.129635825642602
1.129635825642602
1.129635825642602
1.129635825642602
1.129635825642602
1.129635825642602
1.129635825642602
1.129635825642602
1.129635825642602
1.129635825642602
1.129635825642602
1.129635825642602
1.129635825642602
1.129635825642602
1.129635825642602
1.129635825642602
1.129635825642602
1.129635825642602
1.129635825642602
1.129635825642602
1.129635825642602
1.129635825642602
1.129635825642602
1.129635825642602
1.129635825642602
1.129635825642602
1.129635825642602
1.129635825642602
1.129635825642602
1.129635825642602
1.129635825642602
1.129635825642602
1.129635825642602
1.129635825642602
1.129635825642602
1.129635825642602
1.129635825642602
1.129635825642602
1.129635825642602
1.129635825642602
1.129635825642602
1.129635825642602
1.129635825642602
1.129635825642602
1.129635825642602
1.129635825642602
1.129635825642602
1.129635825642602
1.129635825642602
1.129635825642602
1.129635825642602
1.129635825642602
1.129635825642602
1.129635825642602
1.129635825642602
1.129635825642602
1.129635825642602
1.129635825642602
1.129635825642602
1.129635825642602
1.129635825642602
1.129635825642602
1.129635825642602
1.129635825642602
1.129635825642602
1.129635825642602
1.129635825642602
1.129635825642602
1.129635825642602
1.129635825642602
1.129635825642602
1.129635825642602
1.129635825642602
1.129635825642602
1.129635825642602
1.129635825642602
1.129635825642602
1.129635825642602
1.129635825642602
1.129635825642602
1.129635825642602
1.129635825642602
1.129635825642602
1.129635825642602
1.129635825642602
1.129635825642602
1.129635825642602
1.129635825642602
1.129635825642602
1.129635825642602
1.129635825642602
1.129635825642602
1.129635825642602
1.129635825642602
1.129635825642602
1.129635825642602
1.129635825642602
1.129635825642602
1.129635825642602
1.129635825642602
1.129635825642602
1.129635825642602
1.129635825642602
1.129635825642602
1.129635825642602
1.129635825642602
1.129635825642602
1.129635825642602
1.129635825642602
1.129635825642602
1.129635825642602
1.129635825642602
1.129635825642602
1.129635825642602
1.129635825642602
1.129635825642602
1.129635825642602
1.129635825642602
1.129635825642602
1.129635825642602
1.129635825642602
1.129635825642602
1.129635825642602
1.129635825642602
1.129635825642602
1.129635825642602
1.129635825642602
1.129635825642602
1.129635825642602
1.129635825642602
1.129635825642602
1.129635825642602
1.129635825642602
1.129635825642602
1.129635825642602
1.129635825642602
1.129635825642602
1.129635825642602
1.129635825642602
1.129635825642602
1.129635825642602
1.129635825642602
1.129635825642602
1.129635825642602
1.129635825642602
1.129635825642602
1.129635825642602
1.129635825642602
1.129635825642602
1.129635825642602
1.129635825642602
1.129635825642602
1.129635825642602
1.129635825642602
1.129635825642602
1.129635825642602
1.129635825642602
1.129635825642602
1.129635825642602
1.129635825642602
1.129635825642602
1.129635825642602
1.129635825642602
1.129635825642602
1.129635825642602
1.129635825642602
1.129635825642602
1.129635825642602
1.129635825642602
1.129635825642602
1.129635825642602
1.129635825642602
1.129635825642602
1.129635825642602
1.129635825642602
1.129635825642602
1.129635825642602
1.129635825642602
1.129635825642602
1.129635825642602
1.129635825642602
1.129635825642602
1.129635825642602
1.129635825642602
1.129635825642602
1.129635825642602
1.129635825642602
1.129635825642602
1.129635825642602
1.129635825642602
1.129635825642602
1.129635825642602
1.129635825642602
1.129635825642602
1.129635825642602
1.129635825642602
1.129635825642602
1.129635825642602
1.129635825642602
1.129635825642602
1.129635825642602
1.129635825642602
1.129635825642602
1.129635825642602
1.129635825642602
1.129635825642602
1.129635825642602
1.129635825642602
1.129635825642602
1.129635825642602
1.129635825642602
1.129635825642602
1.129635825642602
1.129635825642602
1.129635825642602
1.129635825642602
1.129635825642602
1.129635825642602
1.129635825642602
1.129635825642602
1.129635825642602
1.129635825642602
1.129635825642602
1.129635825642602
1.129635825642602
1.129635825642602
1.129635825642602
1.129635825642602
1.129635825642602
1.129635825642602
1.129635825642602
1.129635825642602
1.129635825642602
1.129635825642602
1.129635825642602
1.129635825642602
1.129635825642602
1.129635825642602
1.129635825642602
1.129635825642602
1.129635825642602
1.129635825642602
1.129635825642602
1.129635825642602
1.129635825642602
1.129635825642602
1.129635825642602
1.129635825642602
1.129635825642602
1.129635825642602
1.129635825642602
1.129635825642602
1.129635825642602
1.129635825642602
1.129635825642602
1.129635825642602
1.129635825642602
1.129635825642602
1.129635825642602
1.129635825642602
1.129635825642602
1.129635825642602
1.129635825642602
1.129635825642602
1.129635825642602
1.129635825642602
1.129635825642602
1.129635825642602
1.129635825642602
1.129635825642602
1.129635825642602
1.129635825642602
1.129635825642602
1.129635825642602
1.129635825642602
1.129635825642602
1.129635825642602
1.129635825642602
1.129635825642602
1.129635825642602
1.129635825642602
1.129635825642602
1.129635825642602
1.129635825642602
1.129635825642602
1.129635825642602
1.129635825642602
1.129635825642602
1.129635825642602
1.129635825642602
1.129635825642602
1.129635825642602
1.129635825642602
1.129635825642602
1.129635825642602
1.129635825642602
1.129635825642602
1.129635825642602
1.129635825642602
1.129635825642602
1.129635825642602
1.129635825642602
1.129635825642602
1.129635825642602
1.129635825642602
1.129635825642602
1.129635825642602
1.129635825642602
1.129635825642602
1.129635825642602
1.129635825642602
1.129635825642602
1.129635825642602
1.129635825642602
1.129635825642602
1.129635825642602
1.129635825642602
1.129635825642602
1.129635825642602
1.129635825642602
1.129635825642602
1.129635825642602
1.129635825642602
1.129635825642602
1.129635825642602
1.129635825642602
1.129635825642602
1.129635825642602
1.129635825642602
1.129635825642602
1.129635825642602
1.129635825642602
1.129635825642602
1.129635825642602
1.129635825642602
1.129635825642602
1.129635825642602
1.129635825642602
1.129635825642602
1.129635825642602
1.129635825642602
1.129635825642602
1.129635825642602
1.129635825642602
1.129635825642602
1.129635825642602
1.129635825642602
1.129635825642602
1.129635825642602
1.129635825642602
1.129635825642602
1.129635825642602
1.129635825642602
1.129635825642602
1.129635825642602
1.129635825642602
1.129635825642602
1.129635825642602
1.129635825642602
1.129635825642602
1.129635825642602
1.129635825642602
1.129635825642602
1.129635825642602
1.129635825642602
1.129635825642602
1.129635825642602
1.129635825642602
1.129635825642602
1.129635825642602
1.129635825642602
1.129635825642602
1.129635825642602
1.129635825642602
1.129635825642602
1.129635825642602
1.129635825642602
1.129635825642602
1.129635825642602
1.129635825642602
1.129635825642602
1.129635825642602
1.129635825642602
1.129635825642602
1.129635825642602
1.129635825642602
1.129635825642602
1.129635825642602
1.129635825642602
1.129635825642602
1.129635825642602
1.129635825642602
1.129635825642602
1.129635825642602
1.129635825642602
1.129635825642602
1.129635825642602
1.129635825642602
1.129635825642602
1.129635825642602
1.129635825642602
1.129635825642602
1.129635825642602
1.129635825642602
1.129635825642602
1.129635825642602
1.129635825642602
1.129635825642602
1.129635825642602
1.129635825642602
1.129635825642602
1.129635825642602
1.129635825642602
1.129635825642602
1.129635825642602
1.129635825642602
1.129635825642602
1.129635825642602
1.129635825642602
1.129635825642602
1.129635825642602
1.129635825642602
1.129635825642602
1.129635825642602
1.129635825642602
1.129635825642602
1.129635825642602
1.129635825642602
1.129635825642602
1.129635825642602
1.129635825642602
1.129635825642602
1.129635825642602
1.129635825642602
1.129635825642602
1.129635825642602
1.129635825642602
1.129635825642602
1.129635825642602
1.129635825642602
1.129635825642602
1.129635825642602
1.129635825642602
1.129635825642602
1.129635825642602
1.129635825642602
1.129635825642602
1.129635825642602
1.129635825642602
1.129635825642602
1.129635825642602
1.129635825642602
1.129635825642602
1.129635825642602
1.129635825642602
1.129635825642602
1.129635825642602
1.129635825642602
1.129635825642602
1.129635825642602
1.129635825642602
1.129635825642602
1.129635825642602
1.129635825642602
1.129635825642602
1.129635825642602
1.129635825642602
1.129635825642602
1.129635825642602
1.129635825642602
1.129635825642602
1.129635825642602
1.129635825642602
1.129635825642602
1.129635825642602
1.129635825642602
1.129635825642602
1.129635825642602
1.129635825642602
1.129635825642602
1.129635825642602
1.129635825642602
1.129635825642602
1.129635825642602
1.129635825642602
1.129635825642602
1.129635825642602
1.129635825642602
1.129635825642602
1.129635825642602
1.129635825642602
1.129635825642602
1.129635825642602
1.129635825642602
1.129635825642602
1.129635825642602
1.129635825642602
1.129635825642602
1.129635825642602
1.129635825642602
1.129635825642602
1.129635825642602
1.129635825642602
1.129635825642602
1.129635825642602
1.129635825642602
1.129635825642602
1.129635825642602
1.129635825642602
1.129635825642602
1.129635825642602
1.129635825642602
1.129635825642602
1.129635825642602
1.129635825642602
1.129635825642602
1.129635825642602
1.129635825642602
1.129635825642602
1.129635825642602
1.129635825642602
1.129635825642602
1.129635825642602
1.129635825642602
1.129635825642602
1.129635825642602
1.129635825642602
1.129635825642602
1.129635825642602
1.129635825642602
1.129635825642602
1.129635825642602
1.129635825642602
1.129635825642602
1.129635825642602
1.129635825642602
1.129635825642602
1.129635825642602
1.129635825642602
1.129635825642602
1.129635825642602
1.129635825642602
1.129635825642602
1.129635825642602
1.129635825642602
1.129635825642602
1.129635825642602
1.129635825642602
1.129635825642602
1.129635825642602
1.129635825642602
1.129635825642602
1.129635825642602
1.129635825642602
1.129635825642602
1.129635825642602
1.129635825642602
1.129635825642602
1.129635825642602
1.129635825642602
1.129635825642602
1.129635825642602
1.129635825642602
1.129635825642602
1.129635825642602
1.129635825642602
1.129635825642602
1.129635825642602
1.129635825642602
1.129635825642602
1.129635825642602
1.129635825642602
1.129635825642602
1.129635825642602
1.129635825642602
1.129635825642602
1.129635825642602
1.129635825642602
1.129635825642602
1.129635825642602
1.129635825642602
1.129635825642602
1.129635825642602
1.129635825642602
1.129635825642602
1.129635825642602
1.129635825642602
1.129635825642602
1.129635825642602
1.129635825642602
1.129635825642602
1.129635825642602
1.129635825642602
1.129635825642602
1.129635825642602
1.129635825642602
1.129635825642602
1.129635825642602
1.129635825642602
1.129635825642602
1.129635825642602
1.129635825642602
1.129635825642602
1.129635825642602
1.129635825642602
1.129635825642602
1.129635825642602
1.129635825642602
1.129635825642602
1.129635825642602
1.129635825642602
1.129635825642602
1.129635825642602
1.129635825642602
1.129635825642602
1.129635825642602
1.129635825642602
1.129635825642602
1.129635825642602
1.129635825642602
1.129635825642602
1.129635825642602
1.129635825642602
1.129635825642602
1.129635825642602
1.129635825642602
1.129635825642602
1.129635825642602
1.129635825642602
1.129635825642602
1.129635825642602
1.129635825642602
1.129635825642602
1.129635825642602
1.129635825642602
1.129635825642602
1.129635825642602
1.129635825642602
1.129635825642602
1.129635825642602
1.129635825642602
1.129635825642602
1.129635825642602
1.129635825642602
1.129635825642602
1.129635825642602
1.129635825642602
1.129635825642602
1.129635825642602
1.129635825642602
1.129635825642602
1.129635825642602
1.129635825642602
1.129635825642602
1.129635825642602
1.129635825642602
1.129635825642602
1.129635825642602
1.129635825642602
1.129635825642602
1.129635825642602
1.129635825642602
1.129635825642602
1.129635825642602
1.129635825642602
1.129635825642602
1.129635825642602
1.129635825642602
1.129635825642602
1.129635825642602
1.129635825642602
1.129635825642602
1.129635825642602
1.129635825642602
1.129635825642602
1.129635825642602
1.129635825642602
1.129635825642602
1.129635825642602
1.129635825642602
1.129635825642602
1.129635825642602
1.129635825642602
1.129635825642602
1.129635825642602
1.129635825642602
1.129635825642602
1.129635825642602
1.129635825642602
1.129635825642602
1.129635825642602
1.129635825642602
1.129635825642602
1.129635825642602
1.129635825642602
1.129635825642602
1.129635825642602
1.129635825642602
1.129635825642602
1.129635825642602
1.129635825642602
1.129635825642602
1.129635825642602
1.129635825642602
1.129635825642602
1.129635825642602
1.129635825642602
1.129635825642602
1.129635825642602
1.129635825642602
1.129635825642602
1.129635825642602
1.129635825642602
1.129635825642602
1.129635825642602
1.129635825642602
1.129635825642602
1.129635825642602
1.129635825642602
1.129635825642602
1.129635825642602
1.129635825642602
1.129635825642602
1.129635825642602
1.129635825642602
1.129635825642602
1.129635825642602
1.129635825642602
1.129635825642602
1.129635825642602
1.129635825642602
1.129635825642602
1.129635825642602
1.129635825642602
1.129635825642602
1.129635825642602
1.129635825642602
1.129635825642602
1.129635825642602
1.129635825642602
1.129635825642602
1.129635825642602
1.129635825642602
1.129635825642602
1.129635825642602
1.129635825642602
1.129635825642602
1.129635825642602
1.129635825642602
1.129635825642602
1.129635825642602
1.129635825642602
1.129635825642602
1.129635825642602
1.129635825642602
1.129635825642602
1.129635825642602
1.129635825642602
1.129635825642602
1.129635825642602
1.129635825642602
1.129635825642602
1.129635825642602
1.129635825642602
1.129635825642602
1.129635825642602
1.129635825642602
1.129635825642602
1.129635825642602
1.129635825642602
1.129635825642602
1.129635825642602
1.129635825642602
1.129635825642602
1.129635825642602
1.129635825642602
1.129635825642602
1.129635825642602
1.129635825642602
1.129635825642602
1.129635825642602
1.129635825642602
1.129635825642602
1.129635825642602
1.129635825642602
1.129635825642602
1.129635825642602
1.129635825642602
1.129635825642602
1.129635825642602
1.129635825642602
1.129635825642602
1.129635825642602
1.129635825642602
1.129635825642602
1.129635825642602
1.129635825642602
1.129635825642602
1.129635825642602
1.129635825642602
1.129635825642602
1.129635825642602
1.129635825642602
1.129635825642602
1.129635825642602
1.129635825642602
1.129635825642602
1.129635825642602
1.129635825642602
1.129635825642602
1.129635825642602
1.129635825642602
1.129635825642602
1.129635825642602
1.129635825642602
1.129635825642602
1.129635825642602
1.129635825642602
1.129635825642602
1.129635825642602
1.129635825642602
1.129635825642602
1.129635825642602
1.129635825642602
1.129635825642602
1.129635825642602
1.129635825642602
1.129635825642602
1.129635825642602
1.129635825642602
1.129635825642602
1.129635825642602
1.129635825642602
1.129635825642602
1.129635825642602
1.129635825642602
1.129635825642602
1.129635825642602
1.129635825642602
1.129635825642602
1.129635825642602
1.129635825642602
1.129635825642602
1.129635825642602
1.129635825642602
1.129635825642602
1.129635825642602
1.129635825642602
1.129635825642602
1.129635825642602
1.129635825642602
1.129635825642602
1.129635825642602
1.129635825642602
1.129635825642602
1.129635825642602
1.129635825642602
1.129635825642602
1.129635825642602
1.129635825642602
1.129635825642602
1.129635825642602
1.129635825642602
1.129635825642602
1.129635825642602
1.129635825642602
1.129635825642602
1.129635825642602
1.129635825642602
1.129635825642602
1.129635825642602
1.129635825642602
1.129635825642602
1.129635825642602
1.129635825642602
1.129635825642602
1.129635825642602
1.129635825642602
1.129635825642602
1.129635825642602
1.129635825642602
1.129635825642602
1.129635825642602
1.129635825642602
1.129635825642602
1.129635825642602
1.129635825642602
1.129635825642602
1.129635825642602
1.129635825642602
1.129635825642602
1.129635825642602
1.129635825642602
1.129635825642602
1.129635825642602
1.129635825642602
1.129635825642602
1.129635825642602
1.129635825642602
1.129635825642602
1.129635825642602
1.129635825642602
1.129635825642602
1.129635825642602
1.129635825642602
1.129635825642602
1.129635825642602
1.129635825642602
1.129635825642602
1.129635825642602
1.129635825642602
1.129635825642602
1.129635825642602
1.129635825642602
1.129635825642602
1.129635825642602
1.129635825642602
1.129635825642602
1.129635825642602
1.129635825642602
1.129635825642602
1.129635825642602
1.129635825642602
1.129635825642602
1.129635825642602
1.129635825642602
1.129635825642602
1.129635825642602
1.129635825642602
1.129635825642602
1.129635825642602
1.129635825642602
1.129635825642602
1.129635825642602
1.129635825642602
1.129635825642602
1.129635825642602
1.129635825642602
1.129635825642602
1.129635825642602
1.129635825642602
1.129635825642602
1.129635825642602
1.129635825642602
1.129635825642602
1.129635825642602
1.129635825642602
1.129635825642602
1.129635825642602
1.129635825642602
1.129635825642602
1.129635825642602
1.129635825642602
1.129635825642602
1.129635825642602
1.129635825642602
1.129635825642602
1.129635825642602
1.129635825642602
1.129635825642602
1.129635825642602
1.129635825642602
1.129635825642602
1.129635825642602
1.129635825642602
1.129635825642602
1.129635825642602
1.129635825642602
1.129635825642602
1.129635825642602
1.129635825642602
1.129635825642602
1.129635825642602
1.129635825642602
1.129635825642602
1.129635825642602
1.129635825642602
1.129635825642602
1.129635825642602
1.129635825642602
1.129635825642602
1.129635825642602
1.129635825642602
1.129635825642602
1.129635825642602
1.129635825642602
1.129635825642602
1.129635825642602
1.129635825642602
1.129635825642602
1.129635825642602
1.129635825642602
1.129635825642602
1.129635825642602
1.129635825642602
1.129635825642602
1.129635825642602
1.129635825642602
1.129635825642602
1.129635825642602
1.129635825642602
1.129635825642602
1.129635825642602
1.129635825642602
1.129635825642602
1.129635825642602
1.129635825642602
1.129635825642602
1.129635825642602
1.129635825642602
1.129635825642602
1.129635825642602
1.129635825642602
1.129635825642602
1.129635825642602
1.129635825642602
1.129635825642602
1.129635825642602
1.129635825642602
1.129635825642602
1.129635825642602
1.129635825642602
1.129635825642602
1.129635825642602
1.129635825642602
1.129635825642602
1.129635825642602
1.129635825642602
1.129635825642602
1.129635825642602
1.129635825642602
1.129635825642602
1.129635825642602
1.129635825642602
1.129635825642602
1.129635825642602
1.129635825642602
1.129635825642602
1.129635825642602
1.129635825642602
1.129635825642602
1.129635825642602
1.129635825642602
1.129635825642602
1.129635825642602
1.129635825642602
1.129635825642602
1.129635825642602
1.129635825642602
1.129635825642602
1.129635825642602
1.129635825642602
1.129635825642602
1.129635825642602
1.129635825642602
1.129635825642602
1.129635825642602
1.129635825642602
1.129635825642602
1.129635825642602
1.129635825642602
1.129635825642602
1.129635825642602
1.129635825642602
1.129635825642602
1.129635825642602
1.129635825642602
1.129635825642602
1.129635825642602
1.129635825642602
1.129635825642602
1.129635825642602
1.129635825642602
1.129635825642602
1.129635825642602
1.129635825642602
1.129635825642602
1.129635825642602
1.129635825642602
1.129635825642602
1.129635825642602
1.129635825642602
1.129635825642602
1.129635825642602
1.129635825642602
1.129635825642602
1.129635825642602
1.129635825642602
1.129635825642602
1.129635825642602
1.129635825642602
1.129635825642602
1.129635825642602
1.129635825642602
1.129635825642602
1.129635825642602
1.129635825642602
1.129635825642602
1.129635825642602
1.129635825642602
1.129635825642602
1.129635825642602
1.129635825642602
1.129635825642602
1.129635825642602
1.129635825642602
1.129635825642602
1.129635825642602
1.129635825642602
1.129635825642602
1.129635825642602
1.129635825642602
1.129635825642602
1.129635825642602
1.129635825642602
1.129635825642602
1.129635825642602
1.129635825642602
1.129635825642602
1.129635825642602
1.129635825642602
1.129635825642602
1.129635825642602
1.129635825642602
1.129635825642602
1.129635825642602
1.129635825642602
1.129635825642602
1.129635825642602
1.129635825642602
1.129635825642602
1.129635825642602
1.129635825642602
1.129635825642602
1.129635825642602
1.129635825642602
1.129635825642602
1.129635825642602
1.129635825642602
1.129635825642602
1.129635825642602
1.129635825642602
1.129635825642602
1.129635825642602
1.129635825642602
1.129635825642602
1.129635825642602
1.129635825642602
1.129635825642602
1.129635825642602
1.129635825642602
1.129635825642602
1.129635825642602
1.129635825642602
1.129635825642602
1.129635825642602
1.129635825642602
1.129635825642602
1.129635825642602
1.129635825642602
1.129635825642602
1.129635825642602
1.129635825642602
1.129635825642602
1.129635825642602
1.129635825642602
1.129635825642602
1.129635825642602
1.129635825642602
1.129635825642602
1.129635825642602
1.129635825642602
1.129635825642602
1.129635825642602
1.129635825642602
1.129635825642602
1.129635825642602
1.129635825642602
1.129635825642602
1.129635825642602
1.129635825642602
1.129635825642602
1.129635825642602
1.129635825642602
1.129635825642602
1.129635825642602
1.129635825642602
1.129635825642602
1.129635825642602
1.129635825642602
1.129635825642602
1.129635825642602
1.129635825642602
1.129635825642602
1.129635825642602
1.129635825642602
1.129635825642602
1.129635825642602
1.129635825642602
1.129635825642602
1.129635825642602
1.129635825642602
1.129635825642602
1.129635825642602
1.129635825642602
1.129635825642602
1.129635825642602
1.129635825642602
1.129635825642602
1.129635825642602
1.129635825642602
1.129635825642602
1.129635825642602
1.129635825642602
1.129635825642602
1.129635825642602
1.129635825642602
1.129635825642602
1.129635825642602
1.129635825642602
1.129635825642602
1.129635825642602
1.129635825642602
1.129635825642602
1.129635825642602
1.129635825642602
1.129635825642602
1.129635825642602
1.129635825642602
1.129635825642602
1.129635825642602
1.129635825642602
1.129635825642602
1.129635825642602
1.129635825642602
1.129635825642602
1.129635825642602
1.129635825642602
1.129635825642602
1.129635825642602
1.129635825642602
1.129635825642602
1.129635825642602
1.129635825642602
1.129635825642602
1.129635825642602
1.129635825642602
1.129635825642602
1.129635825642602
1.129635825642602
1.129635825642602
1.129635825642602
1.129635825642602
1.129635825642602
1.129635825642602
1.129635825642602
1.129635825642602
1.129635825642602
1.129635825642602
1.129635825642602
1.129635825642602
1.129635825642602
1.129635825642602
1.129635825642602
1.129635825642602
1.129635825642602
1.129635825642602
1.129635825642602
1.129635825642602
1.129635825642602
1.129635825642602
1.129635825642602
1.129635825642602
1.129635825642602
1.129635825642602
1.129635825642602
1.129635825642602
1.129635825642602
1.129635825642602
1.129635825642602
1.129635825642602
1.129635825642602
1.129635825642602
1.129635825642602
1.129635825642602
1.129635825642602
1.129635825642602
1.129635825642602
1.129635825642602
1.129635825642602
1.129635825642602
1.129635825642602
1.129635825642602
1.129635825642602
1.129635825642602
1.129635825642602
1.129635825642602
1.129635825642602
1.129635825642602
1.129635825642602
1.129635825642602
1.129635825642602
1.129635825642602
1.129635825642602
1.129635825642602
1.129635825642602
1.129635825642602
1.129635825642602
1.129635825642602
1.129635825642602
1.129635825642602
1.129635825642602
1.129635825642602
1.129635825642602
1.129635825642602
1.129635825642602
1.129635825642602
1.129635825642602
1.129635825642602
1.129635825642602
1.129635825642602
1.129635825642602
1.129635825642602
1.129635825642602
1.129635825642602
1.129635825642602
1.129635825642602
1.129635825642602
1.129635825642602
1.129635825642602
1.129635825642602
1.129635825642602
1.129635825642602
1.129635825642602
1.129635825642602
1.129635825642602
1.129635825642602
1.129635825642602
1.129635825642602
1.129635825642602
1.129635825642602
1.129635825642602
1.129635825642602
1.129635825642602
1.129635825642602
1.129635825642602
1.129635825642602
1.129635825642602
1.129635825642602
1.129635825642602
1.129635825642602
1.129635825642602
1.129635825642602
1.129635825642602
1.129635825642602
1.129635825642602
1.129635825642602
1.129635825642602
1.129635825642602
1.129635825642602
1.129635825642602
1.129635825642602
1.129635825642602
1.129635825642602
1.129635825642602
1.129635825642602
1.129635825642602
1.129635825642602
1.129635825642602
1.129635825642602
1.129635825642602
1.129635825642602
1.129635825642602
1.129635825642602
1.129635825642602
1.129635825642602
1.129635825642602
1.129635825642602
1.129635825642602
1.129635825642602
1.129635825642602
1.129635825642602
1.129635825642602
1.129635825642602
1.129635825642602
1.129635825642602
1.129635825642602
1.129635825642602
1.129635825642602
1.129635825642602
1.129635825642602
1.129635825642602
1.129635825642602
1.129635825642602
1.129635825642602
1.129635825642602
1.129635825642602
1.129635825642602
1.129635825642602
1.129635825642602
1.129635825642602
1.129635825642602
1.129635825642602
1.129635825642602
1.129635825642602
1.129635825642602
1.129635825642602
1.129635825642602
1.129635825642602
1.129635825642602
1.129635825642602
1.129635825642602
1.129635825642602
1.129635825642602
1.129635825642602
1.129635825642602
1.129635825642602
1.129635825642602
1.129635825642602
1.129635825642602
1.129635825642602
1.129635825642602
1.129635825642602
1.129635825642602
1.129635825642602
1.129635825642602
1.129635825642602
1.129635825642602
1.129635825642602
1.129635825642602
1.129635825642602
1.129635825642602
1.129635825642602
1.129635825642602
1.129635825642602
1.129635825642602
1.129635825642602
1.129635825642602
1.129635825642602
1.129635825642602
1.129635825642602
1.129635825642602
1.129635825642602
1.129635825642602
1.129635825642602
1.129635825642602
1.129635825642602
1.129635825642602
1.129635825642602
1.129635825642602
1.129635825642602
1.129635825642602
1.129635825642602
1.129635825642602
1.129635825642602
1.129635825642602
1.129635825642602
1.129635825642602
1.129635825642602
1.129635825642602
1.129635825642602
1.129635825642602
1.129635825642602
1.129635825642602
1.129635825642602
1.129635825642602
1.129635825642602
1.129635825642602
1.129635825642602
1.129635825642602
1.129635825642602
1.129635825642602
1.129635825642602
1.129635825642602
1.129635825642602
1.129635825642602
1.129635825642602
1.129635825642602
1.129635825642602
1.129635825642602
1.129635825642602
1.129635825642602
1.129635825642602
1.129635825642602
1.129635825642602
1.129635825642602
1.129635825642602
1.129635825642602
1.129635825642602
1.129635825642602
1.129635825642602
1.129635825642602
1.129635825642602
1.129635825642602
1.129635825642602
1.129635825642602
1.129635825642602
1.129635825642602
1.129635825642602
1.129635825642602
1.129635825642602
1.129635825642602
1.129635825642602
1.129635825642602
1.129635825642602
1.129635825642602
1.129635825642602
1.129635825642602
1.129635825642602
1.129635825642602
1.129635825642602
1.129635825642602
1.129635825642602
1.129635825642602
1.129635825642602
1.129635825642602
1.129635825642602
1.129635825642602
1.129635825642602
1.129635825642602
1.129635825642602
1.129635825642602
1.129635825642602
1.129635825642602
1.129635825642602
1.129635825642602
1.129635825642602
1.129635825642602
1.129635825642602
1.129635825642602
1.129635825642602
1.129635825642602
1.129635825642602
1.129635825642602
1.129635825642602
1.129635825642602
1.129635825642602
1.129635825642602
1.129635825642602
1.129635825642602
1.129635825642602
1.129635825642602
1.129635825642602
1.129635825642602
1.129635825642602
1.129635825642602
1.129635825642602
1.129635825642602
1.129635825642602
1.129635825642602
1.129635825642602
1.129635825642602
1.129635825642602
1.129635825642602
1.129635825642602
1.129635825642602
1.129635825642602
1.129635825642602
1.129635825642602
1.129635825642602
1.129635825642602
1.129635825642602
1.129635825642602
1.129635825642602
1.129635825642602
1.129635825642602
1.129635825642602
1.129635825642602
1.129635825642602
1.129635825642602
1.129635825642602
1.129635825642602
1.129635825642602
1.129635825642602
1.129635825642602
1.129635825642602
1.129635825642602
1.129635825642602
1.129635825642602
1.129635825642602
1.129635825642602
1.129635825642602
1.129635825642602
1.129635825642602
1.129635825642602
1.129635825642602
1.129635825642602
1.129635825642602
1.129635825642602
1.129635825642602
1.129635825642602
1.129635825642602
1.129635825642602
1.129635825642602
1.129635825642602
1.129635825642602
1.129635825642602
1.129635825642602
1.129635825642602
1.129635825642602
1.129635825642602
1.129635825642602
1.129635825642602
1.129635825642602
1.129635825642602
1.129635825642602
1.129635825642602
1.129635825642602
1.129635825642602
1.129635825642602
1.129635825642602
1.129635825642602
1.129635825642602
1.129635825642602
1.129635825642602
1.129635825642602
1.129635825642602
1.129635825642602
1.129635825642602
1.129635825642602
1.129635825642602
1.129635825642602
1.129635825642602
1.129635825642602
1.129635825642602
1.129635825642602
1.129635825642602
1.129635825642602
1.129635825642602
1.129635825642602
1.129635825642602
1.129635825642602
1.129635825642602
1.129635825642602
1.129635825642602
1.129635825642602
1.129635825642602
1.129635825642602
1.129635825642602
1.129635825642602
1.129635825642602
1.129635825642602
1.129635825642602
1.129635825642602
1.129635825642602
1.129635825642602
1.129635825642602
1.129635825642602
1.129635825642602
1.129635825642602
1.129635825642602
1.129635825642602
1.129635825642602
1.129635825642602
1.129635825642602
1.129635825642602
1.129635825642602
1.129635825642602
1.129635825642602
1.129635825642602
1.129635825642602
1.129635825642602
1.129635825642602
1.129635825642602
1.129635825642602
1.129635825642602
1.129635825642602
1.129635825642602
1.129635825642602
1.129635825642602
1.129635825642602
1.129635825642602
1.129635825642602
1.129635825642602
1.129635825642602
1.129635825642602
1.129635825642602
1.129635825642602
1.129635825642602
1.129635825642602
1.129635825642602
1.129635825642602
1.129635825642602
1.129635825642602
1.129635825642602
1.129635825642602
1.129635825642602
1.129635825642602
1.129635825642602
1.129635825642602
1.129635825642602
1.129635825642602
1.129635825642602
1.129635825642602
1.129635825642602
1.129635825642602
1.129635825642602
1.129635825642602
1.129635825642602
1.129635825642602
1.129635825642602
1.129635825642602
1.129635825642602
1.129635825642602
1.129635825642602
1.129635825642602
1.129635825642602
1.129635825642602
1.129635825642602
1.129635825642602
1.129635825642602
1.129635825642602
1.129635825642602
1.129635825642602
1.129635825642602
1.129635825642602
1.129635825642602
1.129635825642602
1.129635825642602
1.129635825642602
1.129635825642602
1.129635825642602
1.129635825642602
1.129635825642602
1.129635825642602
1.129635825642602
1.129635825642602
1.129635825642602
1.129635825642602
1.129635825642602
1.129635825642602
1.129635825642602
1.129635825642602
1.129635825642602
1.129635825642602
1.129635825642602
1.129635825642602
1.129635825642602
1.129635825642602
1.129635825642602
1.129635825642602
1.129635825642602
1.129635825642602
1.129635825642602
1.129635825642602
1.129635825642602
1.129635825642602
1.129635825642602
1.129635825642602
1.129635825642602
1.129635825642602
1.129635825642602
1.129635825642602
1.129635825642602
1.129635825642602
1.129635825642602
1.129635825642602
1.129635825642602
1.129635825642602
1.129635825642602
1.129635825642602
1.129635825642602
1.129635825642602
1.129635825642602
1.129635825642602
1.129635825642602
1.129635825642602
1.129635825642602
1.129635825642602
1.129635825642602
1.129635825642602
1.129635825642602
1.129635825642602
1.129635825642602
1.129635825642602
1.129635825642602
1.129635825642602
1.129635825642602
1.129635825642602
1.129635825642602
1.129635825642602
1.129635825642602
1.129635825642602
1.129635825642602
1.129635825642602
1.129635825642602
1.129635825642602
1.129635825642602
1.129635825642602
1.129635825642602
1.129635825642602
1.129635825642602
1.129635825642602
1.129635825642602
1.129635825642602
1.129635825642602
1.129635825642602
1.129635825642602
1.129635825642602
1.129635825642602
1.129635825642602
1.129635825642602
1.129635825642602
1.129635825642602
1.129635825642602
1.129635825642602
1.129635825642602
1.129635825642602
1.129635825642602
1.129635825642602
1.129635825642602
1.129635825642602
1.129635825642602
1.129635825642602
1.129635825642602
1.129635825642602
1.129635825642602
1.129635825642602
1.129635825642602
1.129635825642602
1.129635825642602
1.129635825642602
1.129635825642602
1.129635825642602
1.129635825642602
1.129635825642602
1.129635825642602
1.129635825642602
1.129635825642602
1.129635825642602
1.129635825642602
1.129635825642602
1.129635825642602
1.129635825642602
1.129635825642602
1.129635825642602
1.129635825642602
1.129635825642602
1.129635825642602
1.129635825642602
1.129635825642602
1.129635825642602
1.129635825642602
1.129635825642602
1.129635825642602
1.129635825642602
1.129635825642602
1.129635825642602
1.129635825642602
1.129635825642602
1.129635825642602
1.129635825642602
1.129635825642602
1.129635825642602
1.129635825642602
1.129635825642602
1.129635825642602
1.129635825642602
1.129635825642602
1.129635825642602
1.129635825642602
1.129635825642602
1.129635825642602
1.129635825642602
1.129635825642602
1.129635825642602
1.129635825642602
1.129635825642602
1.129635825642602
1.129635825642602
1.129635825642602
1.129635825642602
1.129635825642602
1.129635825642602
1.129635825642602
1.129635825642602
1.129635825642602
1.129635825642602
1.129635825642602
1.129635825642602
1.129635825642602
1.129635825642602
1.129635825642602
1.129635825642602
1.129635825642602
1.129635825642602
1.129635825642602
1.129635825642602
1.129635825642602
1.129635825642602
1.129635825642602
1.129635825642602
1.129635825642602
1.129635825642602
1.129635825642602
1.129635825642602
1.129635825642602
1.129635825642602
1.129635825642602
1.129635825642602
1.129635825642602
1.129635825642602
1.129635825642602
1.129635825642602
1.129635825642602
1.129635825642602
1.129635825642602
1.129635825642602
1.129635825642602
1.129635825642602
1.129635825642602
1.129635825642602
1.129635825642602
1.129635825642602
1.129635825642602
1.129635825642602
1.129635825642602
1.129635825642602
1.129635825642602
1.129635825642602
1.129635825642602
1.129635825642602
1.129635825642602
1.129635825642602
1.129635825642602
1.129635825642602
1.129635825642602
1.129635825642602
1.129635825642602
1.129635825642602
1.129635825642602
1.129635825642602
1.129635825642602
1.129635825642602
1.129635825642602
1.129635825642602
1.129635825642602
1.129635825642602
1.129635825642602
1.129635825642602
1.129635825642602
1.129635825642602
1.129635825642602
1.129635825642602
1.129635825642602
1.129635825642602
1.129635825642602
1.129635825642602
1.129635825642602
1.129635825642602
1.129635825642602
1.129635825642602
1.129635825642602
1.129635825642602
1.129635825642602
1.129635825642602
1.129635825642602
1.129635825642602
1.129635825642602
1.129635825642602
1.129635825642602
1.129635825642602
1.129635825642602
1.129635825642602
1.129635825642602
1.129635825642602
1.129635825642602
1.129635825642602
1.129635825642602
1.129635825642602
1.129635825642602
1.129635825642602
1.129635825642602
1.129635825642602
1.129635825642602
1.129635825642602
1.129635825642602
1.129635825642602
1.129635825642602
1.129635825642602
1.129635825642602
1.129635825642602
1.129635825642602
1.129635825642602
1.129635825642602
1.129635825642602
1.129635825642602
1.129635825642602
1.129635825642602
1.129635825642602
1.129635825642602
1.129635825642602
1.129635825642602
1.129635825642602
1.129635825642602
1.129635825642602
1.129635825642602
1.129635825642602
1.129635825642602
1.129635825642602
1.129635825642602
1.129635825642602
1.129635825642602
1.129635825642602
1.129635825642602
1.129635825642602
1.129635825642602
1.129635825642602
1.129635825642602
1.129635825642602
1.129635825642602
1.129635825642602
1.129635825642602
1.129635825642602
1.129635825642602
1.129635825642602
1.129635825642602
1.129635825642602
1.129635825642602
1.129635825642602
1.129635825642602
1.129635825642602
1.129635825642602
1.129635825642602
1.129635825642602
1.129635825642602
1.129635825642602
1.129635825642602
1.129635825642602
1.129635825642602
1.129635825642602
1.129635825642602
1.129635825642602
1.129635825642602
1.129635825642602
1.129635825642602
1.129635825642602
1.129635825642602
1.129635825642602
1.129635825642602
1.129635825642602
1.129635825642602
1.129635825642602
1.129635825642602
1.129635825642602
1.129635825642602
1.129635825642602
1.129635825642602
1.129635825642602
1.129635825642602
1.129635825642602
1.129635825642602
1.129635825642602
1.129635825642602
1.129635825642602
1.129635825642602
1.129635825642602
1.129635825642602
1.129635825642602
1.129635825642602
1.129635825642602
1.129635825642602
1.129635825642602
1.129635825642602
1.129635825642602
1.129635825642602
1.129635825642602
1.129635825642602
1.129635825642602
1.129635825642602
1.129635825642602
1.129635825642602
1.129635825642602
1.129635825642602
1.129635825642602
1.129635825642602
1.129635825642602
1.129635825642602
1.129635825642602
1.129635825642602
1.129635825642602
1.129635825642602
1.129635825642602
1.129635825642602
1.129635825642602
1.129635825642602
1.129635825642602
1.129635825642602
1.129635825642602
1.129635825642602
1.129635825642602
1.129635825642602
1.129635825642602
1.129635825642602
1.129635825642602
1.129635825642602
1.129635825642602
1.129635825642602
1.129635825642602
1.129635825642602
1.129635825642602
1.129635825642602
1.129635825642602
1.129635825642602
1.129635825642602
1.129635825642602
1.129635825642602
1.129635825642602
1.129635825642602
1.129635825642602
1.129635825642602
1.129635825642602
1.129635825642602
1.129635825642602
1.129635825642602
1.129635825642602
1.129635825642602
1.129635825642602
1.129635825642602
1.129635825642602
1.129635825642602
1.129635825642602
1.129635825642602
1.129635825642602
1.129635825642602
1.129635825642602
1.129635825642602
1.129635825642602
1.129635825642602
1.129635825642602
1.129635825642602
1.129635825642602
1.129635825642602
1.129635825642602
1.129635825642602
1.129635825642602
1.129635825642602
1.129635825642602
1.129635825642602
1.129635825642602
1.129635825642602
1.129635825642602
1.129635825642602
1.129635825642602
1.129635825642602
1.129635825642602
1.129635825642602
1.129635825642602
1.129635825642602
1.129635825642602
1.129635825642602
1.129635825642602
1.129635825642602
1.129635825642602
1.129635825642602
1.129635825642602
1.129635825642602
1.129635825642602
1.129635825642602
1.129635825642602
1.129635825642602
1.129635825642602
1.129635825642602
1.129635825642602
1.129635825642602
1.129635825642602
1.129635825642602
1.129635825642602
1.129635825642602
1.129635825642602
1.129635825642602
1.129635825642602
1.129635825642602
1.129635825642602
1.129635825642602
1.129635825642602
1.129635825642602
1.129635825642602
1.129635825642602
1.129635825642602
1.129635825642602
1.129635825642602
1.129635825642602
1.129635825642602
1.129635825642602
1.129635825642602
1.129635825642602
1.129635825642602
1.129635825642602
1.129635825642602
1.129635825642602
1.129635825642602
1.129635825642602
1.129635825642602
1.129635825642602
1.129635825642602
1.129635825642602
1.129635825642602
1.129635825642602
1.129635825642602
1.129635825642602
1.129635825642602
1.129635825642602
1.129635825642602
1.129635825642602
1.129635825642602
1.129635825642602
1.129635825642602
1.129635825642602
1.129635825642602
1.129635825642602
1.129635825642602
1.129635825642602
1.129635825642602
1.129635825642602
1.129635825642602
1.129635825642602
1.129635825642602
1.129635825642602
1.129635825642602
1.129635825642602
1.129635825642602
1.129635825642602
1.129635825642602
1.129635825642602
1.129635825642602
1.129635825642602
1.129635825642602
1.129635825642602
1.129635825642602
1.129635825642602
1.129635825642602
1.129635825642602
1.129635825642602
1.129635825642602
1.129635825642602
1.129635825642602
1.129635825642602
1.129635825642602
1.129635825642602
1.129635825642602
1.129635825642602
1.129635825642602
1.129635825642602
1.129635825642602
1.129635825642602
1.129635825642602
1.129635825642602
1.129635825642602
1.129635825642602
1.129635825642602
1.129635825642602
1.129635825642602
1.129635825642602
1.129635825642602
1.129635825642602
1.129635825642602
1.129635825642602
1.129635825642602
1.129635825642602
1.129635825642602
1.129635825642602
1.129635825642602
1.129635825642602
1.129635825642602
1.129635825642602
1.129635825642602
1.129635825642602
1.129635825642602
1.129635825642602
1.129635825642602
1.129635825642602
1.129635825642602
1.129635825642602
1.129635825642602
1.129635825642602
1.129635825642602
1.129635825642602
1.129635825642602
1.129635825642602
1.129635825642602
1.129635825642602
1.129635825642602
1.129635825642602
1.129635825642602
1.129635825642602
1.129635825642602
1.129635825642602
1.129635825642602
1.129635825642602
1.129635825642602
1.129635825642602
1.129635825642602
1.129635825642602
1.129635825642602
1.129635825642602
1.129635825642602
1.129635825642602
1.129635825642602
1.129635825642602
1.129635825642602
1.129635825642602
1.129635825642602
1.129635825642602
1.129635825642602
1.129635825642602
1.129635825642602
1.129635825642602
1.129635825642602
1.129635825642602
1.129635825642602
1.129635825642602
1.129635825642602
1.129635825642602
1.129635825642602
1.129635825642602
1.129635825642602
1.129635825642602
1.129635825642602
1.129635825642602
1.129635825642602
1.129635825642602
1.129635825642602
1.129635825642602
1.129635825642602
1.129635825642602
1.129635825642602
1.129635825642602
1.129635825642602
1.129635825642602
1.129635825642602
1.129635825642602
1.129635825642602
1.129635825642602
1.129635825642602
1.129635825642602
1.129635825642602
1.129635825642602
1.129635825642602
1.129635825642602
1.129635825642602
1.129635825642602
1.129635825642602
1.129635825642602
1.129635825642602
1.129635825642602
1.129635825642602
1.129635825642602
1.129635825642602
1.129635825642602
1.129635825642602
1.129635825642602
1.129635825642602
1.129635825642602
1.129635825642602
1.129635825642602
1.129635825642602
1.129635825642602
1.129635825642602
1.129635825642602
1.129635825642602
1.129635825642602
1.129635825642602
1.129635825642602
1.129635825642602
1.129635825642602
1.129635825642602
1.129635825642602
1.129635825642602
1.129635825642602
1.129635825642602
1.129635825642602
1.129635825642602
1.129635825642602
1.129635825642602
1.129635825642602
1.129635825642602
1.129635825642602
1.129635825642602
1.129635825642602
1.129635825642602
1.129635825642602
1.129635825642602
1.129635825642602
1.129635825642602
1.129635825642602
1.129635825642602
1.129635825642602
1.129635825642602
1.129635825642602
1.129635825642602
1.129635825642602
1.129635825642602
1.129635825642602
1.129635825642602
1.129635825642602
1.129635825642602
1.129635825642602
1.129635825642602
1.129635825642602
1.129635825642602
1.129635825642602
1.129635825642602
1.129635825642602
1.129635825642602
1.129635825642602
1.129635825642602
1.129635825642602
1.129635825642602
1.129635825642602
1.129635825642602
1.129635825642602
1.129635825642602
1.129635825642602
1.129635825642602
1.129635825642602
1.129635825642602
1.129635825642602
1.129635825642602
1.129635825642602
1.129635825642602
1.129635825642602
1.129635825642602
1.129635825642602
1.129635825642602
1.129635825642602
1.129635825642602
1.129635825642602
1.129635825642602
1.129635825642602
1.129635825642602
1.129635825642602
1.129635825642602
1.129635825642602
1.129635825642602
1.129635825642602
1.129635825642602
1.129635825642602
1.129635825642602
1.129635825642602
1.129635825642602
1.129635825642602
1.129635825642602
1.129635825642602
1.129635825642602
1.129635825642602
1.129635825642602
1.129635825642602
1.129635825642602
1.129635825642602
1.129635825642602
1.129635825642602
1.129635825642602
1.129635825642602
1.129635825642602
1.129635825642602
1.129635825642602
1.129635825642602
1.129635825642602
1.129635825642602
1.129635825642602
1.129635825642602
1.129635825642602
1.129635825642602
1.129635825642602
1.129635825642602
1.129635825642602
1.129635825642602
1.129635825642602
1.129635825642602
1.129635825642602
1.129635825642602
1.129635825642602
1.129635825642602
1.129635825642602
1.129635825642602
1.129635825642602
1.129635825642602
1.129635825642602
1.129635825642602
1.129635825642602
1.129635825642602
1.129635825642602
1.129635825642602
1.129635825642602
1.129635825642602
1.129635825642602
1.129635825642602
1.129635825642602
1.129635825642602
1.129635825642602
1.129635825642602
1.129635825642602
1.129635825642602
1.129635825642602
1.129635825642602
1.129635825642602
1.129635825642602
1.129635825642602
1.129635825642602
1.129635825642602
1.129635825642602
1.129635825642602
1.129635825642602
1.129635825642602
1.129635825642602
1.129635825642602
1.129635825642602
1.129635825642602
1.129635825642602
1.129635825642602
1.129635825642602
1.129635825642602
1.129635825642602
1.129635825642602
1.129635825642602
1.129635825642602
1.129635825642602
1.129635825642602
1.129635825642602
1.129635825642602
1.129635825642602
1.129635825642602
1.129635825642602
1.129635825642602
1.129635825642602
1.129635825642602
1.129635825642602
1.129635825642602
1.129635825642602
1.129635825642602
1.129635825642602
1.129635825642602
1.129635825642602
1.129635825642602
1.129635825642602
1.129635825642602
1.129635825642602
1.129635825642602
1.129635825642602
1.129635825642602
1.129635825642602
1.129635825642602
1.129635825642602
1.129635825642602
1.129635825642602
1.129635825642602
1.129635825642602
1.129635825642602
1.129635825642602
1.129635825642602
1.129635825642602
1.129635825642602
1.129635825642602
1.129635825642602
1.129635825642602
1.129635825642602
1.129635825642602
1.129635825642602
1.129635825642602
1.129635825642602
1.129635825642602
1.129635825642602
1.129635825642602
1.129635825642602
1.129635825642602
1.129635825642602
1.129635825642602
1.129635825642602
1.129635825642602
1.129635825642602
1.129635825642602
1.129635825642602
1.129635825642602
1.129635825642602
1.129635825642602
1.129635825642602
1.129635825642602
1.129635825642602
1.129635825642602
1.129635825642602
1.129635825642602
1.129635825642602
1.129635825642602
1.129635825642602
1.129635825642602
1.129635825642602
1.129635825642602
1.129635825642602
1.129635825642602
1.129635825642602
1.129635825642602
1.129635825642602
1.129635825642602
1.129635825642602
1.129635825642602
1.129635825642602
1.129635825642602
1.129635825642602
1.129635825642602
1.129635825642602
1.129635825642602
1.129635825642602
1.129635825642602
1.129635825642602
1.129635825642602
1.129635825642602
1.129635825642602
1.129635825642602
1.129635825642602
1.129635825642602
1.129635825642602
1.129635825642602
1.129635825642602
1.129635825642602
1.129635825642602
1.129635825642602
1.129635825642602
1.129635825642602
1.129635825642602
1.129635825642602
1.129635825642602
1.129635825642602
1.129635825642602
1.129635825642602
1.129635825642602
1.129635825642602
1.129635825642602
1.129635825642602
1.129635825642602
1.129635825642602
1.129635825642602
1.129635825642602
1.129635825642602
1.129635825642602
1.129635825642602
1.129635825642602
1.129635825642602
1.129635825642602
1.129635825642602
1.129635825642602
1.129635825642602
1.129635825642602
1.129635825642602
1.129635825642602
1.129635825642602
1.129635825642602
1.129635825642602
1.129635825642602
1.129635825642602
1.129635825642602
1.129635825642602
1.129635825642602
1.129635825642602
1.129635825642602
1.129635825642602
1.129635825642602
1.129635825642602
1.129635825642602
1.129635825642602
1.129635825642602
1.129635825642602
1.129635825642602
1.129635825642602
1.129635825642602
1.129635825642602
1.129635825642602
1.129635825642602
1.129635825642602
1.129635825642602
1.129635825642602
1.129635825642602
1.129635825642602
1.129635825642602
1.129635825642602
1.129635825642602
1.129635825642602
1.129635825642602
1.129635825642602
1.129635825642602
1.129635825642602
1.129635825642602
1.129635825642602
1.129635825642602
1.129635825642602
1.129635825642602
1.129635825642602
1.129635825642602
1.129635825642602
1.129635825642602
1.129635825642602
1.129635825642602
1.129635825642602
1.129635825642602
1.129635825642602
1.129635825642602
1.129635825642602
1.129635825642602
1.129635825642602
1.129635825642602
1.129635825642602
1.129635825642602
1.129635825642602
1.129635825642602
1.129635825642602
1.129635825642602
1.129635825642602
1.129635825642602
1.129635825642602
1.129635825642602
1.129635825642602
1.129635825642602
1.129635825642602
1.129635825642602
1.129635825642602
1.129635825642602
1.129635825642602
1.129635825642602
1.129635825642602
1.129635825642602
1.129635825642602
1.129635825642602
1.129635825642602
1.129635825642602
1.129635825642602
1.129635825642602
1.129635825642602
1.129635825642602
1.129635825642602
1.129635825642602
1.129635825642602
1.129635825642602
1.129635825642602
1.129635825642602
1.129635825642602
1.129635825642602
1.129635825642602
1.129635825642602
1.129635825642602
1.129635825642602
1.129635825642602
1.129635825642602
1.129635825642602
1.129635825642602
1.129635825642602
1.129635825642602
1.129635825642602
1.129635825642602
1.129635825642602
1.129635825642602
1.129635825642602
1.129635825642602
1.129635825642602
1.129635825642602
1.129635825642602
1.129635825642602
1.129635825642602
1.129635825642602
1.129635825642602
1.129635825642602
1.129635825642602
1.129635825642602
1.129635825642602
1.129635825642602
1.129635825642602
1.129635825642602
1.129635825642602
1.129635825642602
1.129635825642602
1.129635825642602
1.129635825642602
1.129635825642602
1.129635825642602
1.129635825642602
1.129635825642602
1.129635825642602
1.129635825642602
1.129635825642602
1.129635825642602
1.129635825642602
1.129635825642602
1.129635825642602
1.129635825642602
1.129635825642602
1.129635825642602
1.129635825642602
1.129635825642602
1.129635825642602
1.129635825642602
1.129635825642602
1.129635825642602
1.129635825642602
1.129635825642602
1.129635825642602
1.129635825642602
1.129635825642602
1.129635825642602
1.129635825642602
1.129635825642602
1.129635825642602
1.129635825642602
1.129635825642602
1.129635825642602
1.129635825642602
1.129635825642602
1.129635825642602
1.129635825642602
1.129635825642602
1.129635825642602
1.129635825642602
1.129635825642602
1.129635825642602
1.129635825642602
1.129635825642602
1.129635825642602
1.129635825642602
1.129635825642602
1.129635825642602
1.129635825642602
1.129635825642602
1.129635825642602
1.129635825642602
1.129635825642602
1.129635825642602
1.129635825642602
1.129635825642602
1.129635825642602
1.129635825642602
1.129635825642602
1.129635825642602
1.129635825642602
1.129635825642602
1.129635825642602
1.129635825642602
1.129635825642602
1.129635825642602
1.129635825642602
1.129635825642602
1.129635825642602
1.129635825642602
1.129635825642602
1.129635825642602
1.129635825642602
1.129635825642602
1.129635825642602
1.129635825642602
1.129635825642602
1.129635825642602
1.129635825642602
1.129635825642602
1.129635825642602
1.129635825642602
1.129635825642602
1.129635825642602
1.129635825642602
1.129635825642602
1.129635825642602
1.129635825642602
1.129635825642602
1.129635825642602
1.129635825642602
1.129635825642602
1.129635825642602
1.129635825642602
1.129635825642602
1.129635825642602
1.129635825642602
1.129635825642602
1.129635825642602
1.129635825642602
1.129635825642602
1.129635825642602
1.129635825642602
1.129635825642602
1.129635825642602
1.129635825642602
1.129635825642602
1.129635825642602
1.129635825642602
1.129635825642602
1.129635825642602
1.129635825642602
1.129635825642602
1.129635825642602
1.129635825642602
1.129635825642602
1.129635825642602
1.129635825642602
1.129635825642602
1.129635825642602
1.129635825642602
1.129635825642602
1.129635825642602
1.129635825642602
1.129635825642602
1.129635825642602
1.129635825642602
1.129635825642602
1.129635825642602
1.129635825642602
1.129635825642602
1.129635825642602
1.129635825642602
1.129635825642602
1.129635825642602
1.129635825642602
1.129635825642602
1.129635825642602
1.129635825642602
1.129635825642602
1.129635825642602
1.129635825642602
1.129635825642602
1.129635825642602
1.129635825642602
1.129635825642602
1.129635825642602
1.129635825642602
1.129635825642602
1.129635825642602
1.129635825642602
1.129635825642602
1.129635825642602
1.129635825642602
1.129635825642602
1.129635825642602
1.129635825642602
1.129635825642602
1.129635825642602
1.129635825642602
1.129635825642602
1.129635825642602
1.129635825642602
1.129635825642602
1.129635825642602
1.129635825642602
1.129635825642602
1.129635825642602
1.129635825642602
1.129635825642602
1.129635825642602
1.129635825642602
1.129635825642602
1.129635825642602
1.129635825642602
1.129635825642602
1.129635825642602
1.129635825642602
1.129635825642602
1.129635825642602
1.129635825642602
1.129635825642602
1.129635825642602
1.129635825642602
1.129635825642602
1.129635825642602
1.129635825642602
1.129635825642602
1.129635825642602
1.129635825642602
1.129635825642602
1.129635825642602
1.129635825642602
1.129635825642602
1.129635825642602
1.129635825642602
1.129635825642602
1.129635825642602
1.129635825642602
1.129635825642602
1.129635825642602
1.129635825642602
1.129635825642602
1.129635825642602
1.129635825642602
1.129635825642602
1.129635825642602
1.129635825642602
1.129635825642602
1.129635825642602
1.129635825642602
1.129635825642602
1.129635825642602
1.129635825642602
1.129635825642602
1.129635825642602
1.129635825642602
1.129635825642602
1.129635825642602
1.129635825642602
1.129635825642602
1.129635825642602
1.129635825642602
1.129635825642602
1.129635825642602
1.129635825642602
1.129635825642602
1.129635825642602
1.129635825642602
1.129635825642602
1.129635825642602
1.129635825642602
1.129635825642602
1.129635825642602
1.129635825642602
1.129635825642602
1.129635825642602
1.129635825642602
1.129635825642602
1.129635825642602
1.129635825642602
1.129635825642602
1.129635825642602
1.129635825642602
1.129635825642602
