31591.12334385882
31591.12334385882
31591.12334385882
31591.12334385882
31348.475476082393
31061.782871283125
31061.782871283125
31061.782871283125
31061.782871283125
30528.488758458847
30528.488758458847
30505.987315152986
30344.068272346605
30344.068272346605
30344.068272346605
30344.068272346605
30020.59773111591
29765.024724171064
29578.51285470231
29578.51285470231
29578.51285470231
29578.51285470231
29446.554851044046
29446.554851044046
29446.554851044046
29446.554851044046
29373.770222714098
29160.30850752945
29160.30850752945
29160.30850752945
29160.30850752945
28366.563818217513
28014.48845956139
27760.716033045413
27760.716033045413
27299.975239563446
27299.975239563446
26669.59171281307
26669.59171281307
26552.438543410233
26280.72400836197
26280.72400836197
26280.72400836197
25772.628025068738
25625.58190081833
25071.08471744068
25071.08471744068
25071.08471744068
25071.08471744068
25071.08471744068
25071.08471744068
25071.08471744068
24866.721777633913
24724.127473163364
24724.127473163364
24724.127473163364
24391.137651585184
24199.922328738823
24199.922328738823
24199.922328738823
23899.033927769884
23899.033927769884
23899.033927769884
23407.08130170888
23407.08130170888
23392.767881722608
23392.767881722608
23392.767881722608
23392.767881722608
23353.553285033984
23353.553285033984
23025.591415482577
22740.06487482779
22740.06487482779
22740.06487482779
22430.930325569512
22371.28316503257
22371.28316503257
22305.034213643456
22163.723895649633
22163.723895649633
22054.871483318628
22054.871483318628
22028.468628835766
22028.468628835766
21712.4292961608
21712.4292961608
21712.4292961608
21712.4292961608
21712.4292961608
21379.515513711496
21261.62873886701
20754.32803044636
20754.32803044636
20754.32803044636
20385.563497234965
20385.563497234965
20385.563497234965
20385.563497234965
20385.563497234965
20249.69329090019
19782.823674151416
19782.823674151416
19782.823674151416
19628.576994012412
19487.8742210231
19487.8742210231
19487.8742210231
19476.272228801496
19476.272228801496
19438.55579276023
19438.55579276023
19368.38413844652
19368.38413844652
19368.38413844652
19368.38413844652
19232.857600225885
19232.857600225885
19066.88116630043
19066.88116630043
19054.03919804506
18943.75654369018
18943.75654369018
18613.73407960967
18080.150390753286
17784.184743179358
17784.184743179358
17648.497699555082
17648.497699555082
17648.497699555082
17648.497699555082
17648.497699555082
17648.497699555082
17648.497699555082
17648.497699555082
17517.42237475754
17392.2161382178
17392.2161382178
17202.04245998306
17202.04245998306
17202.04245998306
16853.48647435275
16853.48647435275
16853.48647435275
16813.009557483518
16813.009557483518
16639.88131399235
16369.458951504186
16223.898008599172
16136.15337579606
16136.15337579606
16136.15337579606
16136.15337579606
16136.15337579606
16136.15337579606
16136.15337579606
16117.970071515996
16117.970071515996
16117.970071515996
16117.970071515996
16117.970071515996
16117.970071515996
15968.29549283815
15691.457404491694
15691.457404491694
15691.457404491694
15070.126346933164
14789.8535157435
14506.477263312434
14316.815248208186
14270.825870997563
14270.825870997563
14094.792872255093
14032.213343613543
14032.213343613543
13972.808615052765
13957.141277662024
13952.926574067667
13952.926574067667
13952.926574067667
13847.6166605273
13847.6166605273
13847.6166605273
13811.387656214752
13610.219946506562
13610.219946506562
13565.203266826013
13565.203266826013
13565.203266826013
13509.070915696086
13498.805731184051
13355.44475484654
13355.44475484654
13097.715359605803
12698.711454244569
12684.370983871837
12684.370983871837
12595.730266047975
12595.730266047975
12595.730266047975
12595.730266047975
12411.957029942696
12411.957029942696
12189.680251413647
12189.680251413647
12074.385851340548
12074.385851340548
12074.385851340548
12074.385851340548
12074.385851340548
12074.385851340548
12074.385851340548
11998.800025838222
11998.800025838222
11850.875306357215
11822.82620838406
11809.332983331196
11473.343900360665
11473.343900360665
11473.343900360665
11473.343900360665
11396.944821468698
11396.944821468698
11056.225697196855
11056.225697196855
11056.225697196855
11056.225697196855
10887.604661696392
10757.529485266754
10757.529485266754
10677.285206640885
10677.285206640885
10677.285206640885
10677.285206640885
10677.285206640885
10668.618007321411
10668.618007321411
10668.618007321411
10668.618007321411
10668.618007321411
10532.69480019822
10515.52687786911
10478.458263611716
10478.458263611716
10354.704585316182
10222.239850670445
10222.239850670445
10222.239850670445
10130.480105388811
10130.480105388811
9856.380380698372
9856.380380698372
9856.380380698372
9856.380380698372
9856.380380698372
9856.380380698372
9856.380380698372
9828.496931602573
9649.250433327821
9649.250433327821
9649.250433327821
9649.250433327821
9533.739897799389
9533.739897799389
9533.739897799389
9361.509418333831
9361.509418333831
9361.509418333831
9361.509418333831
9195.86438732614
9007.900917143043
9007.900917143043
8971.84912150425
8971.84912150425
8971.84912150425
8814.092739237314
8814.092739237314
8814.092739237314
8473.956298109564
8473.956298109564
8271.414748455914
8271.414748455914
8271.414748455914
8271.414748455914
8151.273578223097
7820.42263705969
7820.42263705969
7820.42263705969
7820.42263705969
7820.42263705969
7820.42263705969
7751.027313707752
7751.027313707752
7751.027313707752
7697.5661234461795
7673.571212197802
7673.571212197802
7382.895729204516
7273.895493907413
6966.235054766018
6865.14395722725
6706.707966412732
6706.707966412732
6568.764657896957
6568.764657896957
6451.689929189481
6297.049772408158
6297.049772408158
6297.049772408158
6297.049772408158
6297.049772408158
6297.049772408158
6225.656808522423
6123.075440092552
5972.127397275374
5965.420223513755
5965.420223513755
5965.420223513755
5920.462094877917
5920.462094877917
5916.597582781901
5916.597582781901
5916.597582781901
5916.597582781901
5916.597582781901
5546.3001421502995
5335.050306587367
5281.296452530926
5281.296452530926
5160.396559152874
5082.72991243731
5082.72991243731
5082.72991243731
5036.456143761826
5036.456143761826
5036.456143761826
5036.456143761826
5036.456143761826
5036.456143761826
5017.819058398116
5009.109734819835
5009.109734819835
4944.077518826919
4944.077518826919
4944.077518826919
4724.209861114223
4724.209861114223
4724.209861114223
4533.305251122841
4326.355936158891
4326.355936158891
4326.355936158891
4326.355936158891
4299.008077440519
4254.107543509013
4096.67808009333
4096.67808009333
4096.67808009333
4096.67808009333
3986.7329809441485
3986.7329809441485
3986.7329809441485
3833.750730656928
3579.072306604373
3579.072306604373
3579.072306604373
3379.892952063771
3358.5750613760797
3358.5750613760797
3358.5750613760797
3167.766245941638
3167.766245941638
3126.700442605423
3126.700442605423
3126.700442605423
3126.700442605423
3040.794661590341
3040.794661590341
3040.794661590341
3040.794661590341
3040.794661590341
2786.3037250180787
2636.8346663528046
2636.8346663528046
2636.8346663528046
2461.169572096313
2461.169572096313
2455.0328960899205
2357.187564937734
2330.736901997144
2330.736901997144
2330.736901997144
2241.879415527838
2240.5297900072846
2240.5297900072846
2240.5297900072846
2240.5297900072846
2240.5297900072846
2240.5297900072846
2240.5297900072846
2177.8819674938277
2169.752712016746
2169.752712016746
2169.752712016746
2169.752712016746
2169.752712016746
2169.752712016746
2169.752712016746
2094.095546887317
2094.095546887317
2094.095546887317
2094.095546887317
2094.095546887317
2094.095546887317
2052.5442757142305
1987.4389234096623
1895.8876634951334
1895.8876634951334
1895.8876634951334
1839.8465914193555
1839.8465914193555
1772.6302388265112
1772.6302388265112
1772.6302388265112
1772.6302388265112
1735.6243294145638
1718.503341046782
1718.503341046782
1718.503341046782
1692.47763752085
1692.47763752085
1692.47763752085
1674.7814686794652
1674.7814686794652
1657.5413738025609
1579.6290392609997
1490.891993164053
1490.891993164053
1490.891993164053
1461.0703569942573
1421.6234179014707
1421.6234179014707
1362.1800453654823
1362.1800453654823
1362.1800453654823
1362.1800453654823
1362.1800453654823
1327.9729816514327
1268.5556488870018
1268.5556488870018
1198.237885469097
1198.237885469097
1198.237885469097
1159.2313749434109
1159.2313749434109
1040.6706256178068
1040.6706256178068
1040.6706256178068
948.4376610709834
938.0349817904093
849.5294051834403
849.5294051834403
707.8837126635051
647.0678433696975
647.0678433696975
588.4284702466368
588.4284702466368
588.4284702466368
574.2947197072781
574.2947197072781
515.1452225606165
515.1452225606165
515.1452225606165
438.36153392626983
438.36153392626983
438.36153392626983
438.36153392626983
437.13330980889106
437.13330980889106
437.13330980889106
437.13330980889106
437.13330980889106
416.5495366529902
416.5495366529902
416.5495366529902
416.5495366529902
416.5495366529902
383.64076097723625
348.0938036426395
309.1462816597835
309.1462816597835
245.17818599757695
245.17818599757695
245.17818599757695
245.17818599757695
245.17818599757695
245.17818599757695
195.52776074340017
195.52776074340017
195.46551306522989
186.05143444322684
177.38249445593337
177.38249445593337
166.79292119074478
166.79292119074478
166.79292119074478
166.79292119074478
134.09406223265842
134.09406223265842
130.52379775738677
130.52379775738677
99.60542720463015
99.60542720463015
94.21023662110828
94.21023662110828
94.21023662110828
94.21023662110828
88.27980300712089
88.27980300712089
88.27980300712089
77.31636272000644
77.31636272000644
77.31636272000644
77.31636272000644
77.31636272000644
77.31636272000644
77.26114556874735
77.26114556874735
77.26114556874735
77.26114556874735
77.26114556874735
77.26114556874735
44.74576324017812
40.8675778221093
40.8675778221093
40.8675778221093
37.440308016654235
35.73936862842994
35.73936862842994
24.981127152895414
22.837294172035637
22.837294172035637
22.837294172035637
22.837294172035637
22.837294172035637
22.837294172035637
22.837294172035637
22.837294172035637
22.837294172035637
22.837294172035637
22.837294172035637
22.837294172035637
22.837294172035637
22.837294172035637
19.36527774666895
19.36527774666895
19.36527774666895
10.407114847851666
10.407114847851666
10.407114847851666
10.407114847851666
10.407114847851666
10.407114847851666
8.08354992769705
8.08354992769705
8.08354992769705
8.08354992769705
8.08354992769705
4.540337121592067
4.540337121592067
4.540337121592067
4.540337121592067
4.540337121592067
4.540337121592067
4.540337121592067
4.540337121592067
4.540337121592067
4.540337121592067
4.540337121592067
4.540337121592067
4.540337121592067
4.540337121592067
4.540337121592067
4.540337121592067
4.540337121592067
4.540337121592067
4.540337121592067
4.540337121592067
4.540337121592067
4.540337121592067
4.540337121592067
4.540337121592067
4.540337121592067
4.540337121592067
3.291109418474648
3.291109418474648
3.291109418474648
3.291109418474648
3.291109418474648
3.291109418474648
3.291109418474648
3.291109418474648
3.291109418474648
3.291109418474648
3.291109418474648
3.291109418474648
3.291109418474648
3.291109418474648
3.291109418474648
3.291109418474648
3.291109418474648
3.291109418474648
3.291109418474648
3.291109418474648
3.291109418474648
3.291109418474648
3.291109418474648
3.291109418474648
3.291109418474648
3.291109418474648
3.291109418474648
3.291109418474648
3.291109418474648
3.291109418474648
3.291109418474648
3.291109418474648
3.291109418474648
3.291109418474648
3.291109418474648
3.291109418474648
3.291109418474648
3.291109418474648
3.291109418474648
3.291109418474648
3.291109418474648
3.291109418474648
3.291109418474648
3.291109418474648
3.291109418474648
3.291109418474648
3.291109418474648
3.291109418474648
3.291109418474648
3.291109418474648
3.291109418474648
3.291109418474648
3.291109418474648
3.291109418474648
3.291109418474648
3.291109418474648
3.291109418474648
3.291109418474648
3.291109418474648
3.291109418474648
3.291109418474648
3.291109418474648
3.291109418474648
3.291109418474648
3.291109418474648
3.291109418474648
3.291109418474648
3.291109418474648
3.291109418474648
3.291109418474648
3.291109418474648
3.291109418474648
3.291109418474648
3.291109418474648
3.291109418474648
3.291109418474648
3.291109418474648
3.291109418474648
3.291109418474648
3.291109418474648
3.291109418474648
3.291109418474648
3.291109418474648
3.291109418474648
3.291109418474648
3.291109418474648
3.291109418474648
3.291109418474648
3.291109418474648
3.291109418474648
3.291109418474648
3.291109418474648
3.291109418474648
3.291109418474648
3.291109418474648
3.291109418474648
3.291109418474648
3.291109418474648
3.291109418474648
3.291109418474648
3.291109418474648
3.291109418474648
3.291109418474648
3.291109418474648
3.291109418474648
3.291109418474648
3.291109418474648
3.291109418474648
3.291109418474648
3.291109418474648
3.291109418474648
3.291109418474648
3.291109418474648
3.291109418474648
3.291109418474648
3.291109418474648
3.291109418474648
3.291109418474648
3.291109418474648
3.291109418474648
3.291109418474648
3.291109418474648
3.291109418474648
3.291109418474648
3.291109418474648
3.291109418474648
3.291109418474648
3.291109418474648
3.291109418474648
3.291109418474648
3.291109418474648
3.291109418474648
3.291109418474648
3.291109418474648
3.291109418474648
3.291109418474648
3.291109418474648
3.291109418474648
3.291109418474648
3.291109418474648
3.291109418474648
3.291109418474648
3.291109418474648
3.291109418474648
3.291109418474648
3.291109418474648
3.291109418474648
3.291109418474648
3.291109418474648
3.291109418474648
3.291109418474648
3.291109418474648
3.291109418474648
3.291109418474648
3.291109418474648
3.291109418474648
3.291109418474648
3.291109418474648
3.291109418474648
2.4528217038262254
2.4528217038262254
2.4528217038262254
2.4528217038262254
2.4528217038262254
2.4528217038262254
2.4528217038262254
2.4528217038262254
2.4528217038262254
2.4528217038262254
2.4528217038262254
2.4528217038262254
2.4528217038262254
2.4528217038262254
2.4528217038262254
2.4528217038262254
2.4528217038262254
2.4528217038262254
2.4528217038262254
2.4528217038262254
2.4528217038262254
2.4528217038262254
2.4528217038262254
2.4528217038262254
2.4528217038262254
2.4528217038262254
2.4528217038262254
2.4528217038262254
2.4528217038262254
2.4528217038262254
2.4528217038262254
2.4528217038262254
2.4528217038262254
2.4528217038262254
2.4528217038262254
2.4528217038262254
2.4528217038262254
2.4528217038262254
2.4528217038262254
2.4528217038262254
2.4528217038262254
2.4528217038262254
2.4528217038262254
2.4528217038262254
2.4528217038262254
2.4528217038262254
2.4528217038262254
2.4528217038262254
2.4528217038262254
2.4528217038262254
2.4528217038262254
2.4528217038262254
2.4528217038262254
2.4528217038262254
2.4528217038262254
2.4528217038262254
2.4528217038262254
2.4528217038262254
2.4528217038262254
2.4528217038262254
2.4528217038262254
2.4528217038262254
2.4528217038262254
2.4528217038262254
2.4528217038262254
2.4528217038262254
2.4528217038262254
2.4528217038262254
2.4528217038262254
2.4528217038262254
2.4528217038262254
2.4528217038262254
2.4528217038262254
2.4528217038262254
2.4528217038262254
2.4528217038262254
2.4528217038262254
2.4528217038262254
2.4528217038262254
2.4528217038262254
2.4528217038262254
2.4528217038262254
2.4528217038262254
2.4528217038262254
2.4528217038262254
2.4528217038262254
2.4528217038262254
2.4528217038262254
2.4528217038262254
2.4528217038262254
2.4528217038262254
2.4528217038262254
2.4528217038262254
2.4528217038262254
2.4528217038262254
2.4528217038262254
2.4528217038262254
2.4528217038262254
2.4528217038262254
2.4528217038262254
2.4528217038262254
2.4528217038262254
2.4528217038262254
2.4528217038262254
2.4528217038262254
2.4528217038262254
2.4528217038262254
2.4528217038262254
2.4528217038262254
2.4528217038262254
2.4528217038262254
2.4528217038262254
2.4528217038262254
2.4528217038262254
2.4528217038262254
2.4528217038262254
2.4528217038262254
2.4528217038262254
2.4528217038262254
2.4528217038262254
2.4528217038262254
2.4528217038262254
2.4528217038262254
2.4528217038262254
2.4528217038262254
2.4528217038262254
2.4528217038262254
2.4528217038262254
2.4528217038262254
2.4528217038262254
2.4528217038262254
2.4528217038262254
2.4528217038262254
2.4528217038262254
2.4528217038262254
2.4528217038262254
2.4528217038262254
2.4528217038262254
2.4528217038262254
2.4528217038262254
2.4528217038262254
2.4528217038262254
2.4528217038262254
2.4528217038262254
2.4528217038262254
2.4528217038262254
2.4528217038262254
2.4528217038262254
2.4528217038262254
2.4528217038262254
2.4528217038262254
2.4528217038262254
2.4528217038262254
2.4528217038262254
2.4528217038262254
2.4528217038262254
2.4528217038262254
2.4528217038262254
2.4528217038262254
2.4528217038262254
2.4528217038262254
2.4528217038262254
2.4528217038262254
2.4528217038262254
2.4528217038262254
2.4528217038262254
2.4528217038262254
2.4528217038262254
2.4528217038262254
2.4528217038262254
2.4528217038262254
2.4528217038262254
2.4528217038262254
2.4528217038262254
2.4528217038262254
2.4528217038262254
2.4528217038262254
2.4528217038262254
2.4528217038262254
2.4528217038262254
2.4528217038262254
2.4528217038262254
2.4528217038262254
2.4528217038262254
2.4528217038262254
2.4528217038262254
2.4528217038262254
2.4528217038262254
2.4528217038262254
2.4528217038262254
2.4528217038262254
2.4528217038262254
2.4528217038262254
2.4528217038262254
2.4528217038262254
2.4528217038262254
2.4528217038262254
2.4528217038262254
2.4528217038262254
2.4528217038262254
2.4528217038262254
2.4528217038262254
2.4528217038262254
2.4528217038262254
2.4528217038262254
2.4528217038262254
2.4528217038262254
2.4528217038262254
2.4528217038262254
2.4528217038262254
2.4528217038262254
2.4528217038262254
2.4528217038262254
2.4528217038262254
2.4528217038262254
2.4528217038262254
2.4528217038262254
2.4528217038262254
2.4528217038262254
2.4528217038262254
2.4528217038262254
2.4528217038262254
2.4528217038262254
2.4528217038262254
2.4528217038262254
2.4528217038262254
2.4528217038262254
2.4528217038262254
2.4528217038262254
2.4528217038262254
2.4528217038262254
2.4528217038262254
2.4528217038262254
2.4528217038262254
2.4528217038262254
2.4528217038262254
2.4528217038262254
2.4528217038262254
2.4528217038262254
2.4528217038262254
2.4528217038262254
2.4528217038262254
2.4528217038262254
2.4528217038262254
2.4528217038262254
2.4528217038262254
2.4528217038262254
2.4528217038262254
2.4528217038262254
2.4528217038262254
2.4528217038262254
2.4528217038262254
2.4528217038262254
2.4528217038262254
2.4528217038262254
2.4528217038262254
2.4528217038262254
2.4528217038262254
2.4528217038262254
2.4528217038262254
2.4528217038262254
2.4528217038262254
2.4528217038262254
2.4528217038262254
2.4528217038262254
2.4528217038262254
2.4528217038262254
2.4528217038262254
2.4528217038262254
2.4528217038262254
2.4528217038262254
2.4528217038262254
2.4528217038262254
2.4528217038262254
2.4528217038262254
2.4528217038262254
2.4528217038262254
2.4528217038262254
2.4528217038262254
2.4528217038262254
2.4528217038262254
2.4528217038262254
2.4528217038262254
2.4528217038262254
2.4528217038262254
2.4528217038262254
2.4528217038262254
2.4528217038262254
2.4528217038262254
2.4528217038262254
2.4528217038262254
2.4528217038262254
2.4528217038262254
2.4528217038262254
2.4528217038262254
2.4528217038262254
2.4528217038262254
2.4528217038262254
2.4528217038262254
2.4528217038262254
2.4528217038262254
2.4528217038262254
2.4528217038262254
2.4528217038262254
2.4528217038262254
2.4528217038262254
2.4528217038262254
2.4528217038262254
2.4528217038262254
2.4528217038262254
2.4528217038262254
2.4528217038262254
2.4528217038262254
2.4528217038262254
2.4528217038262254
2.4528217038262254
2.4528217038262254
2.4528217038262254
2.4528217038262254
2.4528217038262254
2.4528217038262254
2.4528217038262254
2.4528217038262254
2.4528217038262254
2.4528217038262254
2.4528217038262254
2.4528217038262254
2.4528217038262254
2.4528217038262254
2.4528217038262254
2.4528217038262254
2.4528217038262254
2.4528217038262254
2.4528217038262254
2.4528217038262254
2.4528217038262254
2.4528217038262254
2.4528217038262254
2.4528217038262254
2.4528217038262254
2.4528217038262254
2.4528217038262254
2.4528217038262254
2.4528217038262254
2.4528217038262254
2.4528217038262254
2.4528217038262254
2.4528217038262254
2.4528217038262254
2.4528217038262254
2.4528217038262254
2.4528217038262254
2.4528217038262254
2.4528217038262254
2.4528217038262254
2.4528217038262254
2.4528217038262254
2.4528217038262254
2.4528217038262254
2.4528217038262254
2.4528217038262254
2.4528217038262254
2.4528217038262254
2.4528217038262254
2.4528217038262254
2.4528217038262254
2.4528217038262254
2.4528217038262254
2.4528217038262254
2.4528217038262254
2.4528217038262254
2.4528217038262254
2.4528217038262254
2.4528217038262254
2.4528217038262254
2.4528217038262254
2.4528217038262254
2.4528217038262254
2.4528217038262254
2.4528217038262254
2.4528217038262254
2.4528217038262254
2.4528217038262254
2.4528217038262254
2.4528217038262254
2.4528217038262254
2.4528217038262254
2.4528217038262254
2.4528217038262254
2.4528217038262254
2.4528217038262254
2.4528217038262254
2.4528217038262254
2.4528217038262254
2.4528217038262254
2.4528217038262254
2.4528217038262254
2.4528217038262254
2.4528217038262254
2.4528217038262254
2.4528217038262254
2.4528217038262254
2.4528217038262254
2.4528217038262254
2.4528217038262254
2.4528217038262254
2.4528217038262254
2.4528217038262254
2.4528217038262254
2.4528217038262254
2.4528217038262254
2.4528217038262254
2.4528217038262254
2.4528217038262254
2.4528217038262254
2.4528217038262254
2.4528217038262254
2.4528217038262254
2.4528217038262254
2.4528217038262254
2.4528217038262254
2.4528217038262254
2.4528217038262254
2.4528217038262254
2.4528217038262254
2.4528217038262254
2.4528217038262254
2.4528217038262254
2.4528217038262254
2.4528217038262254
2.4528217038262254
2.4528217038262254
2.4528217038262254
2.4528217038262254
2.4528217038262254
2.4528217038262254
2.4528217038262254
2.4528217038262254
2.4528217038262254
2.4528217038262254
2.4528217038262254
2.4528217038262254
2.4528217038262254
2.4528217038262254
2.4528217038262254
2.4528217038262254
2.4528217038262254
2.4528217038262254
2.4528217038262254
2.4528217038262254
2.4528217038262254
2.4528217038262254
2.4528217038262254
2.4528217038262254
2.4528217038262254
2.4528217038262254
2.4528217038262254
2.4528217038262254
2.4528217038262254
2.4528217038262254
2.4528217038262254
2.4528217038262254
2.4528217038262254
2.4528217038262254
2.4528217038262254
2.4528217038262254
2.4528217038262254
2.4528217038262254
2.4528217038262254
2.4528217038262254
2.4528217038262254
2.4528217038262254
2.4528217038262254
2.4528217038262254
2.4528217038262254
2.4528217038262254
2.4528217038262254
2.4528217038262254
2.4528217038262254
2.4528217038262254
2.4528217038262254
2.4528217038262254
2.4528217038262254
2.4528217038262254
2.4528217038262254
2.4528217038262254
2.4528217038262254
2.4528217038262254
2.4528217038262254
2.4528217038262254
2.4528217038262254
2.4528217038262254
2.4528217038262254
2.4528217038262254
2.4528217038262254
2.4528217038262254
2.4528217038262254
2.4528217038262254
2.4528217038262254
2.4528217038262254
2.4528217038262254
2.4528217038262254
2.4528217038262254
2.4528217038262254
2.4528217038262254
2.4528217038262254
2.4528217038262254
2.4528217038262254
2.4528217038262254
2.4528217038262254
2.4528217038262254
2.4528217038262254
2.4528217038262254
2.4528217038262254
2.4528217038262254
2.4528217038262254
2.4528217038262254
2.4528217038262254
2.4528217038262254
2.4528217038262254
2.4528217038262254
2.4528217038262254
2.4528217038262254
2.4528217038262254
2.4528217038262254
2.4528217038262254
2.4528217038262254
2.4528217038262254
2.4528217038262254
2.4528217038262254
2.4528217038262254
2.4528217038262254
2.4528217038262254
2.4528217038262254
2.4528217038262254
2.4528217038262254
2.4528217038262254
2.4528217038262254
2.4528217038262254
2.4528217038262254
2.4528217038262254
2.4528217038262254
2.4528217038262254
2.4528217038262254
2.4528217038262254
2.4528217038262254
2.4528217038262254
2.4528217038262254
2.4528217038262254
2.4528217038262254
2.4528217038262254
2.4528217038262254
2.4528217038262254
2.4528217038262254
2.4528217038262254
2.4528217038262254
2.4528217038262254
2.4528217038262254
2.4528217038262254
2.4528217038262254
2.4528217038262254
2.4528217038262254
2.4528217038262254
2.4528217038262254
2.4528217038262254
2.4528217038262254
2.4528217038262254
2.4528217038262254
2.4528217038262254
2.4528217038262254
2.4528217038262254
2.4528217038262254
2.4528217038262254
2.4528217038262254
2.4528217038262254
2.4528217038262254
2.4528217038262254
2.4528217038262254
2.4528217038262254
2.4528217038262254
2.4528217038262254
2.4528217038262254
2.4528217038262254
2.005819966670577
2.005819966670577
2.005819966670577
2.005819966670577
2.005819966670577
2.005819966670577
2.005819966670577
2.005819966670577
2.005819966670577
2.005819966670577
2.005819966670577
2.005819966670577
2.005819966670577
2.005819966670577
2.005819966670577
2.005819966670577
2.005819966670577
2.005819966670577
2.005819966670577
2.005819966670577
2.005819966670577
2.005819966670577
2.005819966670577
2.005819966670577
2.005819966670577
2.005819966670577
2.005819966670577
2.005819966670577
2.005819966670577
2.005819966670577
2.005819966670577
2.005819966670577
2.005819966670577
2.005819966670577
2.005819966670577
2.005819966670577
2.005819966670577
2.005819966670577
2.005819966670577
2.005819966670577
2.005819966670577
2.005819966670577
2.005819966670577
2.005819966670577
2.005819966670577
2.005819966670577
2.005819966670577
2.005819966670577
2.005819966670577
2.005819966670577
2.005819966670577
2.005819966670577
2.005819966670577
2.005819966670577
2.005819966670577
2.005819966670577
2.005819966670577
2.005819966670577
2.005819966670577
2.005819966670577
2.005819966670577
2.005819966670577
2.005819966670577
2.005819966670577
2.005819966670577
2.005819966670577
2.005819966670577
2.005819966670577
2.005819966670577
2.005819966670577
2.005819966670577
2.005819966670577
2.005819966670577
2.005819966670577
2.005819966670577
2.005819966670577
1.4928559773555947
1.4928559773555947
1.4928559773555947
1.4928559773555947
1.4928559773555947
1.4928559773555947
1.4928559773555947
1.4928559773555947
1.4928559773555947
1.4928559773555947
1.4928559773555947
1.4928559773555947
1.4928559773555947
1.4928559773555947
1.4928559773555947
1.4928559773555947
1.4928559773555947
1.4928559773555947
1.4928559773555947
1.4928559773555947
1.4928559773555947
1.4928559773555947
1.4928559773555947
1.4928559773555947
1.4928559773555947
1.4928559773555947
1.4928559773555947
1.4928559773555947
1.4928559773555947
1.4928559773555947
1.4928559773555947
1.4928559773555947
1.4928559773555947
1.4928559773555947
1.4928559773555947
1.4928559773555947
1.4928559773555947
1.4928559773555947
1.4928559773555947
1.4928559773555947
1.4928559773555947
1.4928559773555947
1.4928559773555947
1.4928559773555947
1.4928559773555947
1.4928559773555947
1.4928559773555947
1.4928559773555947
1.4928559773555947
1.4928559773555947
1.4928559773555947
1.4928559773555947
1.4928559773555947
1.4928559773555947
1.4928559773555947
1.4928559773555947
1.4928559773555947
1.4928559773555947
1.4928559773555947
1.4928559773555947
1.4928559773555947
1.4928559773555947
1.4928559773555947
1.4928559773555947
1.4928559773555947
1.4928559773555947
1.4928559773555947
1.4928559773555947
1.4928559773555947
1.4928559773555947
1.4928559773555947
1.4928559773555947
1.4928559773555947
1.4928559773555947
1.4928559773555947
1.4928559773555947
1.4928559773555947
1.4928559773555947
1.4928559773555947
1.4928559773555947
1.4928559773555947
1.4928559773555947
1.4928559773555947
1.4928559773555947
1.4928559773555947
1.4928559773555947
1.4928559773555947
1.4928559773555947
1.4928559773555947
1.4928559773555947
1.4928559773555947
1.4928559773555947
1.4928559773555947
1.4928559773555947
1.4928559773555947
1.4928559773555947
1.4928559773555947
1.4928559773555947
1.4928559773555947
1.4928559773555947
1.4928559773555947
1.4928559773555947
1.4928559773555947
1.4928559773555947
1.4928559773555947
1.4928559773555947
1.4928559773555947
1.4928559773555947
1.4928559773555947
1.4928559773555947
1.4928559773555947
1.4928559773555947
1.4928559773555947
1.4928559773555947
1.4928559773555947
1.4928559773555947
1.4928559773555947
1.4928559773555947
1.4928559773555947
1.4928559773555947
1.4928559773555947
1.4928559773555947
1.4928559773555947
1.4928559773555947
1.4928559773555947
1.4928559773555947
1.4928559773555947
1.4928559773555947
1.4928559773555947
1.4928559773555947
1.4928559773555947
1.4928559773555947
1.4928559773555947
1.4928559773555947
1.4928559773555947
1.4928559773555947
1.4928559773555947
1.4928559773555947
1.4928559773555947
1.4928559773555947
1.4928559773555947
1.4928559773555947
1.4928559773555947
1.4928559773555947
1.4928559773555947
1.4928559773555947
1.4928559773555947
1.4928559773555947
1.4928559773555947
1.4928559773555947
1.4928559773555947
1.4928559773555947
1.4928559773555947
1.4928559773555947
1.4928559773555947
1.4928559773555947
1.4928559773555947
1.4928559773555947
1.4928559773555947
1.4928559773555947
1.4928559773555947
1.4928559773555947
1.4928559773555947
1.4928559773555947
1.4928559773555947
1.4928559773555947
1.4928559773555947
1.4928559773555947
1.4928559773555947
1.4928559773555947
1.4928559773555947
1.4928559773555947
1.4928559773555947
1.4928559773555947
1.4928559773555947
1.4928559773555947
1.4928559773555947
1.4928559773555947
1.4928559773555947
1.4928559773555947
1.4928559773555947
1.4928559773555947
1.4928559773555947
1.4928559773555947
1.4928559773555947
1.4928559773555947
1.4928559773555947
1.4928559773555947
1.4928559773555947
1.4928559773555947
1.4928559773555947
1.4928559773555947
1.4928559773555947
1.4928559773555947
1.4928559773555947
1.4928559773555947
1.4928559773555947
1.4928559773555947
1.4928559773555947
1.4928559773555947
1.4928559773555947
1.4928559773555947
1.4928559773555947
1.4928559773555947
1.4928559773555947
1.4928559773555947
1.4928559773555947
1.4928559773555947
1.4928559773555947
1.4928559773555947
1.4928559773555947
1.4928559773555947
1.4928559773555947
1.4928559773555947
1.4928559773555947
1.4928559773555947
1.4928559773555947
1.4928559773555947
1.4928559773555947
1.4928559773555947
1.4928559773555947
1.4928559773555947
1.4928559773555947
1.4928559773555947
1.4928559773555947
1.4928559773555947
1.4928559773555947
1.4928559773555947
1.4928559773555947
1.4928559773555947
1.4928559773555947
1.4928559773555947
1.4928559773555947
1.4928559773555947
1.4928559773555947
1.4928559773555947
1.4928559773555947
1.4928559773555947
1.4928559773555947
1.4928559773555947
1.4928559773555947
1.4928559773555947
1.4928559773555947
1.4928559773555947
1.4928559773555947
1.4928559773555947
1.4928559773555947
1.4928559773555947
1.4928559773555947
1.4928559773555947
1.4928559773555947
1.4928559773555947
1.4928559773555947
1.4928559773555947
1.4928559773555947
1.4928559773555947
1.4928559773555947
1.4928559773555947
1.4928559773555947
1.4928559773555947
1.4928559773555947
1.4928559773555947
1.4928559773555947
1.4928559773555947
1.4928559773555947
1.4928559773555947
1.4928559773555947
1.4928559773555947
1.4928559773555947
1.4928559773555947
1.4928559773555947
1.4928559773555947
1.4928559773555947
1.4928559773555947
1.4928559773555947
1.4928559773555947
1.4928559773555947
1.4928559773555947
1.4928559773555947
1.4928559773555947
1.4928559773555947
1.4928559773555947
1.4928559773555947
1.4928559773555947
1.4928559773555947
1.4928559773555947
1.4928559773555947
1.4928559773555947
1.4928559773555947
1.4928559773555947
1.4928559773555947
1.4928559773555947
1.4928559773555947
1.4928559773555947
1.4928559773555947
1.4928559773555947
1.4928559773555947
1.4928559773555947
1.4928559773555947
1.4928559773555947
1.4928559773555947
1.4928559773555947
1.4928559773555947
1.4928559773555947
1.4928559773555947
1.4928559773555947
1.4928559773555947
1.4928559773555947
1.4928559773555947
1.4928559773555947
1.4928559773555947
1.4928559773555947
1.4928559773555947
1.4928559773555947
1.4928559773555947
1.4928559773555947
1.4928559773555947
1.4928559773555947
1.4928559773555947
1.4928559773555947
1.4928559773555947
1.4928559773555947
1.4928559773555947
1.4928559773555947
1.4928559773555947
1.4928559773555947
1.4928559773555947
1.4928559773555947
1.4928559773555947
1.4928559773555947
1.4928559773555947
1.4928559773555947
1.4928559773555947
1.4928559773555947
1.4928559773555947
1.4928559773555947
1.4928559773555947
1.4928559773555947
1.4928559773555947
1.4928559773555947
1.4928559773555947
1.4928559773555947
1.4928559773555947
1.4928559773555947
1.4928559773555947
1.4928559773555947
1.4928559773555947
1.4928559773555947
1.4928559773555947
1.4928559773555947
1.4928559773555947
1.4928559773555947
1.4928559773555947
1.4928559773555947
1.4928559773555947
1.4928559773555947
1.4928559773555947
1.4928559773555947
1.4928559773555947
1.4928559773555947
1.4928559773555947
1.4928559773555947
1.4928559773555947
1.4928559773555947
1.4928559773555947
1.4928559773555947
1.4928559773555947
1.4928559773555947
1.4928559773555947
1.4928559773555947
1.4928559773555947
1.4928559773555947
1.4928559773555947
1.4928559773555947
1.4928559773555947
1.4928559773555947
1.4928559773555947
1.4928559773555947
1.4928559773555947
1.4928559773555947
1.4928559773555947
1.4928559773555947
1.4928559773555947
1.4928559773555947
1.4928559773555947
1.4928559773555947
1.4928559773555947
1.4928559773555947
1.4928559773555947
1.4928559773555947
1.4928559773555947
1.4928559773555947
1.4928559773555947
1.4928559773555947
1.4928559773555947
1.4928559773555947
1.4928559773555947
1.4928559773555947
1.4928559773555947
1.4928559773555947
1.4928559773555947
1.4928559773555947
1.4928559773555947
1.4928559773555947
1.4928559773555947
1.4928559773555947
1.4928559773555947
1.4928559773555947
1.4928559773555947
1.4928559773555947
1.4928559773555947
1.4928559773555947
1.4928559773555947
1.4928559773555947
1.4928559773555947
1.4928559773555947
1.4928559773555947
1.4928559773555947
1.4928559773555947
1.4928559773555947
1.4928559773555947
1.4928559773555947
1.4928559773555947
1.4928559773555947
1.4928559773555947
1.4928559773555947
1.4928559773555947
1.4928559773555947
1.4928559773555947
1.4928559773555947
1.4928559773555947
1.4928559773555947
1.4928559773555947
1.4928559773555947
1.4928559773555947
1.4928559773555947
1.4928559773555947
1.4928559773555947
1.4928559773555947
1.4928559773555947
1.4928559773555947
1.4928559773555947
1.4928559773555947
1.4928559773555947
1.4928559773555947
1.4928559773555947
1.4928559773555947
1.4928559773555947
1.4928559773555947
1.4928559773555947
1.4928559773555947
1.4928559773555947
1.4928559773555947
1.4928559773555947
1.4928559773555947
1.4928559773555947
1.4928559773555947
1.4928559773555947
1.4928559773555947
1.4928559773555947
1.4928559773555947
1.4928559773555947
1.4928559773555947
1.4928559773555947
1.4928559773555947
1.4928559773555947
1.4928559773555947
1.4928559773555947
1.4928559773555947
1.4928559773555947
1.4928559773555947
1.4928559773555947
1.4928559773555947
1.4928559773555947
1.4928559773555947
1.4928559773555947
1.4928559773555947
1.4928559773555947
1.4928559773555947
1.4928559773555947
1.4928559773555947
1.4928559773555947
1.4928559773555947
1.4928559773555947
1.4928559773555947
1.4928559773555947
1.4928559773555947
1.4928559773555947
1.4928559773555947
1.4928559773555947
1.4928559773555947
1.4928559773555947
1.4928559773555947
1.4928559773555947
1.4928559773555947
1.4928559773555947
1.4928559773555947
1.4928559773555947
1.4928559773555947
1.4928559773555947
1.4928559773555947
1.4928559773555947
1.4928559773555947
1.4928559773555947
1.4928559773555947
1.4928559773555947
1.4928559773555947
1.4928559773555947
1.4928559773555947
1.4928559773555947
1.4928559773555947
1.4928559773555947
1.4928559773555947
1.4928559773555947
1.4928559773555947
1.4928559773555947
1.4928559773555947
1.4928559773555947
1.4928559773555947
1.4928559773555947
1.4928559773555947
1.4928559773555947
1.4928559773555947
1.4928559773555947
1.4928559773555947
1.4928559773555947
1.4928559773555947
1.4928559773555947
1.4928559773555947
1.4928559773555947
1.4928559773555947
1.4928559773555947
1.4928559773555947
1.4928559773555947
1.4928559773555947
1.4928559773555947
1.4928559773555947
1.4928559773555947
1.4928559773555947
1.4928559773555947
1.4928559773555947
1.4928559773555947
1.4928559773555947
1.4928559773555947
1.4928559773555947
1.4928559773555947
1.4928559773555947
1.4928559773555947
1.4928559773555947
1.4928559773555947
1.4928559773555947
1.4928559773555947
1.4928559773555947
1.4928559773555947
1.4928559773555947
1.4928559773555947
1.4928559773555947
1.4928559773555947
1.4928559773555947
1.4928559773555947
1.4928559773555947
1.4928559773555947
1.4928559773555947
1.4928559773555947
1.4928559773555947
1.4928559773555947
1.4928559773555947
1.4928559773555947
1.4928559773555947
1.4928559773555947
1.4928559773555947
1.4928559773555947
1.4928559773555947
1.4928559773555947
1.4928559773555947
1.4928559773555947
1.4928559773555947
1.4928559773555947
1.4928559773555947
1.4928559773555947
1.4928559773555947
1.4928559773555947
1.4928559773555947
1.4928559773555947
1.4928559773555947
1.4928559773555947
1.4928559773555947
1.4928559773555947
1.4928559773555947
1.4928559773555947
1.4928559773555947
1.4928559773555947
1.4928559773555947
1.4928559773555947
1.4928559773555947
1.4928559773555947
1.4928559773555947
1.4928559773555947
1.4928559773555947
1.4928559773555947
1.4928559773555947
1.4928559773555947
1.4928559773555947
1.4928559773555947
1.4928559773555947
1.4928559773555947
1.4928559773555947
1.4928559773555947
1.4928559773555947
1.4928559773555947
1.4928559773555947
1.4928559773555947
1.4928559773555947
1.4928559773555947
1.4928559773555947
1.4928559773555947
1.4928559773555947
1.4928559773555947
1.4928559773555947
1.4928559773555947
1.4928559773555947
1.4928559773555947
1.4928559773555947
1.4928559773555947
1.4928559773555947
1.4928559773555947
1.4928559773555947
1.4928559773555947
1.4928559773555947
1.4928559773555947
1.4928559773555947
1.4928559773555947
1.4928559773555947
1.4928559773555947
1.4928559773555947
1.4928559773555947
1.4928559773555947
1.4928559773555947
1.4928559773555947
1.4928559773555947
1.4928559773555947
1.4928559773555947
1.4928559773555947
1.4928559773555947
1.4928559773555947
1.4928559773555947
1.4928559773555947
1.4928559773555947
1.4928559773555947
1.4928559773555947
1.4928559773555947
1.4928559773555947
1.4928559773555947
1.4928559773555947
1.4928559773555947
1.4928559773555947
1.4928559773555947
1.4928559773555947
1.4928559773555947
1.4928559773555947
1.4928559773555947
1.4928559773555947
1.4928559773555947
1.4928559773555947
1.4928559773555947
1.4928559773555947
1.4928559773555947
1.4928559773555947
1.4928559773555947
1.4928559773555947
1.4928559773555947
1.4928559773555947
1.4928559773555947
1.4928559773555947
1.4928559773555947
1.4928559773555947
1.4928559773555947
1.4928559773555947
1.4928559773555947
1.4928559773555947
1.4928559773555947
1.4928559773555947
1.4928559773555947
1.4928559773555947
1.4928559773555947
1.4928559773555947
1.4928559773555947
1.4928559773555947
1.4928559773555947
1.4928559773555947
1.4928559773555947
1.4928559773555947
1.4928559773555947
1.4928559773555947
1.4928559773555947
1.4928559773555947
1.4928559773555947
1.4928559773555947
1.4928559773555947
1.4928559773555947
1.4928559773555947
1.4928559773555947
1.4928559773555947
1.4928559773555947
1.4928559773555947
1.4928559773555947
1.4928559773555947
1.4928559773555947
1.4928559773555947
1.4928559773555947
1.4928559773555947
1.4928559773555947
1.4928559773555947
1.4928559773555947
1.4928559773555947
1.4928559773555947
1.4928559773555947
1.4928559773555947
1.4928559773555947
1.4928559773555947
1.4928559773555947
1.4928559773555947
1.4928559773555947
1.4928559773555947
1.4928559773555947
1.4928559773555947
1.4928559773555947
1.4928559773555947
1.4928559773555947
1.4928559773555947
1.4928559773555947
1.4928559773555947
1.4928559773555947
1.4928559773555947
1.4928559773555947
1.4928559773555947
1.4928559773555947
1.4928559773555947
1.4928559773555947
1.4928559773555947
1.4928559773555947
1.4928559773555947
1.4928559773555947
1.4928559773555947
1.4928559773555947
1.4928559773555947
1.4928559773555947
1.4928559773555947
1.4928559773555947
1.4928559773555947
1.4928559773555947
1.4928559773555947
1.4928559773555947
1.4928559773555947
1.4928559773555947
1.4928559773555947
1.4928559773555947
1.4928559773555947
1.4928559773555947
1.4928559773555947
1.4928559773555947
1.4928559773555947
1.4928559773555947
1.4928559773555947
1.4928559773555947
1.4928559773555947
1.4928559773555947
1.4928559773555947
1.4928559773555947
1.4928559773555947
1.4928559773555947
1.4928559773555947
1.4928559773555947
1.4928559773555947
1.4928559773555947
1.4928559773555947
1.4928559773555947
1.4928559773555947
1.4928559773555947
1.4928559773555947
1.4928559773555947
1.4928559773555947
1.4928559773555947
1.4928559773555947
1.4928559773555947
1.4928559773555947
1.4928559773555947
1.4928559773555947
1.4928559773555947
1.4928559773555947
1.4928559773555947
1.4928559773555947
1.4928559773555947
1.4928559773555947
1.4928559773555947
1.4928559773555947
1.4928559773555947
1.4928559773555947
1.4928559773555947
1.4928559773555947
1.4928559773555947
1.4928559773555947
1.4928559773555947
1.4928559773555947
1.4928559773555947
1.4928559773555947
1.4928559773555947
1.4928559773555947
1.4928559773555947
1.4928559773555947
1.4928559773555947
1.4928559773555947
1.4928559773555947
1.4928559773555947
1.4928559773555947
1.4928559773555947
1.4928559773555947
1.4928559773555947
1.4928559773555947
1.4928559773555947
1.4928559773555947
1.4928559773555947
1.4928559773555947
1.4928559773555947
1.4928559773555947
1.4928559773555947
1.4928559773555947
1.4928559773555947
1.4928559773555947
1.4928559773555947
1.4928559773555947
1.4928559773555947
1.4928559773555947
1.4928559773555947
1.4928559773555947
1.4928559773555947
1.4928559773555947
1.4928559773555947
1.4928559773555947
1.4928559773555947
1.4928559773555947
1.4928559773555947
1.4928559773555947
1.4928559773555947
1.4928559773555947
1.4928559773555947
1.4928559773555947
1.4928559773555947
1.4928559773555947
1.4928559773555947
1.4928559773555947
1.4928559773555947
1.4928559773555947
1.4928559773555947
1.4928559773555947
1.4928559773555947
1.4928559773555947
1.4928559773555947
1.4928559773555947
1.4928559773555947
1.4928559773555947
1.4928559773555947
1.4928559773555947
1.4928559773555947
1.4928559773555947
1.4928559773555947
1.4928559773555947
1.4928559773555947
1.4928559773555947
1.4928559773555947
1.4928559773555947
1.4928559773555947
1.4928559773555947
1.4928559773555947
1.4928559773555947
1.4928559773555947
1.4928559773555947
1.4928559773555947
1.4928559773555947
1.4928559773555947
1.4928559773555947
1.4928559773555947
1.4928559773555947
1.4928559773555947
1.4928559773555947
1.4928559773555947
1.4928559773555947
1.4928559773555947
1.4928559773555947
1.4928559773555947
1.4928559773555947
1.4928559773555947
1.4928559773555947
1.4928559773555947
1.4928559773555947
1.4928559773555947
1.4928559773555947
1.4928559773555947
1.4928559773555947
1.4928559773555947
1.4928559773555947
1.4928559773555947
1.4928559773555947
1.4928559773555947
1.4928559773555947
1.4928559773555947
1.4928559773555947
1.4928559773555947
1.4928559773555947
1.4928559773555947
1.4928559773555947
1.4928559773555947
1.4928559773555947
1.4928559773555947
1.4928559773555947
1.4928559773555947
1.4928559773555947
1.4928559773555947
1.4928559773555947
1.4928559773555947
1.4928559773555947
1.4928559773555947
1.4928559773555947
1.4928559773555947
1.4928559773555947
1.4928559773555947
1.4928559773555947
1.4928559773555947
1.4928559773555947
1.4928559773555947
1.4928559773555947
1.4928559773555947
1.4928559773555947
1.4928559773555947
1.4928559773555947
1.4928559773555947
1.4928559773555947
1.4928559773555947
1.4928559773555947
1.4928559773555947
1.4928559773555947
1.4928559773555947
1.4928559773555947
1.4928559773555947
1.4928559773555947
1.4928559773555947
1.4928559773555947
1.4928559773555947
1.4928559773555947
1.4928559773555947
1.4928559773555947
1.4928559773555947
1.4928559773555947
1.4928559773555947
1.4928559773555947
1.4928559773555947
1.4928559773555947
1.4928559773555947
1.4928559773555947
1.4928559773555947
1.4928559773555947
1.4928559773555947
1.4928559773555947
1.4928559773555947
1.4928559773555947
1.4928559773555947
1.4928559773555947
1.4928559773555947
1.4928559773555947
1.4928559773555947
1.4928559773555947
1.4928559773555947
1.4928559773555947
1.4928559773555947
1.4928559773555947
1.4928559773555947
1.4928559773555947
1.4928559773555947
1.4928559773555947
1.4928559773555947
1.4928559773555947
1.4928559773555947
1.4928559773555947
1.4928559773555947
1.4928559773555947
1.4928559773555947
1.4928559773555947
1.4928559773555947
1.4928559773555947
1.4928559773555947
1.4928559773555947
1.4928559773555947
1.4928559773555947
1.4928559773555947
1.4928559773555947
1.4928559773555947
1.4928559773555947
1.4928559773555947
1.4928559773555947
1.4928559773555947
1.4928559773555947
1.4928559773555947
1.4928559773555947
1.4928559773555947
1.4928559773555947
1.4928559773555947
1.4928559773555947
1.4928559773555947
1.4928559773555947
1.4928559773555947
1.4928559773555947
1.4928559773555947
1.4928559773555947
1.4928559773555947
1.4928559773555947
1.4928559773555947
1.4928559773555947
1.4928559773555947
1.4928559773555947
1.4928559773555947
1.4928559773555947
1.4928559773555947
1.4928559773555947
1.4928559773555947
1.4928559773555947
1.4928559773555947
1.4928559773555947
1.4928559773555947
1.4928559773555947
1.4928559773555947
1.4928559773555947
1.4928559773555947
1.4928559773555947
1.4928559773555947
1.4928559773555947
1.4928559773555947
1.4928559773555947
1.4928559773555947
1.4928559773555947
1.4928559773555947
1.4928559773555947
1.4928559773555947
1.4928559773555947
1.4928559773555947
1.4928559773555947
1.4928559773555947
1.4928559773555947
1.4928559773555947
1.4928559773555947
1.4928559773555947
1.4928559773555947
1.4928559773555947
1.4928559773555947
1.4928559773555947
1.4928559773555947
1.4928559773555947
1.4928559773555947
1.4928559773555947
1.4928559773555947
1.4928559773555947
1.4928559773555947
1.4928559773555947
1.4928559773555947
1.4928559773555947
1.4928559773555947
1.4928559773555947
1.4928559773555947
1.4928559773555947
1.4928559773555947
1.4928559773555947
1.4928559773555947
1.4928559773555947
1.4928559773555947
1.4928559773555947
1.4928559773555947
1.4928559773555947
1.4928559773555947
1.4928559773555947
1.4928559773555947
1.4928559773555947
1.4928559773555947
1.4928559773555947
1.4928559773555947
1.4928559773555947
1.4928559773555947
1.4928559773555947
1.4928559773555947
1.4928559773555947
1.4928559773555947
1.4928559773555947
1.4928559773555947
1.4928559773555947
1.4928559773555947
1.4928559773555947
1.4928559773555947
1.4928559773555947
1.4928559773555947
1.4928559773555947
1.4928559773555947
1.4928559773555947
1.4928559773555947
1.4928559773555947
1.4928559773555947
1.4928559773555947
1.4928559773555947
1.4928559773555947
1.4928559773555947
1.4928559773555947
1.4928559773555947
1.4928559773555947
1.4928559773555947
1.4928559773555947
1.4928559773555947
1.4928559773555947
1.4928559773555947
1.4928559773555947
1.4928559773555947
1.4928559773555947
1.4928559773555947
1.4928559773555947
1.4928559773555947
1.4928559773555947
1.4928559773555947
1.4928559773555947
1.4928559773555947
1.4928559773555947
1.4928559773555947
1.4928559773555947
1.4928559773555947
1.4928559773555947
1.4928559773555947
1.4928559773555947
1.4928559773555947
1.4928559773555947
1.4928559773555947
1.4928559773555947
1.4928559773555947
1.4928559773555947
1.4928559773555947
1.4928559773555947
1.4928559773555947
1.4928559773555947
1.4928559773555947
1.4928559773555947
1.4928559773555947
1.4928559773555947
1.4928559773555947
1.4928559773555947
1.4928559773555947
1.4928559773555947
1.4928559773555947
1.4928559773555947
1.4928559773555947
1.4928559773555947
1.4928559773555947
1.4928559773555947
1.4928559773555947
1.4928559773555947
1.4928559773555947
1.4928559773555947
1.4928559773555947
1.4928559773555947
1.4928559773555947
1.4928559773555947
1.4928559773555947
1.4928559773555947
1.4928559773555947
1.4928559773555947
1.4928559773555947
1.4928559773555947
1.4928559773555947
1.4928559773555947
1.4928559773555947
1.4928559773555947
1.4928559773555947
1.4928559773555947
1.4928559773555947
1.4928559773555947
1.4928559773555947
1.4928559773555947
1.4928559773555947
1.4928559773555947
1.4928559773555947
1.4928559773555947
1.4928559773555947
1.4928559773555947
1.4928559773555947
1.4928559773555947
1.4928559773555947
1.4928559773555947
1.4928559773555947
1.4928559773555947
1.4928559773555947
1.4928559773555947
1.4928559773555947
1.4928559773555947
1.4928559773555947
1.4928559773555947
1.4928559773555947
1.4928559773555947
1.4928559773555947
1.4928559773555947
1.4928559773555947
1.4928559773555947
1.4928559773555947
1.4928559773555947
1.4928559773555947
1.4928559773555947
1.4928559773555947
1.4928559773555947
1.4928559773555947
1.4928559773555947
1.4928559773555947
1.4928559773555947
1.4928559773555947
1.4928559773555947
1.4928559773555947
1.4928559773555947
1.4928559773555947
1.4928559773555947
1.4928559773555947
1.4928559773555947
1.4928559773555947
1.4928559773555947
1.4928559773555947
1.4928559773555947
1.4928559773555947
1.4928559773555947
1.4928559773555947
1.4928559773555947
1.4928559773555947
1.4928559773555947
1.4928559773555947
1.4928559773555947
1.4928559773555947
1.4928559773555947
1.4928559773555947
1.4928559773555947
1.4928559773555947
1.4928559773555947
1.4928559773555947
1.4928559773555947
1.4928559773555947
1.4928559773555947
1.4928559773555947
1.4928559773555947
1.4928559773555947
1.4928559773555947
1.4928559773555947
1.4928559773555947
1.4928559773555947
1.4928559773555947
1.4928559773555947
1.4928559773555947
1.4928559773555947
1.4928559773555947
1.4928559773555947
1.4928559773555947
1.4928559773555947
1.4928559773555947
1.4928559773555947
1.4928559773555947
1.4928559773555947
1.4928559773555947
1.4928559773555947
1.4928559773555947
1.4928559773555947
1.4928559773555947
1.4928559773555947
1.4928559773555947
1.4928559773555947
1.4928559773555947
1.4928559773555947
1.4928559773555947
1.4928559773555947
1.4928559773555947
1.4928559773555947
1.4928559773555947
1.4928559773555947
1.4928559773555947
1.4928559773555947
1.4928559773555947
1.4928559773555947
1.4928559773555947
1.4928559773555947
1.4928559773555947
1.4928559773555947
1.4928559773555947
1.4928559773555947
1.4928559773555947
1.4928559773555947
1.4928559773555947
1.4928559773555947
1.4928559773555947
1.4928559773555947
1.4928559773555947
1.4928559773555947
1.4928559773555947
1.4928559773555947
1.4928559773555947
1.4928559773555947
1.4928559773555947
1.4928559773555947
1.4928559773555947
1.4928559773555947
1.4928559773555947
1.4928559773555947
1.4928559773555947
1.4928559773555947
1.4928559773555947
1.4928559773555947
1.4928559773555947
1.4928559773555947
1.4928559773555947
1.4928559773555947
1.4928559773555947
1.4928559773555947
1.4928559773555947
1.4928559773555947
1.4928559773555947
1.4928559773555947
1.4928559773555947
1.4928559773555947
1.4928559773555947
1.4928559773555947
1.4928559773555947
1.4928559773555947
1.4928559773555947
1.4928559773555947
1.4928559773555947
1.4928559773555947
1.4928559773555947
1.4928559773555947
1.4928559773555947
1.4928559773555947
1.4928559773555947
1.4928559773555947
1.4928559773555947
1.4928559773555947
1.4928559773555947
1.4928559773555947
1.4928559773555947
1.4928559773555947
1.4928559773555947
1.4928559773555947
1.4928559773555947
1.4928559773555947
1.4928559773555947
1.4928559773555947
1.4928559773555947
1.4928559773555947
1.4928559773555947
1.4928559773555947
1.4928559773555947
1.4928559773555947
1.4928559773555947
1.4928559773555947
1.4928559773555947
1.4928559773555947
1.4928559773555947
1.4928559773555947
1.4928559773555947
1.4928559773555947
1.4928559773555947
1.4928559773555947
1.4928559773555947
1.4928559773555947
1.4928559773555947
1.4928559773555947
1.4928559773555947
1.4928559773555947
1.4928559773555947
1.4928559773555947
1.4928559773555947
1.4928559773555947
1.4928559773555947
1.4928559773555947
1.4928559773555947
1.4928559773555947
1.4928559773555947
1.4928559773555947
1.4928559773555947
1.4928559773555947
1.4928559773555947
1.4928559773555947
1.4928559773555947
1.4928559773555947
1.4928559773555947
1.4928559773555947
1.4928559773555947
1.4928559773555947
1.4928559773555947
1.4928559773555947
1.4928559773555947
1.4928559773555947
1.4928559773555947
1.4928559773555947
1.4928559773555947
1.4928559773555947
1.4928559773555947
1.4928559773555947
1.4928559773555947
1.4928559773555947
1.4928559773555947
1.4928559773555947
1.4928559773555947
1.4928559773555947
1.4928559773555947
1.4928559773555947
1.4928559773555947
1.4928559773555947
1.4928559773555947
1.4928559773555947
1.4928559773555947
1.4928559773555947
1.4928559773555947
1.4928559773555947
1.4928559773555947
1.4928559773555947
1.4928559773555947
1.4928559773555947
1.4928559773555947
1.4928559773555947
1.4928559773555947
1.4928559773555947
1.4928559773555947
1.4928559773555947
1.4928559773555947
1.4928559773555947
1.4928559773555947
1.4928559773555947
1.4928559773555947
1.4928559773555947
1.4928559773555947
1.4928559773555947
1.4928559773555947
1.4928559773555947
1.4928559773555947
1.4928559773555947
1.4928559773555947
1.4928559773555947
1.4928559773555947
1.4928559773555947
1.4928559773555947
1.4928559773555947
1.4928559773555947
1.4928559773555947
1.4928559773555947
1.4928559773555947
1.4928559773555947
1.4928559773555947
1.4928559773555947
1.4928559773555947
1.4928559773555947
1.4928559773555947
1.4928559773555947
1.4928559773555947
1.4928559773555947
1.4928559773555947
1.4928559773555947
1.4928559773555947
1.4928559773555947
1.4928559773555947
1.4928559773555947
1.4928559773555947
1.4928559773555947
1.4928559773555947
1.4928559773555947
1.4928559773555947
1.4928559773555947
1.4928559773555947
1.4928559773555947
1.4928559773555947
1.4928559773555947
1.4928559773555947
1.4928559773555947
1.4928559773555947
1.4928559773555947
1.4928559773555947
1.4928559773555947
1.4928559773555947
1.4928559773555947
1.4928559773555947
1.4928559773555947
1.4928559773555947
1.4928559773555947
1.4928559773555947
1.4928559773555947
1.4928559773555947
1.4928559773555947
1.4928559773555947
1.4928559773555947
1.4928559773555947
1.4928559773555947
1.4928559773555947
1.4928559773555947
1.4928559773555947
1.4928559773555947
1.4928559773555947
1.4928559773555947
1.4928559773555947
1.4928559773555947
1.4928559773555947
1.4928559773555947
1.4928559773555947
1.4928559773555947
1.4928559773555947
1.4928559773555947
1.4928559773555947
1.4928559773555947
1.4928559773555947
1.4928559773555947
1.4928559773555947
1.4928559773555947
1.4928559773555947
1.4928559773555947
1.4928559773555947
1.4928559773555947
1.4928559773555947
1.4928559773555947
1.4928559773555947
1.4928559773555947
1.4928559773555947
1.4928559773555947
1.4928559773555947
1.4928559773555947
1.4928559773555947
1.4928559773555947
1.4928559773555947
1.4928559773555947
1.4928559773555947
1.4928559773555947
1.4928559773555947
1.4928559773555947
1.4928559773555947
1.4928559773555947
1.4928559773555947
1.4928559773555947
1.4928559773555947
1.4928559773555947
1.4928559773555947
1.4928559773555947
1.4928559773555947
1.4928559773555947
1.4928559773555947
1.4928559773555947
1.4928559773555947
1.4928559773555947
1.4928559773555947
1.4928559773555947
1.4928559773555947
1.4928559773555947
1.4928559773555947
1.4928559773555947
1.4928559773555947
1.4928559773555947
1.4928559773555947
1.4928559773555947
1.4928559773555947
1.4928559773555947
1.4928559773555947
1.4928559773555947
1.4928559773555947
1.4928559773555947
1.4928559773555947
1.4928559773555947
1.4928559773555947
1.4928559773555947
1.4928559773555947
1.4928559773555947
1.4928559773555947
1.4928559773555947
1.4928559773555947
1.4928559773555947
1.4928559773555947
1.4928559773555947
1.4928559773555947
1.4928559773555947
1.4928559773555947
1.4928559773555947
1.4928559773555947
1.4928559773555947
1.4928559773555947
1.4928559773555947
1.4928559773555947
1.4928559773555947
1.4928559773555947
1.4928559773555947
1.4928559773555947
1.4928559773555947
1.4928559773555947
1.4928559773555947
1.4928559773555947
1.4928559773555947
1.4928559773555947
1.4928559773555947
1.4928559773555947
1.4928559773555947
1.4928559773555947
1.4928559773555947
1.4928559773555947
1.4928559773555947
1.4928559773555947
1.4928559773555947
1.4928559773555947
1.4928559773555947
1.4928559773555947
1.4928559773555947
1.4928559773555947
1.4928559773555947
1.4928559773555947
1.4928559773555947
1.4928559773555947
1.4928559773555947
1.4928559773555947
1.4928559773555947
1.4928559773555947
1.4928559773555947
1.4928559773555947
1.4928559773555947
1.4928559773555947
1.4928559773555947
1.4928559773555947
1.4928559773555947
1.4928559773555947
1.4928559773555947
1.4928559773555947
1.4928559773555947
1.4928559773555947
1.4928559773555947
1.4928559773555947
1.4928559773555947
1.4928559773555947
1.4928559773555947
1.4928559773555947
1.4928559773555947
1.4928559773555947
1.4928559773555947
1.4928559773555947
1.4928559773555947
1.4928559773555947
1.4928559773555947
1.4928559773555947
1.4928559773555947
1.4928559773555947
1.4928559773555947
1.4928559773555947
1.4928559773555947
1.4928559773555947
1.4928559773555947
1.4928559773555947
1.4928559773555947
1.4928559773555947
1.4928559773555947
1.4928559773555947
1.4928559773555947
1.4928559773555947
1.4928559773555947
1.4928559773555947
1.4928559773555947
1.4928559773555947
1.4928559773555947
1.4928559773555947
1.4928559773555947
1.4928559773555947
1.4928559773555947
1.4928559773555947
1.4928559773555947
1.4928559773555947
1.4928559773555947
1.4928559773555947
1.4928559773555947
1.4928559773555947
1.4928559773555947
1.4928559773555947
1.4928559773555947
1.4928559773555947
1.4928559773555947
1.4928559773555947
1.4928559773555947
1.4928559773555947
1.4928559773555947
1.4928559773555947
1.4928559773555947
1.4928559773555947
1.4928559773555947
1.4928559773555947
1.4928559773555947
1.4928559773555947
1.4928559773555947
1.4928559773555947
1.4928559773555947
1.4928559773555947
1.4928559773555947
1.4928559773555947
1.4928559773555947
1.4928559773555947
1.4928559773555947
1.4928559773555947
1.4928559773555947
1.4928559773555947
1.4928559773555947
1.4928559773555947
1.4928559773555947
1.4928559773555947
1.4928559773555947
1.4928559773555947
1.4928559773555947
1.4928559773555947
1.4928559773555947
1.4928559773555947
1.4928559773555947
1.4928559773555947
1.4928559773555947
1.4928559773555947
1.4928559773555947
1.4928559773555947
1.4928559773555947
1.4928559773555947
1.4928559773555947
1.4928559773555947
1.4928559773555947
1.4928559773555947
1.4928559773555947
1.4928559773555947
1.4928559773555947
1.4928559773555947
1.4928559773555947
1.4928559773555947
1.4928559773555947
1.4928559773555947
1.4928559773555947
1.4928559773555947
1.4928559773555947
1.4928559773555947
1.4928559773555947
1.4928559773555947
1.4928559773555947
1.4928559773555947
1.4928559773555947
1.4928559773555947
1.4928559773555947
1.4928559773555947
1.4928559773555947
1.4928559773555947
1.4928559773555947
1.4928559773555947
1.4928559773555947
1.4928559773555947
1.4928559773555947
1.4928559773555947
1.4928559773555947
1.4928559773555947
1.4928559773555947
1.4928559773555947
1.4928559773555947
1.4928559773555947
1.4928559773555947
1.4928559773555947
1.4928559773555947
1.4928559773555947
1.4928559773555947
1.4928559773555947
1.4928559773555947
1.4928559773555947
1.4928559773555947
1.4928559773555947
1.4928559773555947
1.4928559773555947
1.4928559773555947
1.4928559773555947
1.4928559773555947
1.4928559773555947
1.4928559773555947
1.4928559773555947
1.4928559773555947
1.4928559773555947
1.4928559773555947
1.4928559773555947
1.4928559773555947
1.4928559773555947
1.4928559773555947
1.4928559773555947
1.4928559773555947
1.4928559773555947
1.4928559773555947
1.4928559773555947
1.4928559773555947
1.4928559773555947
1.4928559773555947
1.4928559773555947
1.4928559773555947
1.4928559773555947
1.4928559773555947
1.4928559773555947
1.4928559773555947
1.4928559773555947
1.4928559773555947
1.4928559773555947
1.4928559773555947
1.4928559773555947
1.4928559773555947
1.4928559773555947
1.4928559773555947
1.4928559773555947
1.4928559773555947
1.4928559773555947
1.4928559773555947
1.4928559773555947
1.4928559773555947
1.4928559773555947
1.4928559773555947
1.4928559773555947
1.4928559773555947
1.4928559773555947
1.4928559773555947
1.4928559773555947
1.4928559773555947
1.4928559773555947
1.4928559773555947
1.4928559773555947
1.4928559773555947
1.4928559773555947
1.4928559773555947
1.4928559773555947
1.4928559773555947
1.4928559773555947
1.4928559773555947
1.4928559773555947
1.4928559773555947
1.4928559773555947
1.4928559773555947
1.4928559773555947
1.4928559773555947
1.4928559773555947
1.4928559773555947
1.4928559773555947
1.4928559773555947
1.4928559773555947
1.4928559773555947
1.4928559773555947
1.4928559773555947
1.4928559773555947
1.4928559773555947
1.4928559773555947
1.4928559773555947
1.4928559773555947
1.4928559773555947
1.4928559773555947
1.4928559773555947
1.4928559773555947
1.4928559773555947
1.4928559773555947
1.4928559773555947
1.4928559773555947
1.4928559773555947
1.4928559773555947
1.4928559773555947
1.4928559773555947
1.4928559773555947
1.4928559773555947
1.4928559773555947
1.4928559773555947
1.4928559773555947
1.4928559773555947
1.4928559773555947
1.4928559773555947
1.4928559773555947
1.4928559773555947
1.4928559773555947
1.4928559773555947
1.4928559773555947
1.4928559773555947
1.4928559773555947
1.4928559773555947
1.4928559773555947
1.4928559773555947
1.4928559773555947
1.4928559773555947
1.4928559773555947
1.4928559773555947
1.4928559773555947
1.4928559773555947
1.4928559773555947
1.4928559773555947
1.4928559773555947
1.4928559773555947
1.4928559773555947
1.4928559773555947
1.4928559773555947
1.4928559773555947
1.4928559773555947
1.4928559773555947
1.4928559773555947
1.4928559773555947
1.4928559773555947
1.4928559773555947
1.4928559773555947
1.4928559773555947
1.4928559773555947
1.4928559773555947
1.4928559773555947
1.4928559773555947
1.4928559773555947
1.4928559773555947
1.4928559773555947
1.4928559773555947
1.4928559773555947
1.4928559773555947
1.4928559773555947
1.4928559773555947
1.4928559773555947
1.4928559773555947
1.4928559773555947
1.4928559773555947
1.4928559773555947
1.4928559773555947
1.4928559773555947
1.4928559773555947
1.4928559773555947
1.4928559773555947
1.4928559773555947
1.4928559773555947
1.4928559773555947
1.4928559773555947
1.4928559773555947
1.4928559773555947
1.4928559773555947
1.4928559773555947
1.4928559773555947
1.4928559773555947
1.4928559773555947
1.4928559773555947
1.4928559773555947
1.4928559773555947
1.4928559773555947
1.4928559773555947
1.4928559773555947
1.4928559773555947
1.4928559773555947
1.4928559773555947
1.4928559773555947
1.4928559773555947
1.4928559773555947
1.4928559773555947
1.4928559773555947
1.4928559773555947
1.4928559773555947
1.4928559773555947
1.4928559773555947
1.4928559773555947
1.4928559773555947
1.4928559773555947
1.4928559773555947
1.4928559773555947
1.4928559773555947
1.4928559773555947
1.4928559773555947
1.4928559773555947
1.4928559773555947
1.4928559773555947
1.4928559773555947
1.4928559773555947
1.4928559773555947
1.4928559773555947
1.4928559773555947
1.4928559773555947
1.4928559773555947
1.4928559773555947
1.4928559773555947
1.4928559773555947
1.4928559773555947
1.4928559773555947
1.4928559773555947
1.4928559773555947
1.4928559773555947
1.4928559773555947
1.4928559773555947
1.4928559773555947
1.4928559773555947
1.4928559773555947
1.4928559773555947
1.4928559773555947
1.4928559773555947
1.4928559773555947
1.4928559773555947
1.4928559773555947
1.4928559773555947
1.4928559773555947
1.4928559773555947
1.4928559773555947
1.4928559773555947
1.4928559773555947
1.4928559773555947
1.4928559773555947
1.4928559773555947
1.4928559773555947
1.4928559773555947
1.4928559773555947
1.4928559773555947
1.4928559773555947
1.4928559773555947
1.4928559773555947
1.4928559773555947
1.4928559773555947
1.4928559773555947
1.4928559773555947
1.4928559773555947
1.4928559773555947
1.4928559773555947
1.4928559773555947
1.4928559773555947
1.4928559773555947
1.4928559773555947
1.4928559773555947
1.4928559773555947
1.4928559773555947
1.4928559773555947
1.4928559773555947
1.4928559773555947
1.4928559773555947
1.4928559773555947
1.4928559773555947
1.4928559773555947
1.4928559773555947
1.4928559773555947
1.4928559773555947
1.4928559773555947
1.4928559773555947
1.4928559773555947
1.4928559773555947
1.4928559773555947
1.4928559773555947
1.4928559773555947
1.4928559773555947
1.4928559773555947
1.4928559773555947
1.4928559773555947
1.4928559773555947
1.4928559773555947
1.4928559773555947
1.4928559773555947
1.4928559773555947
1.4928559773555947
1.4928559773555947
1.4928559773555947
1.4928559773555947
1.4928559773555947
1.4928559773555947
1.4928559773555947
1.4928559773555947
1.4928559773555947
1.4928559773555947
1.4928559773555947
1.4928559773555947
1.4928559773555947
1.4928559773555947
1.4928559773555947
1.4928559773555947
1.4928559773555947
1.4928559773555947
1.4928559773555947
1.4928559773555947
1.4928559773555947
1.4928559773555947
1.4928559773555947
1.4928559773555947
1.4928559773555947
1.4928559773555947
1.4928559773555947
1.4928559773555947
1.4928559773555947
1.4928559773555947
1.4928559773555947
1.4928559773555947
1.4928559773555947
1.4928559773555947
1.4928559773555947
1.4928559773555947
1.4928559773555947
1.4928559773555947
1.4928559773555947
1.4928559773555947
1.4928559773555947
1.4928559773555947
1.4928559773555947
1.4928559773555947
1.4928559773555947
1.4928559773555947
1.4928559773555947
1.4928559773555947
1.4928559773555947
1.4928559773555947
1.4928559773555947
1.4928559773555947
1.4928559773555947
1.4928559773555947
1.4928559773555947
1.4928559773555947
1.4928559773555947
1.4928559773555947
1.4928559773555947
1.4928559773555947
1.4928559773555947
1.4928559773555947
1.4928559773555947
1.4928559773555947
1.4928559773555947
1.4928559773555947
1.4928559773555947
1.4928559773555947
1.4928559773555947
1.4928559773555947
1.4928559773555947
1.4928559773555947
1.4928559773555947
1.4928559773555947
1.4928559773555947
1.4928559773555947
1.4928559773555947
1.4928559773555947
1.4928559773555947
1.4928559773555947
1.4928559773555947
1.4928559773555947
1.4928559773555947
1.4928559773555947
1.4928559773555947
1.4928559773555947
1.4928559773555947
1.4928559773555947
1.4928559773555947
1.4928559773555947
1.4928559773555947
1.4928559773555947
1.4928559773555947
1.4928559773555947
1.4928559773555947
1.4928559773555947
1.4928559773555947
1.4928559773555947
1.4928559773555947
1.4928559773555947
1.4928559773555947
1.4928559773555947
1.4928559773555947
1.4928559773555947
1.4928559773555947
1.4928559773555947
1.4928559773555947
1.4928559773555947
1.4928559773555947
1.4928559773555947
1.4928559773555947
1.4928559773555947
1.4928559773555947
1.4928559773555947
1.4928559773555947
1.4928559773555947
1.4928559773555947
1.4928559773555947
1.4928559773555947
1.4928559773555947
1.4928559773555947
1.4928559773555947
1.4928559773555947
1.4928559773555947
1.4928559773555947
1.4928559773555947
1.4928559773555947
1.4928559773555947
1.4928559773555947
1.4928559773555947
1.4928559773555947
1.4928559773555947
1.4928559773555947
1.4928559773555947
1.4928559773555947
1.4928559773555947
1.4928559773555947
1.4928559773555947
1.4928559773555947
1.4928559773555947
1.4928559773555947
1.4928559773555947
1.4928559773555947
1.4928559773555947
1.4928559773555947
1.4928559773555947
1.4928559773555947
1.4928559773555947
1.4928559773555947
1.4928559773555947
1.4928559773555947
1.4928559773555947
1.4928559773555947
1.4928559773555947
1.4928559773555947
1.4928559773555947
1.4928559773555947
1.4928559773555947
1.4928559773555947
1.4928559773555947
1.4928559773555947
1.4928559773555947
1.4928559773555947
1.4928559773555947
1.4928559773555947
1.4928559773555947
1.4928559773555947
1.4928559773555947
1.4928559773555947
1.4928559773555947
1.4928559773555947
1.4928559773555947
1.4928559773555947
1.4928559773555947
1.4928559773555947
1.4928559773555947
1.4928559773555947
1.4928559773555947
1.4928559773555947
1.4928559773555947
1.4928559773555947
1.4928559773555947
1.4928559773555947
1.4928559773555947
1.4928559773555947
1.4928559773555947
1.4928559773555947
1.4928559773555947
1.4928559773555947
1.4928559773555947
1.4928559773555947
1.4928559773555947
1.4928559773555947
1.4928559773555947
1.4928559773555947
1.4928559773555947
1.4928559773555947
1.4928559773555947
1.4928559773555947
1.4928559773555947
1.4928559773555947
1.4928559773555947
1.4928559773555947
1.4928559773555947
1.4928559773555947
1.4928559773555947
1.4928559773555947
1.4928559773555947
1.4928559773555947
1.4928559773555947
1.4928559773555947
1.4928559773555947
1.4928559773555947
1.4928559773555947
1.4928559773555947
1.4928559773555947
1.4928559773555947
1.4928559773555947
1.4928559773555947
1.4928559773555947
1.4928559773555947
1.4928559773555947
1.4928559773555947
1.4928559773555947
1.4928559773555947
1.4928559773555947
1.4928559773555947
1.4928559773555947
1.4928559773555947
1.4928559773555947
1.4928559773555947
1.4928559773555947
1.4928559773555947
1.4928559773555947
1.4928559773555947
1.4928559773555947
1.4928559773555947
1.4928559773555947
1.4928559773555947
1.4928559773555947
1.4928559773555947
1.4928559773555947
1.4928559773555947
1.4928559773555947
1.4928559773555947
1.4928559773555947
1.4928559773555947
1.4928559773555947
1.4928559773555947
1.4928559773555947
1.4928559773555947
1.4928559773555947
1.4928559773555947
1.4928559773555947
1.4928559773555947
1.4928559773555947
1.4928559773555947
1.4928559773555947
1.4928559773555947
1.4928559773555947
1.4928559773555947
1.4928559773555947
1.4928559773555947
1.4928559773555947
1.4928559773555947
1.4928559773555947
1.4928559773555947
1.4928559773555947
1.4928559773555947
1.4928559773555947
1.4928559773555947
1.4928559773555947
1.4928559773555947
1.4928559773555947
1.4928559773555947
1.4928559773555947
1.4928559773555947
1.4928559773555947
1.4928559773555947
1.4928559773555947
1.4928559773555947
1.4928559773555947
1.4928559773555947
1.4928559773555947
1.4928559773555947
1.4928559773555947
1.4928559773555947
1.4928559773555947
1.4928559773555947
1.4928559773555947
1.4928559773555947
1.4928559773555947
1.4928559773555947
1.4928559773555947
1.4928559773555947
1.4928559773555947
1.4928559773555947
1.4928559773555947
1.4928559773555947
1.4928559773555947
1.4928559773555947
1.4928559773555947
1.4928559773555947
1.4928559773555947
1.4928559773555947
1.4928559773555947
1.4928559773555947
1.4928559773555947
1.4928559773555947
1.4928559773555947
1.4928559773555947
1.4928559773555947
1.4928559773555947
1.4928559773555947
1.4928559773555947
1.4928559773555947
1.4928559773555947
1.4928559773555947
1.4928559773555947
1.4928559773555947
1.4928559773555947
1.4928559773555947
1.4928559773555947
1.4928559773555947
1.4928559773555947
1.4928559773555947
1.4928559773555947
1.4928559773555947
1.4928559773555947
1.4928559773555947
1.4928559773555947
1.4928559773555947
1.4928559773555947
1.4928559773555947
1.4928559773555947
1.4928559773555947
1.4928559773555947
1.4928559773555947
1.4928559773555947
1.4928559773555947
1.4928559773555947
1.4928559773555947
1.4928559773555947
1.4928559773555947
1.4928559773555947
1.4928559773555947
1.4928559773555947
1.4928559773555947
1.4928559773555947
1.4928559773555947
1.4928559773555947
1.4928559773555947
1.4928559773555947
1.4928559773555947
1.4928559773555947
1.4928559773555947
1.4928559773555947
1.4928559773555947
1.4928559773555947
1.4928559773555947
1.4928559773555947
1.4928559773555947
1.4928559773555947
1.4928559773555947
1.4928559773555947
1.4928559773555947
1.4928559773555947
1.4928559773555947
1.4928559773555947
1.4928559773555947
1.4928559773555947
1.4928559773555947
1.4928559773555947
1.4928559773555947
1.4928559773555947
1.4928559773555947
1.4928559773555947
1.4928559773555947
1.4928559773555947
1.4928559773555947
1.4928559773555947
1.4928559773555947
1.4928559773555947
1.4928559773555947
1.4928559773555947
1.4928559773555947
1.4928559773555947
1.4928559773555947
1.4928559773555947
1.4928559773555947
1.4928559773555947
1.4928559773555947
1.4928559773555947
1.4928559773555947
1.4928559773555947
1.4928559773555947
1.4928559773555947
1.4928559773555947
1.4928559773555947
1.4928559773555947
1.4928559773555947
1.4928559773555947
1.4928559773555947
1.4928559773555947
1.4928559773555947
1.4928559773555947
1.4928559773555947
1.4928559773555947
1.4928559773555947
1.4928559773555947
1.4928559773555947
1.4928559773555947
1.4928559773555947
1.4928559773555947
1.4928559773555947
1.4928559773555947
1.4928559773555947
1.4928559773555947
1.4928559773555947
1.4928559773555947
1.4928559773555947
1.4928559773555947
1.4928559773555947
1.4928559773555947
1.4928559773555947
1.4928559773555947
1.4928559773555947
1.4928559773555947
1.4928559773555947
1.4928559773555947
1.4928559773555947
1.4928559773555947
1.4928559773555947
1.4928559773555947
1.4928559773555947
1.4928559773555947
1.4928559773555947
1.4928559773555947
1.4928559773555947
1.4928559773555947
1.4928559773555947
1.4928559773555947
1.4928559773555947
1.4928559773555947
1.4928559773555947
1.4928559773555947
1.4928559773555947
1.4928559773555947
1.4928559773555947
1.4928559773555947
1.4928559773555947
1.4928559773555947
1.4928559773555947
1.4928559773555947
1.4928559773555947
1.4928559773555947
1.4928559773555947
1.4928559773555947
1.4928559773555947
1.4928559773555947
1.4928559773555947
1.4928559773555947
1.4928559773555947
1.4928559773555947
1.4928559773555947
1.4928559773555947
1.4928559773555947
1.4928559773555947
1.4928559773555947
1.4928559773555947
1.4928559773555947
1.4928559773555947
1.4928559773555947
1.4928559773555947
1.4928559773555947
1.4928559773555947
1.4928559773555947
1.4928559773555947
1.4928559773555947
1.4928559773555947
1.4928559773555947
1.4928559773555947
1.4928559773555947
1.4928559773555947
1.4928559773555947
1.4928559773555947
1.4928559773555947
1.4928559773555947
1.4928559773555947
1.4928559773555947
1.4928559773555947
1.4928559773555947
1.4928559773555947
1.4928559773555947
1.4928559773555947
1.4928559773555947
1.4928559773555947
1.4928559773555947
1.4928559773555947
1.4928559773555947
1.4928559773555947
1.4928559773555947
1.4928559773555947
1.4928559773555947
1.4928559773555947
1.4928559773555947
1.4928559773555947
1.4928559773555947
1.4928559773555947
1.4928559773555947
1.4928559773555947
1.4928559773555947
1.4928559773555947
1.4928559773555947
1.4928559773555947
1.4928559773555947
1.4928559773555947
1.4928559773555947
1.4928559773555947
1.4928559773555947
1.4928559773555947
1.4928559773555947
1.4928559773555947
1.4928559773555947
1.4928559773555947
1.4928559773555947
1.4928559773555947
1.4928559773555947
1.4928559773555947
1.4928559773555947
1.4928559773555947
1.4928559773555947
1.4928559773555947
1.4928559773555947
1.4928559773555947
1.4928559773555947
1.4928559773555947
1.4928559773555947
1.4928559773555947
1.4928559773555947
1.4928559773555947
1.4928559773555947
1.4928559773555947
1.4928559773555947
1.4928559773555947
1.4928559773555947
1.4928559773555947
1.4928559773555947
1.4928559773555947
1.4928559773555947
1.4928559773555947
1.4928559773555947
1.4928559773555947
1.4928559773555947
1.4928559773555947
1.4928559773555947
1.4928559773555947
1.4928559773555947
1.4928559773555947
1.4928559773555947
1.4928559773555947
1.4928559773555947
1.4928559773555947
1.4928559773555947
1.4928559773555947
1.4928559773555947
1.4928559773555947
1.4928559773555947
1.4928559773555947
1.4928559773555947
1.4928559773555947
1.4928559773555947
1.4928559773555947
1.4928559773555947
1.4928559773555947
1.4928559773555947
1.4928559773555947
1.4928559773555947
1.4928559773555947
1.4928559773555947
1.4928559773555947
1.4928559773555947
1.4928559773555947
1.4928559773555947
1.4928559773555947
1.4928559773555947
1.4928559773555947
1.4928559773555947
1.4928559773555947
1.4928559773555947
1.4928559773555947
1.4928559773555947
1.4928559773555947
1.4928559773555947
1.4928559773555947
1.4928559773555947
1.4928559773555947
1.4928559773555947
1.4928559773555947
1.4928559773555947
1.4928559773555947
1.4928559773555947
1.4928559773555947
1.4928559773555947
1.4928559773555947
1.4928559773555947
1.4928559773555947
1.4928559773555947
1.4928559773555947
1.4928559773555947
1.4928559773555947
1.4928559773555947
1.4928559773555947
1.4928559773555947
1.4928559773555947
1.4928559773555947
1.4928559773555947
1.4928559773555947
1.4928559773555947
1.4928559773555947
1.4928559773555947
1.4928559773555947
1.4928559773555947
1.4928559773555947
1.4928559773555947
1.4928559773555947
1.4928559773555947
1.4928559773555947
1.4928559773555947
1.4928559773555947
1.4928559773555947
1.4928559773555947
1.4928559773555947
1.4928559773555947
1.4928559773555947
1.4928559773555947
1.4928559773555947
1.4928559773555947
1.4928559773555947
1.4928559773555947
1.4928559773555947
1.4928559773555947
1.4928559773555947
1.4928559773555947
1.4928559773555947
1.4928559773555947
1.4928559773555947
1.4928559773555947
1.4928559773555947
1.4928559773555947
1.4928559773555947
1.4928559773555947
1.4928559773555947
1.4928559773555947
1.4928559773555947
1.4928559773555947
1.4928559773555947
1.4928559773555947
1.4928559773555947
1.4928559773555947
1.4928559773555947
1.4928559773555947
1.4928559773555947
1.4928559773555947
1.4928559773555947
1.4928559773555947
1.4928559773555947
1.4928559773555947
1.4928559773555947
1.4928559773555947
1.4928559773555947
1.4928559773555947
1.4928559773555947
1.4928559773555947
1.4928559773555947
1.4928559773555947
1.4928559773555947
1.4928559773555947
1.4928559773555947
1.4928559773555947
1.4928559773555947
1.4928559773555947
1.4928559773555947
1.4928559773555947
1.4928559773555947
1.4928559773555947
1.4928559773555947
1.4928559773555947
1.4928559773555947
1.4928559773555947
1.4928559773555947
1.4928559773555947
1.4928559773555947
1.4928559773555947
1.4928559773555947
1.4928559773555947
1.4928559773555947
1.4928559773555947
1.4928559773555947
1.4928559773555947
1.4928559773555947
1.4928559773555947
1.4928559773555947
1.4928559773555947
1.4928559773555947
1.4928559773555947
1.4928559773555947
1.4928559773555947
1.4928559773555947
1.4928559773555947
1.4928559773555947
1.4928559773555947
1.4928559773555947
1.4928559773555947
1.4928559773555947
1.4928559773555947
1.4928559773555947
1.4928559773555947
1.4928559773555947
1.4928559773555947
1.4928559773555947
1.4928559773555947
1.4928559773555947
1.4928559773555947
1.4928559773555947
1.4928559773555947
1.4928559773555947
1.4928559773555947
1.4928559773555947
1.4928559773555947
1.4928559773555947
1.4928559773555947
1.4928559773555947
1.4928559773555947
1.4928559773555947
1.4928559773555947
1.4928559773555947
1.4928559773555947
1.4928559773555947
1.4928559773555947
1.4928559773555947
1.4928559773555947
1.4928559773555947
1.4928559773555947
1.4928559773555947
1.4928559773555947
1.4928559773555947
1.4928559773555947
1.4928559773555947
1.4928559773555947
1.4928559773555947
1.4928559773555947
1.4928559773555947
1.4928559773555947
1.4928559773555947
1.4928559773555947
1.4928559773555947
1.4928559773555947
1.4928559773555947
1.4928559773555947
1.4928559773555947
1.4928559773555947
1.4928559773555947
1.4928559773555947
1.4928559773555947
1.4928559773555947
1.4928559773555947
1.4928559773555947
1.4928559773555947
1.4928559773555947
1.4928559773555947
1.4928559773555947
1.4928559773555947
1.4928559773555947
1.4928559773555947
1.4928559773555947
1.4928559773555947
1.4928559773555947
1.4928559773555947
1.4928559773555947
1.4928559773555947
1.4928559773555947
1.4928559773555947
1.4928559773555947
1.4928559773555947
1.4928559773555947
1.4928559773555947
1.4928559773555947
1.4928559773555947
1.4928559773555947
1.4928559773555947
1.4928559773555947
1.4928559773555947
1.4928559773555947
1.4928559773555947
1.4928559773555947
1.4928559773555947
1.4928559773555947
1.4928559773555947
1.4928559773555947
1.4928559773555947
1.4928559773555947
1.4928559773555947
1.4928559773555947
1.4928559773555947
1.4928559773555947
1.4928559773555947
1.4928559773555947
1.4928559773555947
1.4928559773555947
1.4928559773555947
1.4928559773555947
1.4928559773555947
1.4928559773555947
1.4928559773555947
1.4928559773555947
1.4928559773555947
1.4928559773555947
1.4928559773555947
1.4928559773555947
1.4928559773555947
1.4928559773555947
1.4928559773555947
1.4928559773555947
1.4928559773555947
1.4928559773555947
1.4928559773555947
1.4928559773555947
1.4928559773555947
1.4928559773555947
1.4928559773555947
1.4928559773555947
1.4928559773555947
1.4928559773555947
1.4928559773555947
1.4928559773555947
1.4928559773555947
1.4928559773555947
1.4928559773555947
1.4928559773555947
1.4928559773555947
1.4928559773555947
1.4928559773555947
1.4928559773555947
1.4928559773555947
1.4928559773555947
1.4928559773555947
1.4928559773555947
1.4928559773555947
1.4928559773555947
1.4928559773555947
1.4928559773555947
1.4928559773555947
1.4928559773555947
1.4928559773555947
1.4928559773555947
1.4928559773555947
1.4928559773555947
1.4928559773555947
1.4928559773555947
1.4928559773555947
1.4928559773555947
1.4928559773555947
1.4928559773555947
1.4928559773555947
1.4928559773555947
1.4928559773555947
1.4928559773555947
1.4928559773555947
1.4928559773555947
1.4928559773555947
1.4928559773555947
1.4928559773555947
1.4928559773555947
1.4928559773555947
1.4928559773555947
1.4928559773555947
1.4928559773555947
1.4928559773555947
1.4928559773555947
1.4928559773555947
1.4928559773555947
1.4928559773555947
1.4928559773555947
1.4928559773555947
1.4928559773555947
1.4928559773555947
1.4928559773555947
1.4928559773555947
1.4928559773555947
1.4928559773555947
1.4928559773555947
1.4928559773555947
1.4928559773555947
1.4928559773555947
1.4928559773555947
1.4928559773555947
1.4928559773555947
1.4928559773555947
1.4928559773555947
1.4928559773555947
1.4928559773555947
1.4928559773555947
1.4928559773555947
1.4928559773555947
1.4928559773555947
1.4928559773555947
1.4928559773555947
1.4928559773555947
1.4928559773555947
1.4928559773555947
1.4928559773555947
1.4928559773555947
1.4928559773555947
1.4928559773555947
1.4928559773555947
1.4928559773555947
1.4928559773555947
1.4928559773555947
1.4928559773555947
1.4928559773555947
1.4928559773555947
1.4928559773555947
1.4928559773555947
1.4928559773555947
1.4928559773555947
1.4928559773555947
1.4928559773555947
1.4928559773555947
1.4928559773555947
1.4928559773555947
1.4928559773555947
1.4928559773555947
1.4928559773555947
1.4928559773555947
1.4928559773555947
1.4928559773555947
1.4928559773555947
1.4928559773555947
1.4928559773555947
1.4928559773555947
1.4928559773555947
1.4928559773555947
1.4928559773555947
1.4928559773555947
1.4928559773555947
1.4928559773555947
1.4928559773555947
1.4928559773555947
1.4928559773555947
1.4928559773555947
1.4928559773555947
1.4928559773555947
1.4928559773555947
1.4928559773555947
1.4928559773555947
1.4928559773555947
1.4928559773555947
1.4928559773555947
1.4928559773555947
1.4928559773555947
1.4928559773555947
1.4928559773555947
1.4928559773555947
1.4928559773555947
1.4928559773555947
1.4928559773555947
1.4928559773555947
1.4928559773555947
1.4928559773555947
1.4928559773555947
1.4928559773555947
1.4928559773555947
1.4928559773555947
1.4928559773555947
1.4928559773555947
1.4928559773555947
1.4928559773555947
1.4928559773555947
1.4928559773555947
1.4928559773555947
1.4928559773555947
1.4928559773555947
1.4928559773555947
1.4928559773555947
1.4928559773555947
1.4928559773555947
1.4928559773555947
1.4928559773555947
1.4928559773555947
1.4928559773555947
1.4928559773555947
1.4928559773555947
1.4928559773555947
1.4928559773555947
1.4928559773555947
1.4928559773555947
1.4928559773555947
1.4928559773555947
1.4928559773555947
1.4928559773555947
1.4928559773555947
1.4928559773555947
1.4928559773555947
1.4928559773555947
1.4928559773555947
1.4928559773555947
1.4928559773555947
1.4928559773555947
1.4928559773555947
1.4928559773555947
1.4928559773555947
1.4928559773555947
1.4928559773555947
1.4928559773555947
1.4928559773555947
1.4928559773555947
1.4928559773555947
1.4928559773555947
1.4928559773555947
1.4928559773555947
1.4928559773555947
1.4928559773555947
1.4928559773555947
1.4928559773555947
1.4928559773555947
1.4928559773555947
1.4928559773555947
1.4928559773555947
1.4928559773555947
1.4928559773555947
1.4928559773555947
1.4928559773555947
1.4928559773555947
1.4928559773555947
1.4928559773555947
1.4928559773555947
1.4928559773555947
1.4928559773555947
1.4928559773555947
1.4928559773555947
1.4928559773555947
1.4928559773555947
1.4928559773555947
1.4928559773555947
1.4928559773555947
1.4928559773555947
1.4928559773555947
1.4928559773555947
1.4928559773555947
1.4928559773555947
1.4928559773555947
1.4928559773555947
1.4928559773555947
1.4928559773555947
1.4928559773555947
1.4928559773555947
1.4928559773555947
1.4928559773555947
1.4928559773555947
1.4928559773555947
1.4928559773555947
1.4928559773555947
1.4928559773555947
1.4928559773555947
1.4928559773555947
1.4928559773555947
1.4928559773555947
1.4928559773555947
1.4928559773555947
1.4928559773555947
1.4928559773555947
1.4928559773555947
1.4928559773555947
1.4928559773555947
1.4928559773555947
1.4928559773555947
1.4928559773555947
1.4928559773555947
1.4928559773555947
1.4928559773555947
1.4928559773555947
1.4928559773555947
1.4928559773555947
1.4928559773555947
1.4928559773555947
1.4928559773555947
1.4928559773555947
1.4928559773555947
1.4928559773555947
1.4928559773555947
1.4928559773555947
1.4928559773555947
1.4928559773555947
1.4928559773555947
1.4928559773555947
1.4928559773555947
1.4928559773555947
1.4928559773555947
1.4928559773555947
1.4928559773555947
1.4928559773555947
1.4928559773555947
1.4928559773555947
1.4928559773555947
1.4928559773555947
1.4928559773555947
1.4928559773555947
1.4928559773555947
1.4928559773555947
1.4928559773555947
1.4928559773555947
1.4928559773555947
1.4928559773555947
1.4928559773555947
1.4928559773555947
1.4928559773555947
1.4928559773555947
1.4928559773555947
1.4928559773555947
1.4928559773555947
1.4928559773555947
1.4928559773555947
1.4928559773555947
1.4928559773555947
1.4928559773555947
1.4928559773555947
1.4928559773555947
1.4928559773555947
1.4928559773555947
1.4928559773555947
1.4928559773555947
1.4928559773555947
1.4928559773555947
1.4928559773555947
1.4928559773555947
1.4928559773555947
1.4928559773555947
1.4928559773555947
1.4928559773555947
1.4928559773555947
1.4928559773555947
1.4928559773555947
1.4928559773555947
1.4928559773555947
1.4928559773555947
1.4928559773555947
1.4928559773555947
1.4928559773555947
1.4928559773555947
1.4928559773555947
1.4928559773555947
1.4928559773555947
1.4928559773555947
1.4928559773555947
1.4928559773555947
1.4928559773555947
1.4928559773555947
1.4928559773555947
1.4928559773555947
1.4928559773555947
1.4928559773555947
1.4928559773555947
1.4928559773555947
1.4928559773555947
1.4928559773555947
1.4928559773555947
1.4928559773555947
1.4928559773555947
1.4928559773555947
1.4928559773555947
1.4928559773555947
1.4928559773555947
1.4928559773555947
1.4928559773555947
1.4928559773555947
1.4928559773555947
1.4928559773555947
1.4928559773555947
1.4928559773555947
1.4928559773555947
1.4928559773555947
1.4928559773555947
1.4928559773555947
1.4928559773555947
1.4928559773555947
1.4928559773555947
1.4928559773555947
1.4928559773555947
1.4928559773555947
1.4928559773555947
1.4928559773555947
1.4928559773555947
1.4928559773555947
1.4928559773555947
1.4928559773555947
1.4928559773555947
1.4928559773555947
1.4928559773555947
1.4928559773555947
1.4928559773555947
1.4928559773555947
1.4928559773555947
1.4928559773555947
1.4928559773555947
1.4928559773555947
1.4928559773555947
1.4928559773555947
1.4928559773555947
1.4928559773555947
1.4928559773555947
1.4928559773555947
1.4928559773555947
1.4928559773555947
1.4928559773555947
1.4928559773555947
1.4928559773555947
1.4928559773555947
1.4928559773555947
1.4928559773555947
1.4928559773555947
1.4928559773555947
1.4928559773555947
1.4928559773555947
1.4928559773555947
1.4928559773555947
1.4928559773555947
1.4928559773555947
1.4928559773555947
1.4928559773555947
1.4928559773555947
1.4928559773555947
1.4928559773555947
1.4928559773555947
1.4928559773555947
1.4928559773555947
1.4928559773555947
1.4928559773555947
1.4928559773555947
1.4928559773555947
1.4928559773555947
1.4928559773555947
1.4928559773555947
1.4928559773555947
1.4928559773555947
1.4928559773555947
1.4928559773555947
1.4928559773555947
1.4928559773555947
1.4928559773555947
1.4928559773555947
1.4928559773555947
1.4928559773555947
1.4928559773555947
1.4928559773555947
1.4928559773555947
1.4928559773555947
1.4928559773555947
1.4928559773555947
1.4928559773555947
1.4928559773555947
1.4928559773555947
1.4928559773555947
1.4928559773555947
1.4928559773555947
1.4928559773555947
1.4928559773555947
1.4928559773555947
1.4928559773555947
1.4928559773555947
1.4928559773555947
1.4928559773555947
1.4928559773555947
1.4928559773555947
1.4928559773555947
1.4928559773555947
1.4928559773555947
1.4928559773555947
1.4928559773555947
1.4928559773555947
1.4928559773555947
1.4928559773555947
1.4928559773555947
1.4928559773555947
1.4928559773555947
1.4928559773555947
1.4928559773555947
1.4928559773555947
1.4928559773555947
1.4928559773555947
1.4928559773555947
1.4928559773555947
1.4928559773555947
1.4928559773555947
1.4928559773555947
1.4928559773555947
1.4928559773555947
1.4928559773555947
1.4928559773555947
1.4928559773555947
1.4928559773555947
1.4928559773555947
1.4928559773555947
1.4928559773555947
1.4928559773555947
1.4928559773555947
1.4928559773555947
1.4928559773555947
1.4928559773555947
1.4928559773555947
1.4928559773555947
1.4928559773555947
1.4928559773555947
1.4928559773555947
1.4928559773555947
1.4928559773555947
1.4928559773555947
1.4928559773555947
1.4928559773555947
1.4928559773555947
1.4928559773555947
1.4928559773555947
1.4928559773555947
1.4928559773555947
1.4928559773555947
1.4928559773555947
1.4928559773555947
1.4928559773555947
1.4928559773555947
1.4928559773555947
1.4928559773555947
1.4928559773555947
1.4928559773555947
1.4928559773555947
1.4928559773555947
1.4928559773555947
1.4928559773555947
1.4928559773555947
1.4928559773555947
1.4928559773555947
1.4928559773555947
1.4928559773555947
1.4928559773555947
1.4928559773555947
1.4928559773555947
1.4928559773555947
1.4928559773555947
1.4928559773555947
1.4928559773555947
1.4928559773555947
1.4928559773555947
1.4928559773555947
1.4928559773555947
1.4928559773555947
1.4928559773555947
1.4928559773555947
1.4928559773555947
1.4928559773555947
1.4928559773555947
1.4928559773555947
1.4928559773555947
1.4928559773555947
1.4928559773555947
1.4928559773555947
1.4928559773555947
1.4928559773555947
1.4928559773555947
1.4928559773555947
1.4928559773555947
1.4928559773555947
1.4928559773555947
1.4928559773555947
1.4928559773555947
1.4928559773555947
1.4928559773555947
1.4928559773555947
1.4928559773555947
1.4928559773555947
1.4928559773555947
1.4928559773555947
1.4928559773555947
1.4928559773555947
1.4928559773555947
1.4928559773555947
1.4928559773555947
1.4928559773555947
1.4928559773555947
1.4928559773555947
1.4928559773555947
1.4928559773555947
1.4928559773555947
1.4928559773555947
1.4928559773555947
1.4928559773555947
1.4928559773555947
1.4928559773555947
1.4928559773555947
1.4928559773555947
1.4928559773555947
1.4928559773555947
1.4928559773555947
1.4928559773555947
1.4928559773555947
1.4928559773555947
1.4928559773555947
1.4928559773555947
1.4928559773555947
1.4928559773555947
1.4928559773555947
1.4928559773555947
1.4928559773555947
1.4928559773555947
1.4928559773555947
1.4928559773555947
1.4928559773555947
1.4928559773555947
1.4928559773555947
1.4928559773555947
1.4928559773555947
1.4928559773555947
1.4928559773555947
1.4928559773555947
1.4928559773555947
1.4928559773555947
1.4928559773555947
1.4928559773555947
1.4928559773555947
1.4928559773555947
1.4928559773555947
1.4928559773555947
1.4928559773555947
1.4928559773555947
1.4928559773555947
1.4928559773555947
1.4928559773555947
1.4928559773555947
1.4928559773555947
1.4928559773555947
1.4928559773555947
1.4928559773555947
1.4928559773555947
1.4928559773555947
1.4928559773555947
1.4928559773555947
1.4928559773555947
1.4928559773555947
1.4928559773555947
1.4928559773555947
1.4928559773555947
1.4928559773555947
1.4928559773555947
1.4928559773555947
1.4928559773555947
1.4928559773555947
1.4928559773555947
1.4928559773555947
1.4928559773555947
1.4928559773555947
1.4928559773555947
1.4928559773555947
1.4928559773555947
1.4928559773555947
1.4928559773555947
1.4928559773555947
1.4928559773555947
1.4928559773555947
1.4928559773555947
1.4928559773555947
1.4928559773555947
1.4928559773555947
1.4928559773555947
1.4928559773555947
1.4928559773555947
1.4928559773555947
1.4928559773555947
1.4928559773555947
1.4928559773555947
1.4928559773555947
1.4928559773555947
1.4928559773555947
1.4928559773555947
1.4928559773555947
1.4928559773555947
1.4928559773555947
1.4928559773555947
1.4928559773555947
1.4928559773555947
1.4928559773555947
1.4928559773555947
1.4928559773555947
1.4928559773555947
1.4928559773555947
1.4928559773555947
1.4928559773555947
1.4928559773555947
1.4928559773555947
1.4928559773555947
1.4928559773555947
1.4928559773555947
1.4928559773555947
1.4928559773555947
1.4928559773555947
1.4928559773555947
1.4928559773555947
1.4928559773555947
1.4928559773555947
1.4928559773555947
1.4928559773555947
1.4928559773555947
1.4928559773555947
1.4928559773555947
1.4928559773555947
1.4928559773555947
1.4928559773555947
1.4928559773555947
1.4928559773555947
1.4928559773555947
1.4928559773555947
1.4928559773555947
1.4928559773555947
1.4928559773555947
1.4928559773555947
1.4928559773555947
1.4928559773555947
1.4928559773555947
1.4928559773555947
1.4928559773555947
1.4928559773555947
1.4928559773555947
1.4928559773555947
1.4928559773555947
1.4928559773555947
1.4928559773555947
1.4928559773555947
1.4928559773555947
1.4928559773555947
1.4928559773555947
1.4928559773555947
1.4928559773555947
1.4928559773555947
1.4928559773555947
1.4928559773555947
1.4928559773555947
1.4928559773555947
1.4928559773555947
