34266.047914253424
34266.047914253424
33750.93040478246
33750.93040478246
33750.93040478246
33345.271963624546
32887.29883775822
32887.29883775822
32228.73933088801
31912.91622336393
31912.91622336393
31912.91622336393
31912.91622336393
31707.660719563486
31707.660719563486
31707.660719563486
31058.18820049441
31058.18820049441
31002.149349058112
30865.5775919781
30672.473845130102
30672.473845130102
30045.471763399062
29824.29062234512
29824.29062234512
29369.34983384596
29022.214541271675
29022.214541271675
29022.214541271675
28352.617496717714
28286.41209358138
28060.331611283746
28060.331611283746
27664.746804930583
27664.746804930583
27664.746804930583
27661.85452333579
27522.065571323303
27383.357885739664
27124.815357530504
27124.815357530504
26926.189494243652
26888.278298755307
26888.278298755307
26563.676948095348
26563.676948095348
26563.676948095348
26067.374707256535
25334.14691461603
25334.14691461603
25334.14691461603
24991.260474714596
24991.260474714596
24991.260474714596
24762.247247071733
24762.247247071733
24762.247247071733
24688.27017928721
24434.157613866773
24424.63727005012
24424.63727005012
24424.63727005012
23486.091450458498
23486.091450458498
23486.091450458498
23486.091450458498
22611.691726999867
22134.36822020554
22134.36822020554
21840.232044833036
21840.232044833036
21730.47837382538
21706.94686378322
21529.203654082823
21529.203654082823
21529.203654082823
21529.203654082823
20982.68095674279
20977.556270357396
20977.556270357396
20977.556270357396
20977.556270357396
20941.733610818752
20941.733610818752
20941.733610818752
20831.876607502956
20831.876607502956
20831.876607502956
20831.876607502956
20770.264861486576
20298.410423896166
19758.99110657802
19435.10445750999
19435.10445750999
19435.10445750999
19377.22699189967
19377.22699189967
18967.768042849868
18967.768042849868
18614.788938554266
18561.002548877867
18363.527229775253
18363.527229775253
18142.10919343664
18142.10919343664
18142.10919343664
17928.273697244957
17928.273697244957
17575.133448086443
17575.133448086443
17575.133448086443
17575.133448086443
17575.133448086443
17403.334881720784
17270.64859971429
16955.585181604045
16900.58605349194
16900.58605349194
16900.58605349194
16483.643421412988
16473.603500805544
16359.252985952888
16359.252985952888
16359.252985952888
16359.252985952888
16312.723973182314
16312.723973182314
16025.181801650402
15976.498991146318
15976.498991146318
15351.777094490626
15273.03339230918
15010.986200083842
15010.986200083842
14806.253465685684
14710.091703031676
14710.091703031676
14645.932849297944
14444.79530290164
14347.874056543982
14347.874056543982
14347.874056543982
14347.874056543982
14347.874056543982
14185.307520463395
13939.94133339182
13815.703346472901
13815.703346472901
13815.703346472901
13815.703346472901
13815.703346472901
13815.703346472901
13815.703346472901
13447.929945892045
13447.929945892045
13355.465063385234
13279.212652487637
13279.212652487637
13279.212652487637
12665.976701852203
12665.976701852203
12465.518766923069
12465.518766923069
12465.518766923069
12465.518766923069
12300.052517396345
12300.052517396345
12268.936011394446
12051.895800798506
12051.895800798506
12051.895800798506
12051.895800798506
12051.895800798506
12051.895800798506
12051.895800798506
11877.996772593426
11877.996772593426
11877.996772593426
11763.504340312858
11669.276050542467
11669.276050542467
11669.276050542467
11069.898786642681
10828.13252379341
10733.03040383537
10733.03040383537
10646.658987732633
10407.957572532616
10407.957572532616
10119.803064586618
10119.803064586618
10037.975741687733
10037.975741687733
10037.975741687733
10037.975741687733
10037.975741687733
10037.975741687733
9713.218996891897
9467.034214056841
9467.034214056841
9467.034214056841
9467.034214056841
9467.034214056841
9382.25773606453
9382.25773606453
9238.344196566553
9238.344196566553
9238.344196566553
9225.176708693009
8959.532804670054
8741.78972909257
8741.78972909257
8716.645038219043
8650.951047934395
8576.081395734998
8576.081395734998
8561.429931881505
8400.01796382621
8400.01796382621
8400.01796382621
8329.113730093914
8261.814721456816
8261.814721456816
8261.814721456816
8207.605887493262
8207.605887493262
8207.605887493262
8207.605887493262
7892.391827025895
7892.391827025895
7878.854345865066
7878.854345865066
7707.857268425662
7707.857268425662
7707.857268425662
7707.857268425662
7606.301268366881
7569.132977780889
7569.132977780889
7369.160432529704
7369.160432529704
7000.294346403592
7000.294346403592
6817.568171427598
6750.249851489789
6634.021490203309
6610.947106796944
6421.379104716763
6421.379104716763
6421.379104716763
6421.379104716763
6421.379104716763
6270.074726798218
6270.074726798218
6270.074726798218
6231.4011512309025
6221.521606230169
6139.644220053393
6139.644220053393
5917.537147157682
5917.537147157682
5917.537147157682
5917.537147157682
5917.537147157682
5871.4817807305135
5714.34106411309
5714.34106411309
5575.705866305085
5378.990018312268
5074.362480441927
5074.362480441927
5074.362480441927
5061.439655956787
4908.901441333204
4908.901441333204
4903.562705356275
4903.562705356275
4885.902801883873
4742.561520661894
4734.843604588173
4712.937686600776
4712.937686600776
4712.937686600776
4712.937686600776
4657.171529363388
4578.391236192056
4533.727426724992
4533.727426724992
4527.248763508323
4456.025440536565
4427.564246074524
4281.280564372647
4193.373752404311
4193.373752404311
4193.373752404311
4193.373752404311
4193.373752404311
4083.6167191481545
4083.6167191481545
4083.6167191481545
4042.4795517515013
3954.576254142146
3882.34999555332
3668.421231891884
3649.7179825152098
3490.0158419799714
3425.2781019372333
3425.2781019372333
3425.153950481184
3425.153950481184
3425.153950481184
3425.153950481184
3425.153950481184
3126.35251841645
3015.11627368952
3015.11627368952
3015.11627368952
2809.2731208055206
2809.2731208055206
2809.2731208055206
2809.2731208055206
2809.2731208055206
2809.2731208055206
2751.798376579337
2751.798376579337
2734.387381950556
2569.339032261028
2493.747910478439
2493.747910478439
2431.1165002138414
2346.38981654955
2346.38981654955
2346.38981654955
2346.38981654955
2346.38981654955
2346.38981654955
2246.2414968685257
2039.690481893353
2039.690481893353
2039.690481893353
1979.4374961187618
1906.8966560995102
1861.9751412354894
1861.9751412354894
1758.8151269869638
1753.5844890649107
1753.5844890649107
1662.0192703074679
1662.0192703074679
1662.0192703074679
1619.4405753092126
1619.4405753092126
1619.4405753092126
1619.4405753092126
1619.4405753092126
1426.7154384362861
1397.6424731669713
1397.6424731669713
1364.0131596345395
1224.9877039072405
1205.0160223119487
1205.0160223119487
1205.0160223119487
1205.0160223119487
1187.7612077727426
1187.7612077727426
1128.335058466899
1128.335058466899
1100.3481348304706
1100.3481348304706
1100.3481348304706
1029.3789796280478
971.573253678338
971.573253678338
934.1169733357842
934.1169733357842
926.7634886947078
926.7634886947078
904.8574986004345
904.8574986004345
884.6600398791098
852.3427638436847
852.3427638436847
852.3427638436847
838.5543945732705
838.5543945732705
764.5014762830544
764.5014762830544
764.5014762830544
764.5014762830544
764.5014762830544
764.5014762830544
764.5014762830544
764.5014762830544
761.8990865513628
731.2010818653748
619.745426808669
573.8867733301122
569.8579114623755
569.8579114623755
569.6975037424323
559.5456072181453
559.5456072181453
559.5456072181453
559.5456072181453
535.0988723617749
535.0988723617749
535.0988723617749
535.0988723617749
468.5280745405662
468.5280745405662
468.5280745405662
468.5280745405662
426.16865060963215
426.16865060963215
426.16865060963215
426.16865060963215
375.3898922927286
370.1840429138981
370.1840429138981
331.7029811510901
331.7029811510901
295.6285541480078
295.6285541480078
230.49939100608904
230.49939100608904
200.08951379182062
164.26399749419556
164.26399749419556
135.25039625097287
135.25039625097287
112.761638651915
112.761638651915
112.761638651915
112.761638651915
112.761638651915
112.761638651915
99.0319515432782
99.0319515432782
86.94238750967665
84.55074531581985
72.9302938119696
72.9302938119696
72.9302938119696
58.565192386130626
58.565192386130626
58.565192386130626
58.565192386130626
58.565192386130626
58.565192386130626
58.565192386130626
58.565192386130626
58.565192386130626
58.565192386130626
58.565192386130626
58.565192386130626
43.86378758981069
43.86378758981069
21.663185219294864
19.479763918608185
18.93155188983807
15.26704815200766
15.26704815200766
15.26704815200766
15.26704815200766
11.209607417128433
11.209607417128433
11.209607417128433
11.209607417128433
11.209607417128433
11.184146260823981
11.184146260823981
8.518766521408658
8.518766521408658
8.518766521408658
7.329821320676631
7.329821320676631
7.329821320676631
7.329821320676631
4.9700743957424685
4.9700743957424685
4.9700743957424685
4.9700743957424685
4.9700743957424685
4.9700743957424685
4.9700743957424685
4.9700743957424685
4.9700743957424685
4.9700743957424685
4.9700743957424685
4.9700743957424685
4.9700743957424685
4.9700743957424685
4.9700743957424685
4.9700743957424685
4.9700743957424685
4.9700743957424685
4.9700743957424685
4.9700743957424685
4.9700743957424685
4.9700743957424685
4.9700743957424685
4.9700743957424685
4.9700743957424685
4.9700743957424685
4.9700743957424685
4.9700743957424685
4.9700743957424685
4.9700743957424685
4.9700743957424685
4.9700743957424685
4.9700743957424685
4.9700743957424685
4.9700743957424685
4.9700743957424685
4.9700743957424685
4.9700743957424685
4.9700743957424685
4.9700743957424685
4.9700743957424685
4.9700743957424685
4.9700743957424685
4.9700743957424685
4.9700743957424685
4.9700743957424685
4.9700743957424685
4.9700743957424685
4.9700743957424685
4.9700743957424685
4.9700743957424685
4.9700743957424685
4.9700743957424685
4.9700743957424685
4.9700743957424685
4.9700743957424685
4.9700743957424685
4.9700743957424685
4.9700743957424685
4.9700743957424685
4.9700743957424685
4.9700743957424685
4.9700743957424685
4.9700743957424685
4.9700743957424685
4.9700743957424685
4.9700743957424685
4.9700743957424685
4.9700743957424685
4.9700743957424685
4.9700743957424685
4.9700743957424685
4.9700743957424685
4.9700743957424685
4.9700743957424685
4.9700743957424685
4.9700743957424685
4.9700743957424685
4.9700743957424685
4.9700743957424685
4.9700743957424685
4.9700743957424685
4.9700743957424685
4.9700743957424685
4.9700743957424685
4.9700743957424685
4.9700743957424685
4.9700743957424685
4.9700743957424685
4.9700743957424685
4.9700743957424685
4.9700743957424685
4.9700743957424685
4.9700743957424685
4.9700743957424685
4.9700743957424685
4.9700743957424685
4.9700743957424685
4.9700743957424685
4.9700743957424685
4.9700743957424685
4.9700743957424685
4.9700743957424685
3.278824604693887
3.278824604693887
3.278824604693887
3.278824604693887
3.278824604693887
3.278824604693887
3.278824604693887
3.278824604693887
3.278824604693887
3.278824604693887
3.278824604693887
3.278824604693887
3.278824604693887
3.278824604693887
3.278824604693887
3.278824604693887
3.278824604693887
3.278824604693887
3.278824604693887
3.278824604693887
3.278824604693887
3.278824604693887
3.278824604693887
3.278824604693887
3.278824604693887
3.278824604693887
3.278824604693887
3.278824604693887
3.278824604693887
3.278824604693887
3.278824604693887
3.278824604693887
3.278824604693887
3.278824604693887
3.278824604693887
3.278824604693887
3.278824604693887
3.278824604693887
3.278824604693887
3.278824604693887
3.278824604693887
3.278824604693887
3.278824604693887
3.278824604693887
3.278824604693887
3.278824604693887
3.278824604693887
3.278824604693887
3.278824604693887
3.278824604693887
3.278824604693887
3.278824604693887
3.278824604693887
3.278824604693887
3.278824604693887
3.278824604693887
3.278824604693887
3.278824604693887
3.278824604693887
3.278824604693887
3.278824604693887
3.278824604693887
3.278824604693887
3.278824604693887
3.278824604693887
3.278824604693887
3.278824604693887
3.278824604693887
3.278824604693887
3.278824604693887
3.278824604693887
3.278824604693887
3.278824604693887
3.278824604693887
3.278824604693887
3.278824604693887
3.278824604693887
3.278824604693887
3.278824604693887
3.278824604693887
3.278824604693887
3.278824604693887
3.278824604693887
3.278824604693887
3.278824604693887
3.278824604693887
3.278824604693887
3.278824604693887
3.278824604693887
3.278824604693887
3.278824604693887
3.278824604693887
3.278824604693887
3.278824604693887
3.278824604693887
3.278824604693887
3.278824604693887
3.278824604693887
3.278824604693887
3.278824604693887
3.278824604693887
3.278824604693887
3.278824604693887
3.278824604693887
3.278824604693887
3.278824604693887
3.278824604693887
3.278824604693887
3.278824604693887
3.278824604693887
3.278824604693887
3.278824604693887
3.278824604693887
3.278824604693887
3.278824604693887
3.278824604693887
3.278824604693887
3.278824604693887
3.278824604693887
3.278824604693887
3.278824604693887
3.278824604693887
3.278824604693887
3.278824604693887
3.278824604693887
3.278824604693887
3.278824604693887
3.278824604693887
3.278824604693887
3.278824604693887
3.278824604693887
3.278824604693887
3.278824604693887
3.278824604693887
3.278824604693887
3.278824604693887
3.278824604693887
3.278824604693887
3.278824604693887
3.278824604693887
3.278824604693887
3.278824604693887
3.278824604693887
3.278824604693887
3.278824604693887
3.278824604693887
3.278824604693887
3.278824604693887
3.278824604693887
3.278824604693887
3.278824604693887
3.278824604693887
3.278824604693887
3.278824604693887
3.278824604693887
3.278824604693887
3.278824604693887
3.278824604693887
3.278824604693887
3.278824604693887
3.278824604693887
3.278824604693887
3.278824604693887
3.278824604693887
3.278824604693887
3.278824604693887
3.278824604693887
3.278824604693887
3.278824604693887
3.278824604693887
3.278824604693887
3.278824604693887
3.278824604693887
3.278824604693887
3.278824604693887
3.278824604693887
3.278824604693887
3.278824604693887
3.278824604693887
3.278824604693887
3.278824604693887
3.278824604693887
3.278824604693887
3.278824604693887
3.278824604693887
3.278824604693887
3.278824604693887
3.278824604693887
3.278824604693887
3.278824604693887
3.278824604693887
3.278824604693887
3.278824604693887
3.278824604693887
3.278824604693887
3.278824604693887
3.278824604693887
3.278824604693887
3.278824604693887
3.278824604693887
3.278824604693887
3.278824604693887
3.278824604693887
3.278824604693887
3.278824604693887
3.278824604693887
3.278824604693887
3.278824604693887
3.278824604693887
3.278824604693887
3.278824604693887
3.278824604693887
3.278824604693887
3.278824604693887
3.278824604693887
3.278824604693887
3.278824604693887
3.278824604693887
3.278824604693887
3.278824604693887
3.278824604693887
3.278824604693887
3.278824604693887
3.278824604693887
3.278824604693887
3.278824604693887
3.278824604693887
3.278824604693887
3.278824604693887
3.278824604693887
3.278824604693887
3.278824604693887
3.278824604693887
3.278824604693887
3.278824604693887
3.278824604693887
3.278824604693887
3.278824604693887
3.278824604693887
3.278824604693887
3.278824604693887
3.278824604693887
3.278824604693887
3.278824604693887
3.278824604693887
3.278824604693887
3.278824604693887
3.278824604693887
3.278824604693887
3.278824604693887
3.278824604693887
3.278824604693887
3.278824604693887
3.278824604693887
3.278824604693887
3.278824604693887
3.278824604693887
3.278824604693887
3.278824604693887
3.278824604693887
3.278824604693887
3.278824604693887
3.278824604693887
3.278824604693887
3.278824604693887
3.278824604693887
3.278824604693887
3.278824604693887
3.278824604693887
3.278824604693887
3.278824604693887
3.278824604693887
3.278824604693887
3.278824604693887
3.278824604693887
3.278824604693887
3.278824604693887
3.278824604693887
3.278824604693887
3.278824604693887
3.278824604693887
3.278824604693887
3.278824604693887
3.278824604693887
3.278824604693887
3.278824604693887
3.278824604693887
3.278824604693887
3.278824604693887
3.278824604693887
3.278824604693887
3.278824604693887
3.278824604693887
3.278824604693887
3.278824604693887
3.278824604693887
3.278824604693887
3.278824604693887
3.278824604693887
3.278824604693887
3.278824604693887
3.278824604693887
3.278824604693887
3.278824604693887
3.278824604693887
3.278824604693887
3.278824604693887
3.278824604693887
3.278824604693887
3.278824604693887
3.278824604693887
3.278824604693887
3.278824604693887
3.278824604693887
3.278824604693887
3.278824604693887
3.278824604693887
3.278824604693887
3.278824604693887
3.278824604693887
3.278824604693887
3.163115255815474
3.163115255815474
3.163115255815474
3.163115255815474
3.163115255815474
3.163115255815474
3.163115255815474
3.163115255815474
3.163115255815474
3.163115255815474
3.163115255815474
3.163115255815474
3.163115255815474
3.163115255815474
3.163115255815474
3.163115255815474
3.163115255815474
3.163115255815474
3.163115255815474
3.163115255815474
3.163115255815474
3.163115255815474
3.163115255815474
3.163115255815474
3.163115255815474
3.163115255815474
3.163115255815474
3.163115255815474
3.163115255815474
3.163115255815474
3.163115255815474
3.163115255815474
3.163115255815474
3.163115255815474
3.163115255815474
3.163115255815474
3.163115255815474
3.163115255815474
3.163115255815474
3.163115255815474
3.163115255815474
3.163115255815474
3.163115255815474
3.163115255815474
3.163115255815474
3.163115255815474
3.163115255815474
3.163115255815474
3.163115255815474
3.163115255815474
3.163115255815474
3.163115255815474
3.163115255815474
3.163115255815474
3.163115255815474
3.163115255815474
3.163115255815474
3.163115255815474
3.163115255815474
3.163115255815474
3.163115255815474
3.163115255815474
3.163115255815474
3.163115255815474
3.163115255815474
3.163115255815474
3.163115255815474
3.163115255815474
3.163115255815474
3.163115255815474
3.163115255815474
3.163115255815474
3.163115255815474
3.163115255815474
3.163115255815474
3.163115255815474
3.163115255815474
3.163115255815474
3.163115255815474
3.163115255815474
3.163115255815474
3.163115255815474
3.163115255815474
3.163115255815474
3.163115255815474
3.163115255815474
3.163115255815474
3.163115255815474
3.163115255815474
3.163115255815474
3.163115255815474
3.163115255815474
3.163115255815474
3.163115255815474
3.163115255815474
3.163115255815474
3.163115255815474
3.163115255815474
3.163115255815474
3.163115255815474
3.163115255815474
3.163115255815474
3.163115255815474
3.163115255815474
3.163115255815474
3.163115255815474
3.163115255815474
3.163115255815474
3.163115255815474
3.163115255815474
3.163115255815474
3.163115255815474
3.163115255815474
3.163115255815474
3.163115255815474
3.163115255815474
3.163115255815474
3.163115255815474
3.163115255815474
3.163115255815474
3.163115255815474
3.163115255815474
3.163115255815474
3.163115255815474
3.163115255815474
3.163115255815474
3.163115255815474
3.163115255815474
3.163115255815474
3.163115255815474
3.163115255815474
3.163115255815474
3.163115255815474
3.163115255815474
3.163115255815474
3.163115255815474
3.163115255815474
3.163115255815474
3.163115255815474
3.163115255815474
3.163115255815474
3.163115255815474
3.163115255815474
3.163115255815474
3.163115255815474
3.163115255815474
3.163115255815474
3.163115255815474
3.163115255815474
3.163115255815474
3.163115255815474
3.163115255815474
3.163115255815474
3.163115255815474
3.163115255815474
3.163115255815474
3.163115255815474
3.163115255815474
3.163115255815474
3.163115255815474
3.163115255815474
3.163115255815474
3.163115255815474
3.163115255815474
3.163115255815474
3.163115255815474
3.163115255815474
3.163115255815474
3.163115255815474
3.163115255815474
3.163115255815474
3.163115255815474
3.163115255815474
3.163115255815474
3.163115255815474
3.163115255815474
3.163115255815474
3.163115255815474
3.163115255815474
3.163115255815474
3.163115255815474
3.163115255815474
3.163115255815474
3.163115255815474
3.163115255815474
3.163115255815474
3.163115255815474
3.163115255815474
3.163115255815474
3.163115255815474
3.163115255815474
3.163115255815474
3.163115255815474
3.163115255815474
3.163115255815474
3.163115255815474
3.163115255815474
3.163115255815474
3.163115255815474
3.163115255815474
3.163115255815474
3.163115255815474
3.163115255815474
3.163115255815474
3.163115255815474
3.163115255815474
3.163115255815474
3.163115255815474
3.163115255815474
3.163115255815474
3.163115255815474
3.163115255815474
3.163115255815474
3.163115255815474
3.163115255815474
3.163115255815474
3.163115255815474
3.163115255815474
3.163115255815474
3.163115255815474
3.163115255815474
3.163115255815474
3.163115255815474
3.163115255815474
3.163115255815474
3.163115255815474
3.163115255815474
3.163115255815474
3.163115255815474
3.163115255815474
3.163115255815474
3.163115255815474
3.163115255815474
3.163115255815474
3.163115255815474
3.163115255815474
3.163115255815474
3.163115255815474
3.163115255815474
3.163115255815474
3.163115255815474
3.163115255815474
3.163115255815474
3.163115255815474
3.163115255815474
3.163115255815474
3.163115255815474
3.163115255815474
3.163115255815474
3.163115255815474
3.163115255815474
3.163115255815474
3.163115255815474
3.163115255815474
3.163115255815474
3.163115255815474
3.163115255815474
3.163115255815474
3.163115255815474
3.163115255815474
3.163115255815474
3.163115255815474
3.163115255815474
3.163115255815474
3.163115255815474
3.163115255815474
3.163115255815474
3.163115255815474
3.163115255815474
3.163115255815474
3.163115255815474
3.163115255815474
3.163115255815474
3.163115255815474
3.163115255815474
3.163115255815474
3.163115255815474
3.163115255815474
3.163115255815474
3.163115255815474
2.386302356410944
2.386302356410944
2.386302356410944
2.386302356410944
2.386302356410944
2.386302356410944
2.386302356410944
2.386302356410944
2.386302356410944
2.386302356410944
2.386302356410944
2.386302356410944
2.386302356410944
2.386302356410944
2.386302356410944
2.386302356410944
2.386302356410944
2.386302356410944
2.386302356410944
2.386302356410944
2.386302356410944
2.386302356410944
2.386302356410944
2.386302356410944
2.386302356410944
2.386302356410944
2.386302356410944
2.386302356410944
2.386302356410944
2.386302356410944
2.386302356410944
2.386302356410944
2.386302356410944
2.386302356410944
2.386302356410944
2.386302356410944
2.386302356410944
2.386302356410944
2.386302356410944
2.386302356410944
2.386302356410944
2.386302356410944
2.386302356410944
2.386302356410944
2.386302356410944
2.386302356410944
2.386302356410944
2.386302356410944
2.386302356410944
2.386302356410944
2.386302356410944
2.386302356410944
2.386302356410944
2.386302356410944
2.386302356410944
2.386302356410944
2.386302356410944
2.386302356410944
2.386302356410944
2.386302356410944
2.386302356410944
2.386302356410944
2.386302356410944
2.386302356410944
2.386302356410944
2.386302356410944
2.386302356410944
2.386302356410944
2.386302356410944
2.386302356410944
2.386302356410944
2.386302356410944
2.386302356410944
2.386302356410944
2.386302356410944
2.386302356410944
2.386302356410944
2.386302356410944
2.386302356410944
2.386302356410944
2.386302356410944
2.386302356410944
2.386302356410944
2.386302356410944
2.386302356410944
2.386302356410944
2.386302356410944
2.386302356410944
2.386302356410944
2.386302356410944
2.386302356410944
2.386302356410944
2.386302356410944
2.386302356410944
2.386302356410944
2.386302356410944
2.386302356410944
2.386302356410944
2.386302356410944
2.386302356410944
2.386302356410944
2.386302356410944
2.386302356410944
2.386302356410944
2.386302356410944
2.386302356410944
2.386302356410944
2.386302356410944
2.386302356410944
2.386302356410944
2.386302356410944
2.386302356410944
2.386302356410944
2.386302356410944
2.386302356410944
2.386302356410944
2.386302356410944
2.386302356410944
2.386302356410944
2.386302356410944
2.386302356410944
2.386302356410944
2.386302356410944
2.386302356410944
2.386302356410944
2.386302356410944
2.386302356410944
2.386302356410944
2.386302356410944
2.386302356410944
2.386302356410944
2.386302356410944
2.386302356410944
2.386302356410944
2.386302356410944
2.386302356410944
2.386302356410944
2.386302356410944
2.386302356410944
2.386302356410944
2.386302356410944
2.386302356410944
2.386302356410944
2.386302356410944
2.386302356410944
2.386302356410944
2.386302356410944
2.386302356410944
2.386302356410944
2.386302356410944
2.386302356410944
2.386302356410944
2.386302356410944
2.386302356410944
2.386302356410944
2.386302356410944
2.386302356410944
2.386302356410944
2.386302356410944
2.386302356410944
2.386302356410944
2.386302356410944
2.386302356410944
2.386302356410944
2.386302356410944
2.386302356410944
2.386302356410944
2.386302356410944
2.386302356410944
2.386302356410944
2.386302356410944
2.386302356410944
2.386302356410944
2.386302356410944
2.386302356410944
2.386302356410944
2.386302356410944
2.386302356410944
2.386302356410944
2.386302356410944
2.386302356410944
2.386302356410944
2.386302356410944
2.386302356410944
2.386302356410944
2.386302356410944
2.386302356410944
2.386302356410944
2.386302356410944
2.386302356410944
2.386302356410944
2.386302356410944
2.386302356410944
2.386302356410944
2.386302356410944
2.386302356410944
1.180581422738938
1.180581422738938
1.180581422738938
1.180581422738938
1.180581422738938
1.180581422738938
1.180581422738938
1.180581422738938
1.180581422738938
1.180581422738938
1.180581422738938
1.180581422738938
1.180581422738938
1.180581422738938
1.180581422738938
1.180581422738938
1.180581422738938
1.180581422738938
1.180581422738938
1.180581422738938
1.180581422738938
1.180581422738938
1.180581422738938
1.180581422738938
1.180581422738938
1.180581422738938
1.180581422738938
1.180581422738938
1.180581422738938
1.180581422738938
1.180581422738938
1.180581422738938
1.180581422738938
1.180581422738938
1.180581422738938
1.180581422738938
1.180581422738938
1.180581422738938
1.180581422738938
1.180581422738938
1.180581422738938
1.180581422738938
1.180581422738938
1.180581422738938
1.180581422738938
1.180581422738938
1.180581422738938
1.180581422738938
1.180581422738938
1.180581422738938
1.180581422738938
1.180581422738938
1.180581422738938
1.180581422738938
1.180581422738938
1.180581422738938
1.180581422738938
1.180581422738938
1.180581422738938
1.180581422738938
1.180581422738938
1.180581422738938
1.180581422738938
1.180581422738938
1.180581422738938
1.180581422738938
1.180581422738938
1.180581422738938
1.180581422738938
1.180581422738938
1.180581422738938
1.180581422738938
1.180581422738938
1.180581422738938
1.180581422738938
1.180581422738938
1.180581422738938
1.180581422738938
1.180581422738938
1.180581422738938
1.180581422738938
1.180581422738938
1.180581422738938
1.180581422738938
1.180581422738938
1.180581422738938
1.180581422738938
1.180581422738938
1.180581422738938
1.180581422738938
1.180581422738938
1.180581422738938
1.180581422738938
1.180581422738938
1.180581422738938
1.180581422738938
1.180581422738938
1.180581422738938
1.180581422738938
1.180581422738938
1.180581422738938
1.180581422738938
1.180581422738938
1.180581422738938
1.180581422738938
1.180581422738938
1.180581422738938
1.180581422738938
1.180581422738938
1.180581422738938
1.180581422738938
1.180581422738938
1.180581422738938
1.180581422738938
1.180581422738938
1.180581422738938
1.180581422738938
1.180581422738938
1.180581422738938
1.180581422738938
1.180581422738938
1.180581422738938
1.180581422738938
1.180581422738938
1.180581422738938
1.180581422738938
1.180581422738938
1.180581422738938
1.180581422738938
1.180581422738938
1.180581422738938
1.180581422738938
1.180581422738938
1.180581422738938
1.180581422738938
1.180581422738938
1.180581422738938
1.180581422738938
1.180581422738938
1.180581422738938
1.180581422738938
1.180581422738938
1.180581422738938
1.180581422738938
1.180581422738938
1.180581422738938
1.180581422738938
1.180581422738938
1.180581422738938
1.180581422738938
1.180581422738938
1.180581422738938
1.180581422738938
1.180581422738938
1.180581422738938
1.180581422738938
1.180581422738938
1.180581422738938
1.180581422738938
1.180581422738938
1.180581422738938
1.180581422738938
1.180581422738938
1.180581422738938
1.180581422738938
1.180581422738938
1.180581422738938
1.180581422738938
1.180581422738938
1.180581422738938
1.180581422738938
1.180581422738938
1.180581422738938
1.180581422738938
1.180581422738938
1.180581422738938
1.180581422738938
1.180581422738938
1.180581422738938
1.180581422738938
1.180581422738938
1.180581422738938
1.180581422738938
1.180581422738938
1.180581422738938
1.180581422738938
1.180581422738938
1.180581422738938
1.180581422738938
1.180581422738938
1.180581422738938
1.180581422738938
1.180581422738938
1.180581422738938
1.180581422738938
1.180581422738938
1.180581422738938
1.180581422738938
1.180581422738938
1.180581422738938
1.180581422738938
1.180581422738938
1.180581422738938
1.180581422738938
1.180581422738938
1.180581422738938
1.180581422738938
1.180581422738938
1.180581422738938
1.180581422738938
1.180581422738938
1.180581422738938
1.180581422738938
1.180581422738938
1.180581422738938
1.180581422738938
1.180581422738938
1.180581422738938
1.180581422738938
1.180581422738938
1.180581422738938
1.180581422738938
1.180581422738938
1.180581422738938
1.180581422738938
1.180581422738938
1.180581422738938
1.180581422738938
1.180581422738938
1.180581422738938
1.180581422738938
1.180581422738938
1.180581422738938
1.180581422738938
1.180581422738938
1.180581422738938
1.180581422738938
1.180581422738938
1.180581422738938
1.180581422738938
1.180581422738938
1.180581422738938
1.180581422738938
1.180581422738938
1.180581422738938
1.180581422738938
1.180581422738938
1.180581422738938
1.180581422738938
1.180581422738938
1.180581422738938
1.180581422738938
1.180581422738938
1.180581422738938
1.180581422738938
1.180581422738938
1.180581422738938
1.180581422738938
1.180581422738938
1.180581422738938
1.180581422738938
1.180581422738938
1.180581422738938
1.180581422738938
1.180581422738938
1.180581422738938
1.180581422738938
1.180581422738938
1.180581422738938
1.180581422738938
1.180581422738938
1.180581422738938
1.180581422738938
1.180581422738938
1.180581422738938
1.180581422738938
1.180581422738938
1.180581422738938
1.180581422738938
1.180581422738938
1.180581422738938
1.180581422738938
1.180581422738938
1.180581422738938
1.180581422738938
1.180581422738938
1.180581422738938
1.180581422738938
1.180581422738938
1.180581422738938
1.180581422738938
1.180581422738938
1.180581422738938
1.180581422738938
1.180581422738938
1.180581422738938
1.180581422738938
1.180581422738938
1.180581422738938
1.180581422738938
1.180581422738938
1.180581422738938
1.180581422738938
1.180581422738938
1.180581422738938
1.180581422738938
1.180581422738938
1.180581422738938
1.180581422738938
1.180581422738938
1.180581422738938
1.180581422738938
1.180581422738938
1.180581422738938
1.180581422738938
1.180581422738938
1.180581422738938
1.180581422738938
1.180581422738938
1.180581422738938
1.180581422738938
1.180581422738938
1.180581422738938
1.180581422738938
1.180581422738938
1.180581422738938
1.180581422738938
1.180581422738938
1.180581422738938
1.180581422738938
1.180581422738938
1.180581422738938
1.180581422738938
1.180581422738938
1.180581422738938
1.180581422738938
1.180581422738938
1.180581422738938
1.180581422738938
1.180581422738938
1.180581422738938
1.180581422738938
1.180581422738938
1.180581422738938
1.180581422738938
1.180581422738938
1.180581422738938
1.180581422738938
1.180581422738938
1.180581422738938
1.180581422738938
1.180581422738938
1.180581422738938
1.180581422738938
1.180581422738938
1.180581422738938
1.180581422738938
1.180581422738938
1.180581422738938
1.180581422738938
1.180581422738938
1.180581422738938
1.180581422738938
1.180581422738938
1.180581422738938
1.180581422738938
1.180581422738938
1.180581422738938
1.180581422738938
1.180581422738938
1.180581422738938
1.180581422738938
1.180581422738938
1.180581422738938
1.180581422738938
1.180581422738938
1.180581422738938
1.180581422738938
1.180581422738938
1.180581422738938
1.180581422738938
1.180581422738938
1.180581422738938
1.180581422738938
1.180581422738938
1.180581422738938
1.180581422738938
1.180581422738938
1.180581422738938
1.180581422738938
1.180581422738938
1.180581422738938
1.180581422738938
1.180581422738938
1.180581422738938
1.180581422738938
1.180581422738938
1.180581422738938
1.180581422738938
1.180581422738938
1.180581422738938
1.180581422738938
1.180581422738938
1.180581422738938
1.180581422738938
1.180581422738938
1.180581422738938
1.180581422738938
1.180581422738938
1.180581422738938
1.180581422738938
1.180581422738938
1.180581422738938
1.180581422738938
1.180581422738938
1.180581422738938
1.180581422738938
1.180581422738938
1.180581422738938
1.180581422738938
1.180581422738938
1.180581422738938
1.180581422738938
1.180581422738938
1.180581422738938
1.180581422738938
1.180581422738938
1.180581422738938
1.180581422738938
1.180581422738938
1.180581422738938
1.180581422738938
1.180581422738938
1.180581422738938
1.180581422738938
1.180581422738938
1.180581422738938
1.180581422738938
1.180581422738938
1.180581422738938
1.180581422738938
1.180581422738938
1.180581422738938
1.180581422738938
1.180581422738938
1.180581422738938
1.180581422738938
1.180581422738938
1.180581422738938
1.180581422738938
1.180581422738938
1.180581422738938
1.180581422738938
1.180581422738938
1.180581422738938
1.180581422738938
1.180581422738938
1.180581422738938
1.180581422738938
1.180581422738938
1.180581422738938
1.180581422738938
1.180581422738938
1.180581422738938
1.180581422738938
1.180581422738938
1.180581422738938
1.180581422738938
1.180581422738938
1.180581422738938
1.180581422738938
1.180581422738938
1.180581422738938
1.180581422738938
1.180581422738938
1.180581422738938
1.180581422738938
1.180581422738938
1.180581422738938
1.180581422738938
1.180581422738938
1.180581422738938
1.180581422738938
1.180581422738938
1.180581422738938
1.180581422738938
1.180581422738938
1.180581422738938
1.180581422738938
1.180581422738938
1.180581422738938
1.180581422738938
1.180581422738938
1.180581422738938
1.180581422738938
1.180581422738938
1.180581422738938
1.180581422738938
1.180581422738938
1.180581422738938
1.180581422738938
1.180581422738938
1.180581422738938
1.180581422738938
1.180581422738938
1.180581422738938
1.180581422738938
1.180581422738938
1.180581422738938
1.180581422738938
1.180581422738938
1.180581422738938
1.180581422738938
1.180581422738938
1.180581422738938
1.180581422738938
1.180581422738938
1.180581422738938
1.180581422738938
1.180581422738938
1.180581422738938
1.180581422738938
1.180581422738938
1.180581422738938
1.180581422738938
1.180581422738938
1.180581422738938
1.180581422738938
1.180581422738938
1.180581422738938
1.180581422738938
1.180581422738938
1.180581422738938
1.180581422738938
1.180581422738938
1.180581422738938
1.180581422738938
1.180581422738938
1.180581422738938
1.180581422738938
1.180581422738938
1.180581422738938
1.180581422738938
1.180581422738938
1.180581422738938
1.180581422738938
1.180581422738938
1.180581422738938
1.180581422738938
1.180581422738938
1.180581422738938
1.180581422738938
1.180581422738938
1.180581422738938
1.180581422738938
1.180581422738938
1.180581422738938
1.180581422738938
1.180581422738938
1.180581422738938
1.180581422738938
1.180581422738938
1.180581422738938
1.180581422738938
1.180581422738938
1.180581422738938
1.180581422738938
1.180581422738938
1.180581422738938
1.180581422738938
1.180581422738938
1.180581422738938
1.180581422738938
1.180581422738938
1.180581422738938
1.180581422738938
1.180581422738938
1.180581422738938
1.180581422738938
1.180581422738938
1.180581422738938
1.180581422738938
1.180581422738938
1.180581422738938
1.180581422738938
1.180581422738938
1.180581422738938
1.180581422738938
1.180581422738938
1.180581422738938
1.180581422738938
1.180581422738938
1.180581422738938
1.180581422738938
1.180581422738938
1.180581422738938
1.180581422738938
1.180581422738938
1.180581422738938
1.180581422738938
1.180581422738938
1.180581422738938
1.180581422738938
1.180581422738938
1.180581422738938
1.180581422738938
1.180581422738938
1.180581422738938
1.180581422738938
1.180581422738938
1.180581422738938
1.180581422738938
1.180581422738938
1.180581422738938
1.180581422738938
1.180581422738938
1.180581422738938
1.180581422738938
1.180581422738938
1.180581422738938
1.180581422738938
1.180581422738938
1.180581422738938
1.180581422738938
1.180581422738938
1.180581422738938
1.180581422738938
1.180581422738938
1.180581422738938
1.180581422738938
1.180581422738938
1.180581422738938
1.180581422738938
1.180581422738938
1.180581422738938
1.180581422738938
1.180581422738938
1.180581422738938
1.180581422738938
1.180581422738938
1.180581422738938
1.180581422738938
1.180581422738938
1.180581422738938
1.180581422738938
1.180581422738938
1.180581422738938
1.180581422738938
1.180581422738938
1.180581422738938
1.180581422738938
1.180581422738938
1.180581422738938
1.180581422738938
1.180581422738938
1.180581422738938
1.180581422738938
1.180581422738938
1.180581422738938
1.180581422738938
1.180581422738938
1.180581422738938
1.180581422738938
1.180581422738938
1.180581422738938
1.180581422738938
1.180581422738938
1.180581422738938
1.180581422738938
1.180581422738938
1.180581422738938
1.180581422738938
1.180581422738938
1.180581422738938
1.180581422738938
1.180581422738938
1.180581422738938
1.180581422738938
1.180581422738938
1.180581422738938
1.180581422738938
1.180581422738938
1.180581422738938
1.180581422738938
1.180581422738938
1.180581422738938
1.180581422738938
1.180581422738938
1.180581422738938
1.180581422738938
1.180581422738938
1.180581422738938
1.180581422738938
1.180581422738938
1.180581422738938
1.180581422738938
1.180581422738938
1.180581422738938
1.180581422738938
1.180581422738938
1.180581422738938
1.180581422738938
1.180581422738938
1.180581422738938
1.180581422738938
1.180581422738938
1.180581422738938
1.180581422738938
1.180581422738938
1.180581422738938
1.180581422738938
1.180581422738938
1.180581422738938
1.180581422738938
1.180581422738938
1.180581422738938
1.180581422738938
1.180581422738938
1.180581422738938
1.180581422738938
1.180581422738938
1.180581422738938
1.180581422738938
1.180581422738938
1.180581422738938
1.180581422738938
1.180581422738938
1.180581422738938
1.180581422738938
1.180581422738938
1.180581422738938
1.180581422738938
1.180581422738938
1.180581422738938
1.180581422738938
1.180581422738938
1.180581422738938
1.180581422738938
1.180581422738938
1.180581422738938
1.180581422738938
1.180581422738938
1.180581422738938
1.180581422738938
1.180581422738938
1.180581422738938
1.180581422738938
1.180581422738938
1.180581422738938
1.180581422738938
1.180581422738938
1.180581422738938
1.180581422738938
1.180581422738938
1.180581422738938
1.180581422738938
1.180581422738938
1.180581422738938
1.180581422738938
1.180581422738938
1.180581422738938
1.180581422738938
1.180581422738938
1.180581422738938
1.180581422738938
1.180581422738938
1.180581422738938
1.180581422738938
1.180581422738938
1.180581422738938
1.180581422738938
1.180581422738938
1.180581422738938
1.180581422738938
1.180581422738938
1.180581422738938
1.180581422738938
1.180581422738938
1.180581422738938
1.180581422738938
1.180581422738938
1.180581422738938
1.180581422738938
1.180581422738938
1.180581422738938
1.180581422738938
1.180581422738938
1.180581422738938
1.180581422738938
1.180581422738938
1.180581422738938
1.180581422738938
1.180581422738938
1.180581422738938
1.180581422738938
1.180581422738938
1.180581422738938
1.180581422738938
1.180581422738938
1.180581422738938
1.180581422738938
1.180581422738938
1.180581422738938
1.180581422738938
1.180581422738938
1.180581422738938
1.180581422738938
1.180581422738938
1.180581422738938
1.180581422738938
1.180581422738938
1.180581422738938
1.180581422738938
1.180581422738938
1.180581422738938
1.180581422738938
1.180581422738938
1.180581422738938
1.180581422738938
1.180581422738938
1.180581422738938
1.180581422738938
1.180581422738938
1.180581422738938
1.180581422738938
1.180581422738938
1.180581422738938
1.180581422738938
1.180581422738938
1.180581422738938
1.180581422738938
1.180581422738938
1.180581422738938
1.180581422738938
1.180581422738938
1.180581422738938
1.180581422738938
1.180581422738938
1.180581422738938
1.180581422738938
1.180581422738938
1.180581422738938
1.180581422738938
1.180581422738938
1.180581422738938
1.180581422738938
1.180581422738938
1.180581422738938
1.180581422738938
1.180581422738938
1.180581422738938
1.180581422738938
1.180581422738938
1.180581422738938
1.180581422738938
1.180581422738938
1.180581422738938
1.180581422738938
1.180581422738938
1.180581422738938
1.180581422738938
1.180581422738938
1.180581422738938
1.180581422738938
1.180581422738938
1.180581422738938
1.180581422738938
1.180581422738938
1.180581422738938
1.180581422738938
1.180581422738938
1.180581422738938
1.180581422738938
1.180581422738938
1.180581422738938
1.180581422738938
1.180581422738938
1.180581422738938
1.180581422738938
1.180581422738938
1.180581422738938
1.180581422738938
1.180581422738938
1.180581422738938
1.180581422738938
1.180581422738938
1.180581422738938
1.180581422738938
1.180581422738938
1.180581422738938
1.180581422738938
1.180581422738938
1.180581422738938
1.180581422738938
1.180581422738938
1.180581422738938
1.180581422738938
1.180581422738938
1.180581422738938
1.180581422738938
1.180581422738938
1.180581422738938
1.180581422738938
1.180581422738938
1.180581422738938
1.180581422738938
1.180581422738938
1.180581422738938
1.180581422738938
1.180581422738938
1.180581422738938
1.180581422738938
1.180581422738938
1.180581422738938
1.180581422738938
1.180581422738938
1.180581422738938
1.180581422738938
1.180581422738938
1.180581422738938
1.180581422738938
1.180581422738938
1.180581422738938
1.180581422738938
1.180581422738938
1.180581422738938
1.180581422738938
1.180581422738938
1.180581422738938
1.180581422738938
1.180581422738938
1.180581422738938
1.180581422738938
1.180581422738938
1.180581422738938
1.180581422738938
1.180581422738938
1.180581422738938
1.180581422738938
1.180581422738938
1.180581422738938
1.180581422738938
1.180581422738938
1.180581422738938
1.180581422738938
1.180581422738938
1.180581422738938
1.180581422738938
1.180581422738938
1.180581422738938
1.180581422738938
1.180581422738938
1.180581422738938
1.180581422738938
1.180581422738938
1.180581422738938
1.180581422738938
1.180581422738938
1.180581422738938
1.180581422738938
1.180581422738938
1.180581422738938
1.180581422738938
1.180581422738938
1.180581422738938
1.180581422738938
1.180581422738938
1.180581422738938
1.180581422738938
1.180581422738938
1.180581422738938
1.180581422738938
1.180581422738938
1.180581422738938
1.180581422738938
1.180581422738938
1.180581422738938
1.180581422738938
1.180581422738938
1.180581422738938
1.180581422738938
1.180581422738938
1.180581422738938
1.180581422738938
1.180581422738938
1.180581422738938
1.180581422738938
1.180581422738938
1.180581422738938
1.180581422738938
1.180581422738938
1.180581422738938
1.180581422738938
1.180581422738938
1.180581422738938
1.180581422738938
1.180581422738938
1.180581422738938
1.180581422738938
1.180581422738938
1.180581422738938
1.180581422738938
1.180581422738938
1.180581422738938
1.180581422738938
1.180581422738938
1.180581422738938
1.180581422738938
1.180581422738938
1.180581422738938
1.180581422738938
1.180581422738938
1.180581422738938
1.180581422738938
1.180581422738938
1.180581422738938
1.180581422738938
1.180581422738938
1.180581422738938
1.180581422738938
1.180581422738938
1.180581422738938
1.180581422738938
1.180581422738938
1.180581422738938
1.180581422738938
1.180581422738938
1.180581422738938
1.180581422738938
1.180581422738938
1.180581422738938
1.180581422738938
1.180581422738938
1.180581422738938
1.180581422738938
1.180581422738938
1.180581422738938
1.180581422738938
1.180581422738938
1.180581422738938
1.180581422738938
1.180581422738938
1.180581422738938
1.180581422738938
1.180581422738938
1.180581422738938
1.180581422738938
1.180581422738938
1.180581422738938
1.180581422738938
1.180581422738938
1.180581422738938
1.180581422738938
1.180581422738938
1.180581422738938
1.180581422738938
1.180581422738938
1.180581422738938
1.180581422738938
1.180581422738938
1.180581422738938
1.180581422738938
1.180581422738938
1.180581422738938
1.180581422738938
1.180581422738938
1.180581422738938
1.180581422738938
1.180581422738938
1.180581422738938
1.180581422738938
1.180581422738938
1.180581422738938
1.180581422738938
1.180581422738938
1.180581422738938
1.180581422738938
1.180581422738938
1.180581422738938
1.180581422738938
1.180581422738938
1.180581422738938
1.180581422738938
1.180581422738938
1.180581422738938
1.180581422738938
1.180581422738938
1.180581422738938
1.180581422738938
1.180581422738938
1.180581422738938
1.180581422738938
1.180581422738938
1.180581422738938
1.180581422738938
1.180581422738938
1.180581422738938
1.180581422738938
1.180581422738938
1.180581422738938
1.180581422738938
1.180581422738938
1.180581422738938
1.180581422738938
1.180581422738938
1.180581422738938
1.180581422738938
1.180581422738938
1.180581422738938
1.180581422738938
1.180581422738938
1.180581422738938
1.180581422738938
1.180581422738938
1.180581422738938
1.180581422738938
1.180581422738938
1.180581422738938
1.180581422738938
1.180581422738938
1.180581422738938
1.180581422738938
1.180581422738938
1.180581422738938
1.180581422738938
1.180581422738938
1.180581422738938
1.180581422738938
1.180581422738938
1.180581422738938
1.180581422738938
1.180581422738938
1.180581422738938
1.180581422738938
1.180581422738938
1.180581422738938
1.180581422738938
1.180581422738938
1.180581422738938
1.180581422738938
1.180581422738938
1.180581422738938
1.180581422738938
1.180581422738938
1.180581422738938
1.180581422738938
1.180581422738938
1.180581422738938
1.180581422738938
1.180581422738938
1.180581422738938
1.180581422738938
1.180581422738938
1.180581422738938
1.180581422738938
1.180581422738938
1.180581422738938
1.180581422738938
1.180581422738938
1.180581422738938
1.180581422738938
1.180581422738938
1.180581422738938
1.180581422738938
1.180581422738938
1.180581422738938
1.180581422738938
1.180581422738938
1.180581422738938
1.180581422738938
1.180581422738938
1.180581422738938
1.180581422738938
1.180581422738938
1.180581422738938
1.180581422738938
1.180581422738938
1.180581422738938
1.180581422738938
1.180581422738938
1.180581422738938
1.180581422738938
1.180581422738938
1.180581422738938
1.180581422738938
1.180581422738938
1.180581422738938
1.180581422738938
1.180581422738938
1.180581422738938
1.180581422738938
1.180581422738938
1.180581422738938
1.180581422738938
1.180581422738938
1.180581422738938
1.180581422738938
1.180581422738938
1.180581422738938
1.180581422738938
1.180581422738938
1.180581422738938
1.180581422738938
1.180581422738938
1.180581422738938
1.180581422738938
1.180581422738938
1.180581422738938
1.180581422738938
1.180581422738938
1.180581422738938
1.180581422738938
1.180581422738938
1.180581422738938
1.180581422738938
1.180581422738938
1.180581422738938
1.180581422738938
1.180581422738938
1.180581422738938
1.180581422738938
1.180581422738938
1.180581422738938
1.180581422738938
1.180581422738938
1.180581422738938
1.180581422738938
1.180581422738938
1.180581422738938
1.180581422738938
1.180581422738938
1.180581422738938
1.180581422738938
1.180581422738938
1.180581422738938
1.180581422738938
1.180581422738938
1.180581422738938
1.180581422738938
1.180581422738938
1.180581422738938
1.180581422738938
1.180581422738938
1.180581422738938
1.180581422738938
1.180581422738938
1.180581422738938
1.180581422738938
1.180581422738938
1.180581422738938
1.180581422738938
1.180581422738938
1.180581422738938
1.180581422738938
1.180581422738938
1.180581422738938
1.180581422738938
1.180581422738938
1.180581422738938
1.180581422738938
1.180581422738938
1.180581422738938
1.180581422738938
1.180581422738938
1.180581422738938
1.180581422738938
1.180581422738938
1.180581422738938
1.180581422738938
1.180581422738938
1.180581422738938
1.180581422738938
1.180581422738938
1.180581422738938
1.180581422738938
1.180581422738938
1.180581422738938
1.180581422738938
1.180581422738938
1.180581422738938
1.180581422738938
1.180581422738938
1.180581422738938
1.180581422738938
1.180581422738938
1.180581422738938
1.180581422738938
1.180581422738938
1.180581422738938
1.180581422738938
1.180581422738938
1.180581422738938
1.180581422738938
1.180581422738938
1.180581422738938
1.180581422738938
1.180581422738938
1.180581422738938
1.180581422738938
1.180581422738938
1.180581422738938
1.180581422738938
1.180581422738938
1.180581422738938
1.180581422738938
1.180581422738938
1.180581422738938
1.180581422738938
1.180581422738938
1.180581422738938
1.180581422738938
1.180581422738938
1.180581422738938
1.180581422738938
1.180581422738938
1.180581422738938
1.180581422738938
1.180581422738938
1.180581422738938
1.180581422738938
1.180581422738938
1.180581422738938
1.180581422738938
1.180581422738938
1.180581422738938
1.180581422738938
1.180581422738938
1.180581422738938
1.180581422738938
1.180581422738938
1.180581422738938
1.180581422738938
1.180581422738938
1.180581422738938
1.180581422738938
1.180581422738938
1.180581422738938
1.180581422738938
1.180581422738938
1.180581422738938
1.180581422738938
1.180581422738938
1.180581422738938
1.180581422738938
1.180581422738938
1.180581422738938
1.180581422738938
1.180581422738938
1.180581422738938
1.180581422738938
1.180581422738938
1.180581422738938
1.180581422738938
1.180581422738938
1.180581422738938
1.180581422738938
1.180581422738938
1.180581422738938
1.180581422738938
1.180581422738938
1.180581422738938
1.180581422738938
1.180581422738938
1.180581422738938
1.180581422738938
1.180581422738938
1.180581422738938
1.180581422738938
1.180581422738938
1.180581422738938
1.180581422738938
1.180581422738938
1.180581422738938
1.180581422738938
1.180581422738938
1.180581422738938
1.180581422738938
1.180581422738938
1.180581422738938
1.180581422738938
1.180581422738938
1.180581422738938
1.180581422738938
1.180581422738938
1.180581422738938
1.180581422738938
1.180581422738938
1.180581422738938
1.180581422738938
1.180581422738938
1.180581422738938
1.180581422738938
1.180581422738938
1.180581422738938
1.180581422738938
1.180581422738938
1.180581422738938
1.180581422738938
1.180581422738938
1.180581422738938
1.180581422738938
1.180581422738938
1.180581422738938
1.180581422738938
1.180581422738938
1.180581422738938
1.180581422738938
1.180581422738938
1.180581422738938
1.180581422738938
1.180581422738938
1.180581422738938
1.180581422738938
1.180581422738938
1.180581422738938
1.180581422738938
1.180581422738938
1.180581422738938
1.180581422738938
1.180581422738938
1.180581422738938
1.180581422738938
1.180581422738938
1.180581422738938
1.180581422738938
1.180581422738938
1.180581422738938
1.180581422738938
1.180581422738938
1.180581422738938
1.180581422738938
1.180581422738938
1.180581422738938
1.180581422738938
1.180581422738938
1.180581422738938
1.180581422738938
1.180581422738938
1.180581422738938
1.180581422738938
1.180581422738938
1.180581422738938
1.180581422738938
1.180581422738938
1.180581422738938
1.180581422738938
1.180581422738938
1.180581422738938
1.180581422738938
1.180581422738938
1.180581422738938
1.180581422738938
1.180581422738938
1.180581422738938
1.180581422738938
1.180581422738938
1.180581422738938
1.180581422738938
1.180581422738938
1.180581422738938
1.180581422738938
1.180581422738938
1.180581422738938
1.180581422738938
1.180581422738938
1.180581422738938
1.180581422738938
1.180581422738938
1.180581422738938
1.180581422738938
1.180581422738938
1.180581422738938
1.180581422738938
1.180581422738938
1.180581422738938
1.180581422738938
1.180581422738938
1.180581422738938
1.180581422738938
1.180581422738938
1.180581422738938
1.180581422738938
1.180581422738938
1.180581422738938
1.180581422738938
1.180581422738938
1.180581422738938
1.180581422738938
1.180581422738938
1.180581422738938
1.180581422738938
1.180581422738938
1.180581422738938
1.180581422738938
1.180581422738938
1.180581422738938
1.180581422738938
1.180581422738938
1.180581422738938
1.180581422738938
1.180581422738938
1.180581422738938
1.180581422738938
1.180581422738938
1.180581422738938
1.180581422738938
1.180581422738938
1.180581422738938
1.180581422738938
1.180581422738938
1.180581422738938
1.180581422738938
1.180581422738938
1.180581422738938
1.180581422738938
1.180581422738938
1.180581422738938
1.180581422738938
1.180581422738938
1.180581422738938
1.180581422738938
1.180581422738938
1.180581422738938
1.180581422738938
1.180581422738938
1.180581422738938
1.180581422738938
1.180581422738938
1.180581422738938
1.180581422738938
1.180581422738938
1.180581422738938
1.180581422738938
1.180581422738938
1.180581422738938
1.180581422738938
1.180581422738938
1.180581422738938
1.180581422738938
1.180581422738938
1.180581422738938
1.180581422738938
1.180581422738938
1.180581422738938
1.180581422738938
1.180581422738938
1.180581422738938
1.180581422738938
1.180581422738938
1.180581422738938
1.180581422738938
1.180581422738938
1.180581422738938
1.180581422738938
1.180581422738938
1.180581422738938
1.180581422738938
1.180581422738938
1.180581422738938
1.180581422738938
1.180581422738938
1.180581422738938
1.180581422738938
1.180581422738938
1.180581422738938
1.180581422738938
1.180581422738938
1.180581422738938
1.180581422738938
1.180581422738938
1.180581422738938
1.180581422738938
1.180581422738938
1.180581422738938
1.180581422738938
1.180581422738938
1.180581422738938
1.180581422738938
1.180581422738938
1.180581422738938
1.180581422738938
1.180581422738938
1.180581422738938
1.180581422738938
1.180581422738938
1.180581422738938
1.180581422738938
1.180581422738938
1.180581422738938
1.180581422738938
1.180581422738938
1.180581422738938
1.180581422738938
1.180581422738938
1.180581422738938
1.180581422738938
1.180581422738938
1.180581422738938
1.180581422738938
1.180581422738938
1.180581422738938
1.180581422738938
1.180581422738938
1.180581422738938
1.180581422738938
1.180581422738938
1.180581422738938
1.180581422738938
1.180581422738938
1.180581422738938
1.180581422738938
1.180581422738938
1.180581422738938
1.180581422738938
1.180581422738938
1.180581422738938
1.180581422738938
1.180581422738938
1.180581422738938
1.180581422738938
1.180581422738938
1.180581422738938
1.180581422738938
1.180581422738938
1.180581422738938
1.180581422738938
1.180581422738938
1.180581422738938
1.180581422738938
1.180581422738938
1.180581422738938
1.180581422738938
1.180581422738938
1.180581422738938
1.180581422738938
1.180581422738938
1.180581422738938
1.180581422738938
1.180581422738938
1.180581422738938
1.180581422738938
1.180581422738938
1.180581422738938
1.180581422738938
1.180581422738938
1.180581422738938
1.180581422738938
1.180581422738938
1.180581422738938
1.180581422738938
1.180581422738938
1.180581422738938
1.180581422738938
1.180581422738938
1.180581422738938
1.180581422738938
1.180581422738938
1.180581422738938
1.180581422738938
1.180581422738938
1.180581422738938
1.180581422738938
1.180581422738938
1.180581422738938
1.180581422738938
1.180581422738938
1.180581422738938
1.180581422738938
1.180581422738938
1.180581422738938
1.180581422738938
1.180581422738938
1.180581422738938
1.180581422738938
1.180581422738938
1.180581422738938
1.180581422738938
1.180581422738938
1.180581422738938
1.180581422738938
1.180581422738938
1.180581422738938
1.180581422738938
1.180581422738938
1.180581422738938
1.180581422738938
1.180581422738938
1.180581422738938
1.180581422738938
1.180581422738938
1.180581422738938
1.180581422738938
1.180581422738938
1.180581422738938
1.180581422738938
1.180581422738938
1.180581422738938
1.180581422738938
1.180581422738938
1.180581422738938
1.180581422738938
1.180581422738938
1.180581422738938
1.180581422738938
1.180581422738938
1.180581422738938
1.180581422738938
1.180581422738938
1.180581422738938
1.180581422738938
1.180581422738938
1.180581422738938
1.180581422738938
1.180581422738938
1.180581422738938
1.180581422738938
1.180581422738938
1.180581422738938
1.180581422738938
1.180581422738938
1.180581422738938
1.180581422738938
1.180581422738938
1.180581422738938
1.180581422738938
1.180581422738938
1.180581422738938
1.180581422738938
1.180581422738938
1.180581422738938
1.180581422738938
1.180581422738938
1.180581422738938
1.180581422738938
1.180581422738938
1.180581422738938
1.180581422738938
1.180581422738938
1.180581422738938
1.180581422738938
1.180581422738938
1.180581422738938
1.180581422738938
1.180581422738938
1.180581422738938
1.180581422738938
1.180581422738938
1.180581422738938
1.180581422738938
1.180581422738938
1.180581422738938
1.180581422738938
1.180581422738938
1.180581422738938
1.180581422738938
1.180581422738938
1.180581422738938
1.180581422738938
1.180581422738938
1.180581422738938
1.180581422738938
1.180581422738938
1.180581422738938
1.180581422738938
1.180581422738938
1.180581422738938
1.180581422738938
1.180581422738938
1.180581422738938
1.180581422738938
1.180581422738938
1.180581422738938
1.180581422738938
1.180581422738938
1.180581422738938
1.180581422738938
1.180581422738938
1.180581422738938
1.180581422738938
1.180581422738938
1.180581422738938
1.180581422738938
1.180581422738938
1.180581422738938
1.180581422738938
1.180581422738938
1.180581422738938
1.180581422738938
1.180581422738938
1.180581422738938
1.180581422738938
1.180581422738938
1.180581422738938
1.180581422738938
1.180581422738938
1.180581422738938
1.180581422738938
1.180581422738938
1.180581422738938
1.180581422738938
1.180581422738938
1.180581422738938
1.180581422738938
1.180581422738938
1.180581422738938
1.180581422738938
1.180581422738938
1.180581422738938
1.180581422738938
1.180581422738938
1.180581422738938
1.180581422738938
1.180581422738938
1.180581422738938
1.180581422738938
1.180581422738938
1.180581422738938
1.180581422738938
1.180581422738938
1.180581422738938
1.180581422738938
1.180581422738938
1.180581422738938
1.180581422738938
1.180581422738938
1.180581422738938
1.180581422738938
1.180581422738938
1.180581422738938
1.180581422738938
1.180581422738938
1.180581422738938
1.180581422738938
1.180581422738938
1.180581422738938
1.180581422738938
1.180581422738938
1.180581422738938
1.180581422738938
1.180581422738938
1.180581422738938
1.180581422738938
1.180581422738938
1.180581422738938
1.180581422738938
1.180581422738938
1.180581422738938
1.180581422738938
1.180581422738938
1.180581422738938
1.180581422738938
1.180581422738938
1.180581422738938
1.180581422738938
1.180581422738938
1.180581422738938
1.180581422738938
1.180581422738938
1.180581422738938
1.180581422738938
1.180581422738938
1.180581422738938
1.180581422738938
1.180581422738938
1.180581422738938
1.180581422738938
1.180581422738938
1.180581422738938
1.180581422738938
1.180581422738938
1.180581422738938
1.180581422738938
1.180581422738938
1.180581422738938
1.180581422738938
1.180581422738938
1.180581422738938
1.180581422738938
1.180581422738938
1.180581422738938
1.180581422738938
1.180581422738938
1.180581422738938
1.180581422738938
1.180581422738938
1.180581422738938
1.180581422738938
1.180581422738938
1.180581422738938
1.180581422738938
1.180581422738938
1.180581422738938
1.180581422738938
1.180581422738938
1.180581422738938
1.180581422738938
1.180581422738938
1.180581422738938
1.180581422738938
1.180581422738938
1.180581422738938
1.180581422738938
1.180581422738938
1.180581422738938
1.180581422738938
1.180581422738938
1.180581422738938
1.180581422738938
1.180581422738938
1.180581422738938
1.180581422738938
1.180581422738938
1.180581422738938
1.180581422738938
1.180581422738938
1.180581422738938
1.180581422738938
1.180581422738938
1.180581422738938
1.180581422738938
1.180581422738938
1.180581422738938
1.180581422738938
1.180581422738938
1.180581422738938
1.180581422738938
1.180581422738938
1.180581422738938
1.180581422738938
1.180581422738938
1.180581422738938
1.180581422738938
1.180581422738938
1.180581422738938
1.180581422738938
1.180581422738938
1.180581422738938
1.180581422738938
1.180581422738938
1.180581422738938
1.180581422738938
1.180581422738938
1.180581422738938
1.180581422738938
1.180581422738938
1.180581422738938
1.180581422738938
1.180581422738938
1.180581422738938
1.180581422738938
1.180581422738938
1.180581422738938
1.180581422738938
1.180581422738938
1.180581422738938
1.180581422738938
1.180581422738938
1.180581422738938
1.180581422738938
1.180581422738938
1.180581422738938
1.180581422738938
1.180581422738938
1.180581422738938
1.180581422738938
1.180581422738938
1.180581422738938
1.180581422738938
1.180581422738938
1.180581422738938
1.180581422738938
1.180581422738938
1.180581422738938
1.180581422738938
1.180581422738938
1.180581422738938
1.180581422738938
1.180581422738938
1.180581422738938
1.180581422738938
1.180581422738938
1.180581422738938
1.180581422738938
1.180581422738938
1.180581422738938
1.180581422738938
1.180581422738938
1.180581422738938
1.180581422738938
1.180581422738938
1.180581422738938
1.180581422738938
1.180581422738938
1.180581422738938
1.180581422738938
1.180581422738938
1.180581422738938
1.180581422738938
1.180581422738938
1.180581422738938
1.180581422738938
1.180581422738938
1.180581422738938
1.180581422738938
1.180581422738938
1.180581422738938
1.180581422738938
1.180581422738938
1.180581422738938
1.180581422738938
1.180581422738938
1.180581422738938
1.180581422738938
1.180581422738938
1.180581422738938
1.180581422738938
1.180581422738938
1.180581422738938
1.180581422738938
1.180581422738938
1.180581422738938
1.180581422738938
1.180581422738938
1.180581422738938
1.180581422738938
1.180581422738938
1.180581422738938
1.180581422738938
1.180581422738938
1.180581422738938
1.180581422738938
1.180581422738938
1.180581422738938
1.180581422738938
1.180581422738938
1.180581422738938
1.180581422738938
1.180581422738938
1.180581422738938
1.180581422738938
1.180581422738938
1.180581422738938
1.180581422738938
1.180581422738938
1.180581422738938
1.180581422738938
1.180581422738938
1.180581422738938
1.180581422738938
1.180581422738938
1.180581422738938
1.180581422738938
1.180581422738938
1.180581422738938
1.180581422738938
1.180581422738938
1.180581422738938
1.180581422738938
1.180581422738938
1.180581422738938
1.180581422738938
1.180581422738938
1.180581422738938
1.180581422738938
1.180581422738938
1.180581422738938
1.180581422738938
1.180581422738938
1.180581422738938
1.180581422738938
1.180581422738938
1.180581422738938
1.180581422738938
1.180581422738938
1.180581422738938
1.180581422738938
1.180581422738938
1.180581422738938
1.180581422738938
1.180581422738938
1.180581422738938
1.180581422738938
1.180581422738938
1.180581422738938
1.180581422738938
1.180581422738938
1.180581422738938
1.180581422738938
1.180581422738938
1.180581422738938
1.180581422738938
1.180581422738938
1.180581422738938
1.180581422738938
1.180581422738938
1.180581422738938
1.180581422738938
1.180581422738938
1.180581422738938
1.180581422738938
1.180581422738938
1.180581422738938
1.180581422738938
1.180581422738938
1.180581422738938
1.180581422738938
1.180581422738938
1.180581422738938
1.180581422738938
1.180581422738938
1.180581422738938
1.180581422738938
1.180581422738938
1.180581422738938
1.180581422738938
1.180581422738938
1.180581422738938
1.180581422738938
1.180581422738938
1.180581422738938
1.180581422738938
1.180581422738938
1.180581422738938
1.180581422738938
1.180581422738938
1.180581422738938
1.180581422738938
1.180581422738938
1.180581422738938
1.180581422738938
1.180581422738938
1.180581422738938
1.180581422738938
1.180581422738938
1.180581422738938
1.180581422738938
1.180581422738938
1.180581422738938
1.180581422738938
1.180581422738938
1.180581422738938
1.180581422738938
1.180581422738938
1.180581422738938
1.180581422738938
1.180581422738938
1.180581422738938
1.180581422738938
1.180581422738938
1.180581422738938
1.180581422738938
1.180581422738938
1.180581422738938
1.180581422738938
1.180581422738938
1.180581422738938
1.180581422738938
1.180581422738938
1.180581422738938
1.180581422738938
1.180581422738938
1.180581422738938
1.180581422738938
1.180581422738938
1.180581422738938
1.180581422738938
1.180581422738938
1.180581422738938
1.180581422738938
1.180581422738938
1.180581422738938
1.180581422738938
1.180581422738938
1.180581422738938
1.180581422738938
1.180581422738938
1.180581422738938
1.180581422738938
1.180581422738938
1.180581422738938
1.180581422738938
1.180581422738938
1.180581422738938
1.180581422738938
1.180581422738938
1.180581422738938
1.180581422738938
1.180581422738938
1.180581422738938
1.180581422738938
1.180581422738938
1.180581422738938
1.180581422738938
1.180581422738938
1.180581422738938
1.180581422738938
1.180581422738938
1.180581422738938
1.180581422738938
1.180581422738938
1.180581422738938
1.180581422738938
1.180581422738938
1.180581422738938
1.180581422738938
1.180581422738938
1.180581422738938
1.180581422738938
1.180581422738938
1.180581422738938
1.180581422738938
1.180581422738938
1.180581422738938
1.180581422738938
1.180581422738938
1.180581422738938
1.180581422738938
1.180581422738938
1.1771701318795484
1.1771701318795484
1.1771701318795484
1.1771701318795484
1.1771701318795484
1.1771701318795484
1.1771701318795484
1.1771701318795484
1.1771701318795484
1.1771701318795484
1.1771701318795484
1.1771701318795484
1.1771701318795484
1.1771701318795484
1.1771701318795484
1.1771701318795484
1.1771701318795484
1.1771701318795484
1.1771701318795484
1.1771701318795484
1.1771701318795484
1.1771701318795484
1.1771701318795484
1.1771701318795484
1.1771701318795484
1.1771701318795484
1.1771701318795484
1.1771701318795484
1.1771701318795484
1.1771701318795484
1.1771701318795484
1.1771701318795484
1.1771701318795484
1.1771701318795484
1.1771701318795484
1.1771701318795484
1.1771701318795484
1.1771701318795484
1.1771701318795484
1.1771701318795484
1.1771701318795484
1.1771701318795484
1.1771701318795484
1.1771701318795484
1.1771701318795484
1.1771701318795484
1.1771701318795484
1.1771701318795484
1.1771701318795484
1.1771701318795484
1.1771701318795484
1.1771701318795484
1.1771701318795484
1.1771701318795484
1.1771701318795484
1.1771701318795484
1.1771701318795484
1.1771701318795484
1.1771701318795484
1.1771701318795484
1.1771701318795484
1.1771701318795484
1.1771701318795484
1.1771701318795484
1.1771701318795484
1.1771701318795484
1.1771701318795484
1.1771701318795484
1.1771701318795484
1.1771701318795484
1.1771701318795484
1.1771701318795484
1.1771701318795484
1.1771701318795484
1.1771701318795484
1.1771701318795484
1.1771701318795484
1.1771701318795484
1.1771701318795484
1.1771701318795484
1.1771701318795484
1.1771701318795484
1.1771701318795484
1.1771701318795484
1.1771701318795484
1.1771701318795484
1.1771701318795484
1.1771701318795484
1.1771701318795484
1.1771701318795484
1.1771701318795484
1.1771701318795484
1.1771701318795484
1.1771701318795484
1.1771701318795484
1.1771701318795484
1.1771701318795484
1.1771701318795484
1.1771701318795484
1.1771701318795484
1.1771701318795484
1.1771701318795484
1.1771701318795484
1.1771701318795484
1.1771701318795484
1.1771701318795484
1.1771701318795484
1.1771701318795484
1.1771701318795484
1.1771701318795484
1.1771701318795484
1.1771701318795484
1.1771701318795484
1.1771701318795484
1.1771701318795484
1.1771701318795484
1.1771701318795484
1.1771701318795484
1.1771701318795484
1.1771701318795484
1.1771701318795484
1.1771701318795484
1.1771701318795484
1.1771701318795484
1.1771701318795484
1.1771701318795484
1.1771701318795484
1.1771701318795484
1.1771701318795484
1.1771701318795484
1.1771701318795484
1.1771701318795484
1.1771701318795484
1.1771701318795484
1.1771701318795484
1.1771701318795484
1.1771701318795484
1.1771701318795484
1.1771701318795484
1.1771701318795484
1.1771701318795484
1.1771701318795484
1.1771701318795484
1.1771701318795484
1.1771701318795484
1.1771701318795484
1.1771701318795484
1.1771701318795484
1.1771701318795484
1.1771701318795484
1.1771701318795484
1.1771701318795484
1.1771701318795484
1.1771701318795484
1.1771701318795484
1.1771701318795484
1.1771701318795484
1.1771701318795484
1.1771701318795484
1.1771701318795484
1.1771701318795484
1.1771701318795484
1.1771701318795484
1.1771701318795484
1.1771701318795484
1.1771701318795484
1.1771701318795484
1.1771701318795484
1.1771701318795484
1.1771701318795484
1.1771701318795484
1.1771701318795484
1.1771701318795484
1.1771701318795484
1.1771701318795484
1.1771701318795484
1.1771701318795484
1.1771701318795484
1.1771701318795484
1.1771701318795484
1.1771701318795484
1.1771701318795484
1.1771701318795484
1.1771701318795484
1.1771701318795484
1.1771701318795484
1.1771701318795484
1.1771701318795484
1.1771701318795484
1.1771701318795484
1.1771701318795484
1.1771701318795484
1.1771701318795484
1.1771701318795484
1.1771701318795484
1.1771701318795484
1.1771701318795484
1.1771701318795484
1.1771701318795484
1.1771701318795484
1.1771701318795484
1.1771701318795484
1.1771701318795484
1.1771701318795484
1.1771701318795484
1.1771701318795484
1.1771701318795484
1.1771701318795484
1.1771701318795484
1.1771701318795484
1.1771701318795484
1.1771701318795484
1.1771701318795484
1.1771701318795484
1.1771701318795484
1.1771701318795484
1.1771701318795484
1.1771701318795484
1.1771701318795484
1.1771701318795484
1.1771701318795484
1.1771701318795484
1.1771701318795484
1.1771701318795484
1.1771701318795484
1.1771701318795484
1.1771701318795484
1.1771701318795484
1.1771701318795484
1.1771701318795484
1.1771701318795484
1.1771701318795484
1.1771701318795484
1.1771701318795484
1.1771701318795484
1.1771701318795484
1.1771701318795484
1.1771701318795484
1.1771701318795484
1.1771701318795484
1.1771701318795484
1.1771701318795484
1.1771701318795484
1.1771701318795484
1.1771701318795484
1.1771701318795484
1.1771701318795484
1.1771701318795484
1.1771701318795484
1.1771701318795484
1.1771701318795484
1.1771701318795484
1.1771701318795484
1.1771701318795484
1.1771701318795484
1.1771701318795484
1.1771701318795484
1.1771701318795484
1.1771701318795484
1.1771701318795484
1.1771701318795484
1.1771701318795484
1.1771701318795484
1.1771701318795484
1.1771701318795484
1.1771701318795484
1.1771701318795484
1.1771701318795484
1.1771701318795484
1.1771701318795484
1.1771701318795484
1.1771701318795484
1.1771701318795484
1.1771701318795484
1.1771701318795484
1.1771701318795484
1.1771701318795484
1.1771701318795484
1.1771701318795484
1.1771701318795484
1.1771701318795484
1.1771701318795484
1.1771701318795484
1.1771701318795484
1.1771701318795484
1.1771701318795484
1.1771701318795484
1.1771701318795484
1.1771701318795484
1.1771701318795484
1.1771701318795484
1.1771701318795484
1.1771701318795484
1.1771701318795484
1.1771701318795484
1.1771701318795484
1.1771701318795484
1.1771701318795484
1.1771701318795484
1.1771701318795484
1.1771701318795484
1.1771701318795484
1.1771701318795484
1.1771701318795484
1.1771701318795484
1.1771701318795484
1.1771701318795484
1.1771701318795484
1.1771701318795484
1.1771701318795484
1.1771701318795484
1.1771701318795484
1.1771701318795484
1.1771701318795484
1.1771701318795484
1.1771701318795484
1.1771701318795484
1.1771701318795484
1.1771701318795484
1.1771701318795484
1.1771701318795484
1.1771701318795484
1.1771701318795484
1.1771701318795484
1.1771701318795484
1.1771701318795484
1.1771701318795484
1.1771701318795484
1.1771701318795484
1.1771701318795484
1.1771701318795484
1.1771701318795484
1.1771701318795484
1.1771701318795484
1.1771701318795484
1.1771701318795484
1.1771701318795484
1.1771701318795484
1.1771701318795484
1.1771701318795484
1.1771701318795484
1.1771701318795484
1.1771701318795484
1.1771701318795484
1.1771701318795484
1.1771701318795484
1.1771701318795484
1.1771701318795484
1.1771701318795484
1.1771701318795484
1.1771701318795484
1.1771701318795484
1.1771701318795484
1.1771701318795484
1.1771701318795484
1.1771701318795484
1.1771701318795484
1.1771701318795484
1.1771701318795484
1.1771701318795484
1.1771701318795484
1.1771701318795484
1.1771701318795484
1.1771701318795484
1.1771701318795484
1.1771701318795484
1.1771701318795484
1.1771701318795484
1.1771701318795484
1.1771701318795484
1.1771701318795484
1.1771701318795484
1.1771701318795484
1.1771701318795484
1.1771701318795484
1.1771701318795484
1.1771701318795484
1.1771701318795484
1.1771701318795484
1.1771701318795484
1.1771701318795484
1.1771701318795484
1.1771701318795484
1.1771701318795484
1.1771701318795484
1.1771701318795484
1.1771701318795484
1.1771701318795484
1.1771701318795484
1.1771701318795484
1.1771701318795484
1.1771701318795484
1.1771701318795484
1.1771701318795484
1.1771701318795484
1.1771701318795484
1.1771701318795484
1.1771701318795484
1.1771701318795484
1.1771701318795484
1.1771701318795484
1.1771701318795484
1.1771701318795484
1.1771701318795484
1.1771701318795484
1.1771701318795484
1.1771701318795484
1.1771701318795484
1.1771701318795484
1.1771701318795484
1.1771701318795484
1.1771701318795484
1.1771701318795484
1.1771701318795484
1.1771701318795484
1.1771701318795484
1.1771701318795484
1.1771701318795484
1.1771701318795484
1.1771701318795484
1.1771701318795484
1.1771701318795484
1.1771701318795484
1.1771701318795484
1.1771701318795484
1.1771701318795484
1.1771701318795484
1.1771701318795484
1.1771701318795484
1.1771701318795484
1.1771701318795484
1.1771701318795484
1.1771701318795484
1.1771701318795484
1.1771701318795484
1.1771701318795484
1.1771701318795484
1.1771701318795484
1.1771701318795484
1.1771701318795484
1.1771701318795484
1.1771701318795484
1.1771701318795484
1.1771701318795484
1.1771701318795484
1.1771701318795484
1.1771701318795484
1.1771701318795484
1.1771701318795484
1.1771701318795484
1.1771701318795484
1.1771701318795484
1.1771701318795484
1.1771701318795484
1.1771701318795484
1.1771701318795484
1.1771701318795484
1.1771701318795484
1.1771701318795484
1.1771701318795484
1.1771701318795484
1.1771701318795484
1.1771701318795484
1.1771701318795484
1.1771701318795484
1.1771701318795484
1.1771701318795484
1.1771701318795484
1.1771701318795484
1.1771701318795484
1.1771701318795484
1.1771701318795484
1.1771701318795484
1.1771701318795484
1.1771701318795484
1.1771701318795484
1.1771701318795484
1.1771701318795484
1.1771701318795484
1.1771701318795484
1.1771701318795484
1.1771701318795484
1.1771701318795484
1.1771701318795484
1.1771701318795484
1.1771701318795484
1.1771701318795484
1.1771701318795484
1.1771701318795484
1.1771701318795484
1.1771701318795484
1.1771701318795484
1.1771701318795484
1.1771701318795484
1.1771701318795484
1.1771701318795484
1.1771701318795484
1.1771701318795484
1.1771701318795484
1.1771701318795484
1.1771701318795484
1.1771701318795484
1.1771701318795484
1.1771701318795484
1.1771701318795484
1.1771701318795484
1.1771701318795484
1.1771701318795484
1.1771701318795484
1.1771701318795484
1.1771701318795484
1.1771701318795484
1.1771701318795484
1.1771701318795484
1.1771701318795484
1.1771701318795484
1.1771701318795484
1.1771701318795484
1.1771701318795484
1.1771701318795484
1.1771701318795484
1.1771701318795484
1.1771701318795484
1.1771701318795484
1.1771701318795484
1.1771701318795484
1.1771701318795484
1.1771701318795484
1.1771701318795484
1.1771701318795484
1.1771701318795484
1.1771701318795484
1.1771701318795484
1.1771701318795484
1.1771701318795484
1.1771701318795484
1.1771701318795484
1.1771701318795484
1.1771701318795484
1.1771701318795484
1.1771701318795484
1.1771701318795484
1.1771701318795484
1.1771701318795484
1.1771701318795484
1.1771701318795484
1.1771701318795484
1.1771701318795484
1.1771701318795484
1.1771701318795484
1.1771701318795484
1.1771701318795484
1.1771701318795484
1.1771701318795484
1.1771701318795484
1.1771701318795484
1.1771701318795484
1.1771701318795484
1.1771701318795484
1.1771701318795484
1.1771701318795484
1.1771701318795484
1.1771701318795484
1.1771701318795484
1.1771701318795484
1.1771701318795484
1.1771701318795484
1.1771701318795484
1.1771701318795484
1.1771701318795484
1.1771701318795484
1.1771701318795484
1.1771701318795484
1.1771701318795484
1.1771701318795484
1.1771701318795484
1.1771701318795484
1.1771701318795484
1.1771701318795484
1.1771701318795484
1.1771701318795484
1.1771701318795484
1.1771701318795484
1.1771701318795484
1.1771701318795484
1.1771701318795484
1.1771701318795484
1.1771701318795484
1.1771701318795484
1.1771701318795484
1.1771701318795484
1.1771701318795484
1.1771701318795484
1.1771701318795484
1.1771701318795484
1.1771701318795484
1.1771701318795484
1.1771701318795484
1.1771701318795484
1.1771701318795484
1.1771701318795484
1.1771701318795484
1.1771701318795484
1.1771701318795484
1.1771701318795484
1.1771701318795484
1.1771701318795484
1.1771701318795484
1.1771701318795484
1.1771701318795484
1.1771701318795484
1.1771701318795484
1.1771701318795484
1.1771701318795484
1.1771701318795484
1.1771701318795484
1.1771701318795484
1.1771701318795484
1.1771701318795484
1.1771701318795484
1.1771701318795484
1.1771701318795484
1.1771701318795484
1.1771701318795484
1.1771701318795484
1.1771701318795484
1.1771701318795484
1.1771701318795484
1.1771701318795484
1.1771701318795484
1.1771701318795484
1.1771701318795484
1.1771701318795484
1.1771701318795484
1.1771701318795484
1.1771701318795484
1.1771701318795484
1.1771701318795484
1.1771701318795484
1.1771701318795484
1.1771701318795484
1.1771701318795484
1.1771701318795484
1.1771701318795484
1.1771701318795484
1.1771701318795484
1.1771701318795484
1.1771701318795484
1.1771701318795484
1.1771701318795484
1.1771701318795484
1.1771701318795484
1.1771701318795484
1.1771701318795484
1.1771701318795484
1.1771701318795484
1.1771701318795484
1.1771701318795484
1.1771701318795484
1.1771701318795484
1.1771701318795484
1.1771701318795484
1.1771701318795484
1.1771701318795484
1.1771701318795484
1.1771701318795484
1.1771701318795484
1.1771701318795484
1.1771701318795484
1.1771701318795484
1.1771701318795484
1.1771701318795484
1.1771701318795484
1.1771701318795484
1.1771701318795484
1.1771701318795484
1.1771701318795484
1.1771701318795484
1.1771701318795484
1.1771701318795484
1.1771701318795484
1.1771701318795484
1.1771701318795484
1.1771701318795484
1.1771701318795484
1.1771701318795484
1.1771701318795484
1.1771701318795484
1.1771701318795484
1.1771701318795484
1.1771701318795484
1.1771701318795484
1.1771701318795484
1.1771701318795484
1.1771701318795484
1.1771701318795484
1.1771701318795484
1.1771701318795484
1.1771701318795484
1.1771701318795484
1.1771701318795484
1.1771701318795484
1.1771701318795484
1.1771701318795484
1.1771701318795484
1.1771701318795484
1.1771701318795484
1.1771701318795484
1.1771701318795484
1.1771701318795484
1.1771701318795484
1.1771701318795484
1.1771701318795484
1.1771701318795484
1.1771701318795484
1.1771701318795484
1.1771701318795484
1.1771701318795484
1.1771701318795484
1.1771701318795484
1.1771701318795484
1.1771701318795484
1.1771701318795484
1.1771701318795484
1.1771701318795484
1.1771701318795484
1.1771701318795484
1.1771701318795484
1.1771701318795484
1.1771701318795484
1.1771701318795484
1.1771701318795484
1.1771701318795484
1.1771701318795484
1.1771701318795484
1.1771701318795484
1.1771701318795484
1.1771701318795484
1.1771701318795484
1.1771701318795484
1.1771701318795484
1.1771701318795484
1.1771701318795484
1.1771701318795484
1.1771701318795484
1.1771701318795484
1.1771701318795484
1.1771701318795484
1.1771701318795484
1.1771701318795484
1.1771701318795484
1.1771701318795484
1.1771701318795484
1.1771701318795484
1.1771701318795484
1.1771701318795484
1.1771701318795484
1.1771701318795484
1.1771701318795484
1.1771701318795484
1.1771701318795484
1.1771701318795484
1.1771701318795484
1.1771701318795484
1.1771701318795484
1.1771701318795484
1.1771701318795484
1.1771701318795484
1.1771701318795484
1.1771701318795484
1.1771701318795484
1.1771701318795484
1.1771701318795484
1.1771701318795484
1.1771701318795484
1.1771701318795484
1.1771701318795484
1.1771701318795484
1.1771701318795484
1.1771701318795484
1.1771701318795484
1.1771701318795484
1.1771701318795484
1.1771701318795484
1.1771701318795484
1.1771701318795484
1.1771701318795484
1.1771701318795484
1.1771701318795484
1.1771701318795484
1.1771701318795484
1.1771701318795484
1.1771701318795484
1.1771701318795484
1.1771701318795484
1.1771701318795484
1.1771701318795484
1.1771701318795484
1.1771701318795484
1.1771701318795484
1.1771701318795484
1.1771701318795484
1.1771701318795484
1.1771701318795484
1.1771701318795484
1.1771701318795484
1.1771701318795484
1.1771701318795484
1.1771701318795484
1.1771701318795484
1.1771701318795484
1.1771701318795484
1.1771701318795484
1.1771701318795484
1.1771701318795484
1.1771701318795484
1.1771701318795484
1.1771701318795484
1.1771701318795484
1.1771701318795484
1.1771701318795484
1.1771701318795484
1.1771701318795484
1.1771701318795484
1.1771701318795484
1.1771701318795484
1.1771701318795484
1.1771701318795484
1.1771701318795484
1.1771701318795484
1.1771701318795484
1.1771701318795484
1.1771701318795484
1.1771701318795484
1.1771701318795484
1.1771701318795484
1.1771701318795484
1.1771701318795484
1.1771701318795484
1.1771701318795484
1.1771701318795484
1.1771701318795484
1.1771701318795484
1.1771701318795484
1.1771701318795484
1.1771701318795484
1.1771701318795484
1.1771701318795484
1.1771701318795484
1.1771701318795484
1.1771701318795484
1.1771701318795484
1.1771701318795484
1.1771701318795484
1.1771701318795484
1.1771701318795484
1.1771701318795484
1.1771701318795484
1.1771701318795484
1.1771701318795484
1.1771701318795484
1.1771701318795484
1.1771701318795484
1.1771701318795484
1.1771701318795484
1.1771701318795484
1.1771701318795484
1.1771701318795484
1.1771701318795484
1.1771701318795484
1.1771701318795484
1.1771701318795484
1.1771701318795484
1.1771701318795484
1.1771701318795484
1.1771701318795484
1.1771701318795484
1.1771701318795484
1.1771701318795484
1.1771701318795484
1.1771701318795484
1.1771701318795484
1.1771701318795484
1.1771701318795484
1.1771701318795484
1.1771701318795484
1.1771701318795484
1.1771701318795484
1.1771701318795484
1.1771701318795484
1.1771701318795484
1.1771701318795484
1.1771701318795484
1.1771701318795484
1.1771701318795484
1.1771701318795484
1.1771701318795484
1.1771701318795484
1.1771701318795484
1.1771701318795484
1.1771701318795484
1.1771701318795484
1.1771701318795484
1.1771701318795484
1.1771701318795484
1.1771701318795484
1.1771701318795484
1.1771701318795484
1.1771701318795484
1.1771701318795484
1.1771701318795484
1.1771701318795484
1.1771701318795484
1.1771701318795484
1.1771701318795484
1.1771701318795484
1.1771701318795484
1.1771701318795484
1.1771701318795484
1.1771701318795484
1.1771701318795484
1.1771701318795484
1.1771701318795484
1.1771701318795484
1.1771701318795484
1.1771701318795484
1.1771701318795484
1.1771701318795484
1.1771701318795484
1.1771701318795484
1.1771701318795484
1.1771701318795484
1.1771701318795484
1.1771701318795484
1.1771701318795484
1.1771701318795484
1.1771701318795484
1.1771701318795484
1.1771701318795484
1.1771701318795484
1.1771701318795484
1.1771701318795484
1.1771701318795484
1.1771701318795484
1.1771701318795484
1.1771701318795484
1.1771701318795484
1.1771701318795484
1.1771701318795484
1.1771701318795484
1.1771701318795484
1.1771701318795484
1.1771701318795484
1.1771701318795484
1.1771701318795484
1.1771701318795484
1.1771701318795484
1.1771701318795484
1.1771701318795484
1.1771701318795484
1.1771701318795484
1.1771701318795484
1.1771701318795484
1.1771701318795484
1.1771701318795484
1.1771701318795484
1.1771701318795484
1.1771701318795484
1.1771701318795484
1.1771701318795484
1.1771701318795484
1.1771701318795484
1.1771701318795484
1.1771701318795484
1.1771701318795484
1.1771701318795484
1.1771701318795484
1.1771701318795484
1.1771701318795484
1.1771701318795484
1.1771701318795484
1.1771701318795484
1.1771701318795484
1.1771701318795484
1.1771701318795484
1.1771701318795484
1.1771701318795484
1.1771701318795484
1.1771701318795484
1.1771701318795484
1.1771701318795484
1.1771701318795484
1.1771701318795484
1.1771701318795484
1.1771701318795484
1.1771701318795484
1.1771701318795484
1.1771701318795484
1.1771701318795484
1.1771701318795484
1.1771701318795484
1.1771701318795484
1.1771701318795484
1.1771701318795484
1.1771701318795484
1.1771701318795484
1.1771701318795484
1.1771701318795484
1.1771701318795484
1.1771701318795484
1.1771701318795484
1.1771701318795484
1.1771701318795484
1.1771701318795484
1.1771701318795484
1.1771701318795484
1.1771701318795484
1.1771701318795484
1.1771701318795484
1.1771701318795484
1.1771701318795484
1.1771701318795484
1.1771701318795484
1.1771701318795484
1.1771701318795484
1.1771701318795484
1.1771701318795484
1.1771701318795484
1.1771701318795484
1.1771701318795484
1.1771701318795484
1.1771701318795484
1.1771701318795484
1.1771701318795484
1.1771701318795484
1.1771701318795484
1.1771701318795484
1.1771701318795484
1.1771701318795484
1.1771701318795484
1.1771701318795484
1.1771701318795484
1.1771701318795484
1.1771701318795484
1.1771701318795484
1.1771701318795484
1.1771701318795484
1.1771701318795484
1.1771701318795484
1.1771701318795484
1.1771701318795484
1.1771701318795484
1.1771701318795484
1.1771701318795484
1.1771701318795484
1.1771701318795484
1.1771701318795484
1.1771701318795484
1.1771701318795484
1.1771701318795484
1.1771701318795484
1.1771701318795484
1.1771701318795484
1.1771701318795484
1.1771701318795484
1.1771701318795484
1.1771701318795484
1.1771701318795484
1.1771701318795484
1.1771701318795484
1.1771701318795484
1.1771701318795484
1.1771701318795484
1.1771701318795484
1.1771701318795484
1.1771701318795484
1.1771701318795484
1.1771701318795484
1.1771701318795484
1.1771701318795484
1.1771701318795484
1.1771701318795484
1.1771701318795484
1.1771701318795484
1.1771701318795484
1.1771701318795484
1.1771701318795484
1.1771701318795484
1.1771701318795484
1.1771701318795484
1.1771701318795484
1.1771701318795484
1.1771701318795484
1.1771701318795484
1.1771701318795484
1.1771701318795484
1.1771701318795484
1.1771701318795484
1.1771701318795484
1.1771701318795484
1.1771701318795484
1.1771701318795484
1.1771701318795484
1.1771701318795484
1.1771701318795484
1.1771701318795484
1.1771701318795484
1.1771701318795484
1.1771701318795484
1.1771701318795484
1.1771701318795484
1.1771701318795484
1.1771701318795484
1.1771701318795484
1.1771701318795484
1.1771701318795484
1.1771701318795484
1.1771701318795484
1.1771701318795484
1.1771701318795484
1.1771701318795484
1.1771701318795484
1.1771701318795484
1.1771701318795484
1.1771701318795484
1.1771701318795484
1.1771701318795484
1.1771701318795484
1.1771701318795484
1.1771701318795484
1.1771701318795484
1.1771701318795484
1.1771701318795484
1.1771701318795484
1.1771701318795484
1.1771701318795484
1.1771701318795484
1.1771701318795484
1.1771701318795484
1.1771701318795484
1.1771701318795484
1.1771701318795484
1.1771701318795484
1.1771701318795484
1.1771701318795484
1.1771701318795484
1.1771701318795484
1.1771701318795484
1.1771701318795484
1.1771701318795484
1.1771701318795484
1.1771701318795484
1.1771701318795484
1.1771701318795484
1.1771701318795484
1.1771701318795484
1.1771701318795484
1.1771701318795484
1.1771701318795484
1.1771701318795484
1.1771701318795484
1.1771701318795484
1.1771701318795484
1.1771701318795484
1.1771701318795484
1.1771701318795484
1.1771701318795484
1.1771701318795484
1.1771701318795484
1.1771701318795484
1.1771701318795484
1.1771701318795484
1.1771701318795484
1.1771701318795484
1.1771701318795484
1.1771701318795484
1.1771701318795484
1.1771701318795484
1.1771701318795484
1.1771701318795484
1.1771701318795484
1.1771701318795484
1.1771701318795484
1.1771701318795484
1.1771701318795484
1.1771701318795484
1.1771701318795484
1.1771701318795484
1.1771701318795484
1.1771701318795484
1.1771701318795484
1.1771701318795484
1.1771701318795484
1.1771701318795484
1.1771701318795484
1.1771701318795484
1.1771701318795484
1.1771701318795484
1.1771701318795484
1.1771701318795484
1.1771701318795484
1.1771701318795484
1.1771701318795484
1.1771701318795484
1.1771701318795484
1.1771701318795484
1.1771701318795484
1.1771701318795484
1.1771701318795484
1.1771701318795484
1.1771701318795484
1.1771701318795484
1.1771701318795484
1.1771701318795484
1.1771701318795484
1.1771701318795484
1.1771701318795484
1.1771701318795484
1.1771701318795484
1.1771701318795484
1.1771701318795484
1.1771701318795484
1.1771701318795484
1.1771701318795484
1.1771701318795484
1.1771701318795484
1.1771701318795484
1.1771701318795484
1.1771701318795484
1.1771701318795484
1.1771701318795484
1.1771701318795484
1.1771701318795484
1.1771701318795484
1.1771701318795484
1.1771701318795484
1.1771701318795484
1.1771701318795484
1.1771701318795484
1.1771701318795484
1.1771701318795484
1.1771701318795484
1.1771701318795484
1.1771701318795484
1.1771701318795484
1.1771701318795484
1.1771701318795484
1.1771701318795484
1.1771701318795484
1.1771701318795484
1.1771701318795484
1.1771701318795484
1.1771701318795484
1.1771701318795484
1.1771701318795484
1.1771701318795484
1.1771701318795484
1.1771701318795484
1.1771701318795484
1.1771701318795484
1.1771701318795484
1.1771701318795484
1.1771701318795484
1.1771701318795484
1.1771701318795484
1.1771701318795484
1.1771701318795484
1.1771701318795484
1.1771701318795484
1.1771701318795484
1.1771701318795484
1.1771701318795484
1.1771701318795484
1.1771701318795484
1.1771701318795484
1.1771701318795484
1.1771701318795484
1.1771701318795484
1.1771701318795484
1.1771701318795484
1.1771701318795484
1.1771701318795484
1.1771701318795484
1.1771701318795484
1.1771701318795484
1.1771701318795484
1.1771701318795484
1.1771701318795484
1.1771701318795484
1.1771701318795484
1.1771701318795484
1.1771701318795484
1.1771701318795484
1.1771701318795484
1.1771701318795484
1.1771701318795484
1.1771701318795484
1.1771701318795484
1.1771701318795484
1.1771701318795484
1.1771701318795484
1.1771701318795484
1.1771701318795484
1.1771701318795484
1.1771701318795484
1.1771701318795484
1.1771701318795484
1.1771701318795484
1.1771701318795484
1.1771701318795484
1.1771701318795484
1.1771701318795484
1.1771701318795484
1.1771701318795484
1.1771701318795484
1.1771701318795484
1.1771701318795484
1.1771701318795484
1.1771701318795484
1.1771701318795484
1.1771701318795484
1.1771701318795484
1.1771701318795484
1.1771701318795484
1.1771701318795484
1.1771701318795484
1.1771701318795484
1.1771701318795484
1.1771701318795484
1.1771701318795484
1.1771701318795484
1.1771701318795484
1.1771701318795484
1.1771701318795484
1.1771701318795484
1.1771701318795484
1.1771701318795484
1.1771701318795484
1.1771701318795484
1.1771701318795484
1.1771701318795484
1.1771701318795484
1.1771701318795484
1.1771701318795484
1.1771701318795484
1.1771701318795484
1.1771701318795484
1.1771701318795484
1.1771701318795484
1.1771701318795484
1.1771701318795484
1.1771701318795484
1.1771701318795484
1.1771701318795484
1.1771701318795484
1.1771701318795484
1.1771701318795484
1.1771701318795484
1.1771701318795484
1.1771701318795484
1.1771701318795484
1.1771701318795484
1.1771701318795484
1.1771701318795484
1.1771701318795484
1.1771701318795484
1.1771701318795484
1.1771701318795484
1.1771701318795484
1.1771701318795484
1.1771701318795484
1.1771701318795484
1.1771701318795484
1.1771701318795484
1.1771701318795484
1.1771701318795484
1.1771701318795484
1.1771701318795484
1.1771701318795484
1.1771701318795484
1.1771701318795484
1.1771701318795484
1.1771701318795484
1.1771701318795484
1.1771701318795484
1.1771701318795484
1.1771701318795484
1.1771701318795484
1.1771701318795484
1.1771701318795484
1.1771701318795484
1.1771701318795484
1.1771701318795484
1.1771701318795484
1.1771701318795484
1.1771701318795484
1.1771701318795484
1.1771701318795484
1.1771701318795484
1.1771701318795484
1.1771701318795484
1.1771701318795484
1.1771701318795484
