31391.48624653247
31332.343711703885
31332.343711703885
31332.343711703885
31312.473809649306
31097.617467606397
31041.699785154826
30549.53473965477
30549.53473965477
30386.446451146046
30386.446451146046
30085.569690306227
30085.569690306227
30085.569690306227
29530.327346772516
29530.327346772516
29530.327346772516
29530.327346772516
29530.327346772516
29315.679387591263
29315.679387591263
29315.679387591263
28944.51444791534
28547.421894016097
28054.492736428903
28054.492736428903
28054.492736428903
28054.492736428903
27696.866489721273
27696.866489721273
27215.730203719588
27215.730203719588
26970.237359766164
26735.06497388322
26296.26218153289
26296.26218153289
26283.19954796607
26283.19954796607
26283.19954796607
26240.07923478972
25997.59887794015
25997.59887794015
25668.58008627523
25668.58008627523
25668.58008627523
25646.6840288496
25339.944005650384
25009.941856668058
24911.621116105376
24911.621116105376
24567.420408724767
24567.420408724767
24567.420408724767
24443.200983498322
24443.200983498322
24443.200983498322
24443.200983498322
24382.61918491642
24382.61918491642
24239.32567013751
24239.32567013751
24076.817406645205
24076.817406645205
23838.28404109918
23583.919110350682
23249.5804634737
23249.5804634737
22551.333397161347
22098.726876711262
21599.213874526933
21532.452652626453
21532.452652626453
21532.452652626453
21532.452652626453
21505.93730573502
21429.495671636956
21046.20556041701
21027.2143979279
21027.2143979279
20540.85823075148
20540.85823075148
20254.756643421424
19923.579954056833
19844.812134693595
19844.812134693595
19844.812134693595
19844.812134693595
19801.998614804863
19801.998614804863
19633.595890623044
19633.595890623044
19545.66183866001
19545.66183866001
19545.66183866001
19545.66183866001
19495.542097011858
19495.542097011858
19052.92433088502
19052.92433088502
18918.291862194605
18657.44658630023
18437.12016250119
18437.12016250119
18437.12016250119
18437.12016250119
18387.274304079383
17949.546005771634
17949.546005771634
17927.45226112333
17483.16726879354
17483.16726879354
17483.16726879354
17394.406987313283
17394.406987313283
17299.960266302274
17135.410753288073
16708.61913130681
16463.58111372621
16463.58111372621
16366.265843632453
16366.265843632453
16357.971905887767
16357.971905887767
16357.971905887767
16357.971905887767
16357.971905887767
16196.132567488805
16196.132567488805
16150.366488111475
15774.802329261449
15701.834162596382
15340.558931796555
15165.313178646109
14813.958466248418
14813.958466248418
14813.958466248418
14612.141981623645
14446.20072577242
14299.76780924366
14299.76780924366
14237.301035201344
14237.301035201344
14211.160958225732
14051.436364918398
13949.579825761884
13949.579825761884
13723.363725031306
13716.557054008488
13716.557054008488
13441.717844909148
13073.490456248303
13073.490456248303
12946.962398936266
12804.397352569917
12804.397352569917
12804.397352569917
12804.397352569917
12804.397352569917
12730.780965980806
12723.620399759755
12723.620399759755
12723.620399759755
12723.620399759755
12450.303135173452
12450.303135173452
12389.64731789842
12342.192106581733
11986.390318083551
11829.098953051045
11794.737416238186
11794.737416238186
11728.491362136123
11640.428526661797
11618.93757276905
11618.93757276905
11618.93757276905
11618.93757276905
11174.356051801702
11134.502905740652
11134.502905740652
11058.636931500254
11058.636931500254
11058.636931500254
10981.792375793857
10845.074742894984
10623.496220637
10623.496220637
10506.573432594038
10478.462453894923
10465.722246699104
10359.937935313948
10359.937935313948
10359.937935313948
10359.937935313948
10320.322520279755
10289.989865319832
10289.989865319832
10289.989865319832
10289.989865319832
10112.416848623154
9878.63322023822
9576.98753764552
9513.000733970752
9472.079256741275
9215.723611441019
9027.994585107112
8753.168391861753
8753.168391861753
8753.168391861753
8753.168391861753
8753.168391861753
8753.168391861753
8572.89042722774
8572.89042722774
8173.683715252809
7859.803002385963
7859.803002385963
7852.392164118919
7852.392164118919
7852.392164118919
7852.392164118919
7852.392164118919
7681.302859342691
7353.69555097403
7344.982724379767
7212.838233684721
7212.838233684721
7212.838233684721
7122.990775689619
6864.940890002301
6690.31182133194
6690.31182133194
6595.389875856102
6595.389875856102
6451.5388651626745
6451.5388651626745
6343.672670365913
6343.672670365913
6343.672670365913
6343.672670365913
6287.684199049272
6287.684199049272
6207.703456604437
6059.5394975578165
5902.054259184992
5902.054259184992
5902.054259184992
5902.054259184992
5902.054259184992
5662.44371108055
5620.241519327405
5620.241519327405
5620.241519327405
5620.241519327405
5620.241519327405
5620.241519327405
5496.692136694652
5298.5884512944995
5298.5884512944995
5280.416717566813
5280.416717566813
5020.916697046685
5020.916697046685
5020.916697046685
4992.258124870399
4992.258124870399
4992.258124870399
4891.912704452616
4891.912704452616
4891.912704452616
4891.912704452616
4584.439223843938
4409.464563532742
4409.464563532742
4134.260810896725
4066.5300795804615
4048.273053968972
3939.1976663331116
3939.1976663331116
3939.1976663331116
3930.796792701711
3877.4763884926165
3877.4763884926165
3877.4763884926165
3832.07002473028
3832.07002473028
3832.07002473028
3680.131533294213
3680.131533294213
3651.942811260526
3651.942811260526
3544.9162137050694
3544.9162137050694
3354.548547990818
3354.548547990818
3203.214847653687
3146.114928044578
3146.114928044578
3146.114928044578
3146.114928044578
3146.114928044578
3146.114928044578
3083.5099247082358
3055.3841321356513
2895.373186491832
2822.6579774200995
2822.6579774200995
2822.6579774200995
2744.823891641283
2702.6293612194736
2702.6293612194736
2702.6293612194736
2590.1885706794096
2516.967110599525
2516.967110599525
2516.967110599525
2490.0250675472435
2490.0250675472435
2419.6066575764867
2296.4616211138086
2296.4616211138086
2296.4616211138086
2248.446293717517
2248.446293717517
2248.446293717517
2183.8637266543487
2156.4407989054844
2097.223930452043
2097.223930452043
2048.933938001702
1919.7954446754354
1919.7954446754354
1919.7954446754354
1919.7954446754354
1861.3940991904499
1861.3940991904499
1753.508387403811
1753.508387403811
1659.6440035489404
1557.791284650632
1557.791284650632
1557.791284650632
1511.038879105411
1511.038879105411
1489.7697179038917
1489.7697179038917
1419.2513479454874
1419.2513479454874
1419.2513479454874
1419.2513479454874
1419.2513479454874
1419.2513479454874
1301.3850070696985
1278.463459273025
1235.4328378124194
1235.4328378124194
1220.2157316567386
1220.2157316567386
1220.2157316567386
1220.2157316567386
1220.2157316567386
1175.8809799345286
1014.9835303729834
1014.9835303729834
1014.9835303729834
1014.9835303729834
1014.9835303729834
1014.9835303729834
1014.9835303729834
1013.4875229152784
1013.4875229152784
1013.4875229152784
1013.4875229152784
1013.4875229152784
1011.409983196496
962.2078238095193
953.6448745049717
953.6448745049717
953.6448745049717
953.6448745049717
953.6448745049717
953.6448745049717
953.6448745049717
953.6448745049717
842.7683715383426
842.7683715383426
842.7683715383426
816.1118381828508
701.2928980394872
701.2928980394872
687.033807181977
639.7794049304964
639.7794049304964
557.6699147660581
557.6699147660581
557.6699147660581
557.6699147660581
557.6699147660581
539.9398496916273
539.9398496916273
522.8002598135008
518.9592073664429
462.17664213081844
462.17664213081844
431.4178721763195
395.6813428701389
395.6813428701389
356.30046495206653
335.81890915790405
327.35557758590164
327.35557758590164
327.35557758590164
327.35557758590164
327.35557758590164
327.35557758590164
327.35557758590164
277.9484576931351
277.9484576931351
256.20615962253794
256.20615962253794
207.6182266358719
207.6182266358719
207.6182266358719
207.6182266358719
124.6210149767103
124.6210149767103
102.63039963473808
102.63039963473808
102.63039963473808
102.63039963473808
102.63039963473808
84.80218447966624
84.80218447966624
84.80218447966624
75.55626286067734
75.55626286067734
75.55626286067734
75.55626286067734
65.43164321974658
65.43164321974658
56.72372731621863
56.72372731621863
56.72372731621863
56.72372731621863
56.72372731621863
56.72372731621863
51.589385330453595
48.14269232886254
48.14269232886254
48.14269232886254
46.7429165900337
32.08417017878591
32.08417017878591
32.08417017878591
32.08417017878591
32.08417017878591
32.08417017878591
25.97511232411847
25.97511232411847
25.97511232411847
25.97511232411847
23.00150098790274
23.00150098790274
17.392642318582805
17.392642318582805
17.392642318582805
17.392642318582805
17.392642318582805
17.392642318582805
17.392642318582805
17.392642318582805
17.392642318582805
17.392642318582805
17.392642318582805
10.930702193794744
7.817998091926445
5.86928413076007
5.86928413076007
5.86928413076007
5.86928413076007
5.86928413076007
5.86928413076007
5.86928413076007
5.86928413076007
5.86928413076007
5.86928413076007
5.86928413076007
5.86928413076007
5.86928413076007
5.86928413076007
5.86928413076007
5.86928413076007
5.86928413076007
5.86928413076007
5.86928413076007
5.86928413076007
5.86928413076007
4.854141320016647
4.854141320016647
4.854141320016647
4.854141320016647
4.854141320016647
4.854141320016647
4.854141320016647
4.854141320016647
4.854141320016647
4.854141320016647
4.854141320016647
4.854141320016647
4.854141320016647
4.854141320016647
4.854141320016647
4.854141320016647
4.854141320016647
4.854141320016647
4.854141320016647
4.854141320016647
3.043047914582496
3.043047914582496
3.043047914582496
3.043047914582496
3.043047914582496
3.043047914582496
3.043047914582496
3.043047914582496
3.043047914582496
3.043047914582496
3.043047914582496
3.043047914582496
3.043047914582496
3.043047914582496
3.043047914582496
3.043047914582496
3.043047914582496
3.043047914582496
3.043047914582496
3.043047914582496
3.043047914582496
3.043047914582496
3.043047914582496
3.043047914582496
3.043047914582496
3.043047914582496
3.043047914582496
3.043047914582496
3.043047914582496
3.043047914582496
3.043047914582496
3.043047914582496
3.043047914582496
3.043047914582496
3.043047914582496
3.043047914582496
3.043047914582496
3.043047914582496
3.043047914582496
3.043047914582496
3.043047914582496
3.043047914582496
3.043047914582496
3.043047914582496
3.043047914582496
3.043047914582496
3.043047914582496
3.043047914582496
3.043047914582496
3.043047914582496
3.043047914582496
3.043047914582496
3.043047914582496
3.043047914582496
3.043047914582496
3.043047914582496
3.043047914582496
3.043047914582496
3.043047914582496
3.043047914582496
3.043047914582496
3.043047914582496
3.043047914582496
3.043047914582496
3.043047914582496
3.043047914582496
3.043047914582496
3.043047914582496
3.043047914582496
3.043047914582496
3.043047914582496
3.043047914582496
3.043047914582496
3.043047914582496
3.043047914582496
3.043047914582496
3.043047914582496
3.043047914582496
3.043047914582496
3.043047914582496
3.043047914582496
3.043047914582496
3.043047914582496
3.043047914582496
3.043047914582496
3.043047914582496
3.043047914582496
3.043047914582496
3.043047914582496
3.043047914582496
3.043047914582496
3.043047914582496
3.043047914582496
3.043047914582496
3.043047914582496
3.043047914582496
3.043047914582496
3.043047914582496
3.043047914582496
3.043047914582496
3.043047914582496
3.043047914582496
3.043047914582496
3.043047914582496
3.043047914582496
3.043047914582496
3.043047914582496
3.043047914582496
3.043047914582496
3.043047914582496
3.043047914582496
3.043047914582496
3.043047914582496
3.043047914582496
3.043047914582496
3.043047914582496
3.043047914582496
3.043047914582496
3.043047914582496
3.043047914582496
3.043047914582496
3.043047914582496
3.043047914582496
3.043047914582496
3.043047914582496
3.043047914582496
3.043047914582496
3.043047914582496
3.043047914582496
3.043047914582496
3.043047914582496
3.043047914582496
3.043047914582496
3.043047914582496
3.043047914582496
3.043047914582496
3.043047914582496
3.043047914582496
3.043047914582496
3.043047914582496
3.043047914582496
3.043047914582496
3.043047914582496
3.043047914582496
3.043047914582496
3.043047914582496
3.043047914582496
3.043047914582496
3.043047914582496
3.043047914582496
3.043047914582496
3.043047914582496
3.043047914582496
3.043047914582496
3.043047914582496
3.043047914582496
3.043047914582496
3.043047914582496
3.043047914582496
3.043047914582496
3.043047914582496
3.043047914582496
3.043047914582496
3.043047914582496
3.043047914582496
3.043047914582496
3.043047914582496
3.043047914582496
3.043047914582496
3.043047914582496
3.043047914582496
3.043047914582496
3.043047914582496
3.043047914582496
3.043047914582496
3.043047914582496
3.043047914582496
3.043047914582496
3.043047914582496
3.043047914582496
3.043047914582496
3.043047914582496
3.043047914582496
3.043047914582496
3.043047914582496
3.043047914582496
3.043047914582496
3.043047914582496
3.043047914582496
3.043047914582496
3.043047914582496
3.043047914582496
3.043047914582496
3.043047914582496
3.043047914582496
3.043047914582496
3.043047914582496
3.043047914582496
3.043047914582496
3.043047914582496
3.043047914582496
3.043047914582496
3.043047914582496
3.043047914582496
3.043047914582496
3.043047914582496
3.043047914582496
3.043047914582496
3.043047914582496
3.043047914582496
3.043047914582496
3.043047914582496
3.043047914582496
3.043047914582496
3.043047914582496
3.043047914582496
3.043047914582496
3.043047914582496
3.043047914582496
3.043047914582496
3.043047914582496
3.043047914582496
3.043047914582496
3.043047914582496
3.043047914582496
3.043047914582496
3.043047914582496
3.043047914582496
3.043047914582496
3.043047914582496
3.043047914582496
3.043047914582496
3.043047914582496
3.043047914582496
3.043047914582496
3.043047914582496
3.043047914582496
3.043047914582496
3.043047914582496
3.043047914582496
3.043047914582496
3.043047914582496
3.043047914582496
3.043047914582496
3.043047914582496
3.043047914582496
3.043047914582496
3.043047914582496
3.043047914582496
3.043047914582496
3.043047914582496
3.043047914582496
3.043047914582496
3.043047914582496
3.043047914582496
3.043047914582496
3.043047914582496
3.043047914582496
3.043047914582496
3.043047914582496
3.043047914582496
3.043047914582496
3.043047914582496
3.043047914582496
3.043047914582496
3.043047914582496
3.043047914582496
3.043047914582496
3.043047914582496
3.043047914582496
3.043047914582496
3.043047914582496
3.043047914582496
3.043047914582496
3.043047914582496
3.043047914582496
3.043047914582496
3.043047914582496
3.043047914582496
3.043047914582496
3.043047914582496
3.043047914582496
3.043047914582496
3.043047914582496
3.043047914582496
3.043047914582496
3.043047914582496
3.043047914582496
3.043047914582496
3.043047914582496
3.043047914582496
3.043047914582496
3.043047914582496
3.043047914582496
3.043047914582496
3.043047914582496
3.043047914582496
3.043047914582496
3.043047914582496
3.043047914582496
3.043047914582496
3.043047914582496
3.043047914582496
3.043047914582496
3.043047914582496
3.043047914582496
3.043047914582496
3.043047914582496
3.043047914582496
3.043047914582496
3.043047914582496
3.043047914582496
3.043047914582496
3.043047914582496
3.043047914582496
3.043047914582496
3.043047914582496
3.043047914582496
3.043047914582496
3.043047914582496
3.043047914582496
3.043047914582496
3.043047914582496
3.043047914582496
3.043047914582496
3.043047914582496
3.043047914582496
3.043047914582496
3.043047914582496
3.043047914582496
3.043047914582496
3.043047914582496
3.043047914582496
3.043047914582496
3.043047914582496
3.043047914582496
3.043047914582496
3.043047914582496
3.043047914582496
3.043047914582496
3.043047914582496
3.043047914582496
2.65170208442788
2.65170208442788
2.186723780371004
2.186723780371004
2.186723780371004
2.186723780371004
2.186723780371004
2.186723780371004
2.186723780371004
2.186723780371004
2.186723780371004
2.186723780371004
2.186723780371004
2.186723780371004
2.186723780371004
2.186723780371004
2.186723780371004
2.186723780371004
2.186723780371004
2.186723780371004
2.186723780371004
2.186723780371004
2.186723780371004
2.186723780371004
2.186723780371004
2.186723780371004
2.186723780371004
2.186723780371004
2.186723780371004
2.186723780371004
2.186723780371004
2.186723780371004
2.186723780371004
2.186723780371004
2.186723780371004
2.186723780371004
2.186723780371004
2.186723780371004
2.186723780371004
2.186723780371004
2.186723780371004
2.186723780371004
2.186723780371004
2.186723780371004
2.186723780371004
2.186723780371004
2.186723780371004
2.186723780371004
2.186723780371004
2.186723780371004
2.186723780371004
2.186723780371004
2.186723780371004
2.186723780371004
2.186723780371004
2.186723780371004
2.186723780371004
2.186723780371004
2.186723780371004
2.186723780371004
2.186723780371004
2.186723780371004
2.186723780371004
2.186723780371004
2.186723780371004
2.186723780371004
2.186723780371004
2.186723780371004
2.186723780371004
2.186723780371004
2.186723780371004
2.186723780371004
2.186723780371004
2.186723780371004
2.186723780371004
2.186723780371004
2.186723780371004
2.186723780371004
2.186723780371004
2.186723780371004
2.186723780371004
2.186723780371004
2.186723780371004
2.186723780371004
2.186723780371004
2.186723780371004
2.186723780371004
2.186723780371004
2.186723780371004
2.186723780371004
2.186723780371004
2.186723780371004
2.186723780371004
2.186723780371004
2.186723780371004
2.186723780371004
2.186723780371004
2.186723780371004
2.186723780371004
2.186723780371004
2.186723780371004
2.186723780371004
2.186723780371004
2.186723780371004
2.186723780371004
2.186723780371004
2.186723780371004
2.186723780371004
2.186723780371004
2.186723780371004
2.186723780371004
2.186723780371004
2.186723780371004
2.0863803035053574
2.0863803035053574
2.0863803035053574
2.0863803035053574
2.0863803035053574
2.0863803035053574
2.0863803035053574
2.0863803035053574
2.0863803035053574
2.0863803035053574
2.0863803035053574
2.0863803035053574
2.0863803035053574
2.0863803035053574
2.0863803035053574
2.0863803035053574
2.0863803035053574
2.0863803035053574
2.0863803035053574
2.0863803035053574
2.0863803035053574
2.0863803035053574
2.0863803035053574
2.0863803035053574
2.0863803035053574
2.0863803035053574
2.0863803035053574
2.0863803035053574
2.0863803035053574
2.0863803035053574
2.0863803035053574
2.0863803035053574
2.0863803035053574
2.0863803035053574
2.0863803035053574
2.0863803035053574
2.0863803035053574
1.9234106839122216
1.9234106839122216
1.9234106839122216
1.9234106839122216
1.9234106839122216
1.9234106839122216
1.9234106839122216
1.9234106839122216
1.9234106839122216
1.9234106839122216
1.9234106839122216
1.9234106839122216
1.9234106839122216
1.9234106839122216
1.9234106839122216
1.9234106839122216
1.9234106839122216
1.9234106839122216
1.9234106839122216
1.9234106839122216
1.9234106839122216
1.9234106839122216
1.9234106839122216
1.9234106839122216
1.9234106839122216
1.9234106839122216
1.9234106839122216
1.9234106839122216
1.9234106839122216
1.9234106839122216
1.9234106839122216
1.9234106839122216
1.9234106839122216
1.9234106839122216
1.9234106839122216
1.9234106839122216
1.9234106839122216
1.9234106839122216
1.9234106839122216
1.9234106839122216
1.9234106839122216
1.9234106839122216
1.9234106839122216
1.9234106839122216
1.9234106839122216
1.9234106839122216
1.9234106839122216
1.9234106839122216
1.9234106839122216
1.9234106839122216
1.9234106839122216
1.9234106839122216
1.9234106839122216
1.9234106839122216
1.9234106839122216
1.9234106839122216
1.9234106839122216
1.9234106839122216
1.9234106839122216
1.9234106839122216
1.9234106839122216
1.9234106839122216
1.9234106839122216
1.9234106839122216
1.9234106839122216
1.9234106839122216
1.9234106839122216
1.9234106839122216
1.9234106839122216
1.9234106839122216
1.9234106839122216
1.9234106839122216
1.9234106839122216
1.9234106839122216
1.9234106839122216
1.9234106839122216
1.9234106839122216
1.9234106839122216
1.9234106839122216
1.9234106839122216
1.9234106839122216
1.9234106839122216
1.9234106839122216
1.9234106839122216
1.9234106839122216
1.9234106839122216
1.9234106839122216
1.9234106839122216
1.9234106839122216
1.9234106839122216
1.9234106839122216
1.9234106839122216
1.9234106839122216
1.9234106839122216
1.9234106839122216
1.9234106839122216
1.9234106839122216
1.9234106839122216
1.9234106839122216
1.9234106839122216
1.9234106839122216
1.9234106839122216
1.9234106839122216
1.9234106839122216
1.9234106839122216
1.9234106839122216
1.9234106839122216
1.9234106839122216
1.9234106839122216
1.9234106839122216
1.9234106839122216
1.9234106839122216
1.9234106839122216
1.9234106839122216
1.9234106839122216
1.9234106839122216
1.9234106839122216
1.9234106839122216
1.9234106839122216
1.9234106839122216
1.9234106839122216
1.9234106839122216
1.9234106839122216
1.9234106839122216
1.9234106839122216
1.9234106839122216
1.9234106839122216
1.9234106839122216
1.9234106839122216
1.9234106839122216
1.9234106839122216
1.9234106839122216
1.9234106839122216
1.9234106839122216
1.9234106839122216
1.9234106839122216
1.9234106839122216
1.9234106839122216
1.9234106839122216
1.9234106839122216
1.9234106839122216
1.9234106839122216
1.9234106839122216
1.9234106839122216
1.9234106839122216
1.9234106839122216
1.9234106839122216
1.9234106839122216
1.9234106839122216
1.9234106839122216
1.9234106839122216
1.9234106839122216
1.9234106839122216
1.9234106839122216
1.9234106839122216
1.9234106839122216
1.9234106839122216
1.9234106839122216
1.9234106839122216
1.9234106839122216
1.9234106839122216
1.9234106839122216
1.9234106839122216
1.9234106839122216
1.9234106839122216
1.9234106839122216
1.9234106839122216
1.9234106839122216
1.9234106839122216
1.9234106839122216
1.9234106839122216
1.9234106839122216
1.9234106839122216
1.9234106839122216
1.9234106839122216
1.9234106839122216
1.9234106839122216
1.9234106839122216
1.9234106839122216
1.9234106839122216
1.9234106839122216
1.9234106839122216
1.9234106839122216
1.9234106839122216
1.9234106839122216
1.9234106839122216
1.9234106839122216
1.9234106839122216
1.9234106839122216
1.9234106839122216
1.9234106839122216
1.9234106839122216
1.9234106839122216
1.9234106839122216
1.9234106839122216
1.9234106839122216
1.9234106839122216
1.9234106839122216
1.9234106839122216
1.9234106839122216
1.9234106839122216
1.9234106839122216
1.9234106839122216
1.9234106839122216
1.9234106839122216
1.9234106839122216
1.9234106839122216
1.7386626161119174
1.7386626161119174
1.7386626161119174
1.7386626161119174
1.7386626161119174
1.7386626161119174
1.7386626161119174
1.7386626161119174
1.7386626161119174
1.7386626161119174
1.7386626161119174
1.7386626161119174
1.7386626161119174
1.7386626161119174
1.7386626161119174
1.7386626161119174
1.7386626161119174
1.7386626161119174
1.7386626161119174
1.7386626161119174
1.7386626161119174
1.7386626161119174
1.7386626161119174
1.7386626161119174
1.7386626161119174
1.7386626161119174
1.7386626161119174
1.7386626161119174
1.7386626161119174
1.7386626161119174
1.7386626161119174
1.7386626161119174
1.7386626161119174
1.7386626161119174
1.7386626161119174
1.7386626161119174
1.7386626161119174
1.7386626161119174
1.7386626161119174
1.7386626161119174
1.7386626161119174
1.7386626161119174
1.7386626161119174
1.7386626161119174
1.7386626161119174
1.7386626161119174
1.7386626161119174
1.7386626161119174
1.7386626161119174
1.7386626161119174
1.7386626161119174
1.7386626161119174
1.7386626161119174
1.7386626161119174
1.7386626161119174
1.7386626161119174
1.7386626161119174
1.7386626161119174
1.7386626161119174
1.7386626161119174
1.7386626161119174
1.7386626161119174
1.7386626161119174
1.7386626161119174
1.7386626161119174
1.7386626161119174
1.7386626161119174
1.7386626161119174
1.7386626161119174
1.7386626161119174
1.7386626161119174
1.7386626161119174
1.7386626161119174
1.7386626161119174
1.7386626161119174
1.7386626161119174
1.7386626161119174
1.7386626161119174
1.7386626161119174
1.7386626161119174
1.7386626161119174
1.7386626161119174
1.7386626161119174
1.7386626161119174
1.7386626161119174
1.7386626161119174
1.7386626161119174
1.7386626161119174
1.7386626161119174
1.7386626161119174
1.7386626161119174
1.7386626161119174
1.7386626161119174
1.7386626161119174
1.7386626161119174
1.7386626161119174
1.7386626161119174
1.7386626161119174
1.7386626161119174
1.7386626161119174
1.7386626161119174
1.7386626161119174
1.7386626161119174
1.7386626161119174
1.7386626161119174
1.7386626161119174
1.7386626161119174
1.7386626161119174
1.7386626161119174
1.7386626161119174
1.7386626161119174
1.7386626161119174
1.7386626161119174
1.7386626161119174
1.7386626161119174
1.7386626161119174
1.7386626161119174
1.7386626161119174
1.7386626161119174
1.7386626161119174
1.7386626161119174
1.7386626161119174
1.7386626161119174
1.7386626161119174
1.7386626161119174
1.7386626161119174
1.7386626161119174
1.7386626161119174
1.7386626161119174
1.7386626161119174
1.7386626161119174
1.7386626161119174
1.7386626161119174
1.7386626161119174
1.7386626161119174
1.7386626161119174
1.7386626161119174
1.7386626161119174
1.7386626161119174
1.7386626161119174
1.7386626161119174
1.7386626161119174
1.7386626161119174
1.7386626161119174
1.7386626161119174
1.7386626161119174
1.7386626161119174
1.7386626161119174
1.7386626161119174
1.7386626161119174
1.7386626161119174
1.7386626161119174
1.7386626161119174
1.7386626161119174
1.7386626161119174
1.7386626161119174
1.7386626161119174
1.7386626161119174
1.7386626161119174
1.7386626161119174
1.7386626161119174
1.7386626161119174
1.7386626161119174
1.7386626161119174
1.7386626161119174
1.7386626161119174
1.7386626161119174
1.7386626161119174
1.7386626161119174
1.7386626161119174
1.7386626161119174
1.7386626161119174
1.7386626161119174
1.7386626161119174
1.7386626161119174
1.7386626161119174
1.7386626161119174
1.7386626161119174
1.7386626161119174
1.7386626161119174
1.7386626161119174
1.7386626161119174
1.7386626161119174
1.7386626161119174
1.7386626161119174
1.7386626161119174
1.7386626161119174
1.7386626161119174
1.7386626161119174
1.7386626161119174
1.7386626161119174
1.7386626161119174
1.7386626161119174
1.7386626161119174
1.7386626161119174
1.7386626161119174
1.7386626161119174
1.7386626161119174
1.7386626161119174
1.7386626161119174
1.7386626161119174
1.7386626161119174
1.7386626161119174
1.7386626161119174
1.7386626161119174
1.7386626161119174
1.7386626161119174
1.7386626161119174
1.7386626161119174
1.7386626161119174
1.7386626161119174
1.7386626161119174
1.7386626161119174
1.7386626161119174
1.7386626161119174
1.7386626161119174
1.7386626161119174
1.7386626161119174
1.7386626161119174
1.7386626161119174
1.7386626161119174
1.7386626161119174
1.7386626161119174
1.7386626161119174
1.7386626161119174
1.7386626161119174
1.7386626161119174
1.7386626161119174
1.7386626161119174
1.7386626161119174
1.7386626161119174
1.7386626161119174
1.7386626161119174
1.7386626161119174
1.7386626161119174
1.7386626161119174
1.7386626161119174
1.7386626161119174
1.7386626161119174
1.7386626161119174
1.7386626161119174
1.7386626161119174
1.7386626161119174
1.7386626161119174
1.7386626161119174
1.7386626161119174
1.7386626161119174
1.7386626161119174
1.7386626161119174
1.7386626161119174
1.7386626161119174
1.7386626161119174
1.7386626161119174
1.7386626161119174
1.7386626161119174
1.7386626161119174
1.7386626161119174
1.7386626161119174
1.7386626161119174
1.7386626161119174
1.7386626161119174
1.7386626161119174
1.7386626161119174
1.7386626161119174
1.7386626161119174
1.7386626161119174
1.7386626161119174
1.7386626161119174
1.7386626161119174
1.7386626161119174
1.7386626161119174
1.7386626161119174
1.7386626161119174
1.7386626161119174
1.7386626161119174
1.7386626161119174
1.7386626161119174
1.7386626161119174
1.7386626161119174
1.7386626161119174
1.7386626161119174
1.7386626161119174
1.7386626161119174
1.7386626161119174
1.7386626161119174
1.7386626161119174
1.7386626161119174
1.7386626161119174
1.7386626161119174
1.7386626161119174
1.7386626161119174
1.7386626161119174
1.7386626161119174
1.7386626161119174
1.7386626161119174
1.7386626161119174
1.7386626161119174
1.7386626161119174
1.7386626161119174
1.7386626161119174
1.7386626161119174
1.7386626161119174
1.7386626161119174
1.7386626161119174
1.7386626161119174
1.7386626161119174
1.7386626161119174
1.7386626161119174
1.7386626161119174
1.7386626161119174
1.7386626161119174
1.7386626161119174
1.7386626161119174
1.7386626161119174
1.7386626161119174
1.7386626161119174
1.7386626161119174
1.7386626161119174
1.7386626161119174
1.7386626161119174
1.7386626161119174
1.7386626161119174
1.7386626161119174
1.7386626161119174
1.7386626161119174
1.7386626161119174
1.7386626161119174
1.7386626161119174
1.7386626161119174
1.7386626161119174
1.7386626161119174
1.7386626161119174
1.7386626161119174
1.7386626161119174
1.7386626161119174
1.7386626161119174
1.7386626161119174
1.7386626161119174
1.7386626161119174
1.7386626161119174
1.7386626161119174
1.7386626161119174
1.7386626161119174
1.7386626161119174
1.7386626161119174
1.7386626161119174
1.7386626161119174
1.7386626161119174
1.7386626161119174
1.7386626161119174
1.7386626161119174
1.7386626161119174
1.7386626161119174
1.7386626161119174
1.7386626161119174
1.7386626161119174
1.7386626161119174
1.7386626161119174
1.7386626161119174
1.7386626161119174
1.7386626161119174
1.7386626161119174
1.7386626161119174
1.7386626161119174
1.7386626161119174
1.7386626161119174
1.7386626161119174
1.7386626161119174
1.7386626161119174
1.7386626161119174
1.7386626161119174
1.7386626161119174
1.7386626161119174
1.7386626161119174
1.7386626161119174
1.7386626161119174
1.7386626161119174
1.7386626161119174
1.7386626161119174
1.7386626161119174
1.7386626161119174
1.7386626161119174
1.7386626161119174
1.7386626161119174
1.7386626161119174
1.7386626161119174
1.7386626161119174
1.7386626161119174
1.7386626161119174
1.7386626161119174
1.7386626161119174
1.7386626161119174
1.7386626161119174
1.7386626161119174
1.7386626161119174
1.7386626161119174
1.7386626161119174
1.7386626161119174
1.7386626161119174
1.7386626161119174
1.7386626161119174
1.7386626161119174
1.7386626161119174
1.7386626161119174
1.7386626161119174
1.7386626161119174
1.7386626161119174
1.7386626161119174
1.7386626161119174
1.7386626161119174
1.7386626161119174
1.7386626161119174
1.7386626161119174
1.7386626161119174
1.7386626161119174
1.7386626161119174
1.7386626161119174
1.7386626161119174
1.7386626161119174
1.7386626161119174
1.7386626161119174
1.7386626161119174
1.7386626161119174
1.7386626161119174
1.7386626161119174
1.7386626161119174
1.7386626161119174
1.7386626161119174
1.7386626161119174
1.7386626161119174
1.7386626161119174
1.7386626161119174
1.7386626161119174
1.7386626161119174
1.7386626161119174
1.7386626161119174
1.7386626161119174
1.7386626161119174
1.7386626161119174
1.7386626161119174
1.7386626161119174
1.7386626161119174
1.7386626161119174
1.7386626161119174
1.7386626161119174
1.7386626161119174
1.7386626161119174
1.7386626161119174
1.7386626161119174
1.7386626161119174
1.7386626161119174
1.7386626161119174
1.7386626161119174
1.7386626161119174
1.7386626161119174
1.7386626161119174
1.7386626161119174
1.7386626161119174
1.7386626161119174
1.7386626161119174
1.7386626161119174
1.7386626161119174
1.7386626161119174
1.7386626161119174
1.7386626161119174
1.7386626161119174
1.7386626161119174
1.7386626161119174
1.7386626161119174
1.7386626161119174
1.7386626161119174
1.7386626161119174
1.7386626161119174
1.7386626161119174
1.7386626161119174
1.7386626161119174
1.7386626161119174
1.7386626161119174
1.7386626161119174
1.7386626161119174
1.7386626161119174
1.7386626161119174
1.7386626161119174
1.7386626161119174
1.7386626161119174
1.7386626161119174
1.7386626161119174
1.7386626161119174
1.7386626161119174
1.7386626161119174
1.7386626161119174
1.7386626161119174
1.7386626161119174
1.7386626161119174
1.7386626161119174
1.7386626161119174
1.7386626161119174
1.7386626161119174
1.7386626161119174
1.7386626161119174
1.7386626161119174
1.7386626161119174
1.7386626161119174
1.7386626161119174
1.7386626161119174
1.7386626161119174
1.7386626161119174
1.7386626161119174
1.7386626161119174
1.7386626161119174
1.7386626161119174
1.7386626161119174
1.7386626161119174
1.7386626161119174
1.7386626161119174
1.7386626161119174
1.7386626161119174
1.7386626161119174
1.7386626161119174
1.7386626161119174
1.7386626161119174
1.7386626161119174
1.7386626161119174
1.7386626161119174
1.7386626161119174
1.7386626161119174
1.7386626161119174
1.7386626161119174
1.7386626161119174
1.7386626161119174
1.7386626161119174
1.7386626161119174
1.7386626161119174
1.7386626161119174
1.7386626161119174
1.7386626161119174
1.7386626161119174
1.7386626161119174
1.7386626161119174
1.7386626161119174
1.7386626161119174
1.7386626161119174
1.7386626161119174
1.7386626161119174
1.7386626161119174
1.7386626161119174
1.7386626161119174
1.7386626161119174
1.7386626161119174
1.7386626161119174
1.7386626161119174
1.7386626161119174
1.7386626161119174
1.7386626161119174
1.7386626161119174
1.7386626161119174
1.7386626161119174
1.7386626161119174
1.7386626161119174
1.7386626161119174
1.7386626161119174
1.7386626161119174
1.7386626161119174
1.7386626161119174
1.7386626161119174
1.7386626161119174
1.7386626161119174
1.7386626161119174
1.7386626161119174
1.7386626161119174
1.7386626161119174
1.7386626161119174
1.7386626161119174
1.7386626161119174
1.7386626161119174
1.7386626161119174
1.7386626161119174
1.7386626161119174
1.7386626161119174
1.7386626161119174
1.7386626161119174
1.7386626161119174
1.7386626161119174
1.7386626161119174
1.7386626161119174
1.7386626161119174
1.7386626161119174
1.7386626161119174
1.7386626161119174
1.7386626161119174
1.7386626161119174
1.7386626161119174
1.7386626161119174
1.7386626161119174
1.7386626161119174
1.7386626161119174
1.7386626161119174
1.7386626161119174
1.7386626161119174
1.7386626161119174
1.7386626161119174
1.7386626161119174
1.7386626161119174
1.7386626161119174
1.7386626161119174
1.7386626161119174
1.7386626161119174
1.7386626161119174
1.7386626161119174
1.7386626161119174
1.7386626161119174
1.7386626161119174
1.7386626161119174
1.7386626161119174
1.7386626161119174
1.7386626161119174
1.7386626161119174
1.7386626161119174
1.7386626161119174
1.7386626161119174
1.7386626161119174
1.7386626161119174
1.7386626161119174
1.7386626161119174
1.7386626161119174
1.7386626161119174
1.7386626161119174
1.7386626161119174
1.7386626161119174
1.7386626161119174
1.7386626161119174
1.7386626161119174
1.7386626161119174
1.7386626161119174
1.7386626161119174
1.7386626161119174
1.7386626161119174
1.7386626161119174
1.7386626161119174
1.7386626161119174
1.7386626161119174
1.7386626161119174
1.7386626161119174
1.7386626161119174
1.7386626161119174
1.7386626161119174
1.7386626161119174
1.7386626161119174
1.7386626161119174
1.7386626161119174
1.7386626161119174
1.7386626161119174
1.7386626161119174
1.7386626161119174
1.7386626161119174
1.7386626161119174
1.7386626161119174
1.7386626161119174
1.7386626161119174
1.7386626161119174
1.7386626161119174
1.7386626161119174
1.7386626161119174
1.7386626161119174
1.7386626161119174
1.7386626161119174
1.7386626161119174
1.7386626161119174
1.7386626161119174
1.7386626161119174
1.7386626161119174
1.7386626161119174
1.7386626161119174
1.7386626161119174
1.7386626161119174
1.7386626161119174
1.7386626161119174
1.7386626161119174
1.7386626161119174
1.7386626161119174
1.7386626161119174
1.7386626161119174
1.7386626161119174
1.7386626161119174
1.7386626161119174
1.7386626161119174
1.7386626161119174
1.7386626161119174
1.7386626161119174
1.7386626161119174
1.7386626161119174
1.7386626161119174
1.7386626161119174
1.7386626161119174
1.7386626161119174
1.7386626161119174
1.7386626161119174
1.7386626161119174
1.7386626161119174
1.7386626161119174
1.7386626161119174
1.7386626161119174
1.7386626161119174
1.7386626161119174
1.7386626161119174
1.7386626161119174
1.7386626161119174
1.7386626161119174
1.7386626161119174
1.7386626161119174
1.7386626161119174
1.7386626161119174
1.7386626161119174
1.7386626161119174
1.7386626161119174
1.7386626161119174
1.7386626161119174
1.7386626161119174
1.7386626161119174
1.7386626161119174
1.7386626161119174
1.7386626161119174
1.7386626161119174
1.7386626161119174
1.7386626161119174
1.7386626161119174
1.7386626161119174
1.7386626161119174
1.7386626161119174
1.7386626161119174
1.7386626161119174
1.7386626161119174
1.7386626161119174
1.7386626161119174
1.7386626161119174
1.7386626161119174
1.7386626161119174
1.7386626161119174
1.7386626161119174
1.7386626161119174
1.7386626161119174
1.7386626161119174
1.7386626161119174
1.7386626161119174
1.7386626161119174
1.7386626161119174
1.7386626161119174
1.7386626161119174
1.7386626161119174
1.7386626161119174
1.7386626161119174
1.7386626161119174
1.7386626161119174
1.7386626161119174
1.7386626161119174
1.7386626161119174
1.7386626161119174
1.7386626161119174
1.7386626161119174
1.7386626161119174
1.7386626161119174
1.7386626161119174
1.7386626161119174
1.7386626161119174
1.7386626161119174
1.7386626161119174
1.7386626161119174
1.7386626161119174
1.7386626161119174
1.644847302063039
1.644847302063039
1.644847302063039
1.644847302063039
1.644847302063039
1.644847302063039
1.644847302063039
1.644847302063039
1.644847302063039
1.644847302063039
1.644847302063039
1.644847302063039
1.644847302063039
1.644847302063039
1.644847302063039
1.644847302063039
1.644847302063039
1.644847302063039
1.644847302063039
1.644847302063039
1.644847302063039
1.644847302063039
1.644847302063039
1.644847302063039
1.644847302063039
1.644847302063039
1.644847302063039
1.644847302063039
1.644847302063039
1.644847302063039
1.644847302063039
1.644847302063039
1.644847302063039
1.644847302063039
1.644847302063039
1.644847302063039
1.644847302063039
1.644847302063039
1.644847302063039
1.644847302063039
1.644847302063039
1.644847302063039
1.644847302063039
1.644847302063039
1.644847302063039
1.644847302063039
1.644847302063039
1.644847302063039
1.644847302063039
1.644847302063039
1.644847302063039
1.644847302063039
1.644847302063039
1.644847302063039
1.644847302063039
1.644847302063039
1.644847302063039
1.644847302063039
1.644847302063039
1.644847302063039
1.644847302063039
1.644847302063039
1.644847302063039
1.644847302063039
1.644847302063039
1.644847302063039
1.644847302063039
1.644847302063039
1.644847302063039
1.644847302063039
1.644847302063039
1.644847302063039
1.644847302063039
1.644847302063039
1.644847302063039
1.644847302063039
1.644847302063039
1.644847302063039
1.644847302063039
1.644847302063039
1.644847302063039
1.644847302063039
1.644847302063039
1.644847302063039
1.644847302063039
1.644847302063039
1.644847302063039
1.644847302063039
1.644847302063039
1.644847302063039
1.644847302063039
1.644847302063039
1.644847302063039
1.644847302063039
1.644847302063039
1.644847302063039
1.644847302063039
1.644847302063039
1.644847302063039
1.644847302063039
1.644847302063039
1.644847302063039
1.644847302063039
1.644847302063039
1.644847302063039
1.644847302063039
1.644847302063039
1.644847302063039
1.644847302063039
1.644847302063039
1.644847302063039
1.644847302063039
1.644847302063039
1.644847302063039
1.644847302063039
1.644847302063039
1.644847302063039
1.644847302063039
1.644847302063039
1.644847302063039
1.644847302063039
1.644847302063039
1.644847302063039
1.644847302063039
1.644847302063039
1.644847302063039
1.644847302063039
1.644847302063039
1.644847302063039
1.644847302063039
1.644847302063039
1.644847302063039
1.644847302063039
1.644847302063039
1.644847302063039
1.644847302063039
1.644847302063039
1.644847302063039
1.644847302063039
1.644847302063039
1.644847302063039
1.644847302063039
1.644847302063039
1.644847302063039
1.644847302063039
1.644847302063039
1.644847302063039
1.644847302063039
1.644847302063039
1.644847302063039
1.644847302063039
1.644847302063039
1.644847302063039
1.644847302063039
1.644847302063039
1.644847302063039
1.644847302063039
1.644847302063039
1.644847302063039
1.644847302063039
1.644847302063039
1.644847302063039
1.644847302063039
1.644847302063039
1.644847302063039
1.644847302063039
1.644847302063039
1.644847302063039
1.644847302063039
1.644847302063039
1.644847302063039
1.644847302063039
1.644847302063039
1.644847302063039
1.644847302063039
1.644847302063039
1.644847302063039
1.644847302063039
1.644847302063039
1.644847302063039
1.644847302063039
1.644847302063039
1.644847302063039
1.644847302063039
1.644847302063039
1.644847302063039
1.644847302063039
1.644847302063039
1.644847302063039
1.644847302063039
1.644847302063039
1.644847302063039
1.644847302063039
1.644847302063039
1.644847302063039
1.644847302063039
1.644847302063039
1.644847302063039
1.644847302063039
1.644847302063039
1.644847302063039
1.644847302063039
1.644847302063039
1.644847302063039
1.644847302063039
1.644847302063039
1.644847302063039
1.644847302063039
1.644847302063039
1.644847302063039
1.644847302063039
1.644847302063039
1.644847302063039
1.644847302063039
1.644847302063039
1.644847302063039
1.644847302063039
1.644847302063039
1.644847302063039
1.644847302063039
1.644847302063039
1.644847302063039
1.644847302063039
1.644847302063039
1.644847302063039
1.644847302063039
1.644847302063039
1.644847302063039
1.644847302063039
1.644847302063039
1.644847302063039
1.644847302063039
1.644847302063039
1.644847302063039
1.644847302063039
1.644847302063039
1.644847302063039
1.644847302063039
1.644847302063039
1.644847302063039
1.644847302063039
1.644847302063039
1.644847302063039
1.644847302063039
1.644847302063039
1.644847302063039
1.644847302063039
1.644847302063039
1.644847302063039
1.644847302063039
1.644847302063039
1.644847302063039
1.644847302063039
1.644847302063039
1.644847302063039
1.644847302063039
1.644847302063039
1.644847302063039
1.644847302063039
1.644847302063039
1.644847302063039
1.644847302063039
1.644847302063039
1.644847302063039
1.644847302063039
1.644847302063039
1.644847302063039
1.644847302063039
1.644847302063039
1.644847302063039
1.644847302063039
1.644847302063039
1.644847302063039
1.644847302063039
1.644847302063039
1.644847302063039
1.644847302063039
1.644847302063039
1.644847302063039
1.644847302063039
1.644847302063039
1.644847302063039
1.644847302063039
1.644847302063039
1.644847302063039
1.644847302063039
1.644847302063039
1.644847302063039
1.644847302063039
1.644847302063039
1.644847302063039
1.644847302063039
1.644847302063039
1.644847302063039
1.644847302063039
1.644847302063039
1.644847302063039
1.644847302063039
1.644847302063039
1.644847302063039
1.644847302063039
1.644847302063039
1.644847302063039
1.644847302063039
1.644847302063039
1.644847302063039
1.644847302063039
1.644847302063039
1.644847302063039
1.644847302063039
1.644847302063039
1.644847302063039
1.644847302063039
1.644847302063039
1.644847302063039
1.644847302063039
1.644847302063039
1.644847302063039
1.644847302063039
1.644847302063039
1.644847302063039
1.644847302063039
1.644847302063039
1.644847302063039
1.644847302063039
1.644847302063039
1.644847302063039
1.644847302063039
1.644847302063039
1.644847302063039
1.644847302063039
1.644847302063039
1.644847302063039
1.644847302063039
1.644847302063039
1.644847302063039
1.644847302063039
1.644847302063039
1.644847302063039
1.644847302063039
1.644847302063039
1.644847302063039
1.644847302063039
1.644847302063039
1.644847302063039
1.644847302063039
1.644847302063039
1.644847302063039
1.644847302063039
1.644847302063039
1.644847302063039
1.644847302063039
1.644847302063039
1.644847302063039
1.644847302063039
1.644847302063039
1.644847302063039
1.644847302063039
1.644847302063039
1.644847302063039
1.644847302063039
1.644847302063039
1.644847302063039
1.644847302063039
1.644847302063039
1.644847302063039
1.644847302063039
1.644847302063039
1.644847302063039
1.644847302063039
1.644847302063039
1.644847302063039
1.644847302063039
1.644847302063039
1.644847302063039
1.644847302063039
1.644847302063039
1.644847302063039
1.644847302063039
1.644847302063039
1.644847302063039
1.644847302063039
1.644847302063039
1.644847302063039
1.644847302063039
1.644847302063039
1.644847302063039
1.644847302063039
1.644847302063039
1.644847302063039
1.644847302063039
1.644847302063039
1.644847302063039
1.644847302063039
1.644847302063039
1.644847302063039
1.644847302063039
1.644847302063039
1.644847302063039
1.644847302063039
1.644847302063039
1.644847302063039
1.644847302063039
1.644847302063039
1.644847302063039
1.644847302063039
1.644847302063039
1.644847302063039
1.644847302063039
1.644847302063039
1.644847302063039
1.644847302063039
1.644847302063039
1.644847302063039
1.644847302063039
1.644847302063039
1.644847302063039
1.644847302063039
1.644847302063039
1.644847302063039
1.644847302063039
1.644847302063039
1.644847302063039
1.644847302063039
1.644847302063039
1.644847302063039
1.644847302063039
1.644847302063039
1.644847302063039
1.644847302063039
1.644847302063039
1.644847302063039
1.644847302063039
1.644847302063039
1.644847302063039
1.644847302063039
1.644847302063039
1.644847302063039
1.644847302063039
1.644847302063039
1.644847302063039
1.644847302063039
1.644847302063039
1.644847302063039
1.644847302063039
1.644847302063039
1.644847302063039
1.644847302063039
1.644847302063039
1.644847302063039
1.644847302063039
1.644847302063039
1.644847302063039
1.644847302063039
1.644847302063039
1.644847302063039
1.644847302063039
1.644847302063039
1.644847302063039
1.644847302063039
1.644847302063039
1.644847302063039
1.644847302063039
1.644847302063039
1.644847302063039
1.644847302063039
1.644847302063039
1.644847302063039
1.644847302063039
1.644847302063039
1.644847302063039
1.644847302063039
1.644847302063039
1.644847302063039
1.644847302063039
1.644847302063039
1.644847302063039
1.644847302063039
1.644847302063039
1.644847302063039
1.644847302063039
1.644847302063039
1.644847302063039
1.644847302063039
1.644847302063039
1.644847302063039
1.644847302063039
1.644847302063039
1.644847302063039
1.644847302063039
1.644847302063039
1.644847302063039
1.644847302063039
1.644847302063039
1.644847302063039
1.644847302063039
1.644847302063039
1.644847302063039
1.644847302063039
1.644847302063039
1.644847302063039
1.644847302063039
1.644847302063039
1.644847302063039
1.644847302063039
1.644847302063039
1.644847302063039
1.644847302063039
1.644847302063039
1.644847302063039
1.644847302063039
1.644847302063039
1.644847302063039
1.644847302063039
1.644847302063039
1.644847302063039
1.644847302063039
1.644847302063039
1.644847302063039
1.644847302063039
1.644847302063039
1.644847302063039
1.644847302063039
1.644847302063039
1.644847302063039
1.644847302063039
1.644847302063039
1.644847302063039
1.644847302063039
1.644847302063039
1.644847302063039
1.644847302063039
1.644847302063039
1.644847302063039
1.644847302063039
1.644847302063039
1.644847302063039
1.644847302063039
1.644847302063039
1.644847302063039
1.644847302063039
1.644847302063039
1.644847302063039
1.644847302063039
1.644847302063039
1.644847302063039
1.644847302063039
1.644847302063039
1.644847302063039
1.644847302063039
1.644847302063039
1.644847302063039
1.644847302063039
1.644847302063039
1.644847302063039
1.644847302063039
1.644847302063039
1.644847302063039
1.644847302063039
1.644847302063039
1.644847302063039
1.644847302063039
1.644847302063039
1.644847302063039
1.644847302063039
1.644847302063039
1.644847302063039
1.644847302063039
1.644847302063039
1.644847302063039
1.644847302063039
1.644847302063039
1.644847302063039
1.644847302063039
1.644847302063039
1.644847302063039
1.644847302063039
1.644847302063039
1.644847302063039
1.644847302063039
1.644847302063039
1.644847302063039
1.644847302063039
1.644847302063039
1.644847302063039
1.644847302063039
1.644847302063039
1.644847302063039
1.644847302063039
1.644847302063039
1.644847302063039
1.644847302063039
1.644847302063039
1.644847302063039
1.644847302063039
1.644847302063039
1.644847302063039
1.644847302063039
1.644847302063039
1.644847302063039
1.644847302063039
1.644847302063039
1.644847302063039
1.644847302063039
1.644847302063039
1.644847302063039
1.644847302063039
1.644847302063039
1.644847302063039
1.644847302063039
1.644847302063039
1.644847302063039
1.644847302063039
1.644847302063039
1.644847302063039
1.644847302063039
1.644847302063039
1.644847302063039
1.644847302063039
1.644847302063039
1.644847302063039
1.644847302063039
1.644847302063039
1.644847302063039
1.644847302063039
1.644847302063039
1.644847302063039
1.644847302063039
1.644847302063039
1.644847302063039
1.644847302063039
1.644847302063039
1.644847302063039
1.644847302063039
1.644847302063039
1.644847302063039
1.644847302063039
1.644847302063039
1.644847302063039
1.644847302063039
1.644847302063039
1.644847302063039
1.644847302063039
1.644847302063039
1.644847302063039
1.644847302063039
1.644847302063039
1.644847302063039
1.644847302063039
1.644847302063039
1.644847302063039
1.644847302063039
1.644847302063039
1.644847302063039
1.644847302063039
1.644847302063039
1.644847302063039
1.644847302063039
1.644847302063039
1.644847302063039
1.644847302063039
1.644847302063039
1.644847302063039
1.644847302063039
1.644847302063039
1.644847302063039
1.644847302063039
1.644847302063039
1.644847302063039
1.644847302063039
1.644847302063039
1.644847302063039
1.644847302063039
1.644847302063039
1.644847302063039
1.644847302063039
1.644847302063039
1.644847302063039
1.644847302063039
1.644847302063039
1.644847302063039
1.644847302063039
1.644847302063039
1.644847302063039
1.644847302063039
1.644847302063039
1.644847302063039
1.644847302063039
1.644847302063039
1.644847302063039
1.644847302063039
1.644847302063039
1.644847302063039
1.644847302063039
1.644847302063039
1.644847302063039
1.644847302063039
1.644847302063039
1.644847302063039
1.644847302063039
1.644847302063039
1.644847302063039
1.644847302063039
1.644847302063039
1.644847302063039
1.644847302063039
1.644847302063039
1.644847302063039
1.644847302063039
1.644847302063039
1.644847302063039
1.644847302063039
1.644847302063039
1.644847302063039
1.644847302063039
1.644847302063039
1.644847302063039
1.644847302063039
1.644847302063039
1.644847302063039
1.644847302063039
1.644847302063039
1.644847302063039
1.644847302063039
1.644847302063039
1.644847302063039
1.644847302063039
1.644847302063039
1.644847302063039
1.644847302063039
1.644847302063039
1.644847302063039
1.644847302063039
1.644847302063039
1.644847302063039
1.644847302063039
1.644847302063039
1.644847302063039
1.644847302063039
1.644847302063039
1.644847302063039
1.644847302063039
1.644847302063039
1.644847302063039
1.644847302063039
1.644847302063039
1.644847302063039
1.644847302063039
1.644847302063039
1.644847302063039
1.644847302063039
1.644847302063039
1.644847302063039
1.644847302063039
1.644847302063039
1.644847302063039
1.644847302063039
1.644847302063039
1.644847302063039
1.644847302063039
1.644847302063039
1.644847302063039
1.644847302063039
1.644847302063039
1.644847302063039
1.644847302063039
1.644847302063039
1.644847302063039
1.644847302063039
1.644847302063039
1.644847302063039
1.644847302063039
1.644847302063039
1.644847302063039
1.644847302063039
1.644847302063039
1.644847302063039
1.644847302063039
1.644847302063039
1.644847302063039
1.644847302063039
1.644847302063039
1.644847302063039
1.644847302063039
1.644847302063039
1.644847302063039
1.644847302063039
1.644847302063039
1.644847302063039
1.644847302063039
1.644847302063039
1.644847302063039
1.644847302063039
1.644847302063039
1.644847302063039
1.644847302063039
1.644847302063039
1.644847302063039
1.644847302063039
1.644847302063039
1.644847302063039
1.644847302063039
1.644847302063039
1.644847302063039
1.644847302063039
1.644847302063039
1.644847302063039
1.644847302063039
1.644847302063039
1.644847302063039
1.644847302063039
1.644847302063039
1.644847302063039
1.644847302063039
1.644847302063039
1.644847302063039
1.644847302063039
1.644847302063039
1.644847302063039
1.644847302063039
1.644847302063039
1.644847302063039
1.644847302063039
1.644847302063039
1.644847302063039
1.644847302063039
1.644847302063039
1.644847302063039
1.644847302063039
1.644847302063039
1.644847302063039
1.644847302063039
1.644847302063039
1.644847302063039
1.644847302063039
1.644847302063039
1.644847302063039
1.644847302063039
1.644847302063039
1.644847302063039
1.644847302063039
1.644847302063039
1.644847302063039
1.644847302063039
1.644847302063039
1.644847302063039
1.644847302063039
1.644847302063039
1.644847302063039
1.644847302063039
1.644847302063039
1.644847302063039
1.644847302063039
1.644847302063039
1.644847302063039
1.644847302063039
1.644847302063039
1.644847302063039
1.644847302063039
1.644847302063039
1.644847302063039
1.644847302063039
1.644847302063039
1.644847302063039
1.644847302063039
1.644847302063039
1.644847302063039
1.644847302063039
1.644847302063039
1.644847302063039
1.644847302063039
1.644847302063039
1.644847302063039
1.644847302063039
1.644847302063039
1.644847302063039
1.644847302063039
1.644847302063039
1.644847302063039
1.644847302063039
1.644847302063039
1.644847302063039
1.644847302063039
1.644847302063039
1.644847302063039
1.644847302063039
1.644847302063039
1.644847302063039
1.644847302063039
1.644847302063039
1.644847302063039
1.644847302063039
1.644847302063039
1.644847302063039
1.644847302063039
1.644847302063039
1.644847302063039
1.644847302063039
1.644847302063039
1.644847302063039
1.644847302063039
1.644847302063039
1.644847302063039
1.644847302063039
1.644847302063039
1.644847302063039
1.2429865050938718
1.2429865050938718
1.2429865050938718
1.2429865050938718
1.2429865050938718
1.2429865050938718
1.2429865050938718
1.2429865050938718
1.2429865050938718
1.2429865050938718
1.2429865050938718
1.2429865050938718
1.2429865050938718
1.2429865050938718
1.2429865050938718
1.2429865050938718
1.2429865050938718
1.2429865050938718
1.2429865050938718
1.2429865050938718
1.2429865050938718
1.2429865050938718
1.2429865050938718
1.2429865050938718
1.2429865050938718
1.2429865050938718
1.2429865050938718
1.2429865050938718
1.2429865050938718
1.2429865050938718
1.2429865050938718
1.2429865050938718
1.2429865050938718
1.2429865050938718
1.2429865050938718
1.2429865050938718
1.2429865050938718
1.2429865050938718
1.2429865050938718
1.2429865050938718
1.2429865050938718
1.2429865050938718
1.2429865050938718
1.2429865050938718
1.2429865050938718
1.2429865050938718
1.2429865050938718
1.2429865050938718
1.2429865050938718
1.2429865050938718
1.2429865050938718
1.2429865050938718
1.2429865050938718
1.2429865050938718
1.2429865050938718
1.2429865050938718
1.2429865050938718
1.2429865050938718
1.2429865050938718
1.2429865050938718
1.2429865050938718
1.2429865050938718
1.2429865050938718
1.2429865050938718
1.2429865050938718
1.2429865050938718
1.2429865050938718
1.2429865050938718
1.2429865050938718
1.2429865050938718
1.2429865050938718
1.2429865050938718
1.2429865050938718
1.2429865050938718
1.2429865050938718
1.2429865050938718
1.2429865050938718
1.2429865050938718
1.2429865050938718
1.2429865050938718
1.2429865050938718
1.2429865050938718
1.2429865050938718
1.2429865050938718
1.2429865050938718
1.2429865050938718
1.2429865050938718
1.2429865050938718
1.2429865050938718
1.2429865050938718
1.2429865050938718
1.2429865050938718
1.2429865050938718
1.2429865050938718
1.2429865050938718
1.2429865050938718
1.2429865050938718
1.2429865050938718
1.2429865050938718
1.2429865050938718
1.2429865050938718
1.2429865050938718
1.2429865050938718
1.2429865050938718
1.2429865050938718
1.2429865050938718
1.2429865050938718
1.2429865050938718
1.2429865050938718
1.2429865050938718
1.2429865050938718
1.2429865050938718
1.2429865050938718
1.2429865050938718
1.2429865050938718
1.2429865050938718
1.2429865050938718
1.2429865050938718
1.2429865050938718
1.2429865050938718
1.2429865050938718
1.2429865050938718
1.2429865050938718
1.2429865050938718
1.2429865050938718
1.2429865050938718
1.2429865050938718
1.2429865050938718
1.2429865050938718
1.2429865050938718
1.2429865050938718
1.2429865050938718
1.2429865050938718
1.2429865050938718
1.2429865050938718
1.2429865050938718
1.2429865050938718
1.2429865050938718
1.2429865050938718
1.2429865050938718
1.2429865050938718
1.2429865050938718
1.2429865050938718
1.2429865050938718
1.2429865050938718
1.2429865050938718
1.2429865050938718
1.2429865050938718
1.2429865050938718
1.2429865050938718
1.2429865050938718
1.2429865050938718
1.2429865050938718
1.2429865050938718
1.2429865050938718
1.2429865050938718
1.2429865050938718
1.2429865050938718
1.2429865050938718
1.2429865050938718
1.2429865050938718
1.2429865050938718
1.2429865050938718
1.2429865050938718
1.2429865050938718
1.2429865050938718
1.2429865050938718
1.2429865050938718
1.2429865050938718
1.2429865050938718
1.2429865050938718
1.2429865050938718
1.2429865050938718
1.2429865050938718
1.2429865050938718
1.2429865050938718
1.2429865050938718
1.2429865050938718
1.2429865050938718
1.2429865050938718
1.2429865050938718
1.2429865050938718
1.2429865050938718
1.2429865050938718
1.2429865050938718
1.2429865050938718
1.2429865050938718
1.2429865050938718
1.2429865050938718
1.2429865050938718
1.2429865050938718
1.2429865050938718
1.2429865050938718
1.2429865050938718
1.2429865050938718
1.2429865050938718
1.2429865050938718
1.2429865050938718
1.2429865050938718
1.2429865050938718
1.2429865050938718
1.2429865050938718
1.2429865050938718
1.2429865050938718
1.2429865050938718
1.2429865050938718
1.2429865050938718
1.2429865050938718
1.2429865050938718
1.2429865050938718
1.2429865050938718
1.2429865050938718
1.2429865050938718
1.2429865050938718
1.2429865050938718
1.2429865050938718
1.2429865050938718
1.2429865050938718
1.2429865050938718
1.2429865050938718
1.2429865050938718
1.2429865050938718
1.2429865050938718
1.2429865050938718
1.2429865050938718
1.2429865050938718
1.2429865050938718
1.2429865050938718
1.2429865050938718
1.2429865050938718
1.2429865050938718
1.2429865050938718
1.2429865050938718
1.2429865050938718
1.2429865050938718
1.2429865050938718
1.2429865050938718
1.2429865050938718
1.2429865050938718
1.2429865050938718
1.2429865050938718
1.2429865050938718
1.2429865050938718
1.2429865050938718
1.2429865050938718
1.2429865050938718
1.2429865050938718
1.2429865050938718
1.2429865050938718
1.2429865050938718
1.2429865050938718
1.2429865050938718
1.2429865050938718
1.2429865050938718
1.2429865050938718
1.2429865050938718
1.2429865050938718
1.2429865050938718
1.2429865050938718
1.2429865050938718
1.2429865050938718
1.2429865050938718
1.2429865050938718
1.2429865050938718
1.2429865050938718
1.2429865050938718
1.2429865050938718
1.2429865050938718
1.2429865050938718
1.2429865050938718
1.2429865050938718
1.2429865050938718
1.2429865050938718
1.2429865050938718
1.2429865050938718
1.2429865050938718
1.2429865050938718
1.2429865050938718
1.2429865050938718
1.2429865050938718
1.2429865050938718
1.2429865050938718
1.2429865050938718
1.2429865050938718
1.2429865050938718
1.2429865050938718
1.2429865050938718
1.2429865050938718
1.2429865050938718
1.2429865050938718
1.2429865050938718
1.2429865050938718
1.2429865050938718
1.2429865050938718
1.2429865050938718
1.2429865050938718
1.2429865050938718
1.2429865050938718
1.2429865050938718
1.2429865050938718
1.2429865050938718
1.2429865050938718
1.2429865050938718
1.2429865050938718
1.2429865050938718
1.2429865050938718
1.2429865050938718
1.2429865050938718
1.2429865050938718
1.2429865050938718
1.2429865050938718
1.2429865050938718
1.2429865050938718
1.2429865050938718
1.2429865050938718
1.2429865050938718
1.2429865050938718
1.2429865050938718
1.2429865050938718
1.2429865050938718
1.2429865050938718
1.2429865050938718
1.2429865050938718
1.2429865050938718
1.2429865050938718
1.2429865050938718
1.2429865050938718
1.2429865050938718
1.2429865050938718
1.2429865050938718
1.2429865050938718
1.2429865050938718
1.2429865050938718
1.2429865050938718
1.2429865050938718
1.2429865050938718
1.2429865050938718
1.2429865050938718
1.2429865050938718
1.2429865050938718
1.2429865050938718
1.2429865050938718
1.2429865050938718
1.2429865050938718
1.2429865050938718
1.2429865050938718
1.2429865050938718
1.2429865050938718
1.2429865050938718
1.2429865050938718
1.2429865050938718
1.2429865050938718
1.2429865050938718
1.2429865050938718
1.2429865050938718
1.2429865050938718
1.2429865050938718
1.2429865050938718
1.2429865050938718
1.2429865050938718
1.2429865050938718
1.2429865050938718
1.2429865050938718
1.2429865050938718
1.2429865050938718
1.2429865050938718
1.2429865050938718
1.2429865050938718
1.2429865050938718
1.2429865050938718
1.2429865050938718
1.2429865050938718
1.2429865050938718
1.2429865050938718
1.2429865050938718
1.2429865050938718
1.2429865050938718
1.2429865050938718
1.2429865050938718
1.2429865050938718
1.2429865050938718
1.2429865050938718
1.2429865050938718
1.2429865050938718
1.2429865050938718
1.2429865050938718
1.2429865050938718
1.2429865050938718
1.2429865050938718
1.2429865050938718
1.2429865050938718
1.2429865050938718
1.2429865050938718
1.2429865050938718
1.2429865050938718
1.2429865050938718
1.2429865050938718
1.2429865050938718
1.2429865050938718
1.2429865050938718
1.2429865050938718
1.2429865050938718
1.2429865050938718
1.2429865050938718
1.2429865050938718
1.2429865050938718
1.2429865050938718
1.2429865050938718
1.2429865050938718
1.2429865050938718
1.2429865050938718
1.2429865050938718
1.2429865050938718
1.2429865050938718
1.2429865050938718
1.2429865050938718
1.2429865050938718
1.2429865050938718
1.2429865050938718
1.2429865050938718
1.2429865050938718
1.2429865050938718
1.2429865050938718
1.2429865050938718
1.2429865050938718
1.2429865050938718
1.2429865050938718
1.2429865050938718
1.2429865050938718
1.2429865050938718
1.2429865050938718
1.2429865050938718
1.2429865050938718
1.2429865050938718
1.2429865050938718
1.2429865050938718
1.2429865050938718
1.2429865050938718
1.2429865050938718
1.2429865050938718
1.2429865050938718
1.2429865050938718
1.2429865050938718
1.2429865050938718
1.2429865050938718
1.2429865050938718
1.2429865050938718
1.2429865050938718
1.2429865050938718
1.2429865050938718
1.2429865050938718
1.2429865050938718
1.2429865050938718
1.2429865050938718
1.2429865050938718
1.2429865050938718
1.2429865050938718
1.2429865050938718
1.2429865050938718
1.2429865050938718
1.2429865050938718
1.2429865050938718
1.2429865050938718
1.2429865050938718
1.2429865050938718
1.2429865050938718
1.2429865050938718
1.2429865050938718
1.2429865050938718
1.2429865050938718
1.2429865050938718
1.2429865050938718
1.2429865050938718
1.2429865050938718
1.2429865050938718
1.2429865050938718
1.2429865050938718
1.2429865050938718
1.2429865050938718
1.2429865050938718
1.2429865050938718
1.2429865050938718
1.2429865050938718
1.2429865050938718
1.2429865050938718
1.2429865050938718
1.2429865050938718
1.2429865050938718
1.2429865050938718
1.2429865050938718
1.2429865050938718
1.2429865050938718
1.2429865050938718
1.2429865050938718
1.2429865050938718
1.2429865050938718
1.2429865050938718
1.2429865050938718
1.2429865050938718
1.2429865050938718
1.2429865050938718
1.2429865050938718
1.2429865050938718
1.2429865050938718
1.2429865050938718
1.2429865050938718
1.2429865050938718
1.2429865050938718
1.2429865050938718
1.2429865050938718
1.2429865050938718
1.2429865050938718
1.2429865050938718
1.2429865050938718
1.2429865050938718
1.2429865050938718
1.2429865050938718
1.2429865050938718
1.2429865050938718
1.2429865050938718
1.2429865050938718
1.2429865050938718
1.2429865050938718
1.2429865050938718
1.2429865050938718
1.2429865050938718
1.2429865050938718
1.2429865050938718
1.2429865050938718
1.2429865050938718
1.2429865050938718
1.2429865050938718
1.2429865050938718
1.2429865050938718
1.2429865050938718
1.2429865050938718
1.2429865050938718
1.2429865050938718
1.2429865050938718
1.2429865050938718
1.2429865050938718
1.2429865050938718
1.2429865050938718
1.2429865050938718
1.2429865050938718
1.2429865050938718
1.2429865050938718
1.2429865050938718
1.2429865050938718
1.2429865050938718
1.2429865050938718
1.2429865050938718
1.2429865050938718
1.2429865050938718
1.2429865050938718
1.2429865050938718
1.2429865050938718
1.2429865050938718
1.2429865050938718
1.2429865050938718
1.2429865050938718
1.2429865050938718
1.2429865050938718
1.2429865050938718
1.2429865050938718
1.2429865050938718
1.2429865050938718
1.2429865050938718
1.2429865050938718
1.2429865050938718
1.2429865050938718
1.2429865050938718
1.2429865050938718
1.2429865050938718
1.2429865050938718
1.2429865050938718
1.2429865050938718
1.2429865050938718
1.2429865050938718
1.2429865050938718
1.2429865050938718
1.2429865050938718
1.2429865050938718
1.2429865050938718
1.2429865050938718
1.2429865050938718
1.2429865050938718
1.2429865050938718
1.2429865050938718
1.2429865050938718
1.2429865050938718
1.2429865050938718
1.2429865050938718
1.2429865050938718
1.2429865050938718
1.2429865050938718
1.2429865050938718
1.2429865050938718
1.2429865050938718
1.2429865050938718
1.2429865050938718
1.2429865050938718
1.2429865050938718
1.2429865050938718
1.2429865050938718
1.2429865050938718
1.2429865050938718
1.2429865050938718
1.2429865050938718
1.2429865050938718
1.2429865050938718
1.2429865050938718
1.2429865050938718
1.2429865050938718
1.2429865050938718
1.2429865050938718
1.2429865050938718
1.2429865050938718
1.2429865050938718
1.2429865050938718
1.2429865050938718
1.2429865050938718
1.2429865050938718
1.2429865050938718
1.2429865050938718
1.2429865050938718
1.2429865050938718
1.2429865050938718
1.2429865050938718
1.2429865050938718
1.2429865050938718
1.2429865050938718
1.2429865050938718
1.2429865050938718
1.2429865050938718
1.2429865050938718
1.2429865050938718
1.2429865050938718
1.2429865050938718
1.2429865050938718
1.2429865050938718
1.2429865050938718
1.2429865050938718
1.2429865050938718
1.2429865050938718
1.2429865050938718
1.2429865050938718
1.2429865050938718
1.2429865050938718
1.2429865050938718
1.2429865050938718
1.2429865050938718
1.2429865050938718
1.2429865050938718
1.2429865050938718
1.2429865050938718
1.2429865050938718
1.2429865050938718
1.2429865050938718
1.2429865050938718
1.2429865050938718
1.2429865050938718
1.2429865050938718
1.2429865050938718
1.2429865050938718
1.2429865050938718
1.2429865050938718
1.2429865050938718
1.2429865050938718
1.2429865050938718
1.2429865050938718
1.2429865050938718
1.2429865050938718
1.2429865050938718
1.2429865050938718
1.2429865050938718
1.2429865050938718
1.2429865050938718
1.2429865050938718
1.2429865050938718
1.2429865050938718
1.2429865050938718
1.2429865050938718
1.2429865050938718
1.2429865050938718
1.2429865050938718
1.2429865050938718
1.2429865050938718
1.2429865050938718
1.2429865050938718
1.2429865050938718
1.2429865050938718
1.2429865050938718
1.2429865050938718
1.2429865050938718
1.2429865050938718
1.2429865050938718
1.2429865050938718
1.2429865050938718
1.2429865050938718
1.2429865050938718
1.2429865050938718
1.2429865050938718
1.2429865050938718
1.2429865050938718
1.2429865050938718
1.2429865050938718
1.2429865050938718
1.2429865050938718
1.2429865050938718
1.2429865050938718
1.2429865050938718
1.2429865050938718
1.2429865050938718
1.2429865050938718
1.2429865050938718
1.2429865050938718
1.2429865050938718
1.2429865050938718
1.2429865050938718
1.2429865050938718
1.2429865050938718
1.2429865050938718
1.2429865050938718
1.2429865050938718
1.2429865050938718
1.2429865050938718
1.2429865050938718
1.2429865050938718
1.2429865050938718
1.2429865050938718
1.2429865050938718
1.2429865050938718
1.2429865050938718
1.2429865050938718
1.2429865050938718
1.2429865050938718
1.2429865050938718
1.2429865050938718
1.2429865050938718
1.2429865050938718
1.2429865050938718
1.2429865050938718
1.2429865050938718
1.2429865050938718
1.2429865050938718
1.2429865050938718
1.2429865050938718
1.2429865050938718
1.2429865050938718
1.2429865050938718
1.2429865050938718
1.2429865050938718
1.2429865050938718
1.2429865050938718
1.2429865050938718
1.2429865050938718
1.2429865050938718
1.2429865050938718
1.2429865050938718
1.2429865050938718
1.2429865050938718
1.2429865050938718
1.2429865050938718
1.2429865050938718
1.2429865050938718
1.2429865050938718
1.2429865050938718
1.2429865050938718
1.2429865050938718
1.2429865050938718
1.2429865050938718
1.2429865050938718
1.2429865050938718
1.2429865050938718
1.2429865050938718
1.2429865050938718
1.2429865050938718
1.2429865050938718
1.2429865050938718
1.2429865050938718
1.2429865050938718
1.2429865050938718
1.2429865050938718
1.2429865050938718
1.2429865050938718
1.2429865050938718
1.2429865050938718
1.2429865050938718
1.2429865050938718
1.2429865050938718
1.2429865050938718
1.2429865050938718
1.2429865050938718
1.2429865050938718
1.2429865050938718
1.2429865050938718
1.2429865050938718
1.2429865050938718
1.2429865050938718
1.2429865050938718
1.2429865050938718
1.2429865050938718
1.2429865050938718
1.2429865050938718
1.2429865050938718
1.2429865050938718
1.2429865050938718
1.2429865050938718
1.2429865050938718
1.2429865050938718
1.2429865050938718
1.2429865050938718
1.2429865050938718
1.2429865050938718
1.2429865050938718
1.2429865050938718
1.2429865050938718
1.2429865050938718
1.2429865050938718
1.2429865050938718
1.2429865050938718
1.2429865050938718
1.2429865050938718
1.2429865050938718
1.2429865050938718
1.2429865050938718
1.2429865050938718
1.2429865050938718
1.2429865050938718
1.2429865050938718
1.2429865050938718
1.2429865050938718
1.2429865050938718
1.2429865050938718
1.2429865050938718
1.2429865050938718
1.2429865050938718
1.2429865050938718
1.2429865050938718
1.2429865050938718
1.2429865050938718
1.2429865050938718
1.2429865050938718
1.2429865050938718
1.2429865050938718
1.2429865050938718
1.2429865050938718
1.2429865050938718
1.2429865050938718
1.2429865050938718
1.2429865050938718
1.2429865050938718
1.2429865050938718
1.2429865050938718
1.2429865050938718
1.2429865050938718
1.2429865050938718
1.2429865050938718
1.2429865050938718
1.2429865050938718
1.2429865050938718
1.2429865050938718
1.2429865050938718
1.2429865050938718
1.2429865050938718
1.2429865050938718
1.2429865050938718
1.2429865050938718
1.2429865050938718
1.2429865050938718
1.2429865050938718
1.2429865050938718
1.2429865050938718
1.2429865050938718
1.2429865050938718
1.2429865050938718
1.2429865050938718
1.2429865050938718
1.2429865050938718
1.2429865050938718
1.2429865050938718
1.2429865050938718
1.2429865050938718
1.2429865050938718
1.2429865050938718
1.2429865050938718
1.2429865050938718
1.2429865050938718
1.2429865050938718
1.2429865050938718
1.2429865050938718
1.2429865050938718
1.2429865050938718
1.2429865050938718
1.2429865050938718
1.2429865050938718
1.2429865050938718
1.2429865050938718
1.2429865050938718
1.2429865050938718
1.2429865050938718
1.2429865050938718
1.2429865050938718
1.2429865050938718
1.2429865050938718
1.2429865050938718
1.2429865050938718
1.2429865050938718
1.2429865050938718
1.2429865050938718
1.2429865050938718
1.2429865050938718
1.2429865050938718
1.2429865050938718
1.2429865050938718
1.2429865050938718
1.2429865050938718
1.2429865050938718
1.2429865050938718
1.2429865050938718
1.2429865050938718
1.2429865050938718
1.2429865050938718
1.2429865050938718
1.2429865050938718
1.2429865050938718
1.2429865050938718
1.2429865050938718
1.2429865050938718
1.2429865050938718
1.2429865050938718
1.2429865050938718
1.2429865050938718
1.2429865050938718
1.2429865050938718
1.2429865050938718
1.2429865050938718
1.2429865050938718
1.2429865050938718
1.2429865050938718
1.2429865050938718
1.2429865050938718
1.2429865050938718
1.2429865050938718
1.2429865050938718
1.2429865050938718
1.2429865050938718
1.2429865050938718
1.2429865050938718
1.2429865050938718
1.2429865050938718
1.2429865050938718
1.2429865050938718
1.2429865050938718
1.2429865050938718
1.2429865050938718
1.2429865050938718
1.2429865050938718
1.2429865050938718
1.2429865050938718
1.2429865050938718
1.2429865050938718
1.2429865050938718
1.2429865050938718
1.2429865050938718
1.2429865050938718
1.2429865050938718
1.2429865050938718
1.2429865050938718
1.2429865050938718
1.2429865050938718
1.2429865050938718
1.2429865050938718
1.2429865050938718
1.2429865050938718
1.2429865050938718
1.2429865050938718
1.2429865050938718
1.2429865050938718
1.2429865050938718
1.2429865050938718
1.2429865050938718
1.2429865050938718
1.2429865050938718
1.2429865050938718
1.2429865050938718
1.2429865050938718
1.2429865050938718
1.2429865050938718
1.2429865050938718
1.2429865050938718
1.2429865050938718
1.2429865050938718
1.2429865050938718
1.2429865050938718
1.2429865050938718
1.2429865050938718
1.2429865050938718
1.2429865050938718
1.2429865050938718
1.2429865050938718
1.2429865050938718
1.2429865050938718
1.2429865050938718
1.2429865050938718
1.2429865050938718
1.2429865050938718
1.2429865050938718
1.2429865050938718
1.2429865050938718
1.2429865050938718
1.2429865050938718
1.2429865050938718
1.2429865050938718
1.2429865050938718
1.2429865050938718
1.2429865050938718
1.2429865050938718
1.2429865050938718
1.2429865050938718
1.2429865050938718
1.2429865050938718
1.2429865050938718
1.2429865050938718
1.2429865050938718
1.2429865050938718
1.2429865050938718
1.2429865050938718
1.2429865050938718
1.2429865050938718
1.2429865050938718
1.2429865050938718
1.2429865050938718
1.2429865050938718
1.2429865050938718
1.2429865050938718
1.2429865050938718
1.2429865050938718
1.2429865050938718
1.2429865050938718
1.2429865050938718
1.2429865050938718
1.2429865050938718
1.2429865050938718
1.2429865050938718
1.2429865050938718
1.2429865050938718
1.2429865050938718
1.2429865050938718
1.2429865050938718
1.2429865050938718
1.2429865050938718
1.2429865050938718
1.2429865050938718
1.2429865050938718
1.2429865050938718
1.2429865050938718
1.2429865050938718
1.2429865050938718
1.2429865050938718
1.2429865050938718
1.2429865050938718
1.2429865050938718
1.2429865050938718
1.2429865050938718
1.2429865050938718
1.2429865050938718
1.2429865050938718
1.2429865050938718
1.2429865050938718
1.2429865050938718
1.2429865050938718
1.2429865050938718
1.2429865050938718
1.2429865050938718
1.2429865050938718
1.2429865050938718
1.2429865050938718
1.2429865050938718
1.2429865050938718
1.2429865050938718
1.2429865050938718
1.2429865050938718
1.2429865050938718
1.2429865050938718
1.2429865050938718
1.2429865050938718
1.2429865050938718
1.2429865050938718
1.2429865050938718
1.2429865050938718
1.2429865050938718
1.2429865050938718
1.2429865050938718
1.2429865050938718
1.2429865050938718
1.2429865050938718
1.2429865050938718
1.2429865050938718
1.2429865050938718
1.2429865050938718
1.2429865050938718
1.2429865050938718
1.2429865050938718
1.2429865050938718
1.2429865050938718
1.2429865050938718
1.2429865050938718
1.2429865050938718
1.2429865050938718
1.2429865050938718
1.2429865050938718
1.2429865050938718
1.2429865050938718
1.2429865050938718
1.2429865050938718
1.2429865050938718
1.2429865050938718
1.2429865050938718
1.2429865050938718
1.2429865050938718
1.2429865050938718
1.2429865050938718
1.2429865050938718
1.2429865050938718
1.2429865050938718
1.2429865050938718
1.2429865050938718
1.2429865050938718
1.2429865050938718
1.2429865050938718
1.2429865050938718
1.2429865050938718
1.2429865050938718
1.2429865050938718
1.2429865050938718
1.2429865050938718
1.2429865050938718
1.2429865050938718
1.2429865050938718
1.2429865050938718
1.2429865050938718
1.2429865050938718
1.2429865050938718
1.2429865050938718
1.2429865050938718
1.2429865050938718
1.2429865050938718
1.2429865050938718
1.2429865050938718
1.2429865050938718
1.2429865050938718
1.2429865050938718
1.2429865050938718
1.2429865050938718
1.2429865050938718
1.2429865050938718
1.2429865050938718
1.2429865050938718
1.2429865050938718
1.2429865050938718
1.2429865050938718
1.2429865050938718
1.2429865050938718
1.2429865050938718
1.2429865050938718
1.2429865050938718
1.2429865050938718
1.2429865050938718
1.2429865050938718
1.2429865050938718
1.2429865050938718
1.2429865050938718
1.2429865050938718
1.2429865050938718
1.2429865050938718
1.2429865050938718
1.2429865050938718
1.2429865050938718
1.2429865050938718
1.2429865050938718
1.2429865050938718
1.2429865050938718
1.2429865050938718
1.2429865050938718
1.2429865050938718
1.2429865050938718
1.2429865050938718
1.2429865050938718
1.2429865050938718
1.2429865050938718
1.2429865050938718
1.2429865050938718
1.2429865050938718
1.2429865050938718
1.2429865050938718
1.2429865050938718
1.2429865050938718
1.2429865050938718
1.2429865050938718
1.2429865050938718
1.2429865050938718
1.2429865050938718
1.2429865050938718
1.2429865050938718
1.2429865050938718
1.2429865050938718
1.2429865050938718
1.2429865050938718
1.2429865050938718
1.2429865050938718
1.2429865050938718
1.2429865050938718
1.2429865050938718
1.2429865050938718
1.2429865050938718
1.2429865050938718
1.2429865050938718
1.2429865050938718
1.2429865050938718
1.2429865050938718
1.2429865050938718
1.2429865050938718
1.2429865050938718
1.2429865050938718
1.2429865050938718
1.2429865050938718
1.2429865050938718
1.2429865050938718
1.2429865050938718
1.2429865050938718
1.2429865050938718
1.2429865050938718
1.2429865050938718
1.2429865050938718
1.2429865050938718
1.2429865050938718
1.2429865050938718
1.2429865050938718
1.2429865050938718
1.2429865050938718
1.2429865050938718
1.2429865050938718
1.2429865050938718
1.2429865050938718
1.2429865050938718
1.2429865050938718
1.2429865050938718
1.2429865050938718
1.2429865050938718
1.2429865050938718
1.2429865050938718
1.2429865050938718
1.2429865050938718
1.2429865050938718
1.2429865050938718
1.2429865050938718
1.2429865050938718
1.2429865050938718
1.2429865050938718
1.2429865050938718
1.2429865050938718
1.2429865050938718
1.2429865050938718
1.2429865050938718
1.2429865050938718
1.2429865050938718
1.2429865050938718
1.2429865050938718
1.2429865050938718
1.2429865050938718
1.2429865050938718
1.2429865050938718
1.2429865050938718
1.2429865050938718
1.2429865050938718
1.2429865050938718
1.2429865050938718
1.2429865050938718
1.2429865050938718
1.2429865050938718
1.2429865050938718
1.2429865050938718
1.2429865050938718
1.2429865050938718
1.2429865050938718
1.2429865050938718
1.2429865050938718
1.2429865050938718
1.2429865050938718
1.2429865050938718
1.2429865050938718
1.2429865050938718
1.2429865050938718
1.2429865050938718
1.2429865050938718
1.2429865050938718
1.2429865050938718
1.2429865050938718
1.2429865050938718
1.2429865050938718
1.2429865050938718
1.2429865050938718
1.2429865050938718
1.2429865050938718
1.2429865050938718
1.2429865050938718
1.2429865050938718
1.2429865050938718
1.2429865050938718
1.2429865050938718
1.2429865050938718
1.2429865050938718
1.2429865050938718
1.2429865050938718
1.2429865050938718
1.2429865050938718
1.2429865050938718
1.2429865050938718
1.2429865050938718
1.2429865050938718
1.2429865050938718
1.2429865050938718
1.2429865050938718
1.2429865050938718
1.2429865050938718
1.2429865050938718
1.2429865050938718
1.2429865050938718
1.2429865050938718
1.2429865050938718
1.2429865050938718
1.2429865050938718
1.2429865050938718
1.2429865050938718
1.2429865050938718
1.2429865050938718
1.2429865050938718
1.2429865050938718
1.2429865050938718
1.2429865050938718
1.2429865050938718
1.2429865050938718
1.2429865050938718
1.2429865050938718
1.2429865050938718
1.2429865050938718
1.2429865050938718
1.2429865050938718
1.2429865050938718
1.2429865050938718
1.2429865050938718
1.2429865050938718
1.2429865050938718
1.2429865050938718
1.2429865050938718
1.2429865050938718
1.2429865050938718
1.2429865050938718
1.2429865050938718
1.2429865050938718
1.2429865050938718
1.2429865050938718
1.2429865050938718
1.2429865050938718
1.2429865050938718
1.2429865050938718
1.2429865050938718
1.2429865050938718
1.2429865050938718
1.2429865050938718
1.2429865050938718
1.2429865050938718
1.2429865050938718
1.2429865050938718
1.2429865050938718
1.2429865050938718
1.2429865050938718
1.2429865050938718
1.2429865050938718
1.2429865050938718
1.2429865050938718
1.2429865050938718
1.2429865050938718
1.2429865050938718
1.2429865050938718
1.2429865050938718
1.2429865050938718
1.2429865050938718
1.2429865050938718
1.2429865050938718
1.2429865050938718
1.2429865050938718
1.2429865050938718
1.2429865050938718
1.2429865050938718
1.2429865050938718
1.2429865050938718
1.2429865050938718
1.2429865050938718
1.2429865050938718
1.2429865050938718
1.2429865050938718
1.2429865050938718
1.2429865050938718
1.2429865050938718
1.2429865050938718
1.2429865050938718
1.2429865050938718
1.2429865050938718
1.2429865050938718
1.2429865050938718
1.2429865050938718
1.2429865050938718
1.2429865050938718
1.2429865050938718
1.2429865050938718
1.2429865050938718
1.2429865050938718
1.2429865050938718
1.2429865050938718
1.2429865050938718
1.2429865050938718
1.2429865050938718
1.2429865050938718
1.2429865050938718
1.2429865050938718
1.2429865050938718
1.2429865050938718
1.2429865050938718
1.2429865050938718
1.2429865050938718
1.2429865050938718
1.2429865050938718
1.2429865050938718
1.2429865050938718
1.2429865050938718
1.2429865050938718
1.2429865050938718
1.2429865050938718
1.2429865050938718
1.2429865050938718
1.2429865050938718
1.2429865050938718
1.2429865050938718
1.2429865050938718
1.2429865050938718
1.2429865050938718
1.2429865050938718
1.2429865050938718
1.2429865050938718
1.2429865050938718
1.2429865050938718
1.2429865050938718
1.2429865050938718
1.2429865050938718
1.2429865050938718
1.2429865050938718
1.2429865050938718
1.2429865050938718
1.2429865050938718
1.2429865050938718
1.2429865050938718
1.2429865050938718
1.2429865050938718
1.2429865050938718
1.2429865050938718
1.2429865050938718
1.2429865050938718
1.2429865050938718
1.2429865050938718
1.2429865050938718
1.2429865050938718
1.2429865050938718
1.2429865050938718
1.2429865050938718
1.2429865050938718
1.2429865050938718
1.2429865050938718
1.2429865050938718
1.2429865050938718
1.2429865050938718
1.2429865050938718
1.2429865050938718
1.2429865050938718
1.2429865050938718
1.2429865050938718
1.2429865050938718
1.2429865050938718
1.2429865050938718
1.2429865050938718
1.2429865050938718
1.2429865050938718
1.2429865050938718
1.2429865050938718
1.2429865050938718
1.2429865050938718
1.2429865050938718
1.2429865050938718
1.2429865050938718
1.2429865050938718
1.2429865050938718
1.2429865050938718
1.2429865050938718
1.2429865050938718
1.2429865050938718
1.2429865050938718
1.2429865050938718
1.2429865050938718
1.2429865050938718
1.2429865050938718
1.2429865050938718
1.2429865050938718
1.2429865050938718
1.2429865050938718
1.2429865050938718
1.2429865050938718
1.2429865050938718
1.2429865050938718
1.2429865050938718
1.2429865050938718
1.2429865050938718
1.2429865050938718
1.2429865050938718
1.2429865050938718
1.2429865050938718
1.2429865050938718
1.2429865050938718
1.2429865050938718
1.2429865050938718
1.2429865050938718
1.2429865050938718
1.2429865050938718
1.2429865050938718
1.2429865050938718
1.2429865050938718
1.2429865050938718
1.2429865050938718
1.2429865050938718
1.2429865050938718
1.2429865050938718
1.2429865050938718
1.2429865050938718
1.2429865050938718
1.2429865050938718
1.2429865050938718
1.2429865050938718
1.2429865050938718
1.2429865050938718
1.2429865050938718
1.2429865050938718
1.2429865050938718
1.2429865050938718
1.2429865050938718
1.2429865050938718
1.2429865050938718
1.2429865050938718
1.2429865050938718
1.2429865050938718
1.2429865050938718
1.2429865050938718
1.2429865050938718
1.2429865050938718
1.2429865050938718
1.2429865050938718
1.2429865050938718
1.2429865050938718
1.2429865050938718
1.2429865050938718
1.2429865050938718
1.2429865050938718
1.2429865050938718
1.2429865050938718
1.2429865050938718
1.2429865050938718
1.2429865050938718
1.2429865050938718
1.2429865050938718
1.2429865050938718
1.2429865050938718
1.2429865050938718
1.2429865050938718
1.2429865050938718
1.2429865050938718
1.2429865050938718
1.2429865050938718
1.2429865050938718
1.2429865050938718
1.2429865050938718
1.2429865050938718
1.2429865050938718
1.2429865050938718
1.2429865050938718
1.2429865050938718
1.2429865050938718
1.2429865050938718
1.2429865050938718
1.2429865050938718
1.2429865050938718
1.2429865050938718
1.2429865050938718
1.2429865050938718
1.2429865050938718
1.2429865050938718
1.2429865050938718
1.2429865050938718
1.2429865050938718
1.2429865050938718
1.2429865050938718
1.2429865050938718
1.2429865050938718
1.2429865050938718
1.2429865050938718
1.2429865050938718
1.2429865050938718
1.2429865050938718
1.2429865050938718
1.2429865050938718
1.2429865050938718
1.2429865050938718
1.2429865050938718
1.2429865050938718
1.2429865050938718
1.2429865050938718
1.2429865050938718
1.2429865050938718
1.2429865050938718
1.2429865050938718
1.2429865050938718
1.2429865050938718
1.2429865050938718
1.2429865050938718
1.2429865050938718
1.2429865050938718
1.2429865050938718
1.2429865050938718
1.2429865050938718
1.2429865050938718
1.2429865050938718
1.2429865050938718
1.2429865050938718
1.2429865050938718
1.2429865050938718
1.2429865050938718
1.2429865050938718
1.2429865050938718
1.2429865050938718
1.2429865050938718
1.2429865050938718
1.2429865050938718
1.2429865050938718
1.2429865050938718
1.2429865050938718
1.2429865050938718
1.2429865050938718
1.2429865050938718
1.2429865050938718
1.2429865050938718
1.2429865050938718
1.2429865050938718
1.2429865050938718
1.2429865050938718
1.2429865050938718
1.2429865050938718
1.2429865050938718
1.2429865050938718
1.2429865050938718
1.2429865050938718
1.2429865050938718
1.2429865050938718
1.2429865050938718
1.2429865050938718
1.2429865050938718
1.2429865050938718
1.2429865050938718
1.2429865050938718
1.2429865050938718
1.2429865050938718
1.2429865050938718
1.2429865050938718
1.2429865050938718
1.2429865050938718
1.2429865050938718
1.2429865050938718
1.2429865050938718
1.2429865050938718
1.2429865050938718
1.2429865050938718
1.2429865050938718
1.2429865050938718
1.2429865050938718
1.2429865050938718
1.2429865050938718
1.2429865050938718
1.2429865050938718
1.2429865050938718
1.2429865050938718
1.2429865050938718
1.2429865050938718
1.2429865050938718
1.2429865050938718
1.2429865050938718
1.2429865050938718
1.2429865050938718
1.2429865050938718
1.2429865050938718
1.2429865050938718
1.2429865050938718
1.2429865050938718
1.2429865050938718
1.2429865050938718
1.2429865050938718
1.2429865050938718
1.2429865050938718
1.2429865050938718
1.2429865050938718
1.2429865050938718
1.2429865050938718
1.2429865050938718
1.2429865050938718
1.2429865050938718
1.2429865050938718
1.2429865050938718
1.2429865050938718
1.2429865050938718
1.2429865050938718
1.2429865050938718
1.2429865050938718
1.2429865050938718
1.2429865050938718
1.2429865050938718
1.2429865050938718
1.2429865050938718
1.2429865050938718
1.2429865050938718
1.2429865050938718
1.2429865050938718
1.2429865050938718
1.2429865050938718
1.2429865050938718
1.2429865050938718
1.2429865050938718
1.2429865050938718
1.2429865050938718
1.2429865050938718
1.2429865050938718
1.2429865050938718
1.2429865050938718
1.2429865050938718
1.2429865050938718
1.2429865050938718
1.2429865050938718
1.2429865050938718
1.2429865050938718
1.2429865050938718
1.2429865050938718
1.2429865050938718
1.2429865050938718
1.2429865050938718
1.2429865050938718
1.2429865050938718
1.2429865050938718
1.2429865050938718
1.2429865050938718
1.2429865050938718
1.2429865050938718
1.2429865050938718
1.2429865050938718
1.2429865050938718
1.2429865050938718
1.2429865050938718
1.2429865050938718
1.2429865050938718
1.2429865050938718
1.2429865050938718
1.2429865050938718
1.2429865050938718
1.2429865050938718
1.2429865050938718
1.2429865050938718
1.2429865050938718
1.2429865050938718
1.2429865050938718
1.2429865050938718
1.2429865050938718
1.2429865050938718
1.2429865050938718
1.2429865050938718
1.2429865050938718
1.2429865050938718
1.2429865050938718
1.2429865050938718
1.2429865050938718
1.2429865050938718
1.2429865050938718
1.2429865050938718
1.2429865050938718
1.2429865050938718
1.2429865050938718
1.2429865050938718
1.2429865050938718
1.2429865050938718
1.2429865050938718
1.2429865050938718
1.2429865050938718
1.2429865050938718
1.2429865050938718
1.2429865050938718
1.2429865050938718
1.2429865050938718
1.2429865050938718
1.2429865050938718
1.2429865050938718
1.2429865050938718
1.2429865050938718
1.2429865050938718
1.2429865050938718
1.2429865050938718
1.2429865050938718
1.2429865050938718
1.2429865050938718
1.2429865050938718
1.2429865050938718
1.2429865050938718
1.2429865050938718
1.2429865050938718
1.2429865050938718
1.2429865050938718
1.2429865050938718
1.2429865050938718
1.2429865050938718
1.2429865050938718
1.2429865050938718
1.2429865050938718
1.2429865050938718
1.2429865050938718
1.2429865050938718
1.2429865050938718
1.2429865050938718
1.2429865050938718
1.2429865050938718
1.2429865050938718
1.2429865050938718
1.2429865050938718
1.2429865050938718
1.2429865050938718
1.2429865050938718
1.2429865050938718
1.2429865050938718
1.2429865050938718
1.2429865050938718
1.2429865050938718
1.2429865050938718
1.2429865050938718
1.2429865050938718
1.2429865050938718
1.2429865050938718
1.2429865050938718
1.2429865050938718
1.2429865050938718
1.2429865050938718
1.2429865050938718
1.2429865050938718
1.2429865050938718
1.2429865050938718
1.2429865050938718
1.2429865050938718
1.2429865050938718
1.2429865050938718
1.2429865050938718
1.2429865050938718
1.2429865050938718
1.2429865050938718
1.2429865050938718
1.2429865050938718
1.2429865050938718
1.2429865050938718
1.2429865050938718
1.2429865050938718
1.2429865050938718
1.2429865050938718
1.2429865050938718
1.2429865050938718
1.2429865050938718
1.2429865050938718
1.2429865050938718
1.2429865050938718
1.2429865050938718
1.2429865050938718
1.2429865050938718
1.2429865050938718
1.2429865050938718
1.2429865050938718
1.2429865050938718
1.2429865050938718
1.2429865050938718
1.2429865050938718
1.2429865050938718
1.2429865050938718
1.2429865050938718
1.2429865050938718
1.2429865050938718
1.2429865050938718
1.2429865050938718
1.2429865050938718
1.2429865050938718
1.2429865050938718
1.2429865050938718
1.2429865050938718
1.2429865050938718
1.2429865050938718
1.2429865050938718
1.2429865050938718
1.2429865050938718
1.2429865050938718
1.2429865050938718
1.2429865050938718
1.2429865050938718
1.2429865050938718
1.2429865050938718
1.2429865050938718
1.2429865050938718
1.2429865050938718
1.2429865050938718
1.2429865050938718
1.2429865050938718
1.2429865050938718
1.2429865050938718
1.2429865050938718
1.2429865050938718
1.2429865050938718
1.2429865050938718
1.2429865050938718
1.2429865050938718
1.2429865050938718
1.2429865050938718
1.2429865050938718
1.2429865050938718
1.2429865050938718
1.2429865050938718
1.2429865050938718
1.2429865050938718
1.2429865050938718
1.2429865050938718
1.2429865050938718
1.2429865050938718
1.2429865050938718
1.2429865050938718
1.2429865050938718
1.2429865050938718
1.2429865050938718
1.2429865050938718
1.2429865050938718
1.2429865050938718
1.2429865050938718
1.2429865050938718
1.2429865050938718
1.2429865050938718
1.2429865050938718
1.2429865050938718
1.2429865050938718
1.2429865050938718
1.2429865050938718
1.2429865050938718
1.2429865050938718
1.2429865050938718
1.2429865050938718
1.2429865050938718
1.2429865050938718
1.2429865050938718
1.2429865050938718
1.2429865050938718
1.2429865050938718
1.2429865050938718
1.2429865050938718
1.2429865050938718
1.2429865050938718
1.2429865050938718
1.2429865050938718
1.2429865050938718
1.2429865050938718
1.2429865050938718
1.2429865050938718
1.2429865050938718
1.2429865050938718
1.2429865050938718
1.2429865050938718
1.2429865050938718
1.2429865050938718
1.2429865050938718
1.2429865050938718
1.2429865050938718
1.2429865050938718
1.2429865050938718
1.2429865050938718
1.2429865050938718
1.2429865050938718
1.2429865050938718
1.2429865050938718
1.2429865050938718
1.2429865050938718
1.2429865050938718
1.2429865050938718
1.2429865050938718
1.2429865050938718
1.2429865050938718
1.2429865050938718
1.2429865050938718
1.2429865050938718
1.2429865050938718
1.2429865050938718
1.2429865050938718
1.2429865050938718
1.2429865050938718
1.2429865050938718
1.2429865050938718
1.2429865050938718
1.2429865050938718
1.2429865050938718
1.2429865050938718
1.2429865050938718
1.2429865050938718
1.2429865050938718
1.2429865050938718
1.2429865050938718
1.2429865050938718
1.2429865050938718
1.2429865050938718
1.2429865050938718
1.2429865050938718
1.2429865050938718
1.2429865050938718
1.2429865050938718
1.2429865050938718
1.2429865050938718
1.2429865050938718
1.2429865050938718
1.2429865050938718
1.2429865050938718
1.2429865050938718
1.2429865050938718
1.2429865050938718
1.2429865050938718
1.2429865050938718
1.2429865050938718
1.2429865050938718
1.2429865050938718
1.2429865050938718
1.2429865050938718
1.2429865050938718
1.2429865050938718
1.2429865050938718
1.2429865050938718
1.2429865050938718
1.2429865050938718
1.2429865050938718
1.2429865050938718
1.2429865050938718
1.2429865050938718
1.2429865050938718
1.2429865050938718
1.2429865050938718
1.2429865050938718
1.2429865050938718
1.2429865050938718
1.2429865050938718
1.2429865050938718
1.2429865050938718
1.2429865050938718
1.2429865050938718
1.2429865050938718
1.2429865050938718
1.2429865050938718
1.2429865050938718
1.2429865050938718
1.2429865050938718
1.2429865050938718
1.2429865050938718
1.2429865050938718
1.2429865050938718
1.2429865050938718
1.2429865050938718
1.2429865050938718
1.2429865050938718
1.2429865050938718
1.2429865050938718
1.2429865050938718
1.2429865050938718
1.2429865050938718
1.2429865050938718
1.2429865050938718
1.2429865050938718
1.2429865050938718
1.2429865050938718
1.2429865050938718
1.2429865050938718
1.2429865050938718
1.2429865050938718
1.2429865050938718
1.2429865050938718
1.2429865050938718
1.2429865050938718
1.2429865050938718
1.2429865050938718
1.2429865050938718
1.2429865050938718
1.2429865050938718
1.2429865050938718
