24616.335232041863
24124.579730011137
24124.579730011137
23696.424282356686
23696.424282356686
23393.83532809857
22863.054934915854
22863.054934915854
22863.054934915854
22863.054934915854
22663.47916477767
22663.47916477767
22663.47916477767
22663.47916477767
22663.47916477767
22663.47916477767
22663.47916477767
22663.47916477767
22663.47916477767
22663.47916477767
22658.42037664543
22658.42037664543
22658.42037664543
22427.097322693164
21924.047522548764
21924.047522548764
21883.333877163608
21883.333877163608
21883.333877163608
21883.333877163608
21883.333877163608
21657.60817960048
21578.793783592977
21578.793783592977
21578.793783592977
21578.793783592977
21578.793783592977
21500.049131764812
21496.2023062202
21365.824838858935
21365.824838858935
21223.14660366107
20824.649297008986
20696.508782343477
20696.508782343477
20097.26930484644
20039.722564014668
19880.953930746942
19490.522920844094
19490.522920844094
19490.522920844094
19490.522920844094
19156.89291170709
18694.57487044439
18694.57487044439
18694.57487044439
18550.332729985337
18419.599032098493
17961.961365609175
17961.961365609175
17961.961365609175
17961.961365609175
17770.99229798024
17770.99229798024
17512.074154310627
17512.074154310627
17512.074154310627
17437.216852342277
17437.216852342277
17437.216852342277
17437.216852342277
17437.216852342277
17437.216852342277
17437.216852342277
17176.33872036293
17176.33872036293
17014.888523349313
16920.856618764414
16812.87325520326
16812.87325520326
16812.87325520326
16390.489645456044
15866.292254118154
15771.513892906507
15771.513892906507
15771.513892906507
15771.513892906507
15771.513892906507
15771.513892906507
15572.883212055163
15572.883212055163
15450.062120250117
15450.062120250117
15131.24634661888
15131.24634661888
15114.744330286221
15089.605267897134
14786.982438232862
14631.306536206852
14631.306536206852
14631.306536206852
14631.306536206852
14449.63188145904
14449.63188145904
14449.63188145904
14449.63188145904
14449.63188145904
14124.766548466872
14124.766548466872
14124.766548466872
13783.839667619875
13783.839667619875
13766.86415610692
13766.86415610692
13766.86415610692
13766.86415610692
13738.997222064823
13738.997222064823
13449.22086551695
13316.926813892283
13316.926813892283
13202.868673322475
12989.895659650969
12989.895659650969
12926.56794288983
12926.56794288983
12728.634755005889
12728.634755005889
12728.634755005889
12728.634755005889
12647.162971432155
12578.065115570487
12578.065115570487
12578.065115570487
12578.065115570487
12311.156838166546
12207.09398453058
12091.108732029546
12091.108732029546
11819.016260384291
11819.016260384291
11819.016260384291
11712.905142463915
11712.905142463915
11712.905142463915
11525.920494592247
11525.920494592247
11525.920494592247
11260.91790594788
11245.460423211574
11245.460423211574
11171.112537963118
11171.112537963118
11171.112537963118
10591.169652408338
10591.169652408338
10591.169652408338
10591.169652408338
10591.169652408338
10591.169652408338
10515.962548198906
10515.962548198906
10515.962548198906
10251.742665185506
10110.796194786712
10097.640852786943
9955.887554876124
9955.887554876124
9933.899622836921
9933.899622836921
9787.545239838844
9787.545239838844
9701.967850548717
9582.720834767386
9357.861854276556
9148.328127146384
8930.751406319596
8800.470273841249
8800.470273841249
8570.709171046912
8570.709171046912
8407.94704988625
8407.94704988625
8309.458935440225
8309.458935440225
8208.847850515944
8208.847850515944
8208.847850515944
8180.397895429636
8180.397895429636
8180.397895429636
8098.384587025008
8098.384587025008
7948.529628699607
7847.135600726051
7847.135600726051
7550.0774296319205
7550.0774296319205
7550.0774296319205
7489.617843856475
7480.758958353429
7381.235227955353
7114.569620471954
7073.343159573203
6931.873615805037
6931.873615805037
6856.607744505246
6839.994806313069
6839.994806313069
6839.994806313069
6764.598862510501
6692.875151701682
6692.875151701682
6692.875151701682
6443.424883907471
6443.424883907471
6412.540914867873
6296.443124752074
6296.443124752074
6130.1136826340935
6130.1136826340935
6130.1136826340935
6100.601352116541
6035.044788019419
6035.044788019419
6035.044788019419
6035.044788019419
6035.044788019419
5961.4510209574755
5893.68102264728
5893.68102264728
5826.968612815007
5826.968612815007
5814.14172507214
5803.352291846009
5729.236946595331
5729.236946595331
5729.236946595331
5729.236946595331
5409.033306385197
5287.190824426333
5287.190824426333
5287.190824426333
5215.105758050199
5215.105758050199
5109.898203718452
5018.232463734015
5018.232463734015
4877.151638319848
4870.662580904402
4870.662580904402
4870.662580904402
4833.965312738145
4833.965312738145
4833.965312738145
4833.965312738145
4616.790102903941
4562.774612614123
4562.774612614123
4562.774612614123
4545.936534012519
4436.184589268461
4436.184589268461
4178.2644261754085
4013.5591668379566
4013.5591668379566
4013.5591668379566
4001.583000191046
4001.583000191046
3940.598657786965
3932.4332482562068
3932.4332482562068
3785.6659740167443
3785.6659740167443
3785.6659740167443
3643.135912115716
3606.043832682532
3593.7624643541494
3575.188364864074
3534.1838367932037
3324.100477466334
3277.813795249192
3277.813795249192
3277.813795249192
3100.6160790280965
3012.844254529256
3012.844254529256
3012.844254529256
3012.844254529256
2925.828277850644
2925.828277850644
2861.3134429258225
2861.3134429258225
2861.3134429258225
2861.3134429258225
2781.122401082117
2781.122401082117
2619.531418099864
2563.6343956850546
2563.6343956850546
2512.8664925419876
2512.8664925419876
2512.8664925419876
2512.8664925419876
2512.8664925419876
2512.8664925419876
2512.8664925419876
2449.716593958648
2379.3951520399933
2292.7990216174585
2278.371620584511
2278.371620584511
2039.301675589163
1971.0181269401169
1971.0181269401169
1971.0181269401169
1778.5283372701465
1778.5283372701465
1778.5283372701465
1778.5283372701465
1778.5283372701465
1653.9077522378325
1563.6311332944374
1563.6311332944374
1563.6311332944374
1563.6311332944374
1508.8020565011236
1508.8020565011236
1508.8020565011236
1508.8020565011236
1508.8020565011236
1508.8020565011236
1444.9406449502235
1444.9406449502235
1400.6947548752964
1400.6947548752964
1334.8192315769793
1334.8192315769793
1334.8192315769793
1334.8192315769793
1334.8192315769793
1292.7501221946218
1292.7501221946218
1273.7180225317172
1233.469237725103
1219.3367295556493
1087.0828489795654
1046.1861575478636
1040.3670206545503
1040.3670206545503
1040.3670206545503
1001.5640049447372
1001.5640049447372
1001.5640049447372
981.141435091944
981.141435091944
981.141435091944
981.141435091944
981.141435091944
951.7605031530815
951.7605031530815
932.7227952527247
913.2377553887441
902.7269001944159
787.4179311912357
787.4179311912357
787.4179311912357
787.4179311912357
787.4179311912357
773.6266475086211
722.5317922586418
722.5317922586418
651.8541952627155
651.8541952627155
615.9463818846276
615.9463818846276
615.9463818846276
595.1212534082254
595.1212534082254
595.1212534082254
577.9708130962949
577.9708130962949
577.9708130962949
527.320842784996
526.601585099122
526.601585099122
523.7482770779403
523.7482770779403
523.7482770779403
515.8958853601943
471.8276189299682
399.3275201836233
304.57905270250444
304.57905270250444
304.57905270250444
299.5156416705636
299.5156416705636
291.16742212983195
276.56419037143104
276.56419037143104
275.3128974512818
275.3128974512818
275.3128974512818
275.3128974512818
275.3128974512818
275.3128974512818
208.95630510815624
199.5340125042705
199.5340125042705
199.5340125042705
199.5340125042705
199.5340125042705
199.5340125042705
157.79722997314968
157.79722997314968
157.79722997314968
157.79722997314968
156.34153929550502
156.34153929550502
156.34153929550502
156.34153929550502
138.27733988766627
138.27733988766627
128.7714175553356
128.7714175553356
128.7714175553356
128.7714175553356
128.7714175553356
104.00212196386455
91.13295134016425
91.13295134016425
91.13295134016425
91.13295134016425
88.45643005392311
88.45643005392311
67.32629622294829
67.32629622294829
67.32629622294829
67.32629622294829
67.32629622294829
60.14525916681815
60.14525916681815
56.666323280906425
46.24449756994693
46.24449756994693
46.24449756994693
33.69181597988492
31.37924256739741
31.37924256739741
31.37924256739741
31.37924256739741
31.37924256739741
24.433571910240005
24.433571910240005
24.433571910240005
24.433571910240005
24.433571910240005
24.433571910240005
24.433571910240005
22.70702191787991
17.765043664756377
17.765043664756377
8.086023869574126
7.023133766828661
7.023133766828661
7.023133766828661
7.023133766828661
7.023133766828661
7.023133766828661
7.023133766828661
7.023133766828661
7.023133766828661
7.023133766828661
7.023133766828661
7.023133766828661
5.802025311516743
5.802025311516743
5.802025311516743
5.802025311516743
5.802025311516743
5.802025311516743
5.802025311516743
5.802025311516743
5.802025311516743
5.802025311516743
5.802025311516743
5.802025311516743
2.843582957185729
2.843582957185729
2.843582957185729
2.843582957185729
2.843582957185729
2.843582957185729
2.843582957185729
2.843582957185729
2.843582957185729
2.843582957185729
2.843582957185729
2.843582957185729
2.843582957185729
2.843582957185729
2.843582957185729
2.843582957185729
2.843582957185729
2.843582957185729
2.843582957185729
2.843582957185729
2.843582957185729
2.843582957185729
2.843582957185729
2.843582957185729
2.843582957185729
2.843582957185729
2.843582957185729
2.843582957185729
2.843582957185729
2.843582957185729
2.843582957185729
2.843582957185729
2.843582957185729
2.843582957185729
2.843582957185729
2.843582957185729
2.843582957185729
2.843582957185729
2.843582957185729
2.843582957185729
2.843582957185729
2.843582957185729
2.843582957185729
2.843582957185729
2.843582957185729
2.843582957185729
2.843582957185729
2.843582957185729
2.843582957185729
2.843582957185729
2.843582957185729
2.843582957185729
2.843582957185729
2.843582957185729
2.843582957185729
2.843582957185729
2.843582957185729
2.843582957185729
2.843582957185729
2.843582957185729
2.843582957185729
2.843582957185729
2.843582957185729
2.843582957185729
2.843582957185729
2.843582957185729
2.843582957185729
2.843582957185729
2.843582957185729
2.843582957185729
2.843582957185729
2.843582957185729
2.843582957185729
2.843582957185729
2.843582957185729
2.843582957185729
2.843582957185729
2.843582957185729
2.843582957185729
2.843582957185729
2.843582957185729
2.843582957185729
2.843582957185729
2.843582957185729
2.843582957185729
2.843582957185729
2.843582957185729
2.843582957185729
2.843582957185729
2.843582957185729
2.843582957185729
2.843582957185729
2.843582957185729
2.843582957185729
2.843582957185729
2.843582957185729
2.843582957185729
2.843582957185729
2.843582957185729
2.843582957185729
2.843582957185729
2.843582957185729
2.843582957185729
2.843582957185729
2.843582957185729
2.843582957185729
2.843582957185729
2.843582957185729
2.843582957185729
2.843582957185729
2.843582957185729
2.843582957185729
2.843582957185729
2.843582957185729
2.843582957185729
2.843582957185729
2.843582957185729
2.843582957185729
2.843582957185729
2.843582957185729
2.843582957185729
2.843582957185729
2.843582957185729
2.843582957185729
2.843582957185729
2.843582957185729
2.843582957185729
2.843582957185729
2.843582957185729
2.843582957185729
2.843582957185729
2.843582957185729
2.843582957185729
2.843582957185729
2.843582957185729
2.843582957185729
2.843582957185729
2.843582957185729
2.843582957185729
2.843582957185729
2.843582957185729
2.843582957185729
2.843582957185729
2.843582957185729
2.843582957185729
2.843582957185729
2.843582957185729
2.843582957185729
2.843582957185729
2.843582957185729
2.843582957185729
2.843582957185729
2.843582957185729
2.843582957185729
2.843582957185729
2.843582957185729
2.843582957185729
2.843582957185729
2.843582957185729
2.843582957185729
2.843582957185729
2.843582957185729
2.843582957185729
2.843582957185729
2.843582957185729
2.843582957185729
2.843582957185729
2.843582957185729
2.843582957185729
2.843582957185729
2.843582957185729
2.843582957185729
2.843582957185729
2.843582957185729
2.843582957185729
2.843582957185729
2.843582957185729
2.843582957185729
2.843582957185729
2.843582957185729
2.843582957185729
2.843582957185729
2.843582957185729
2.843582957185729
2.843582957185729
2.843582957185729
2.843582957185729
2.843582957185729
2.843582957185729
2.843582957185729
2.843582957185729
2.843582957185729
2.843582957185729
2.843582957185729
2.843582957185729
2.843582957185729
2.843582957185729
2.843582957185729
2.843582957185729
2.843582957185729
2.843582957185729
2.843582957185729
2.843582957185729
2.843582957185729
2.843582957185729
2.843582957185729
2.843582957185729
2.843582957185729
2.843582957185729
2.843582957185729
2.843582957185729
2.843582957185729
2.843582957185729
2.843582957185729
2.843582957185729
2.843582957185729
2.843582957185729
2.843582957185729
2.843582957185729
2.843582957185729
2.843582957185729
2.843582957185729
2.843582957185729
2.843582957185729
2.843582957185729
2.843582957185729
2.843582957185729
2.843582957185729
2.843582957185729
2.843582957185729
2.843582957185729
2.843582957185729
2.843582957185729
2.843582957185729
2.843582957185729
2.843582957185729
2.843582957185729
2.843582957185729
2.843582957185729
2.843582957185729
2.843582957185729
2.843582957185729
2.843582957185729
2.843582957185729
2.843582957185729
2.843582957185729
2.843582957185729
2.843582957185729
2.843582957185729
2.843582957185729
2.843582957185729
2.843582957185729
2.843582957185729
2.843582957185729
2.843582957185729
2.843582957185729
2.843582957185729
2.843582957185729
2.843582957185729
2.843582957185729
2.843582957185729
2.843582957185729
2.843582957185729
2.843582957185729
2.843582957185729
2.843582957185729
2.843582957185729
2.843582957185729
2.843582957185729
2.843582957185729
2.843582957185729
2.843582957185729
2.843582957185729
2.843582957185729
2.843582957185729
2.843582957185729
2.843582957185729
2.843582957185729
2.843582957185729
2.843582957185729
2.843582957185729
2.843582957185729
2.843582957185729
2.843582957185729
2.843582957185729
2.843582957185729
2.843582957185729
2.843582957185729
2.843582957185729
2.843582957185729
2.843582957185729
2.843582957185729
2.843582957185729
2.843582957185729
2.843582957185729
2.843582957185729
2.843582957185729
2.843582957185729
2.843582957185729
2.843582957185729
2.843582957185729
2.843582957185729
2.843582957185729
2.843582957185729
2.843582957185729
2.843582957185729
2.843582957185729
2.843582957185729
2.843582957185729
2.843582957185729
2.843582957185729
2.843582957185729
2.843582957185729
2.843582957185729
2.843582957185729
2.843582957185729
2.843582957185729
2.843582957185729
2.843582957185729
2.843582957185729
2.843582957185729
2.7057368374548623
2.7057368374548623
2.7057368374548623
2.7057368374548623
2.7057368374548623
2.7057368374548623
2.7057368374548623
2.7057368374548623
2.7057368374548623
2.7057368374548623
2.7057368374548623
2.7057368374548623
2.7057368374548623
2.7057368374548623
2.7057368374548623
2.7057368374548623
2.7057368374548623
2.7057368374548623
2.7057368374548623
2.7057368374548623
2.7057368374548623
2.7057368374548623
2.7057368374548623
2.7057368374548623
2.7057368374548623
2.7057368374548623
2.7057368374548623
2.7057368374548623
2.7057368374548623
2.7057368374548623
2.7057368374548623
2.7057368374548623
2.7057368374548623
2.7057368374548623
2.7057368374548623
2.7057368374548623
2.7057368374548623
2.7057368374548623
2.7057368374548623
2.7057368374548623
2.7057368374548623
2.7057368374548623
2.7057368374548623
2.7057368374548623
2.7057368374548623
2.7057368374548623
2.7057368374548623
2.7057368374548623
2.7057368374548623
2.7057368374548623
2.7057368374548623
2.7057368374548623
2.7057368374548623
2.7057368374548623
2.7057368374548623
2.7057368374548623
2.7057368374548623
2.7057368374548623
2.7057368374548623
2.7057368374548623
2.7057368374548623
2.7057368374548623
2.7057368374548623
2.7057368374548623
2.7057368374548623
2.7057368374548623
2.7057368374548623
2.7057368374548623
2.7057368374548623
2.7057368374548623
2.7057368374548623
2.7057368374548623
2.7057368374548623
2.7057368374548623
2.7057368374548623
2.7057368374548623
2.7057368374548623
2.7057368374548623
2.7057368374548623
2.7057368374548623
2.7057368374548623
2.7057368374548623
2.7057368374548623
2.7057368374548623
2.7057368374548623
2.7057368374548623
2.7057368374548623
2.7057368374548623
2.7057368374548623
2.7057368374548623
2.7057368374548623
2.7057368374548623
2.7057368374548623
2.7057368374548623
2.7057368374548623
2.7057368374548623
2.7057368374548623
2.7057368374548623
2.7057368374548623
2.7057368374548623
2.7057368374548623
2.7057368374548623
2.7057368374548623
2.7057368374548623
2.7057368374548623
2.7057368374548623
2.7057368374548623
2.7057368374548623
2.7057368374548623
2.7057368374548623
2.7057368374548623
2.7057368374548623
2.7057368374548623
2.7057368374548623
2.7057368374548623
2.7057368374548623
2.7057368374548623
2.7057368374548623
2.7057368374548623
2.7057368374548623
2.7057368374548623
2.7057368374548623
2.7057368374548623
2.7057368374548623
2.7057368374548623
2.7057368374548623
2.7057368374548623
2.7057368374548623
2.7057368374548623
2.7057368374548623
2.7057368374548623
2.7057368374548623
2.7057368374548623
2.7057368374548623
2.7057368374548623
2.7057368374548623
2.7057368374548623
2.7057368374548623
2.7057368374548623
2.7057368374548623
2.7057368374548623
2.7057368374548623
2.7057368374548623
2.7057368374548623
2.7057368374548623
2.7057368374548623
2.7057368374548623
2.7057368374548623
2.7057368374548623
2.7057368374548623
2.7057368374548623
2.7057368374548623
2.7057368374548623
2.7057368374548623
2.7057368374548623
2.7057368374548623
2.7057368374548623
2.7057368374548623
2.7057368374548623
2.7057368374548623
2.7057368374548623
2.7057368374548623
2.7057368374548623
2.7057368374548623
2.7057368374548623
2.7057368374548623
2.7057368374548623
2.7057368374548623
2.7057368374548623
2.7057368374548623
2.7057368374548623
2.7057368374548623
2.7057368374548623
2.7057368374548623
2.7057368374548623
2.7057368374548623
2.7057368374548623
2.7057368374548623
2.7057368374548623
2.7057368374548623
2.7057368374548623
2.7057368374548623
2.7057368374548623
2.7057368374548623
2.7057368374548623
2.7057368374548623
2.7057368374548623
2.7057368374548623
2.7057368374548623
2.7057368374548623
2.7057368374548623
2.7057368374548623
2.7057368374548623
2.7057368374548623
2.7057368374548623
2.7057368374548623
2.7057368374548623
2.7057368374548623
2.7057368374548623
2.7057368374548623
2.7057368374548623
2.7057368374548623
2.7057368374548623
2.7057368374548623
2.7057368374548623
2.7057368374548623
2.7057368374548623
2.7057368374548623
2.7057368374548623
2.7057368374548623
2.7057368374548623
2.7057368374548623
2.7057368374548623
2.7057368374548623
2.7057368374548623
2.7057368374548623
2.7057368374548623
2.7057368374548623
2.7057368374548623
2.7057368374548623
2.7057368374548623
2.7057368374548623
2.7057368374548623
2.7057368374548623
2.7057368374548623
2.7057368374548623
2.7057368374548623
2.7057368374548623
2.7057368374548623
2.7057368374548623
2.7057368374548623
2.7057368374548623
2.1818050157926803
2.1818050157926803
2.1818050157926803
2.1818050157926803
2.1818050157926803
2.1818050157926803
2.1818050157926803
2.1818050157926803
2.1818050157926803
2.1818050157926803
2.1818050157926803
2.1818050157926803
2.1818050157926803
2.1818050157926803
2.1818050157926803
2.1818050157926803
2.1818050157926803
2.1818050157926803
2.1818050157926803
2.1818050157926803
2.1818050157926803
2.1818050157926803
2.1818050157926803
2.1818050157926803
2.1818050157926803
2.1818050157926803
2.1818050157926803
2.1818050157926803
2.1818050157926803
2.1818050157926803
2.1818050157926803
2.1818050157926803
2.1818050157926803
2.1818050157926803
2.1818050157926803
2.1818050157926803
2.1818050157926803
2.1818050157926803
2.1818050157926803
2.1818050157926803
2.1818050157926803
2.1818050157926803
2.1818050157926803
2.1818050157926803
2.1818050157926803
2.1818050157926803
2.1818050157926803
2.1818050157926803
2.1818050157926803
2.1818050157926803
2.1818050157926803
2.1818050157926803
2.1818050157926803
2.1818050157926803
2.1818050157926803
2.1818050157926803
2.1818050157926803
2.1818050157926803
2.1818050157926803
2.1818050157926803
2.1818050157926803
2.1818050157926803
2.1818050157926803
2.1818050157926803
2.1818050157926803
2.1818050157926803
2.1818050157926803
2.1818050157926803
2.1818050157926803
2.1818050157926803
2.1818050157926803
2.1818050157926803
2.1818050157926803
2.1818050157926803
2.1818050157926803
2.1818050157926803
2.1818050157926803
2.1818050157926803
2.1818050157926803
2.1818050157926803
2.1818050157926803
2.1818050157926803
2.1818050157926803
2.1818050157926803
2.1818050157926803
2.1818050157926803
2.1818050157926803
2.1818050157926803
2.1818050157926803
2.1818050157926803
2.1818050157926803
2.1818050157926803
2.1818050157926803
2.1818050157926803
2.1818050157926803
2.1818050157926803
2.1818050157926803
2.1818050157926803
2.1818050157926803
2.1818050157926803
2.1818050157926803
2.1818050157926803
2.1818050157926803
2.1818050157926803
2.1818050157926803
2.1818050157926803
2.1818050157926803
2.1818050157926803
2.1818050157926803
2.1818050157926803
2.1818050157926803
2.1818050157926803
2.1818050157926803
2.1818050157926803
2.1818050157926803
2.1818050157926803
2.1818050157926803
2.1818050157926803
2.1818050157926803
2.1818050157926803
2.1818050157926803
2.1818050157926803
2.1818050157926803
2.1818050157926803
2.1818050157926803
2.1818050157926803
2.1818050157926803
2.1818050157926803
2.1818050157926803
2.1818050157926803
2.1818050157926803
2.1818050157926803
2.1818050157926803
2.1818050157926803
2.1818050157926803
2.1818050157926803
2.1818050157926803
2.1818050157926803
2.1818050157926803
2.1818050157926803
2.1818050157926803
2.1818050157926803
2.1818050157926803
2.1818050157926803
2.1818050157926803
2.1818050157926803
2.1818050157926803
2.1818050157926803
2.1818050157926803
2.1818050157926803
2.1818050157926803
2.1818050157926803
2.1818050157926803
2.1818050157926803
2.1818050157926803
2.1818050157926803
2.1818050157926803
2.1818050157926803
2.1818050157926803
2.1818050157926803
2.1818050157926803
2.1818050157926803
2.1818050157926803
2.1818050157926803
2.1818050157926803
2.1818050157926803
2.1818050157926803
2.1818050157926803
2.1818050157926803
2.1818050157926803
2.1818050157926803
2.1818050157926803
2.1818050157926803
2.1818050157926803
2.1818050157926803
2.1818050157926803
2.1818050157926803
2.1818050157926803
2.1818050157926803
2.1818050157926803
2.1818050157926803
2.1818050157926803
2.1818050157926803
2.1818050157926803
2.1818050157926803
2.1818050157926803
2.1818050157926803
2.1818050157926803
2.1818050157926803
2.1818050157926803
2.1818050157926803
2.1818050157926803
2.1818050157926803
2.1818050157926803
2.1818050157926803
2.1818050157926803
2.1818050157926803
2.1818050157926803
2.1818050157926803
2.1818050157926803
2.1818050157926803
2.1818050157926803
2.1818050157926803
2.1818050157926803
2.1818050157926803
2.1818050157926803
2.1818050157926803
2.1818050157926803
2.1818050157926803
2.1818050157926803
2.1818050157926803
2.1818050157926803
2.1818050157926803
2.1818050157926803
2.1818050157926803
2.1818050157926803
2.1818050157926803
2.1818050157926803
2.1818050157926803
2.1818050157926803
2.1818050157926803
2.1818050157926803
2.1818050157926803
2.1818050157926803
2.1818050157926803
2.1818050157926803
2.1818050157926803
2.1818050157926803
2.1818050157926803
2.1818050157926803
2.1818050157926803
2.1818050157926803
2.1818050157926803
2.1818050157926803
2.1818050157926803
2.1818050157926803
2.1818050157926803
2.1818050157926803
2.1818050157926803
2.1818050157926803
2.1818050157926803
2.1818050157926803
2.1818050157926803
2.1818050157926803
2.1818050157926803
2.1818050157926803
2.1818050157926803
2.1818050157926803
2.1818050157926803
2.1818050157926803
2.1818050157926803
2.1818050157926803
2.1818050157926803
2.1818050157926803
2.1818050157926803
2.1818050157926803
2.1818050157926803
2.1818050157926803
2.1818050157926803
2.1818050157926803
2.1818050157926803
2.1818050157926803
2.1818050157926803
2.1818050157926803
2.1818050157926803
2.1818050157926803
2.1818050157926803
2.1818050157926803
2.1818050157926803
2.1818050157926803
2.1818050157926803
2.1818050157926803
2.1818050157926803
2.1818050157926803
2.1818050157926803
2.1818050157926803
2.1818050157926803
2.1818050157926803
2.1818050157926803
2.1818050157926803
2.1818050157926803
2.1818050157926803
2.1818050157926803
2.1818050157926803
2.1818050157926803
2.1818050157926803
2.1818050157926803
2.1818050157926803
2.1818050157926803
2.1818050157926803
2.1818050157926803
2.1818050157926803
2.1818050157926803
2.1818050157926803
2.1818050157926803
2.1818050157926803
2.1818050157926803
2.1818050157926803
2.1818050157926803
2.1818050157926803
2.1818050157926803
2.1818050157926803
2.1818050157926803
2.1818050157926803
2.1818050157926803
2.1818050157926803
2.1818050157926803
2.1818050157926803
2.1818050157926803
2.1818050157926803
2.1818050157926803
2.1818050157926803
2.1818050157926803
2.1818050157926803
2.1818050157926803
2.1818050157926803
2.1818050157926803
2.1818050157926803
2.1818050157926803
2.1818050157926803
2.1818050157926803
2.1818050157926803
2.1818050157926803
2.1818050157926803
2.1818050157926803
2.1818050157926803
2.1818050157926803
2.1818050157926803
2.1818050157926803
2.1818050157926803
2.1818050157926803
2.1818050157926803
2.1818050157926803
2.1818050157926803
2.1818050157926803
2.1818050157926803
2.1818050157926803
2.1818050157926803
2.1818050157926803
2.1818050157926803
2.1818050157926803
2.1818050157926803
2.1818050157926803
2.1818050157926803
2.1818050157926803
2.1818050157926803
2.1818050157926803
2.1818050157926803
2.1818050157926803
2.1818050157926803
2.1818050157926803
2.1818050157926803
2.1818050157926803
2.1818050157926803
2.1818050157926803
2.1818050157926803
2.1818050157926803
2.1818050157926803
2.1818050157926803
2.1818050157926803
2.1818050157926803
2.1818050157926803
2.1818050157926803
2.1818050157926803
2.1818050157926803
2.1818050157926803
2.1818050157926803
2.1818050157926803
2.1818050157926803
2.1818050157926803
2.1818050157926803
2.1818050157926803
2.1818050157926803
2.1818050157926803
2.1818050157926803
2.1818050157926803
2.1818050157926803
2.1818050157926803
2.1818050157926803
2.1818050157926803
2.1818050157926803
2.1818050157926803
2.1818050157926803
2.1818050157926803
2.1818050157926803
2.1818050157926803
2.1818050157926803
2.1818050157926803
2.1818050157926803
2.1818050157926803
2.1818050157926803
2.1818050157926803
2.1818050157926803
2.1818050157926803
2.1818050157926803
2.1818050157926803
2.1818050157926803
2.1818050157926803
2.1818050157926803
2.1818050157926803
2.1818050157926803
2.1818050157926803
2.1818050157926803
2.1818050157926803
2.1818050157926803
2.1818050157926803
2.1818050157926803
2.1818050157926803
2.1818050157926803
2.1818050157926803
2.1818050157926803
2.1818050157926803
2.1818050157926803
2.1818050157926803
2.1818050157926803
2.1818050157926803
2.1818050157926803
2.1818050157926803
2.1818050157926803
2.1818050157926803
2.1818050157926803
2.1818050157926803
2.1818050157926803
2.1818050157926803
2.1818050157926803
2.1818050157926803
2.1818050157926803
2.1818050157926803
2.1818050157926803
2.1818050157926803
2.1818050157926803
2.1818050157926803
2.1818050157926803
2.1818050157926803
2.1818050157926803
2.1818050157926803
2.1818050157926803
2.1818050157926803
2.1818050157926803
2.1818050157926803
2.1818050157926803
2.1818050157926803
2.1818050157926803
2.1818050157926803
2.1818050157926803
2.1818050157926803
2.1818050157926803
2.1818050157926803
2.1818050157926803
2.1818050157926803
2.1818050157926803
2.1818050157926803
2.1818050157926803
2.1818050157926803
2.1818050157926803
2.1818050157926803
2.1818050157926803
2.1818050157926803
2.1818050157926803
2.1818050157926803
2.1818050157926803
2.1818050157926803
2.1818050157926803
2.1818050157926803
2.1818050157926803
2.1818050157926803
2.1818050157926803
2.1818050157926803
2.1818050157926803
2.1818050157926803
2.1818050157926803
2.1818050157926803
2.1818050157926803
2.1818050157926803
2.1818050157926803
2.1818050157926803
2.1818050157926803
2.1818050157926803
2.1818050157926803
2.1818050157926803
2.1818050157926803
2.1818050157926803
2.1818050157926803
2.1818050157926803
2.1818050157926803
2.1818050157926803
2.1818050157926803
2.1818050157926803
2.1818050157926803
2.1818050157926803
2.1818050157926803
2.1818050157926803
2.1818050157926803
2.1818050157926803
2.1818050157926803
2.1818050157926803
2.1818050157926803
2.1818050157926803
2.1818050157926803
2.1818050157926803
2.1818050157926803
2.1818050157926803
2.1818050157926803
2.1818050157926803
2.1818050157926803
2.1818050157926803
2.1818050157926803
2.1818050157926803
2.1818050157926803
2.1818050157926803
2.1818050157926803
2.1818050157926803
2.1818050157926803
2.1818050157926803
2.1818050157926803
2.1818050157926803
2.1818050157926803
2.1818050157926803
2.1818050157926803
2.1818050157926803
2.1818050157926803
2.1818050157926803
2.1818050157926803
2.1818050157926803
2.1818050157926803
2.1818050157926803
2.1818050157926803
2.1818050157926803
2.1818050157926803
2.1818050157926803
2.1818050157926803
2.1818050157926803
2.1818050157926803
2.1818050157926803
2.1818050157926803
2.1818050157926803
2.1818050157926803
2.1818050157926803
2.1818050157926803
2.1818050157926803
2.1818050157926803
2.1818050157926803
2.1818050157926803
2.1818050157926803
2.1818050157926803
2.1818050157926803
2.1818050157926803
2.1818050157926803
2.1818050157926803
2.1818050157926803
2.1818050157926803
2.1818050157926803
2.1818050157926803
2.1818050157926803
2.1818050157926803
2.1818050157926803
2.1818050157926803
2.1818050157926803
2.1818050157926803
2.1818050157926803
2.1818050157926803
2.1818050157926803
2.1818050157926803
2.1818050157926803
2.1818050157926803
2.1818050157926803
2.1818050157926803
2.1818050157926803
2.1818050157926803
2.1818050157926803
2.1818050157926803
2.1818050157926803
2.1818050157926803
2.1818050157926803
2.1818050157926803
2.1818050157926803
2.1818050157926803
2.1818050157926803
2.1818050157926803
2.1818050157926803
2.1818050157926803
2.1818050157926803
2.1818050157926803
2.1818050157926803
2.1818050157926803
2.1818050157926803
2.1818050157926803
2.1818050157926803
2.1818050157926803
2.1818050157926803
2.1818050157926803
2.1818050157926803
2.1818050157926803
2.1818050157926803
2.1818050157926803
2.1818050157926803
2.1818050157926803
2.1818050157926803
2.1818050157926803
2.1818050157926803
2.1818050157926803
2.1818050157926803
2.1818050157926803
2.1818050157926803
2.1818050157926803
2.1818050157926803
2.1818050157926803
2.1818050157926803
2.1818050157926803
2.1818050157926803
2.1818050157926803
2.1818050157926803
2.1818050157926803
2.1818050157926803
2.1818050157926803
2.1818050157926803
2.1818050157926803
2.1818050157926803
2.1818050157926803
2.1818050157926803
2.1818050157926803
2.1818050157926803
2.1818050157926803
2.1818050157926803
2.1818050157926803
2.1818050157926803
2.1818050157926803
2.1818050157926803
2.1818050157926803
2.1818050157926803
2.1818050157926803
2.1818050157926803
2.1818050157926803
2.1818050157926803
2.1818050157926803
2.1818050157926803
2.1818050157926803
2.1818050157926803
2.1818050157926803
2.1818050157926803
2.1818050157926803
2.1818050157926803
2.1818050157926803
2.1818050157926803
2.1818050157926803
2.1818050157926803
2.1818050157926803
2.1818050157926803
2.1818050157926803
2.1818050157926803
2.1818050157926803
2.1818050157926803
2.1818050157926803
2.1818050157926803
2.1818050157926803
2.1818050157926803
2.1818050157926803
2.1818050157926803
2.1818050157926803
2.1818050157926803
2.1818050157926803
2.1818050157926803
2.1818050157926803
2.1818050157926803
2.1818050157926803
2.1818050157926803
2.1818050157926803
2.1818050157926803
2.1818050157926803
2.1818050157926803
2.1818050157926803
2.1818050157926803
2.1818050157926803
2.1818050157926803
2.1818050157926803
2.1818050157926803
2.1818050157926803
2.1818050157926803
2.1818050157926803
2.1818050157926803
2.1818050157926803
2.1818050157926803
2.1818050157926803
2.1818050157926803
2.1818050157926803
2.1818050157926803
2.1818050157926803
2.1818050157926803
2.1818050157926803
2.1818050157926803
2.1818050157926803
2.1818050157926803
2.1818050157926803
2.1818050157926803
2.1818050157926803
2.1818050157926803
2.1818050157926803
2.1818050157926803
2.1818050157926803
2.1818050157926803
2.1818050157926803
2.1818050157926803
2.1818050157926803
2.1818050157926803
2.1818050157926803
2.1818050157926803
2.1818050157926803
2.1818050157926803
2.1818050157926803
2.1818050157926803
2.1818050157926803
2.1818050157926803
2.1818050157926803
2.1818050157926803
2.1818050157926803
2.1818050157926803
2.1818050157926803
2.1818050157926803
2.1818050157926803
2.1818050157926803
2.1818050157926803
2.1818050157926803
2.1818050157926803
2.1818050157926803
2.1818050157926803
2.1818050157926803
2.1818050157926803
2.1818050157926803
2.1818050157926803
2.1818050157926803
2.1818050157926803
2.1818050157926803
2.1818050157926803
2.1818050157926803
2.1818050157926803
2.1818050157926803
2.1818050157926803
2.1818050157926803
2.1818050157926803
2.1818050157926803
2.1818050157926803
2.1818050157926803
2.1818050157926803
2.1818050157926803
2.1818050157926803
2.1818050157926803
2.1818050157926803
2.1818050157926803
2.1818050157926803
2.1818050157926803
2.1818050157926803
2.1818050157926803
2.1818050157926803
2.1818050157926803
2.1818050157926803
2.1818050157926803
2.1818050157926803
2.1818050157926803
2.1818050157926803
2.1818050157926803
2.1818050157926803
2.1818050157926803
2.1818050157926803
2.1818050157926803
2.1818050157926803
2.1818050157926803
2.1818050157926803
2.1818050157926803
2.1818050157926803
2.1818050157926803
2.1818050157926803
2.1818050157926803
2.1818050157926803
2.1818050157926803
2.1818050157926803
2.1818050157926803
2.1818050157926803
2.1818050157926803
2.1818050157926803
2.1818050157926803
2.1818050157926803
2.1818050157926803
2.1818050157926803
2.1818050157926803
2.1818050157926803
2.1818050157926803
2.1818050157926803
2.1818050157926803
2.1818050157926803
2.1818050157926803
2.1818050157926803
2.1818050157926803
2.1818050157926803
2.1818050157926803
2.1818050157926803
2.1818050157926803
2.1818050157926803
2.1818050157926803
2.1818050157926803
2.1818050157926803
2.1818050157926803
2.1818050157926803
2.1818050157926803
2.1818050157926803
2.1818050157926803
2.1818050157926803
2.1818050157926803
2.1818050157926803
2.1818050157926803
2.1818050157926803
2.1818050157926803
2.1818050157926803
2.1818050157926803
2.1818050157926803
2.1818050157926803
2.1818050157926803
2.1818050157926803
2.1818050157926803
2.1818050157926803
2.1818050157926803
2.1818050157926803
2.1818050157926803
2.1818050157926803
2.1818050157926803
2.1818050157926803
2.1818050157926803
2.1818050157926803
2.1818050157926803
2.1818050157926803
2.1818050157926803
2.1818050157926803
2.1818050157926803
2.1818050157926803
2.1818050157926803
2.1818050157926803
2.1818050157926803
2.1818050157926803
2.1818050157926803
2.1818050157926803
2.1818050157926803
2.1818050157926803
2.1818050157926803
2.1818050157926803
2.1818050157926803
2.1818050157926803
2.1818050157926803
2.1818050157926803
2.1818050157926803
2.1818050157926803
2.1818050157926803
2.1818050157926803
2.1818050157926803
2.1818050157926803
2.1818050157926803
2.1818050157926803
2.1818050157926803
2.1818050157926803
2.1818050157926803
2.1818050157926803
2.1818050157926803
2.1818050157926803
2.1818050157926803
2.1818050157926803
2.1818050157926803
2.1818050157926803
2.1818050157926803
2.1818050157926803
2.1818050157926803
2.1818050157926803
2.1818050157926803
2.1818050157926803
2.1818050157926803
2.1818050157926803
2.1818050157926803
2.1818050157926803
2.1818050157926803
2.1818050157926803
2.1818050157926803
2.1818050157926803
2.1818050157926803
2.1818050157926803
2.1818050157926803
2.1818050157926803
2.1818050157926803
2.1818050157926803
2.1818050157926803
2.1818050157926803
2.1818050157926803
2.1818050157926803
2.1818050157926803
2.1818050157926803
2.1818050157926803
2.1818050157926803
2.1818050157926803
2.1818050157926803
2.1818050157926803
2.1818050157926803
2.1818050157926803
2.1818050157926803
2.1818050157926803
2.1818050157926803
2.1818050157926803
2.1818050157926803
2.1818050157926803
2.1818050157926803
2.1818050157926803
2.1818050157926803
2.1818050157926803
2.1818050157926803
2.1818050157926803
2.1818050157926803
2.1818050157926803
2.1818050157926803
2.1818050157926803
2.1818050157926803
2.1818050157926803
2.1818050157926803
2.1818050157926803
2.1818050157926803
2.1818050157926803
2.1818050157926803
2.1818050157926803
2.1818050157926803
2.1818050157926803
2.1818050157926803
2.1818050157926803
2.1818050157926803
2.1818050157926803
2.1818050157926803
2.1818050157926803
2.1818050157926803
2.1818050157926803
2.1818050157926803
2.1818050157926803
2.1818050157926803
2.1818050157926803
2.1818050157926803
2.1818050157926803
2.1818050157926803
2.1818050157926803
2.1818050157926803
2.1818050157926803
2.1818050157926803
2.1818050157926803
2.1818050157926803
2.1818050157926803
2.1818050157926803
2.1818050157926803
2.1818050157926803
2.1818050157926803
2.1818050157926803
2.1818050157926803
2.1818050157926803
2.1818050157926803
2.1818050157926803
2.1818050157926803
2.1818050157926803
2.1818050157926803
2.1818050157926803
2.1818050157926803
2.1818050157926803
2.1818050157926803
2.1818050157926803
2.1818050157926803
2.1818050157926803
2.1818050157926803
2.1818050157926803
2.1818050157926803
2.1818050157926803
2.1818050157926803
2.1818050157926803
2.1818050157926803
2.1818050157926803
2.1818050157926803
2.1818050157926803
2.1818050157926803
2.1818050157926803
2.1818050157926803
2.1818050157926803
2.1818050157926803
2.1818050157926803
2.1818050157926803
2.1818050157926803
2.1818050157926803
2.1818050157926803
2.1818050157926803
2.1818050157926803
2.1818050157926803
2.1818050157926803
2.1818050157926803
2.1818050157926803
2.1818050157926803
2.1818050157926803
2.1818050157926803
2.1818050157926803
2.1818050157926803
2.1818050157926803
2.1818050157926803
2.1818050157926803
2.1818050157926803
2.1818050157926803
2.1818050157926803
2.1818050157926803
2.1818050157926803
2.1818050157926803
2.1818050157926803
2.1818050157926803
2.1818050157926803
2.1818050157926803
2.1818050157926803
2.1818050157926803
2.1818050157926803
2.1818050157926803
2.1818050157926803
2.1818050157926803
2.1818050157926803
2.1818050157926803
2.1818050157926803
2.1818050157926803
2.1818050157926803
2.1818050157926803
2.1818050157926803
2.1818050157926803
2.1818050157926803
2.1818050157926803
2.1818050157926803
2.1818050157926803
2.1818050157926803
2.1818050157926803
2.1818050157926803
2.1818050157926803
2.1818050157926803
2.1818050157926803
2.1818050157926803
2.1818050157926803
2.1818050157926803
2.1818050157926803
2.1818050157926803
2.1818050157926803
2.1818050157926803
2.1818050157926803
2.1818050157926803
2.1818050157926803
2.1818050157926803
2.1818050157926803
2.1818050157926803
2.1818050157926803
2.1818050157926803
2.1818050157926803
2.1818050157926803
2.1818050157926803
2.1818050157926803
2.1818050157926803
2.1818050157926803
2.1818050157926803
2.1818050157926803
2.1818050157926803
2.1818050157926803
2.1818050157926803
2.1818050157926803
2.1818050157926803
2.1818050157926803
2.1818050157926803
2.1818050157926803
2.1818050157926803
2.1818050157926803
2.1818050157926803
2.1818050157926803
2.1818050157926803
2.1818050157926803
2.1818050157926803
2.1818050157926803
2.1818050157926803
2.1818050157926803
2.1818050157926803
2.1818050157926803
2.1818050157926803
2.1818050157926803
2.1818050157926803
2.1818050157926803
2.1818050157926803
2.1818050157926803
2.1818050157926803
2.1818050157926803
2.1818050157926803
2.1818050157926803
2.1818050157926803
2.1818050157926803
2.1818050157926803
2.1818050157926803
2.1818050157926803
2.1818050157926803
2.1818050157926803
2.1818050157926803
2.1818050157926803
2.1818050157926803
2.1818050157926803
2.1818050157926803
2.1818050157926803
2.1818050157926803
2.1818050157926803
2.1818050157926803
2.1818050157926803
2.1818050157926803
2.1818050157926803
2.1818050157926803
2.1818050157926803
2.1818050157926803
2.1818050157926803
2.1818050157926803
2.1818050157926803
2.1818050157926803
2.1818050157926803
2.1818050157926803
2.1818050157926803
2.1818050157926803
2.1818050157926803
2.1818050157926803
2.1818050157926803
2.1818050157926803
2.1818050157926803
2.1818050157926803
2.1818050157926803
2.1818050157926803
2.1818050157926803
2.1818050157926803
2.1818050157926803
2.1818050157926803
2.1818050157926803
2.1818050157926803
2.1818050157926803
2.1818050157926803
2.1818050157926803
2.1818050157926803
2.1818050157926803
2.1818050157926803
2.1818050157926803
2.1818050157926803
2.1818050157926803
2.1818050157926803
2.1818050157926803
2.1818050157926803
2.1818050157926803
2.1818050157926803
2.1818050157926803
2.1818050157926803
2.1818050157926803
2.1818050157926803
2.1818050157926803
2.1818050157926803
2.1818050157926803
2.1818050157926803
2.1818050157926803
2.1818050157926803
2.1818050157926803
2.1818050157926803
2.1818050157926803
2.1818050157926803
2.1818050157926803
2.1818050157926803
2.1818050157926803
2.1818050157926803
2.1818050157926803
2.1818050157926803
2.1818050157926803
2.1818050157926803
2.1818050157926803
2.1818050157926803
2.1818050157926803
2.1818050157926803
2.1818050157926803
2.1818050157926803
2.1818050157926803
2.1818050157926803
2.1818050157926803
2.1818050157926803
2.1818050157926803
2.1818050157926803
2.1818050157926803
2.1818050157926803
2.1818050157926803
2.1818050157926803
2.1818050157926803
2.1818050157926803
2.1818050157926803
2.1818050157926803
2.1818050157926803
2.1818050157926803
2.1818050157926803
2.1818050157926803
2.1818050157926803
2.1818050157926803
2.1818050157926803
2.1818050157926803
2.1818050157926803
2.1818050157926803
2.1818050157926803
2.1818050157926803
2.1818050157926803
2.1818050157926803
2.1818050157926803
2.1818050157926803
2.1818050157926803
2.1818050157926803
2.1818050157926803
2.1818050157926803
2.1818050157926803
2.1818050157926803
2.1818050157926803
2.1818050157926803
2.1818050157926803
2.1818050157926803
2.1818050157926803
2.1818050157926803
2.1818050157926803
2.1818050157926803
2.1818050157926803
2.1818050157926803
2.1818050157926803
2.1818050157926803
2.1818050157926803
2.1818050157926803
2.1818050157926803
2.1818050157926803
2.1818050157926803
2.1818050157926803
2.1818050157926803
2.1818050157926803
2.1818050157926803
2.1818050157926803
2.1818050157926803
2.1818050157926803
2.1818050157926803
2.1818050157926803
2.1818050157926803
2.1818050157926803
2.1818050157926803
2.1818050157926803
2.1818050157926803
2.1818050157926803
2.1818050157926803
2.1818050157926803
2.1818050157926803
2.1818050157926803
2.1818050157926803
2.1818050157926803
2.1818050157926803
2.1818050157926803
2.1818050157926803
2.1818050157926803
2.1818050157926803
2.1818050157926803
2.1818050157926803
2.1818050157926803
2.1818050157926803
2.1818050157926803
2.1818050157926803
2.1818050157926803
2.1818050157926803
2.1818050157926803
2.1818050157926803
2.1818050157926803
2.1818050157926803
2.1818050157926803
2.1818050157926803
2.1818050157926803
2.1818050157926803
2.1818050157926803
2.1818050157926803
2.1818050157926803
2.1818050157926803
2.1818050157926803
2.1818050157926803
2.1818050157926803
2.1818050157926803
2.1818050157926803
2.1818050157926803
2.1818050157926803
2.1818050157926803
2.1818050157926803
2.1818050157926803
2.1818050157926803
2.1818050157926803
2.1818050157926803
2.1818050157926803
2.1818050157926803
2.1818050157926803
2.1818050157926803
2.1818050157926803
2.1818050157926803
2.1818050157926803
2.1818050157926803
2.1818050157926803
2.1818050157926803
2.1818050157926803
2.1818050157926803
2.1818050157926803
2.1818050157926803
2.1818050157926803
2.1818050157926803
2.1818050157926803
2.1818050157926803
2.1818050157926803
1.2102724723127365
1.2102724723127365
1.2102724723127365
1.2102724723127365
1.2102724723127365
1.2102724723127365
1.2102724723127365
1.2102724723127365
1.2102724723127365
1.2102724723127365
1.2102724723127365
1.2102724723127365
1.2102724723127365
1.2102724723127365
1.2102724723127365
1.2102724723127365
1.2102724723127365
1.2102724723127365
1.2102724723127365
1.2102724723127365
1.2102724723127365
1.2102724723127365
1.2102724723127365
1.2102724723127365
1.2102724723127365
1.2102724723127365
1.2102724723127365
1.2102724723127365
1.2102724723127365
1.2102724723127365
1.2102724723127365
1.2102724723127365
1.2102724723127365
1.2102724723127365
1.2102724723127365
1.2102724723127365
1.2102724723127365
1.2102724723127365
1.2102724723127365
1.2102724723127365
1.2102724723127365
1.2102724723127365
1.2102724723127365
1.2102724723127365
1.2102724723127365
1.2102724723127365
1.2102724723127365
1.2102724723127365
1.2102724723127365
1.2102724723127365
1.2102724723127365
1.2102724723127365
1.2102724723127365
1.2102724723127365
1.2102724723127365
1.2102724723127365
1.2102724723127365
1.2102724723127365
1.2102724723127365
1.2102724723127365
1.2102724723127365
1.2102724723127365
1.2102724723127365
1.2102724723127365
1.2102724723127365
1.2102724723127365
1.2102724723127365
1.2102724723127365
1.2102724723127365
1.2102724723127365
1.2102724723127365
1.2102724723127365
1.2102724723127365
1.2102724723127365
1.2102724723127365
1.2102724723127365
1.2102724723127365
1.2102724723127365
1.2102724723127365
1.2102724723127365
1.2102724723127365
1.2102724723127365
1.2102724723127365
1.2102724723127365
1.2102724723127365
1.2102724723127365
1.2102724723127365
1.2102724723127365
1.2102724723127365
1.2102724723127365
1.2102724723127365
1.2102724723127365
1.2102724723127365
1.2102724723127365
1.2102724723127365
1.2102724723127365
1.2102724723127365
1.2102724723127365
1.2102724723127365
1.2102724723127365
1.2102724723127365
1.2102724723127365
1.2102724723127365
1.2102724723127365
1.2102724723127365
1.2102724723127365
1.2102724723127365
1.2102724723127365
1.2102724723127365
1.2102724723127365
1.2102724723127365
1.2102724723127365
1.2102724723127365
1.2102724723127365
1.2102724723127365
1.2102724723127365
1.2102724723127365
1.2102724723127365
1.2102724723127365
1.2102724723127365
1.2102724723127365
1.2102724723127365
1.2102724723127365
1.2102724723127365
1.2102724723127365
1.2102724723127365
1.2102724723127365
1.2102724723127365
1.2102724723127365
1.2102724723127365
1.2102724723127365
1.2102724723127365
1.2102724723127365
1.2102724723127365
1.2102724723127365
1.2102724723127365
1.2102724723127365
1.2102724723127365
1.2102724723127365
1.2102724723127365
1.2102724723127365
1.2102724723127365
1.2102724723127365
1.2102724723127365
1.2102724723127365
1.2102724723127365
1.2102724723127365
1.2102724723127365
1.2102724723127365
1.2102724723127365
1.2102724723127365
1.2102724723127365
1.2102724723127365
1.2102724723127365
1.2102724723127365
1.2102724723127365
1.2102724723127365
1.2102724723127365
1.2102724723127365
1.2102724723127365
1.2102724723127365
1.2102724723127365
1.2102724723127365
1.2102724723127365
1.2102724723127365
1.2102724723127365
1.2102724723127365
1.2102724723127365
1.2102724723127365
1.2102724723127365
1.2102724723127365
1.2102724723127365
1.2102724723127365
1.2102724723127365
1.2102724723127365
1.2102724723127365
1.2102724723127365
1.2102724723127365
1.2102724723127365
1.2102724723127365
1.2102724723127365
1.2102724723127365
1.2102724723127365
1.2102724723127365
1.2102724723127365
1.2102724723127365
1.2102724723127365
1.2102724723127365
1.2102724723127365
1.2102724723127365
1.2102724723127365
1.2102724723127365
1.2102724723127365
1.2102724723127365
1.2102724723127365
1.2102724723127365
1.2102724723127365
1.2102724723127365
1.2102724723127365
1.2102724723127365
1.2102724723127365
1.2102724723127365
1.2102724723127365
1.2102724723127365
1.2102724723127365
1.2102724723127365
1.2102724723127365
1.2102724723127365
1.2102724723127365
1.2102724723127365
1.2102724723127365
1.2102724723127365
1.2102724723127365
1.2102724723127365
1.2102724723127365
1.2102724723127365
1.2102724723127365
1.2102724723127365
1.2102724723127365
1.2102724723127365
1.2102724723127365
1.2102724723127365
1.2102724723127365
1.2102724723127365
1.2102724723127365
1.2102724723127365
1.2102724723127365
1.2102724723127365
1.2102724723127365
1.2102724723127365
1.2102724723127365
1.2102724723127365
1.2102724723127365
1.2102724723127365
1.2102724723127365
1.2102724723127365
1.2102724723127365
1.2102724723127365
1.2102724723127365
1.2102724723127365
1.2102724723127365
1.2102724723127365
1.2102724723127365
1.2102724723127365
1.2102724723127365
1.2102724723127365
1.2102724723127365
1.2102724723127365
1.2102724723127365
1.2102724723127365
1.2102724723127365
1.2102724723127365
1.2102724723127365
1.2102724723127365
1.2102724723127365
1.2102724723127365
1.2102724723127365
1.2102724723127365
1.2102724723127365
1.2102724723127365
1.2102724723127365
1.2102724723127365
1.2102724723127365
1.2102724723127365
1.2102724723127365
1.2102724723127365
1.2102724723127365
1.2102724723127365
1.2102724723127365
1.2102724723127365
1.2102724723127365
1.2102724723127365
1.2102724723127365
1.2102724723127365
1.2102724723127365
1.2102724723127365
1.2102724723127365
1.2102724723127365
1.2102724723127365
1.2102724723127365
1.2102724723127365
1.2102724723127365
1.2102724723127365
1.2102724723127365
1.2102724723127365
1.2102724723127365
1.2102724723127365
1.2102724723127365
1.2102724723127365
1.2102724723127365
1.2102724723127365
1.2102724723127365
1.2102724723127365
1.2102724723127365
1.2102724723127365
1.2102724723127365
1.2102724723127365
1.2102724723127365
1.2102724723127365
1.2102724723127365
1.2102724723127365
1.2102724723127365
1.2102724723127365
1.2102724723127365
1.2102724723127365
1.2102724723127365
1.2102724723127365
1.2102724723127365
1.2102724723127365
1.2102724723127365
1.2102724723127365
1.2102724723127365
1.2102724723127365
1.2102724723127365
1.2102724723127365
1.2102724723127365
1.2102724723127365
1.2102724723127365
1.2102724723127365
1.2102724723127365
1.2102724723127365
1.2102724723127365
1.2102724723127365
1.2102724723127365
1.2102724723127365
1.2102724723127365
1.2102724723127365
1.2102724723127365
1.2102724723127365
1.2102724723127365
1.2102724723127365
1.2102724723127365
1.2102724723127365
1.2102724723127365
1.2102724723127365
1.2102724723127365
1.2102724723127365
1.2102724723127365
1.2102724723127365
1.2102724723127365
1.2102724723127365
1.2102724723127365
1.2102724723127365
1.2102724723127365
1.2102724723127365
1.2102724723127365
1.2102724723127365
1.2102724723127365
1.2102724723127365
1.2102724723127365
1.2102724723127365
1.2102724723127365
1.2102724723127365
1.2102724723127365
1.2102724723127365
1.2102724723127365
1.2102724723127365
1.2102724723127365
1.2102724723127365
1.2102724723127365
1.2102724723127365
1.2102724723127365
1.2102724723127365
1.2102724723127365
1.2102724723127365
1.2102724723127365
1.2102724723127365
1.2102724723127365
1.2102724723127365
1.2102724723127365
1.2102724723127365
1.2102724723127365
1.2102724723127365
1.2102724723127365
1.2102724723127365
1.2102724723127365
1.2102724723127365
1.2102724723127365
1.2102724723127365
1.2102724723127365
1.2102724723127365
1.2102724723127365
1.2102724723127365
1.2102724723127365
1.2102724723127365
1.2102724723127365
1.2102724723127365
1.2102724723127365
1.2102724723127365
1.2102724723127365
1.2102724723127365
1.2102724723127365
1.2102724723127365
1.2102724723127365
1.2102724723127365
1.2102724723127365
1.2102724723127365
1.2102724723127365
1.2102724723127365
1.2102724723127365
1.2102724723127365
1.2102724723127365
1.2102724723127365
1.2102724723127365
1.2102724723127365
1.2102724723127365
1.2102724723127365
1.2102724723127365
1.2102724723127365
1.2102724723127365
1.2102724723127365
1.2102724723127365
1.2102724723127365
1.2102724723127365
1.2102724723127365
1.2102724723127365
1.2102724723127365
1.2102724723127365
1.2102724723127365
1.2102724723127365
1.2102724723127365
1.2102724723127365
1.2102724723127365
1.2102724723127365
1.2102724723127365
1.2102724723127365
1.2102724723127365
1.2102724723127365
1.2102724723127365
1.2102724723127365
1.2102724723127365
1.2102724723127365
1.2102724723127365
1.2102724723127365
1.2102724723127365
1.2102724723127365
1.2102724723127365
1.2102724723127365
1.2102724723127365
1.2102724723127365
1.2102724723127365
1.2102724723127365
1.2102724723127365
1.2102724723127365
1.2102724723127365
1.2102724723127365
1.2102724723127365
1.2102724723127365
1.2102724723127365
1.2102724723127365
1.2102724723127365
1.2102724723127365
1.2102724723127365
1.2102724723127365
1.2102724723127365
1.2102724723127365
1.2102724723127365
1.2102724723127365
1.2102724723127365
1.2102724723127365
1.2102724723127365
1.2102724723127365
1.2102724723127365
1.2102724723127365
1.2102724723127365
1.2102724723127365
1.2102724723127365
1.2102724723127365
1.2102724723127365
1.2102724723127365
1.2102724723127365
1.2102724723127365
1.2102724723127365
1.2102724723127365
1.2102724723127365
1.2102724723127365
1.2102724723127365
1.2102724723127365
1.2102724723127365
1.2102724723127365
1.2102724723127365
1.2102724723127365
1.2102724723127365
1.2102724723127365
1.2102724723127365
1.2102724723127365
1.2102724723127365
1.2102724723127365
1.2102724723127365
1.2102724723127365
1.2102724723127365
1.2102724723127365
1.2102724723127365
1.2102724723127365
1.2102724723127365
1.2102724723127365
1.2102724723127365
1.2102724723127365
1.2102724723127365
1.2102724723127365
1.2102724723127365
1.2102724723127365
1.2102724723127365
1.2102724723127365
1.2102724723127365
1.2102724723127365
1.2102724723127365
1.2102724723127365
1.2102724723127365
1.2102724723127365
1.2102724723127365
1.2102724723127365
1.2102724723127365
1.2102724723127365
1.2102724723127365
1.2102724723127365
1.2102724723127365
1.2102724723127365
1.2102724723127365
1.2102724723127365
1.2102724723127365
1.2102724723127365
1.2102724723127365
1.2102724723127365
1.2102724723127365
1.2102724723127365
1.2102724723127365
1.2102724723127365
1.2102724723127365
1.2102724723127365
1.2102724723127365
1.2102724723127365
1.2102724723127365
1.2102724723127365
1.2102724723127365
1.2102724723127365
1.2102724723127365
1.2102724723127365
1.2102724723127365
1.2102724723127365
1.2102724723127365
1.2102724723127365
1.2102724723127365
1.2102724723127365
1.2102724723127365
1.2102724723127365
1.2102724723127365
1.2102724723127365
1.2102724723127365
1.2102724723127365
1.2102724723127365
1.2102724723127365
1.2102724723127365
1.2102724723127365
1.2102724723127365
1.2102724723127365
1.2102724723127365
1.2102724723127365
1.2102724723127365
1.2102724723127365
1.2102724723127365
1.2102724723127365
1.2102724723127365
1.2102724723127365
1.2102724723127365
1.2102724723127365
1.2102724723127365
1.2102724723127365
1.2102724723127365
1.2102724723127365
1.2102724723127365
1.2102724723127365
1.2102724723127365
1.2102724723127365
1.2102724723127365
1.2102724723127365
1.2102724723127365
1.2102724723127365
1.2102724723127365
1.2102724723127365
1.2102724723127365
1.2102724723127365
1.2102724723127365
1.2102724723127365
1.2102724723127365
1.2102724723127365
1.2102724723127365
1.2102724723127365
1.2102724723127365
1.2102724723127365
1.2102724723127365
1.2102724723127365
1.2102724723127365
1.2102724723127365
1.2102724723127365
1.2102724723127365
1.2102724723127365
1.2102724723127365
1.2102724723127365
1.2102724723127365
1.2102724723127365
1.2102724723127365
1.2102724723127365
1.2102724723127365
1.2102724723127365
1.2102724723127365
1.2102724723127365
1.2102724723127365
1.2102724723127365
1.2102724723127365
1.2102724723127365
1.2102724723127365
1.2102724723127365
1.2102724723127365
1.2102724723127365
1.2102724723127365
1.2102724723127365
1.2102724723127365
1.2102724723127365
1.2102724723127365
1.2102724723127365
1.2102724723127365
1.2102724723127365
1.2102724723127365
1.2102724723127365
1.2102724723127365
1.2102724723127365
1.2102724723127365
1.2102724723127365
1.2102724723127365
1.2102724723127365
1.2102724723127365
1.2102724723127365
1.2102724723127365
1.2102724723127365
1.2102724723127365
1.2102724723127365
1.2102724723127365
1.2102724723127365
1.2102724723127365
1.2102724723127365
1.2102724723127365
1.2102724723127365
1.2102724723127365
1.2102724723127365
1.2102724723127365
1.2102724723127365
1.2102724723127365
1.2102724723127365
1.2102724723127365
1.2102724723127365
1.2102724723127365
1.2102724723127365
1.2102724723127365
1.2102724723127365
1.2102724723127365
1.2102724723127365
1.2102724723127365
1.2102724723127365
1.2102724723127365
1.2102724723127365
1.2102724723127365
1.2102724723127365
1.2102724723127365
1.2102724723127365
1.2102724723127365
1.2102724723127365
1.2102724723127365
1.2102724723127365
1.2102724723127365
1.2102724723127365
1.2102724723127365
1.2102724723127365
1.2102724723127365
1.2102724723127365
1.2102724723127365
1.2102724723127365
1.2102724723127365
1.2102724723127365
1.2102724723127365
1.2102724723127365
1.2102724723127365
1.2102724723127365
1.2102724723127365
1.2102724723127365
1.2102724723127365
1.2102724723127365
1.2102724723127365
1.2102724723127365
1.2102724723127365
1.2102724723127365
1.2102724723127365
1.2102724723127365
1.2102724723127365
1.2102724723127365
1.2102724723127365
1.2102724723127365
1.2102724723127365
1.2102724723127365
1.2102724723127365
1.2102724723127365
1.2102724723127365
1.2102724723127365
1.2102724723127365
1.2102724723127365
1.2102724723127365
1.2102724723127365
1.2102724723127365
1.2102724723127365
1.2102724723127365
1.2102724723127365
1.2102724723127365
1.2102724723127365
1.2102724723127365
1.2102724723127365
1.2102724723127365
1.2102724723127365
1.2102724723127365
1.2102724723127365
1.2102724723127365
1.2102724723127365
1.2102724723127365
1.2102724723127365
1.2102724723127365
1.2102724723127365
1.2102724723127365
1.2102724723127365
1.2102724723127365
1.2102724723127365
1.2102724723127365
1.2102724723127365
1.2102724723127365
1.2102724723127365
1.2102724723127365
1.2102724723127365
1.2102724723127365
1.2102724723127365
1.2102724723127365
1.2102724723127365
1.2102724723127365
1.2102724723127365
1.2102724723127365
1.2102724723127365
1.2102724723127365
1.2102724723127365
1.2102724723127365
1.2102724723127365
1.2102724723127365
1.2102724723127365
1.2102724723127365
1.2102724723127365
1.2102724723127365
1.2102724723127365
1.2102724723127365
1.2102724723127365
1.2102724723127365
1.2102724723127365
1.2102724723127365
1.2102724723127365
1.2102724723127365
1.2102724723127365
1.2102724723127365
1.2102724723127365
1.2102724723127365
1.2102724723127365
1.2102724723127365
1.2102724723127365
1.2102724723127365
1.2102724723127365
1.2102724723127365
1.2102724723127365
1.2102724723127365
1.2102724723127365
1.2102724723127365
1.2102724723127365
1.2102724723127365
1.2102724723127365
1.2102724723127365
1.2102724723127365
1.2102724723127365
1.2102724723127365
1.2102724723127365
1.2102724723127365
1.2102724723127365
1.2102724723127365
1.2102724723127365
1.2102724723127365
1.2102724723127365
1.2102724723127365
1.2102724723127365
1.2102724723127365
1.2102724723127365
1.2102724723127365
1.2102724723127365
1.2102724723127365
1.2102724723127365
1.2102724723127365
1.2102724723127365
1.2102724723127365
1.2102724723127365
1.2102724723127365
1.2102724723127365
1.2102724723127365
1.2102724723127365
1.2102724723127365
1.2102724723127365
1.2102724723127365
1.2102724723127365
1.2102724723127365
1.2102724723127365
1.2102724723127365
1.2102724723127365
1.2102724723127365
1.2102724723127365
1.2102724723127365
1.2102724723127365
1.2102724723127365
1.2102724723127365
1.2102724723127365
1.2102724723127365
1.2102724723127365
1.2102724723127365
1.2102724723127365
1.2102724723127365
1.2102724723127365
1.2102724723127365
1.2102724723127365
1.2102724723127365
1.2102724723127365
1.2102724723127365
1.2102724723127365
1.2102724723127365
1.2102724723127365
1.2102724723127365
1.2102724723127365
1.2102724723127365
1.2102724723127365
1.2102724723127365
1.2102724723127365
1.2102724723127365
1.2102724723127365
1.2102724723127365
1.2102724723127365
1.2102724723127365
1.2102724723127365
1.2102724723127365
1.2102724723127365
1.2102724723127365
1.2102724723127365
1.2102724723127365
1.2102724723127365
1.2102724723127365
1.2102724723127365
1.2102724723127365
1.2102724723127365
1.2102724723127365
1.2102724723127365
1.2102724723127365
1.2102724723127365
1.2102724723127365
1.2102724723127365
1.2102724723127365
1.2102724723127365
1.2102724723127365
1.2102724723127365
1.2102724723127365
1.2102724723127365
1.2102724723127365
1.2102724723127365
1.2102724723127365
1.2102724723127365
1.2102724723127365
1.2102724723127365
1.2102724723127365
1.2102724723127365
1.2102724723127365
1.2102724723127365
1.2102724723127365
1.2102724723127365
1.2102724723127365
1.2102724723127365
1.2102724723127365
1.2102724723127365
1.2102724723127365
1.2102724723127365
1.2102724723127365
1.2102724723127365
1.2102724723127365
1.2102724723127365
1.2102724723127365
1.2102724723127365
1.2102724723127365
1.2102724723127365
1.2102724723127365
1.2102724723127365
1.2102724723127365
1.2102724723127365
1.2102724723127365
1.2102724723127365
1.2102724723127365
1.2102724723127365
1.2102724723127365
1.2102724723127365
1.2102724723127365
1.2102724723127365
1.2102724723127365
1.2102724723127365
1.2102724723127365
1.2102724723127365
1.2102724723127365
1.2102724723127365
1.2102724723127365
1.2102724723127365
1.2102724723127365
1.2102724723127365
1.2102724723127365
1.2102724723127365
1.2102724723127365
1.2102724723127365
1.2102724723127365
1.2102724723127365
1.2102724723127365
1.2102724723127365
1.2102724723127365
1.2102724723127365
1.2102724723127365
1.2102724723127365
1.2102724723127365
1.2102724723127365
1.2102724723127365
1.2102724723127365
1.2102724723127365
1.2102724723127365
1.2102724723127365
1.2102724723127365
1.2102724723127365
1.2102724723127365
1.2102724723127365
1.2102724723127365
1.2102724723127365
1.2102724723127365
1.2102724723127365
1.2102724723127365
1.2102724723127365
1.2102724723127365
1.2102724723127365
1.2102724723127365
1.2102724723127365
1.2102724723127365
1.2102724723127365
1.2102724723127365
1.2102724723127365
1.2102724723127365
1.2102724723127365
1.2102724723127365
1.2102724723127365
1.2102724723127365
1.2102724723127365
1.2102724723127365
1.2102724723127365
1.2102724723127365
1.2102724723127365
1.2102724723127365
1.2102724723127365
1.2102724723127365
1.2102724723127365
1.2102724723127365
1.2102724723127365
1.2102724723127365
1.2102724723127365
1.2102724723127365
1.2102724723127365
1.2102724723127365
1.2102724723127365
1.2102724723127365
1.2102724723127365
1.2102724723127365
1.2102724723127365
1.2102724723127365
1.2102724723127365
1.2102724723127365
1.2102724723127365
1.2102724723127365
1.2102724723127365
1.2102724723127365
1.2102724723127365
1.2102724723127365
1.2102724723127365
1.2102724723127365
1.2102724723127365
1.2102724723127365
1.2102724723127365
1.2102724723127365
1.2102724723127365
1.2102724723127365
1.2102724723127365
1.2102724723127365
1.2102724723127365
1.2102724723127365
1.2102724723127365
1.2102724723127365
1.2102724723127365
1.2102724723127365
1.2102724723127365
1.2102724723127365
1.2102724723127365
1.2102724723127365
1.2102724723127365
1.2102724723127365
1.2102724723127365
1.2102724723127365
1.2102724723127365
1.2102724723127365
1.2102724723127365
1.2102724723127365
1.2102724723127365
1.2102724723127365
1.2102724723127365
1.2102724723127365
1.2102724723127365
1.2102724723127365
1.2102724723127365
1.2102724723127365
1.2102724723127365
1.2102724723127365
1.2102724723127365
1.2102724723127365
1.2102724723127365
1.2102724723127365
1.2102724723127365
1.2102724723127365
1.2102724723127365
1.2102724723127365
1.2102724723127365
1.2102724723127365
1.2102724723127365
1.2102724723127365
1.2102724723127365
1.2102724723127365
1.2102724723127365
1.2102724723127365
1.2102724723127365
1.2102724723127365
1.2102724723127365
1.2102724723127365
1.2102724723127365
1.2102724723127365
1.2102724723127365
1.2102724723127365
1.2102724723127365
1.2102724723127365
1.2102724723127365
1.2102724723127365
1.2102724723127365
1.2102724723127365
1.2102724723127365
1.2102724723127365
1.2102724723127365
1.2102724723127365
1.2102724723127365
1.2102724723127365
1.2102724723127365
1.2102724723127365
1.2102724723127365
1.2102724723127365
1.2102724723127365
1.2102724723127365
1.2102724723127365
1.2102724723127365
1.2102724723127365
1.2102724723127365
1.2102724723127365
1.2102724723127365
1.2102724723127365
1.2102724723127365
1.2102724723127365
1.2102724723127365
1.2102724723127365
1.2102724723127365
1.2102724723127365
1.2102724723127365
1.2102724723127365
1.2102724723127365
1.2102724723127365
1.2102724723127365
1.2102724723127365
1.2102724723127365
1.2102724723127365
1.2102724723127365
1.2102724723127365
1.2102724723127365
1.2102724723127365
1.2102724723127365
1.2102724723127365
1.2102724723127365
1.2102724723127365
1.2102724723127365
1.2102724723127365
1.2102724723127365
1.2102724723127365
1.2102724723127365
1.2102724723127365
1.2102724723127365
1.2102724723127365
1.2102724723127365
1.2102724723127365
1.2102724723127365
1.2102724723127365
1.2102724723127365
1.2102724723127365
1.2102724723127365
1.2102724723127365
1.2102724723127365
1.2102724723127365
1.2102724723127365
1.2102724723127365
1.2102724723127365
1.2102724723127365
1.2102724723127365
1.2102724723127365
1.2102724723127365
1.2102724723127365
1.2102724723127365
1.2102724723127365
1.2102724723127365
1.2102724723127365
1.2102724723127365
1.2102724723127365
1.2102724723127365
1.2102724723127365
1.2102724723127365
1.2102724723127365
1.2102724723127365
1.2102724723127365
1.2102724723127365
1.2102724723127365
1.2102724723127365
1.2102724723127365
1.2102724723127365
1.2102724723127365
1.2102724723127365
1.2102724723127365
1.2102724723127365
1.2102724723127365
1.2102724723127365
1.2102724723127365
1.2102724723127365
1.2102724723127365
1.2102724723127365
1.2102724723127365
1.2102724723127365
1.2102724723127365
1.2102724723127365
1.2102724723127365
1.2102724723127365
1.2102724723127365
1.2102724723127365
1.2102724723127365
1.2102724723127365
1.2102724723127365
1.2102724723127365
1.2102724723127365
1.2102724723127365
1.2102724723127365
1.2102724723127365
1.2102724723127365
1.2102724723127365
1.2102724723127365
1.2102724723127365
1.2102724723127365
1.2102724723127365
1.2102724723127365
1.2102724723127365
1.2102724723127365
1.2102724723127365
1.2102724723127365
1.2102724723127365
1.2102724723127365
1.2102724723127365
1.2102724723127365
1.2102724723127365
1.2102724723127365
1.2102724723127365
1.2102724723127365
1.2102724723127365
1.2102724723127365
1.2102724723127365
1.2102724723127365
1.2102724723127365
1.2102724723127365
1.2102724723127365
1.2102724723127365
1.2102724723127365
1.2102724723127365
1.2102724723127365
1.2102724723127365
1.2102724723127365
1.2102724723127365
1.2102724723127365
1.2102724723127365
1.2102724723127365
1.2102724723127365
1.2102724723127365
1.2102724723127365
1.2102724723127365
1.2102724723127365
1.2102724723127365
1.2102724723127365
1.2102724723127365
1.2102724723127365
1.2102724723127365
1.2102724723127365
1.2102724723127365
1.2102724723127365
1.2102724723127365
1.2102724723127365
1.2102724723127365
1.2102724723127365
1.2102724723127365
1.2102724723127365
1.2102724723127365
1.2102724723127365
1.2102724723127365
1.2102724723127365
1.2102724723127365
1.2102724723127365
1.2102724723127365
1.2102724723127365
1.2102724723127365
1.2102724723127365
1.2102724723127365
1.2102724723127365
1.2102724723127365
1.2102724723127365
1.2102724723127365
1.2102724723127365
1.2102724723127365
1.2102724723127365
1.2102724723127365
1.2102724723127365
1.2102724723127365
1.2102724723127365
1.2102724723127365
1.2102724723127365
1.2102724723127365
1.2102724723127365
1.2102724723127365
1.2102724723127365
1.2102724723127365
1.2102724723127365
1.2102724723127365
1.2102724723127365
1.2102724723127365
1.2102724723127365
1.2102724723127365
1.2102724723127365
1.2102724723127365
1.2102724723127365
1.2102724723127365
1.2102724723127365
1.2102724723127365
1.2102724723127365
1.2102724723127365
1.2102724723127365
1.2102724723127365
1.2102724723127365
1.2102724723127365
1.2102724723127365
1.2102724723127365
1.2102724723127365
1.2102724723127365
1.2102724723127365
1.2102724723127365
1.2102724723127365
1.2102724723127365
1.2102724723127365
1.2102724723127365
1.2102724723127365
1.2102724723127365
1.2102724723127365
1.2102724723127365
1.2102724723127365
1.2102724723127365
1.2102724723127365
1.2102724723127365
1.2102724723127365
1.2102724723127365
1.2102724723127365
1.2102724723127365
1.2102724723127365
1.2102724723127365
1.2102724723127365
1.2102724723127365
1.2102724723127365
1.2102724723127365
1.2102724723127365
1.2102724723127365
1.2102724723127365
1.2102724723127365
1.2102724723127365
1.2102724723127365
1.2102724723127365
1.2102724723127365
1.2102724723127365
1.2102724723127365
1.2102724723127365
1.2102724723127365
1.2102724723127365
1.2102724723127365
1.2102724723127365
1.2102724723127365
1.2102724723127365
1.2102724723127365
1.2102724723127365
1.2102724723127365
1.2102724723127365
1.2102724723127365
1.2102724723127365
1.2102724723127365
1.2102724723127365
1.2102724723127365
1.2102724723127365
1.2102724723127365
1.2102724723127365
1.2102724723127365
1.2102724723127365
1.2102724723127365
1.2102724723127365
1.2102724723127365
1.2102724723127365
1.2102724723127365
1.2102724723127365
1.2102724723127365
1.2102724723127365
1.2102724723127365
1.2102724723127365
1.2102724723127365
1.2102724723127365
1.2102724723127365
1.2102724723127365
1.2102724723127365
1.2102724723127365
1.2102724723127365
1.2102724723127365
1.2102724723127365
1.2102724723127365
1.2102724723127365
1.2102724723127365
1.2102724723127365
1.2102724723127365
1.2102724723127365
1.2102724723127365
1.2102724723127365
1.2102724723127365
1.2102724723127365
1.2102724723127365
1.2102724723127365
1.2102724723127365
1.2102724723127365
1.2102724723127365
1.2102724723127365
1.2102724723127365
1.2102724723127365
1.2102724723127365
1.2102724723127365
1.2102724723127365
1.2102724723127365
1.2102724723127365
1.2102724723127365
1.2102724723127365
1.2102724723127365
1.2102724723127365
1.2102724723127365
1.2102724723127365
1.2102724723127365
1.2102724723127365
1.2102724723127365
1.2102724723127365
1.2102724723127365
1.2102724723127365
1.2102724723127365
1.2102724723127365
1.2102724723127365
1.2102724723127365
1.2102724723127365
1.2102724723127365
1.2102724723127365
1.2102724723127365
1.2102724723127365
1.2102724723127365
1.2102724723127365
1.2102724723127365
1.2102724723127365
1.2102724723127365
1.2102724723127365
1.2102724723127365
1.2102724723127365
1.2102724723127365
1.2102724723127365
1.2102724723127365
1.2102724723127365
1.2102724723127365
1.2102724723127365
1.2102724723127365
1.2102724723127365
1.2102724723127365
1.2102724723127365
1.2102724723127365
1.2102724723127365
1.2102724723127365
1.2102724723127365
1.2102724723127365
1.2102724723127365
1.2102724723127365
1.2102724723127365
1.2102724723127365
1.2102724723127365
1.2102724723127365
1.2102724723127365
1.2102724723127365
1.2102724723127365
1.2102724723127365
1.2102724723127365
1.2102724723127365
1.2102724723127365
1.2102724723127365
1.2102724723127365
1.2102724723127365
1.2102724723127365
1.2102724723127365
1.2102724723127365
1.2102724723127365
1.2102724723127365
1.2102724723127365
1.2102724723127365
1.2102724723127365
1.2102724723127365
1.2102724723127365
1.2102724723127365
1.2102724723127365
1.2102724723127365
1.2102724723127365
1.2102724723127365
1.2102724723127365
1.2102724723127365
1.2102724723127365
1.2102724723127365
1.2102724723127365
1.2102724723127365
1.2102724723127365
1.2102724723127365
1.2102724723127365
1.2102724723127365
1.2102724723127365
1.2102724723127365
1.2102724723127365
1.2102724723127365
1.2102724723127365
1.2102724723127365
1.2102724723127365
1.2102724723127365
1.2102724723127365
1.2102724723127365
1.2102724723127365
1.2102724723127365
1.2102724723127365
1.2102724723127365
1.2102724723127365
1.2102724723127365
1.2102724723127365
1.2102724723127365
1.2102724723127365
1.2102724723127365
1.2102724723127365
1.2102724723127365
1.2102724723127365
1.2102724723127365
1.2102724723127365
1.2102724723127365
1.2102724723127365
1.2102724723127365
1.2102724723127365
1.2102724723127365
1.2102724723127365
1.2102724723127365
1.2102724723127365
1.2102724723127365
1.2102724723127365
1.2102724723127365
1.2102724723127365
1.2102724723127365
1.2102724723127365
1.2102724723127365
1.2102724723127365
1.2102724723127365
1.2102724723127365
1.2102724723127365
1.2102724723127365
1.2102724723127365
1.2102724723127365
1.2102724723127365
1.2102724723127365
1.2102724723127365
1.2102724723127365
1.2102724723127365
1.2102724723127365
1.2102724723127365
1.2102724723127365
1.2102724723127365
1.2102724723127365
1.2102724723127365
1.2102724723127365
1.2102724723127365
1.2102724723127365
1.2102724723127365
1.2102724723127365
1.2102724723127365
1.2102724723127365
1.2102724723127365
1.2102724723127365
1.2102724723127365
1.2102724723127365
1.2102724723127365
1.2102724723127365
1.2102724723127365
1.2102724723127365
1.2102724723127365
1.2102724723127365
1.2102724723127365
1.2102724723127365
1.2102724723127365
1.2102724723127365
1.2102724723127365
1.2102724723127365
1.2102724723127365
1.2102724723127365
1.2102724723127365
1.2102724723127365
1.2102724723127365
1.2102724723127365
1.2102724723127365
1.2102724723127365
1.2102724723127365
1.2102724723127365
1.2102724723127365
1.2102724723127365
1.2102724723127365
1.2102724723127365
1.2102724723127365
1.2102724723127365
1.2102724723127365
1.2102724723127365
1.2102724723127365
1.2102724723127365
1.2102724723127365
1.2102724723127365
1.2102724723127365
1.2102724723127365
1.2102724723127365
1.2102724723127365
1.2102724723127365
1.2102724723127365
1.2102724723127365
1.2102724723127365
1.2102724723127365
1.2102724723127365
1.2102724723127365
1.2102724723127365
1.2102724723127365
1.2102724723127365
1.2102724723127365
1.2102724723127365
1.2102724723127365
1.2102724723127365
1.2102724723127365
1.2102724723127365
1.2102724723127365
1.2102724723127365
1.2102724723127365
1.2102724723127365
1.2102724723127365
1.2102724723127365
1.2102724723127365
1.2102724723127365
1.2102724723127365
1.2102724723127365
1.2102724723127365
1.2102724723127365
1.2102724723127365
1.2102724723127365
1.2102724723127365
1.2102724723127365
1.2102724723127365
1.2102724723127365
1.2102724723127365
1.2102724723127365
1.2102724723127365
1.2102724723127365
1.2102724723127365
1.2102724723127365
1.2102724723127365
1.2102724723127365
1.2102724723127365
1.2102724723127365
1.2102724723127365
1.2102724723127365
1.2102724723127365
1.2102724723127365
1.2102724723127365
1.2102724723127365
1.2102724723127365
1.2102724723127365
1.2102724723127365
1.2102724723127365
1.2102724723127365
1.2102724723127365
1.2102724723127365
1.2102724723127365
1.2102724723127365
1.2102724723127365
1.2102724723127365
1.2102724723127365
1.2102724723127365
1.2102724723127365
1.2102724723127365
1.2102724723127365
1.2102724723127365
1.2102724723127365
1.2102724723127365
1.2102724723127365
1.2102724723127365
1.2102724723127365
1.2102724723127365
1.2102724723127365
1.2102724723127365
1.2102724723127365
1.2102724723127365
1.2102724723127365
1.2102724723127365
1.2102724723127365
1.2102724723127365
1.2102724723127365
1.2102724723127365
1.2102724723127365
1.2102724723127365
1.2102724723127365
1.2102724723127365
1.2102724723127365
1.2102724723127365
1.2102724723127365
1.2102724723127365
1.2102724723127365
1.2102724723127365
1.2102724723127365
1.2102724723127365
1.2102724723127365
1.2102724723127365
1.2102724723127365
1.2102724723127365
1.2102724723127365
1.2102724723127365
1.2102724723127365
1.2102724723127365
1.2102724723127365
1.2102724723127365
1.2102724723127365
1.2102724723127365
1.2102724723127365
1.2102724723127365
1.2102724723127365
1.2102724723127365
1.2102724723127365
1.2102724723127365
1.2102724723127365
1.2102724723127365
1.2102724723127365
1.2102724723127365
1.2102724723127365
1.2102724723127365
1.2102724723127365
1.2102724723127365
1.2102724723127365
1.2102724723127365
1.2102724723127365
1.2102724723127365
1.2102724723127365
1.2102724723127365
1.2102724723127365
1.2102724723127365
1.2102724723127365
1.2102724723127365
1.2102724723127365
1.2102724723127365
1.2102724723127365
1.2102724723127365
1.2102724723127365
1.2102724723127365
1.2102724723127365
1.2102724723127365
1.2102724723127365
1.2102724723127365
1.2102724723127365
1.2102724723127365
1.2102724723127365
1.2102724723127365
1.2102724723127365
1.2102724723127365
1.2102724723127365
1.2102724723127365
1.2102724723127365
1.2102724723127365
1.2102724723127365
1.2102724723127365
1.2102724723127365
1.2102724723127365
1.2102724723127365
1.2102724723127365
1.2102724723127365
1.2102724723127365
1.2102724723127365
1.2102724723127365
1.2102724723127365
1.2102724723127365
1.2102724723127365
1.2102724723127365
1.2102724723127365
1.2102724723127365
1.2102724723127365
1.2102724723127365
1.2102724723127365
1.2102724723127365
1.2102724723127365
1.2102724723127365
1.2102724723127365
1.2102724723127365
1.2102724723127365
1.2102724723127365
1.2102724723127365
1.2102724723127365
1.2102724723127365
1.2102724723127365
1.2102724723127365
1.2102724723127365
1.2102724723127365
1.2102724723127365
1.2102724723127365
1.2102724723127365
1.2102724723127365
1.2102724723127365
1.2102724723127365
1.2102724723127365
1.2102724723127365
1.2102724723127365
1.2102724723127365
1.2102724723127365
1.2102724723127365
1.2102724723127365
1.2102724723127365
1.2102724723127365
1.2102724723127365
1.2102724723127365
1.2102724723127365
1.2102724723127365
1.2102724723127365
1.2102724723127365
1.2102724723127365
1.2102724723127365
1.2102724723127365
1.2102724723127365
1.2102724723127365
1.2102724723127365
1.2102724723127365
1.2102724723127365
1.2102724723127365
1.2102724723127365
1.2102724723127365
1.2102724723127365
1.2102724723127365
1.2102724723127365
1.2102724723127365
1.2102724723127365
1.2102724723127365
1.2102724723127365
1.2102724723127365
1.2102724723127365
1.2102724723127365
1.2102724723127365
1.2102724723127365
1.2102724723127365
1.2102724723127365
1.2102724723127365
1.2102724723127365
1.2102724723127365
1.2102724723127365
1.2102724723127365
1.2102724723127365
1.2102724723127365
1.2102724723127365
1.2102724723127365
1.2102724723127365
1.2102724723127365
1.2102724723127365
1.2102724723127365
1.2102724723127365
1.2102724723127365
1.2102724723127365
1.2102724723127365
1.2102724723127365
1.2102724723127365
1.2102724723127365
1.2102724723127365
1.2102724723127365
1.2102724723127365
1.2102724723127365
1.2102724723127365
1.2102724723127365
1.2102724723127365
1.2102724723127365
1.2102724723127365
1.2102724723127365
1.2102724723127365
1.2102724723127365
1.2102724723127365
1.2102724723127365
1.2102724723127365
1.2102724723127365
1.2102724723127365
1.2102724723127365
1.2102724723127365
1.2102724723127365
1.2102724723127365
1.2102724723127365
1.2102724723127365
1.2102724723127365
1.2102724723127365
1.2102724723127365
1.2102724723127365
1.2102724723127365
1.2102724723127365
1.2102724723127365
1.2102724723127365
1.2102724723127365
1.2102724723127365
1.2102724723127365
1.2102724723127365
1.2102724723127365
1.2102724723127365
1.2102724723127365
1.2102724723127365
1.2102724723127365
1.2102724723127365
1.2102724723127365
1.2102724723127365
1.2102724723127365
1.2102724723127365
1.2102724723127365
1.2102724723127365
1.2102724723127365
1.2102724723127365
1.2102724723127365
1.2102724723127365
1.2102724723127365
1.2102724723127365
1.2102724723127365
1.2102724723127365
1.2102724723127365
1.2102724723127365
1.2102724723127365
1.2102724723127365
1.2102724723127365
1.2102724723127365
1.2102724723127365
1.2102724723127365
1.2102724723127365
1.2102724723127365
1.2102724723127365
1.2102724723127365
1.2102724723127365
1.2102724723127365
1.2102724723127365
1.2102724723127365
1.2102724723127365
1.2102724723127365
1.2102724723127365
1.2102724723127365
1.2102724723127365
1.2102724723127365
1.2102724723127365
1.2102724723127365
1.2102724723127365
1.2102724723127365
1.2102724723127365
1.2102724723127365
1.2102724723127365
1.2102724723127365
1.2102724723127365
1.2102724723127365
1.2102724723127365
1.2102724723127365
1.2102724723127365
1.2102724723127365
1.2102724723127365
1.2102724723127365
1.2102724723127365
1.2102724723127365
1.2102724723127365
1.2102724723127365
1.2102724723127365
1.2102724723127365
1.2102724723127365
1.2102724723127365
1.2102724723127365
1.2102724723127365
1.2102724723127365
1.2102724723127365
1.2102724723127365
1.2102724723127365
1.2102724723127365
1.2102724723127365
1.2102724723127365
1.2102724723127365
1.2102724723127365
1.2102724723127365
1.2102724723127365
1.2102724723127365
1.2102724723127365
1.2102724723127365
1.2102724723127365
1.2102724723127365
1.2102724723127365
1.2102724723127365
1.2102724723127365
1.2102724723127365
1.2102724723127365
1.2102724723127365
1.2102724723127365
1.2102724723127365
1.2102724723127365
1.2102724723127365
1.2102724723127365
1.2102724723127365
1.2102724723127365
1.2102724723127365
1.2102724723127365
1.2102724723127365
1.2102724723127365
1.2102724723127365
1.2102724723127365
1.2102724723127365
1.2102724723127365
1.2102724723127365
1.2102724723127365
1.2102724723127365
1.2102724723127365
1.2102724723127365
1.2102724723127365
1.2102724723127365
1.2102724723127365
1.2102724723127365
1.2102724723127365
1.2102724723127365
1.2102724723127365
1.2102724723127365
1.2102724723127365
1.2102724723127365
1.2102724723127365
1.2102724723127365
1.2102724723127365
1.2102724723127365
1.2102724723127365
1.2102724723127365
1.2102724723127365
1.2102724723127365
1.2102724723127365
1.2102724723127365
1.2102724723127365
1.2102724723127365
1.2102724723127365
1.2102724723127365
1.2102724723127365
1.2102724723127365
1.2102724723127365
1.2102724723127365
1.2102724723127365
1.2102724723127365
1.2102724723127365
1.2102724723127365
1.2102724723127365
1.2102724723127365
1.2102724723127365
1.2102724723127365
1.2102724723127365
1.2102724723127365
1.2102724723127365
1.2102724723127365
1.2102724723127365
1.2102724723127365
1.2102724723127365
1.2102724723127365
1.2102724723127365
1.2102724723127365
1.2102724723127365
1.2102724723127365
1.2102724723127365
1.2102724723127365
1.2102724723127365
1.2102724723127365
1.2102724723127365
1.2102724723127365
1.2102724723127365
1.2102724723127365
1.2102724723127365
1.2102724723127365
1.2102724723127365
1.2102724723127365
1.2102724723127365
1.2102724723127365
1.2102724723127365
1.2102724723127365
1.2102724723127365
1.2102724723127365
1.2102724723127365
1.2102724723127365
1.2102724723127365
1.2102724723127365
1.2102724723127365
1.2102724723127365
1.2102724723127365
1.2102724723127365
1.2102724723127365
1.2102724723127365
1.2102724723127365
1.2102724723127365
1.2102724723127365
1.2102724723127365
1.2102724723127365
1.2102724723127365
1.2102724723127365
1.2102724723127365
1.2102724723127365
1.2102724723127365
1.2102724723127365
1.2102724723127365
1.2102724723127365
1.2102724723127365
1.2102724723127365
1.2102724723127365
1.2102724723127365
1.2102724723127365
1.2102724723127365
1.2102724723127365
1.2102724723127365
1.2102724723127365
1.2102724723127365
1.2102724723127365
1.2102724723127365
1.2102724723127365
1.2102724723127365
1.2102724723127365
1.2102724723127365
1.2102724723127365
1.2102724723127365
1.2102724723127365
1.2102724723127365
1.2102724723127365
1.2102724723127365
1.2102724723127365
1.2102724723127365
1.2102724723127365
1.2102724723127365
1.2102724723127365
1.2102724723127365
1.2102724723127365
1.2102724723127365
1.2102724723127365
1.2102724723127365
1.2102724723127365
1.2102724723127365
1.2102724723127365
1.2102724723127365
1.2102724723127365
1.2102724723127365
1.2102724723127365
1.2102724723127365
1.2102724723127365
1.2102724723127365
1.2102724723127365
1.2102724723127365
1.2102724723127365
1.2102724723127365
1.2102724723127365
1.2102724723127365
1.2102724723127365
1.2102724723127365
1.2102724723127365
1.2102724723127365
1.2102724723127365
1.2102724723127365
1.2102724723127365
1.2102724723127365
1.2102724723127365
1.2102724723127365
1.2102724723127365
1.2102724723127365
1.2102724723127365
1.2102724723127365
1.2102724723127365
1.2102724723127365
1.2102724723127365
1.2102724723127365
1.2102724723127365
1.2102724723127365
1.2102724723127365
1.2102724723127365
1.2102724723127365
1.2102724723127365
1.2102724723127365
1.2102724723127365
1.2102724723127365
1.2102724723127365
1.2102724723127365
1.2102724723127365
1.2102724723127365
1.2102724723127365
1.2102724723127365
1.2102724723127365
1.2102724723127365
1.2102724723127365
1.2102724723127365
1.2102724723127365
1.2102724723127365
1.2102724723127365
1.2102724723127365
1.2102724723127365
1.2102724723127365
1.2102724723127365
1.2102724723127365
1.2102724723127365
1.2102724723127365
1.2102724723127365
1.2102724723127365
1.2102724723127365
1.2102724723127365
1.2102724723127365
1.2102724723127365
1.2102724723127365
1.2102724723127365
1.2102724723127365
1.2102724723127365
1.2102724723127365
1.2102724723127365
1.2102724723127365
1.2102724723127365
1.2102724723127365
1.2102724723127365
1.2102724723127365
1.2102724723127365
1.2102724723127365
1.2102724723127365
1.2102724723127365
1.2102724723127365
1.2102724723127365
1.2102724723127365
1.2102724723127365
1.2102724723127365
1.2102724723127365
1.2102724723127365
1.2102724723127365
1.2102724723127365
1.2102724723127365
1.2102724723127365
1.2102724723127365
1.2102724723127365
1.2102724723127365
1.2102724723127365
1.2102724723127365
1.2102724723127365
1.2102724723127365
1.2102724723127365
1.2102724723127365
1.2102724723127365
1.2102724723127365
1.2102724723127365
1.2102724723127365
1.2102724723127365
1.2102724723127365
1.2102724723127365
1.2102724723127365
1.2102724723127365
1.2102724723127365
1.2102724723127365
1.2102724723127365
1.2102724723127365
1.2102724723127365
1.2102724723127365
1.2102724723127365
1.2102724723127365
1.2102724723127365
1.2102724723127365
1.2102724723127365
1.2102724723127365
1.2102724723127365
1.2102724723127365
1.2102724723127365
1.2102724723127365
1.2102724723127365
1.2102724723127365
1.2102724723127365
1.2102724723127365
1.2102724723127365
1.2102724723127365
1.2102724723127365
1.2102724723127365
1.2102724723127365
1.2102724723127365
1.2102724723127365
1.2102724723127365
1.2102724723127365
1.2102724723127365
1.2102724723127365
1.2102724723127365
1.2102724723127365
1.2102724723127365
1.2102724723127365
1.2102724723127365
1.2102724723127365
1.2102724723127365
1.2102724723127365
1.2102724723127365
1.2102724723127365
1.2102724723127365
1.2102724723127365
1.2102724723127365
1.2102724723127365
1.2102724723127365
1.2102724723127365
1.2102724723127365
1.2102724723127365
1.2102724723127365
1.2102724723127365
1.2102724723127365
1.2102724723127365
1.2102724723127365
1.2102724723127365
1.2102724723127365
1.2102724723127365
1.2102724723127365
1.2102724723127365
1.2102724723127365
1.2102724723127365
1.2102724723127365
1.2102724723127365
1.2102724723127365
1.2102724723127365
1.2102724723127365
1.2102724723127365
1.2102724723127365
1.2102724723127365
1.2102724723127365
1.2102724723127365
1.2102724723127365
1.2102724723127365
1.2102724723127365
1.2102724723127365
1.2102724723127365
1.2102724723127365
1.2102724723127365
1.2102724723127365
1.2102724723127365
1.2102724723127365
1.2102724723127365
1.2102724723127365
1.2102724723127365
1.2102724723127365
1.2102724723127365
1.2102724723127365
1.2102724723127365
1.2102724723127365
1.2102724723127365
1.2102724723127365
1.2102724723127365
1.2102724723127365
1.2102724723127365
1.2102724723127365
1.2102724723127365
1.2102724723127365
1.2102724723127365
1.2102724723127365
1.2102724723127365
1.2102724723127365
1.2102724723127365
1.2102724723127365
1.2102724723127365
1.2102724723127365
1.2102724723127365
1.2102724723127365
1.2102724723127365
1.2102724723127365
1.2102724723127365
1.2102724723127365
1.2102724723127365
1.2102724723127365
1.2102724723127365
1.2102724723127365
1.2102724723127365
1.2102724723127365
1.2102724723127365
1.2102724723127365
1.2102724723127365
1.2102724723127365
1.2102724723127365
1.2102724723127365
1.2102724723127365
1.2102724723127365
1.2102724723127365
1.2102724723127365
1.2102724723127365
1.2102724723127365
1.2102724723127365
1.2102724723127365
1.2102724723127365
1.2102724723127365
1.2102724723127365
1.2102724723127365
1.2102724723127365
1.2102724723127365
1.2102724723127365
1.2102724723127365
1.2102724723127365
1.2102724723127365
1.2102724723127365
1.2102724723127365
1.2102724723127365
1.2102724723127365
1.2102724723127365
1.2102724723127365
1.2102724723127365
1.2102724723127365
1.2102724723127365
1.2102724723127365
1.2102724723127365
1.2102724723127365
1.2102724723127365
1.2102724723127365
1.2102724723127365
1.2102724723127365
1.2102724723127365
1.2102724723127365
1.2102724723127365
1.2102724723127365
1.2102724723127365
1.2102724723127365
1.2102724723127365
1.2102724723127365
1.2102724723127365
1.2102724723127365
1.2102724723127365
1.2102724723127365
1.2102724723127365
1.2102724723127365
1.2102724723127365
1.2102724723127365
1.2102724723127365
1.2102724723127365
1.2102724723127365
1.2102724723127365
1.2102724723127365
1.2102724723127365
1.2102724723127365
1.2102724723127365
1.2102724723127365
1.2102724723127365
1.2102724723127365
1.2102724723127365
1.2102724723127365
1.2102724723127365
1.2102724723127365
1.2102724723127365
1.2102724723127365
1.2102724723127365
1.2102724723127365
1.2102724723127365
1.2102724723127365
1.2102724723127365
1.2102724723127365
1.2102724723127365
1.2102724723127365
1.2102724723127365
1.2102724723127365
1.2102724723127365
1.2102724723127365
1.2102724723127365
1.2102724723127365
1.2102724723127365
1.2102724723127365
1.2102724723127365
1.2102724723127365
1.2102724723127365
1.2102724723127365
1.2102724723127365
1.2102724723127365
1.2102724723127365
1.2102724723127365
1.2102724723127365
1.2102724723127365
1.2102724723127365
1.2102724723127365
1.2102724723127365
1.2102724723127365
1.2102724723127365
1.2102724723127365
1.2102724723127365
1.2102724723127365
1.2102724723127365
1.2102724723127365
1.2102724723127365
1.2102724723127365
1.2102724723127365
1.2102724723127365
1.2102724723127365
1.2102724723127365
1.2102724723127365
1.2102724723127365
1.2102724723127365
1.2102724723127365
1.2102724723127365
1.2102724723127365
1.2102724723127365
1.2102724723127365
1.2102724723127365
1.2102724723127365
1.2102724723127365
1.2102724723127365
1.2102724723127365
1.2102724723127365
1.2102724723127365
1.2102724723127365
1.2102724723127365
1.2102724723127365
1.2102724723127365
1.2102724723127365
1.2102724723127365
1.2102724723127365
1.2102724723127365
1.2102724723127365
1.2102724723127365
1.2102724723127365
1.2102724723127365
1.2102724723127365
1.2102724723127365
1.2102724723127365
1.2102724723127365
1.2102724723127365
1.2102724723127365
1.2102724723127365
1.2102724723127365
1.2102724723127365
1.2102724723127365
1.2102724723127365
1.2102724723127365
1.2102724723127365
1.2102724723127365
1.2102724723127365
1.2102724723127365
1.2102724723127365
1.2102724723127365
1.2102724723127365
1.2102724723127365
1.2102724723127365
1.2102724723127365
1.2102724723127365
1.2102724723127365
1.2102724723127365
1.2102724723127365
1.2102724723127365
1.2102724723127365
1.2102724723127365
1.2102724723127365
1.2102724723127365
1.2102724723127365
1.2102724723127365
1.2102724723127365
1.2102724723127365
1.2102724723127365
1.2102724723127365
1.2102724723127365
1.2102724723127365
1.2102724723127365
1.2102724723127365
1.2102724723127365
1.2102724723127365
1.2102724723127365
1.2102724723127365
1.2102724723127365
1.2102724723127365
1.2102724723127365
1.2102724723127365
1.2102724723127365
1.2102724723127365
1.2102724723127365
1.2102724723127365
1.2102724723127365
1.2102724723127365
1.2102724723127365
1.2102724723127365
1.2102724723127365
1.2102724723127365
1.2102724723127365
1.2102724723127365
1.2102724723127365
1.2102724723127365
1.2102724723127365
1.2102724723127365
1.2102724723127365
1.2102724723127365
1.2102724723127365
1.2102724723127365
1.2102724723127365
1.2102724723127365
1.2102724723127365
1.2102724723127365
1.2102724723127365
1.2102724723127365
1.2102724723127365
1.2102724723127365
1.2102724723127365
1.2102724723127365
1.2102724723127365
1.2102724723127365
1.2102724723127365
1.2102724723127365
1.2102724723127365
1.2102724723127365
1.2102724723127365
1.2102724723127365
1.2102724723127365
1.2102724723127365
1.2102724723127365
1.2102724723127365
1.2102724723127365
1.2102724723127365
1.2102724723127365
1.2102724723127365
1.2102724723127365
1.2102724723127365
1.2102724723127365
1.2102724723127365
1.2102724723127365
1.2102724723127365
1.2102724723127365
1.2102724723127365
1.2102724723127365
1.2102724723127365
1.2102724723127365
1.2102724723127365
1.2102724723127365
1.2102724723127365
1.2102724723127365
1.2102724723127365
1.2102724723127365
1.2102724723127365
1.2102724723127365
1.2102724723127365
1.2102724723127365
1.2102724723127365
1.2102724723127365
1.2102724723127365
1.2102724723127365
1.2102724723127365
1.2102724723127365
1.2102724723127365
1.2102724723127365
1.2102724723127365
1.2102724723127365
1.2102724723127365
1.2102724723127365
1.2102724723127365
1.2102724723127365
1.2102724723127365
1.2102724723127365
1.2102724723127365
1.2102724723127365
1.2102724723127365
1.2102724723127365
1.2102724723127365
1.2102724723127365
1.2102724723127365
1.2102724723127365
1.2102724723127365
1.2102724723127365
1.2102724723127365
1.2102724723127365
1.2102724723127365
1.2102724723127365
1.2102724723127365
1.2102724723127365
1.2102724723127365
1.2102724723127365
1.2102724723127365
1.2102724723127365
1.2102724723127365
1.2102724723127365
1.2102724723127365
1.2102724723127365
1.2102724723127365
1.2102724723127365
1.2102724723127365
1.2102724723127365
1.2102724723127365
1.2102724723127365
1.2102724723127365
1.2102724723127365
1.2102724723127365
1.2102724723127365
1.2102724723127365
1.2102724723127365
1.2102724723127365
1.2102724723127365
1.2102724723127365
1.2102724723127365
1.2102724723127365
1.2102724723127365
1.2102724723127365
1.2102724723127365
1.2102724723127365
1.2102724723127365
1.2102724723127365
1.2102724723127365
1.2102724723127365
1.2102724723127365
1.2102724723127365
1.2102724723127365
1.2102724723127365
1.2102724723127365
1.2102724723127365
1.2102724723127365
1.2102724723127365
1.2102724723127365
1.2102724723127365
1.2102724723127365
1.2102724723127365
1.2102724723127365
1.2102724723127365
1.2102724723127365
1.2102724723127365
1.2102724723127365
1.2102724723127365
1.2102724723127365
1.2102724723127365
1.2102724723127365
1.2102724723127365
1.2102724723127365
1.2102724723127365
1.2102724723127365
1.2102724723127365
1.2102724723127365
1.2102724723127365
