29676.445970830424
29676.445970830424
29667.599011898703
29667.599011898703
29395.573678007666
29210.444481778894
29210.444481778894
29210.444481778894
29210.444481778894
29210.444481778894
29210.444481778894
28893.66148298294
28679.77285844649
28679.77285844649
28679.77285844649
28612.051097649804
28127.464199614562
28050.71001299771
27941.04855616158
27941.04855616158
27941.04855616158
27941.04855616158
27941.04855616158
27941.04855616158
27941.04855616158
27899.398444902716
27796.502424527993
27796.502424527993
27796.502424527993
27796.502424527993
27524.253330498705
27418.68268636788
27418.68268636788
27418.68268636788
27260.378114069103
26826.082067289368
26826.082067289368
26826.082067289368
26826.082067289368
26659.735534678348
26060.313631163375
26060.313631163375
26005.781841629843
25487.712069944424
25427.07123560483
25427.07123560483
24983.257920336335
24600.451551132213
24480.541747654635
24480.541747654635
24480.541747654635
24099.73549281569
24099.73549281569
23753.93544048328
23411.138557967846
23240.996646859232
23240.996646859232
23240.996646859232
23240.996646859232
23240.996646859232
23240.996646859232
23202.797204144317
22654.526094259993
22407.694538219253
22407.694538219253
22407.694538219253
22407.694538219253
22407.694538219253
21846.402510039235
21652.049851863303
21652.049851863303
21652.049851863303
21652.049851863303
21594.642387788826
21594.642387788826
21413.06656646453
21413.06656646453
21413.06656646453
21247.069388300588
20974.995555980542
20974.995555980542
20974.995555980542
20773.491345598588
20541.98500881677
20541.98500881677
20474.734106852113
20474.734106852113
20474.734106852113
20474.734106852113
20273.74929857656
20216.8374247976
19972.97052500742
19972.97052500742
19972.97052500742
19972.97052500742
19727.566460738806
19727.566460738806
19489.773628097562
19489.773628097562
19489.773628097562
19107.658531894263
19107.658531894263
19107.658531894263
19107.658531894263
18906.450147079253
18906.450147079253
18670.09109365711
18517.48712533904
18014.256582725397
17702.926863580466
16945.915533745418
16945.915533745418
16485.641964777693
16275.496887867217
15904.354519333541
15703.799764729702
15703.799764729702
15703.799764729702
15460.352866179664
15417.960307582074
15308.500868906125
15308.500868906125
15071.075755134103
15071.075755134103
14557.848374457477
14557.848374457477
14557.848374457477
14557.848374457477
14557.848374457477
14557.848374457477
14557.848374457477
14557.848374457477
14304.710637642065
14174.753955721708
13521.698102975277
13476.780431564726
13363.64978699595
13146.880792363398
12617.504058113946
12391.133884861432
12316.074365381504
12316.074365381504
12316.074365381504
12316.074365381504
12314.399380769539
12314.399380769539
12314.399380769539
12267.758966969852
12267.758966969852
12085.98947999181
12085.98947999181
11692.31577227451
11692.31577227451
11692.31577227451
11674.899387363745
11622.467772498949
11622.467772498949
11501.738699222438
11278.447970694857
11278.447970694857
11278.447970694857
10871.142048533595
10871.142048533595
10798.823045557538
10585.13393406996
10585.13393406996
10522.233731907432
10522.233731907432
10369.742210147077
10369.742210147077
10355.380901019756
10223.338610698085
10223.338610698085
10126.768352538716
10126.768352538716
10007.410467516207
9832.446900742083
9695.423010242506
9695.423010242506
9566.063332631058
9397.327168355028
9304.630718997094
9304.630718997094
9304.630718997094
9304.630718997094
9241.95091860569
9134.151523225044
9059.467485459307
8823.133987837364
8773.688225019047
8743.847917935755
8743.847917935755
8686.953096633863
8399.369447253988
8311.474870042024
8311.474870042024
8311.474870042024
8311.474870042024
8307.733048250077
8307.733048250077
7991.189091037441
7991.189091037441
7991.189091037441
7936.169317628784
7787.691619534505
7738.0298752337785
7565.359877216971
7565.359877216971
7565.359877216971
7565.359877216971
7565.359877216971
7565.359877216971
7253.855902106826
7253.855902106826
7253.855902106826
7253.855902106826
7253.855902106826
7253.855902106826
7233.071571326939
7150.014252690662
7150.014252690662
7150.014252690662
7089.2337453009595
6934.8426825803635
6934.8426825803635
6934.8426825803635
6934.8426825803635
6934.8426825803635
6934.8426825803635
6934.8426825803635
6934.8426825803635
6921.062803002386
6780.918345228514
6780.918345228514
6780.918345228514
6780.0328219563435
6780.0328219563435
6750.771410906795
6750.771410906795
6724.974412279992
6724.974412279992
6099.706115518534
6099.706115518534
6024.451547456927
5925.891390540092
5925.891390540092
5925.891390540092
5738.26858180547
5504.848488625512
5294.232287092905
5294.232287092905
5294.232287092905
5294.232287092905
5266.062285129281
5266.062285129281
5266.062285129281
5266.062285129281
5239.3782801053085
5087.395230510773
5087.395230510773
5087.395230510773
5087.395230510773
5087.395230510773
5087.395230510773
4966.932376164903
4966.932376164903
4845.242720155283
4845.242720155283
4845.242720155283
4845.242720155283
4717.233035756355
4717.233035756355
4398.388156770175
4209.097713870261
4209.097713870261
3971.30975179243
3971.30975179243
3783.1038143424425
3783.1038143424425
3783.1038143424425
3730.9297709482466
3630.9025493814793
3517.2909931081117
3384.9543323590146
3313.581788475036
3207.670174706573
3106.745253605501
3046.467012504441
3046.467012504441
3046.467012504441
2985.9509648603653
2726.279890044434
2726.279890044434
2726.279890044434
2669.0428680986397
2619.071976741789
2616.3274758885877
2594.009695788643
2594.009695788643
2586.2984689671057
2579.120622613627
2579.120622613627
2579.120622613627
2484.028213430927
2484.028213430927
2484.028213430927
2484.028213430927
2484.028213430927
2484.028213430927
2484.028213430927
2484.028213430927
2454.373622960098
2326.198107297502
2326.198107297502
2326.198107297502
2310.1557695912534
2310.1557695912534
2274.1924921641107
2181.0887929785495
2181.0887929785495
2181.0887929785495
2159.433134315952
2159.433134315952
2130.2697621981238
2130.2697621981238
2130.2697621981238
2130.2697621981238
2130.2697621981238
2130.2697621981238
2130.2697621981238
2130.2697621981238
1880.2070251655475
1880.2070251655475
1847.4254406181121
1787.80342118205
1777.0786858875033
1777.0786858875033
1777.0786858875033
1777.0786858875033
1658.9738587863726
1624.8167578208606
1570.752371161147
1529.8034567340856
1529.8034567340856
1529.8034567340856
1470.565122117703
1470.565122117703
1445.5195825414055
1313.30799369047
1313.30799369047
1294.2684732366383
1279.0212087733537
1279.0212087733537
1279.0212087733537
1279.0212087733537
1254.1333381718284
1220.5371091812879
1220.5371091812879
1120.459074529886
1073.435312337688
1032.1957096697474
1032.1957096697474
1032.1957096697474
1032.1957096697474
1023.5171437948272
1023.5171437948272
1023.5171437948272
1023.5171437948272
1023.5171437948272
909.6649163064819
909.6649163064819
909.6649163064819
909.6649163064819
811.5467149774287
811.5467149774287
810.6587979240918
768.3468731484837
768.3468731484837
718.0318810431258
612.3749149488482
563.7322721500033
521.6151447224782
415.9578807751367
415.9578807751367
394.9490708359077
394.9490708359077
394.9490708359077
394.9490708359077
394.9490708359077
394.9490708359077
394.9490708359077
382.6465060802675
382.6465060802675
382.6465060802675
343.5581351597939
328.6272542669231
321.23556694477867
321.23556694477867
272.7640202545333
272.7640202545333
272.7640202545333
268.385740532989
268.385740532989
216.251109200736
216.251109200736
216.251109200736
216.251109200736
216.251109200736
216.251109200736
216.251109200736
216.251109200736
216.251109200736
216.251109200736
216.251109200736
198.15760548028672
198.15760548028672
198.15760548028672
190.57230506285438
190.57230506285438
154.58102899134207
154.58102899134207
154.58102899134207
154.58102899134207
154.58102899134207
153.0339846301914
153.0339846301914
121.87922366776381
113.07661855331678
113.07661855331678
113.07661855331678
113.07661855331678
113.07661855331678
113.07661855331678
78.28618000212762
78.28618000212762
76.9860260591772
76.9860260591772
59.81243727006995
59.81243727006995
59.81243727006995
59.81243727006995
59.81243727006995
59.42840778291044
59.42840778291044
59.42840778291044
45.2581134025723
45.2581134025723
45.2581134025723
44.24152694554607
44.24152694554607
44.24152694554607
44.24152694554607
44.24152694554607
44.24152694554607
44.24152694554607
44.24152694554607
41.82504437947447
41.82504437947447
30.022350834694418
30.022350834694418
30.022350834694418
30.022350834694418
30.022350834694418
30.022350834694418
30.022350834694418
30.022350834694418
30.022350834694418
30.022350834694418
30.022350834694418
30.022350834694418
30.022350834694418
30.022350834694418
24.897515082538593
22.534776402862924
22.534776402862924
22.534776402862924
22.534776402862924
22.534776402862924
22.534776402862924
22.534776402862924
22.534776402862924
22.534776402862924
22.534776402862924
22.534776402862924
17.012884093727067
13.000345118074671
13.000345118074671
13.000345118074671
13.000345118074671
13.000345118074671
8.516399045092623
8.516399045092623
8.516399045092623
8.516399045092623
8.516399045092623
8.516399045092623
8.516399045092623
8.516399045092623
8.516399045092623
8.516399045092623
7.224785540707899
7.224785540707899
7.224785540707899
7.224785540707899
7.224785540707899
7.224785540707899
7.224785540707899
7.224785540707899
7.224785540707899
7.224785540707899
7.224785540707899
7.224785540707899
7.224785540707899
6.638749935889694
6.638749935889694
6.638749935889694
6.638749935889694
6.638749935889694
6.638749935889694
6.638749935889694
6.638749935889694
6.638749935889694
6.638749935889694
6.638749935889694
6.638749935889694
6.638749935889694
6.638749935889694
6.638749935889694
6.638749935889694
6.638749935889694
6.638749935889694
6.638749935889694
6.638749935889694
6.638749935889694
4.879151007803985
4.879151007803985
4.879151007803985
4.879151007803985
4.879151007803985
4.879151007803985
4.879151007803985
4.879151007803985
4.0324010037137175
4.0324010037137175
4.0324010037137175
4.0324010037137175
4.0324010037137175
4.0324010037137175
4.0324010037137175
4.0324010037137175
4.0324010037137175
4.0324010037137175
4.0324010037137175
4.0324010037137175
4.0324010037137175
4.0324010037137175
4.0324010037137175
4.0324010037137175
4.0324010037137175
4.0324010037137175
4.0324010037137175
4.0324010037137175
4.0324010037137175
4.0324010037137175
4.0324010037137175
4.0324010037137175
4.0324010037137175
4.0324010037137175
4.0324010037137175
4.0324010037137175
4.0324010037137175
4.0324010037137175
4.0324010037137175
4.0324010037137175
4.0324010037137175
4.0324010037137175
4.0324010037137175
4.0324010037137175
4.0324010037137175
4.0324010037137175
4.0324010037137175
4.0324010037137175
4.0324010037137175
4.0324010037137175
4.0324010037137175
4.0324010037137175
4.0324010037137175
4.0324010037137175
4.0324010037137175
4.0324010037137175
4.0324010037137175
4.0324010037137175
4.0324010037137175
4.0324010037137175
4.0324010037137175
4.0324010037137175
4.0324010037137175
4.0324010037137175
4.0324010037137175
4.0324010037137175
4.0324010037137175
4.0324010037137175
4.0324010037137175
4.0324010037137175
4.0324010037137175
4.0324010037137175
4.0324010037137175
4.0324010037137175
3.382421714058525
3.382421714058525
3.382421714058525
2.974403981198943
2.974403981198943
2.974403981198943
2.974403981198943
2.974403981198943
2.974403981198943
2.974403981198943
2.974403981198943
2.974403981198943
2.974403981198943
2.974403981198943
2.974403981198943
2.974403981198943
2.974403981198943
2.974403981198943
2.974403981198943
2.974403981198943
2.974403981198943
2.974403981198943
2.974403981198943
2.974403981198943
2.974403981198943
2.974403981198943
2.974403981198943
2.974403981198943
2.974403981198943
2.974403981198943
2.974403981198943
2.974403981198943
2.974403981198943
2.974403981198943
2.974403981198943
2.974403981198943
2.974403981198943
2.974403981198943
2.974403981198943
2.974403981198943
2.974403981198943
2.974403981198943
2.974403981198943
2.974403981198943
2.974403981198943
2.974403981198943
2.974403981198943
2.8447401824253014
2.8447401824253014
2.8447401824253014
2.8447401824253014
2.8447401824253014
2.8447401824253014
2.8447401824253014
2.8447401824253014
2.8447401824253014
2.8447401824253014
2.8447401824253014
2.8447401824253014
2.8447401824253014
2.8447401824253014
2.8447401824253014
2.8447401824253014
2.8447401824253014
2.8447401824253014
2.8447401824253014
2.8447401824253014
2.8447401824253014
2.8447401824253014
2.8447401824253014
2.8447401824253014
2.8447401824253014
2.8447401824253014
2.8447401824253014
2.8447401824253014
2.8447401824253014
2.8447401824253014
2.8447401824253014
2.8447401824253014
2.8447401824253014
2.8447401824253014
2.8447401824253014
2.8447401824253014
2.8447401824253014
2.8447401824253014
2.8447401824253014
2.8447401824253014
2.8447401824253014
2.8447401824253014
2.8447401824253014
2.8447401824253014
2.8447401824253014
2.8447401824253014
2.8447401824253014
2.8447401824253014
2.8447401824253014
2.8447401824253014
2.8447401824253014
2.8447401824253014
2.8447401824253014
2.8447401824253014
2.8447401824253014
2.8447401824253014
2.8447401824253014
2.8447401824253014
2.8447401824253014
2.8447401824253014
2.8447401824253014
2.8447401824253014
2.8447401824253014
2.8447401824253014
2.8447401824253014
2.8447401824253014
2.8447401824253014
2.8447401824253014
2.8447401824253014
2.8447401824253014
2.8447401824253014
2.8447401824253014
2.8447401824253014
2.8447401824253014
2.8447401824253014
2.8447401824253014
2.8447401824253014
2.8447401824253014
2.8447401824253014
2.8447401824253014
2.8447401824253014
2.8447401824253014
2.8447401824253014
2.8447401824253014
2.8447401824253014
2.8447401824253014
2.8447401824253014
2.8447401824253014
2.8447401824253014
2.8447401824253014
2.8447401824253014
2.8447401824253014
2.8447401824253014
2.8447401824253014
2.8447401824253014
2.8447401824253014
2.8447401824253014
2.8447401824253014
2.8447401824253014
2.8447401824253014
2.8447401824253014
2.8447401824253014
2.8447401824253014
2.8447401824253014
2.8447401824253014
2.8447401824253014
2.8447401824253014
2.8447401824253014
2.8447401824253014
2.8447401824253014
2.8447401824253014
2.8447401824253014
2.8447401824253014
2.8447401824253014
2.8447401824253014
2.8447401824253014
2.8447401824253014
2.8447401824253014
2.8447401824253014
2.8447401824253014
2.8447401824253014
2.8447401824253014
2.8447401824253014
2.8447401824253014
2.8447401824253014
2.8447401824253014
2.8447401824253014
2.8447401824253014
2.8447401824253014
2.8447401824253014
2.8447401824253014
2.8447401824253014
2.8447401824253014
2.8447401824253014
2.8447401824253014
2.8447401824253014
2.8447401824253014
2.8447401824253014
2.8447401824253014
2.8447401824253014
2.8447401824253014
2.8447401824253014
2.8447401824253014
2.8447401824253014
2.8447401824253014
2.8447401824253014
2.8447401824253014
2.8447401824253014
2.8447401824253014
2.8447401824253014
2.8447401824253014
2.8447401824253014
2.8447401824253014
2.8447401824253014
2.8447401824253014
2.8447401824253014
2.8447401824253014
2.8447401824253014
2.8447401824253014
2.8447401824253014
2.8447401824253014
2.8447401824253014
2.8447401824253014
2.8447401824253014
2.8447401824253014
2.8447401824253014
2.8447401824253014
2.8447401824253014
2.8447401824253014
2.8447401824253014
2.8447401824253014
2.8447401824253014
2.8447401824253014
2.8447401824253014
2.8447401824253014
2.8447401824253014
2.8447401824253014
2.8447401824253014
2.8447401824253014
2.8447401824253014
2.8447401824253014
2.8447401824253014
2.8447401824253014
2.8447401824253014
2.8447401824253014
2.8447401824253014
2.8447401824253014
2.8447401824253014
2.8447401824253014
2.8447401824253014
2.8447401824253014
2.8447401824253014
2.8447401824253014
2.8447401824253014
2.8447401824253014
2.8447401824253014
2.8447401824253014
2.8447401824253014
2.8447401824253014
2.8447401824253014
2.8447401824253014
2.8447401824253014
2.8447401824253014
2.8447401824253014
2.8447401824253014
2.8447401824253014
2.8447401824253014
2.8447401824253014
2.8447401824253014
2.8447401824253014
2.8447401824253014
2.8447401824253014
2.8447401824253014
2.8447401824253014
2.8447401824253014
2.8447401824253014
2.8447401824253014
2.8447401824253014
2.8447401824253014
2.8447401824253014
2.8447401824253014
2.8447401824253014
2.8447401824253014
2.8447401824253014
2.8447401824253014
2.8447401824253014
2.8447401824253014
2.8447401824253014
2.8447401824253014
2.8447401824253014
2.8447401824253014
2.8447401824253014
2.8447401824253014
2.8447401824253014
2.8447401824253014
2.8447401824253014
2.8447401824253014
2.8447401824253014
2.8447401824253014
2.8447401824253014
2.8447401824253014
2.8447401824253014
2.8447401824253014
2.8447401824253014
2.8447401824253014
2.8447401824253014
2.8447401824253014
2.8447401824253014
2.8447401824253014
2.8447401824253014
2.8447401824253014
2.8447401824253014
2.8447401824253014
2.8447401824253014
2.8447401824253014
2.8447401824253014
2.8447401824253014
2.8447401824253014
2.8447401824253014
2.8447401824253014
2.8447401824253014
2.8447401824253014
2.8447401824253014
2.185903103351227
2.185903103351227
2.185903103351227
2.185903103351227
2.185903103351227
2.185903103351227
2.185903103351227
2.185903103351227
2.185903103351227
2.185903103351227
2.185903103351227
2.185903103351227
2.185903103351227
2.185903103351227
2.185903103351227
2.185903103351227
2.185903103351227
2.185903103351227
2.185903103351227
2.185903103351227
2.185903103351227
2.185903103351227
2.185903103351227
2.185903103351227
2.185903103351227
2.185903103351227
2.185903103351227
2.185903103351227
2.185903103351227
2.185903103351227
2.185903103351227
2.185903103351227
2.185903103351227
2.185903103351227
2.185903103351227
2.185903103351227
2.185903103351227
2.185903103351227
2.185903103351227
2.185903103351227
2.185903103351227
2.185903103351227
2.185903103351227
2.185903103351227
2.185903103351227
2.185903103351227
2.185903103351227
2.185903103351227
2.185903103351227
2.185903103351227
2.185903103351227
2.185903103351227
2.185903103351227
2.185903103351227
2.185903103351227
2.185903103351227
2.185903103351227
2.185903103351227
2.185903103351227
2.185903103351227
2.185903103351227
2.185903103351227
2.185903103351227
2.185903103351227
2.185903103351227
2.185903103351227
2.185903103351227
2.185903103351227
2.185903103351227
2.185903103351227
2.185903103351227
2.185903103351227
2.185903103351227
2.185903103351227
2.185903103351227
2.185903103351227
2.185903103351227
2.185903103351227
2.185903103351227
2.185903103351227
2.185903103351227
2.185903103351227
2.185903103351227
2.185903103351227
2.185903103351227
2.185903103351227
2.185903103351227
2.185903103351227
2.185903103351227
2.185903103351227
2.185903103351227
2.185903103351227
2.185903103351227
2.185903103351227
2.185903103351227
2.185903103351227
2.185903103351227
2.185903103351227
2.185903103351227
2.185903103351227
2.185903103351227
2.185903103351227
2.185903103351227
2.185903103351227
2.185903103351227
2.185903103351227
2.185903103351227
2.185903103351227
2.185903103351227
2.185903103351227
2.185903103351227
2.185903103351227
2.185903103351227
2.185903103351227
2.185903103351227
2.185903103351227
2.185903103351227
2.185903103351227
2.185903103351227
2.185903103351227
2.185903103351227
2.185903103351227
2.185903103351227
2.185903103351227
2.185903103351227
2.185903103351227
2.185903103351227
2.185903103351227
2.185903103351227
2.185903103351227
2.185903103351227
2.185903103351227
2.185903103351227
2.185903103351227
2.185903103351227
2.185903103351227
2.185903103351227
2.185903103351227
2.185903103351227
2.185903103351227
2.185903103351227
2.185903103351227
2.185903103351227
2.185903103351227
2.185903103351227
2.185903103351227
2.185903103351227
2.185903103351227
2.185903103351227
2.185903103351227
2.185903103351227
2.185903103351227
2.185903103351227
2.185903103351227
2.185903103351227
2.185903103351227
2.185903103351227
2.185903103351227
2.185903103351227
2.185903103351227
2.185903103351227
2.185903103351227
2.185903103351227
2.185903103351227
2.185903103351227
2.185903103351227
2.185903103351227
2.185903103351227
2.185903103351227
2.185903103351227
2.185903103351227
2.185903103351227
2.185903103351227
2.185903103351227
2.185903103351227
2.185903103351227
2.185903103351227
2.185903103351227
2.185903103351227
2.185903103351227
2.185903103351227
2.185903103351227
2.185903103351227
2.185903103351227
2.185903103351227
2.185903103351227
2.185903103351227
2.185903103351227
2.185903103351227
2.185903103351227
2.185903103351227
2.185903103351227
2.185903103351227
2.185903103351227
2.185903103351227
2.185903103351227
2.185903103351227
2.185903103351227
2.185903103351227
2.185903103351227
2.185903103351227
2.185903103351227
2.185903103351227
2.185903103351227
2.185903103351227
2.185903103351227
2.185903103351227
2.185903103351227
2.185903103351227
2.185903103351227
2.185903103351227
2.185903103351227
2.185903103351227
2.185903103351227
2.185903103351227
2.185903103351227
2.185903103351227
2.185903103351227
2.185903103351227
2.185903103351227
2.185903103351227
2.185903103351227
2.185903103351227
2.185903103351227
2.185903103351227
2.185903103351227
2.185903103351227
2.185903103351227
2.185903103351227
2.185903103351227
2.185903103351227
2.185903103351227
2.185903103351227
2.185903103351227
2.185903103351227
2.185903103351227
2.185903103351227
2.185903103351227
2.185903103351227
2.185903103351227
2.185903103351227
2.185903103351227
2.185903103351227
2.185903103351227
2.185903103351227
2.185903103351227
2.185903103351227
2.185903103351227
2.185903103351227
2.185903103351227
2.185903103351227
2.185903103351227
2.185903103351227
2.185903103351227
2.185903103351227
2.185903103351227
2.185903103351227
2.185903103351227
2.185903103351227
2.185903103351227
2.185903103351227
2.185903103351227
2.185903103351227
2.185903103351227
2.185903103351227
2.185903103351227
2.185903103351227
2.185903103351227
2.185903103351227
2.185903103351227
2.185903103351227
2.185903103351227
2.185903103351227
2.185903103351227
2.185903103351227
2.185903103351227
2.185903103351227
2.185903103351227
2.185903103351227
2.185903103351227
2.185903103351227
2.185903103351227
2.185903103351227
2.185903103351227
2.185903103351227
2.185903103351227
2.185903103351227
2.185903103351227
2.185903103351227
2.185903103351227
2.185903103351227
2.185903103351227
2.185903103351227
2.185903103351227
2.185903103351227
2.185903103351227
2.185903103351227
2.185903103351227
2.185903103351227
2.185903103351227
2.185903103351227
2.185903103351227
2.185903103351227
2.185903103351227
2.185903103351227
2.185903103351227
2.185903103351227
2.185903103351227
2.185903103351227
2.185903103351227
2.185903103351227
2.185903103351227
2.185903103351227
2.185903103351227
2.185903103351227
2.185903103351227
2.185903103351227
2.185903103351227
2.185903103351227
2.185903103351227
2.185903103351227
2.185903103351227
2.185903103351227
2.185903103351227
2.185903103351227
2.185903103351227
2.185903103351227
2.185903103351227
2.185903103351227
2.185903103351227
2.185903103351227
2.185903103351227
2.185903103351227
2.185903103351227
2.185903103351227
2.185903103351227
2.185903103351227
2.185903103351227
2.185903103351227
2.185903103351227
2.185903103351227
2.185903103351227
2.185903103351227
2.185903103351227
2.185903103351227
2.185903103351227
2.185903103351227
2.185903103351227
2.185903103351227
2.185903103351227
2.185903103351227
2.185903103351227
2.185903103351227
2.185903103351227
2.185903103351227
2.185903103351227
2.185903103351227
2.185903103351227
2.185903103351227
2.185903103351227
2.185903103351227
2.185903103351227
2.185903103351227
2.185903103351227
2.185903103351227
2.185903103351227
2.185903103351227
2.185903103351227
2.185903103351227
2.185903103351227
2.185903103351227
2.185903103351227
2.185903103351227
2.185903103351227
2.185903103351227
2.185903103351227
2.185903103351227
2.185903103351227
2.185903103351227
2.185903103351227
2.185903103351227
2.185903103351227
2.185903103351227
2.185903103351227
2.185903103351227
2.185903103351227
2.185903103351227
2.185903103351227
2.185903103351227
2.185903103351227
2.185903103351227
2.185903103351227
2.185903103351227
2.185903103351227
2.185903103351227
2.185903103351227
2.185903103351227
2.185903103351227
2.185903103351227
2.185903103351227
2.185903103351227
2.185903103351227
2.185903103351227
2.185903103351227
2.185903103351227
2.185903103351227
2.185903103351227
2.185903103351227
2.185903103351227
2.185903103351227
2.185903103351227
2.185903103351227
2.185903103351227
2.185903103351227
2.185903103351227
2.185903103351227
2.185903103351227
2.185903103351227
2.185903103351227
2.185903103351227
2.185903103351227
2.185903103351227
2.185903103351227
2.185903103351227
2.185903103351227
2.185903103351227
2.185903103351227
2.185903103351227
2.185903103351227
2.185903103351227
2.185903103351227
2.185903103351227
2.185903103351227
2.185903103351227
2.185903103351227
2.185903103351227
2.185903103351227
2.185903103351227
2.185903103351227
2.185903103351227
2.185903103351227
2.185903103351227
2.185903103351227
2.185903103351227
2.185903103351227
2.185903103351227
2.185903103351227
2.185903103351227
2.185903103351227
2.185903103351227
2.185903103351227
2.185903103351227
2.185903103351227
2.185903103351227
2.185903103351227
2.185903103351227
2.185903103351227
2.185903103351227
2.185903103351227
2.185903103351227
2.185903103351227
2.185903103351227
2.185903103351227
2.185903103351227
2.185903103351227
2.185903103351227
2.185903103351227
2.185903103351227
2.185903103351227
2.185903103351227
2.185903103351227
2.185903103351227
2.185903103351227
2.185903103351227
2.185903103351227
2.185903103351227
2.185903103351227
2.185903103351227
2.185903103351227
2.185903103351227
2.185903103351227
2.185903103351227
2.185903103351227
2.185903103351227
2.185903103351227
2.185903103351227
2.185903103351227
2.185903103351227
2.185903103351227
2.185903103351227
2.185903103351227
2.185903103351227
2.185903103351227
2.185903103351227
2.185903103351227
2.185903103351227
2.185903103351227
2.185903103351227
2.185903103351227
2.185903103351227
2.185903103351227
2.185903103351227
2.185903103351227
2.185903103351227
2.185903103351227
2.185903103351227
2.185903103351227
2.185903103351227
2.185903103351227
2.185903103351227
2.185903103351227
2.185903103351227
2.185903103351227
2.185903103351227
2.185903103351227
2.185903103351227
2.185903103351227
2.185903103351227
2.185903103351227
2.185903103351227
2.185903103351227
2.185903103351227
2.185903103351227
2.185903103351227
2.185903103351227
2.185903103351227
2.185903103351227
2.185903103351227
2.185903103351227
2.185903103351227
2.185903103351227
2.185903103351227
2.185903103351227
2.185903103351227
2.185903103351227
2.185903103351227
2.185903103351227
2.185903103351227
2.185903103351227
2.185903103351227
2.185903103351227
2.185903103351227
2.185903103351227
2.185903103351227
2.185903103351227
2.185903103351227
2.185903103351227
2.185903103351227
2.185903103351227
2.185903103351227
2.185903103351227
2.185903103351227
2.185903103351227
1.9544989879397134
1.9544989879397134
1.9544989879397134
1.9544989879397134
1.9544989879397134
1.9544989879397134
1.9544989879397134
1.9544989879397134
1.9544989879397134
1.9544989879397134
1.9544989879397134
1.9544989879397134
1.9544989879397134
1.9544989879397134
1.9544989879397134
1.9544989879397134
1.9544989879397134
1.9544989879397134
1.9544989879397134
1.9544989879397134
1.9544989879397134
1.9544989879397134
1.9544989879397134
1.9544989879397134
1.9544989879397134
1.9544989879397134
1.9544989879397134
1.9544989879397134
1.9544989879397134
1.9544989879397134
1.9544989879397134
1.9544989879397134
1.9544989879397134
1.9544989879397134
1.9544989879397134
1.9544989879397134
1.9544989879397134
1.9544989879397134
1.9544989879397134
1.9544989879397134
1.9544989879397134
1.9544989879397134
1.9544989879397134
1.9544989879397134
1.9544989879397134
1.9544989879397134
1.9544989879397134
1.9544989879397134
1.9544989879397134
1.9544989879397134
1.9544989879397134
1.9544989879397134
1.9544989879397134
1.9544989879397134
1.9544989879397134
1.9544989879397134
1.9544989879397134
1.9544989879397134
1.9544989879397134
1.9544989879397134
1.9544989879397134
1.9544989879397134
1.9544989879397134
1.9544989879397134
1.9544989879397134
1.9544989879397134
1.9544989879397134
1.9544989879397134
1.9544989879397134
1.9544989879397134
1.9544989879397134
1.9544989879397134
1.9544989879397134
1.9544989879397134
1.9544989879397134
1.9544989879397134
1.9544989879397134
1.9544989879397134
1.9544989879397134
1.9544989879397134
1.9544989879397134
1.9544989879397134
1.9544989879397134
1.9544989879397134
1.9544989879397134
1.9544989879397134
1.9544989879397134
1.9544989879397134
1.9544989879397134
1.9544989879397134
1.9544989879397134
1.9544989879397134
1.9544989879397134
1.9544989879397134
1.9544989879397134
1.9544989879397134
1.9544989879397134
1.9544989879397134
1.9544989879397134
1.9544989879397134
1.9544989879397134
1.9544989879397134
1.9544989879397134
1.9544989879397134
1.9544989879397134
1.9544989879397134
1.9544989879397134
1.9544989879397134
1.9544989879397134
1.9544989879397134
1.9544989879397134
1.9544989879397134
1.9544989879397134
1.9544989879397134
1.9544989879397134
1.9544989879397134
1.9544989879397134
1.9544989879397134
1.9544989879397134
1.9544989879397134
1.9544989879397134
1.9544989879397134
1.9544989879397134
1.9544989879397134
1.9544989879397134
1.9544989879397134
1.9544989879397134
1.9544989879397134
1.9544989879397134
1.9544989879397134
1.9544989879397134
1.9544989879397134
1.9544989879397134
1.9544989879397134
1.9544989879397134
1.9544989879397134
1.9544989879397134
1.9544989879397134
1.9544989879397134
1.9544989879397134
1.9544989879397134
1.9544989879397134
1.9544989879397134
1.9544989879397134
1.9544989879397134
1.9544989879397134
1.9544989879397134
1.9544989879397134
1.9544989879397134
1.9544989879397134
1.9544989879397134
1.9544989879397134
1.9544989879397134
1.9544989879397134
1.9544989879397134
1.9544989879397134
1.9544989879397134
1.9544989879397134
1.9544989879397134
1.9544989879397134
1.9544989879397134
1.9544989879397134
1.9544989879397134
1.9544989879397134
1.9544989879397134
1.9544989879397134
1.9544989879397134
1.9544989879397134
1.9544989879397134
1.9544989879397134
1.9544989879397134
1.9544989879397134
1.9544989879397134
1.9544989879397134
1.9544989879397134
1.9544989879397134
1.9544989879397134
1.9544989879397134
1.9544989879397134
1.9544989879397134
1.9544989879397134
1.9544989879397134
1.9544989879397134
1.9544989879397134
1.9544989879397134
1.9544989879397134
1.9544989879397134
1.9544989879397134
1.9544989879397134
1.9544989879397134
1.9544989879397134
1.9544989879397134
1.9544989879397134
1.9544989879397134
1.9544989879397134
1.9544989879397134
1.9544989879397134
1.9544989879397134
1.9544989879397134
1.9544989879397134
1.9544989879397134
1.9544989879397134
1.9544989879397134
1.9544989879397134
1.9544989879397134
1.9544989879397134
1.9544989879397134
1.9544989879397134
1.9544989879397134
1.9544989879397134
1.9544989879397134
1.9544989879397134
1.9544989879397134
1.9544989879397134
1.9544989879397134
1.9544989879397134
1.9544989879397134
1.9544989879397134
1.9544989879397134
1.9544989879397134
1.9544989879397134
1.9544989879397134
1.9544989879397134
1.9544989879397134
1.9544989879397134
1.9544989879397134
1.9544989879397134
1.9544989879397134
1.9544989879397134
1.9544989879397134
1.9544989879397134
1.9544989879397134
1.9544989879397134
1.9544989879397134
1.9544989879397134
1.9544989879397134
1.9544989879397134
1.9544989879397134
1.9544989879397134
1.9544989879397134
1.9544989879397134
1.9544989879397134
1.9544989879397134
1.9544989879397134
1.9544989879397134
1.9544989879397134
1.9544989879397134
1.9544989879397134
1.9544989879397134
1.9544989879397134
1.9544989879397134
1.9544989879397134
1.9544989879397134
1.9544989879397134
1.9544989879397134
1.9544989879397134
1.9544989879397134
1.9544989879397134
1.9544989879397134
1.9544989879397134
1.9544989879397134
1.9544989879397134
1.9544989879397134
1.9544989879397134
1.9544989879397134
1.9544989879397134
1.9544989879397134
1.9544989879397134
1.9544989879397134
1.9544989879397134
1.9544989879397134
1.9544989879397134
1.9544989879397134
1.9544989879397134
1.9544989879397134
1.9544989879397134
1.9544989879397134
1.9544989879397134
1.9544989879397134
1.9544989879397134
1.9544989879397134
1.9544989879397134
1.9544989879397134
1.9544989879397134
1.9544989879397134
1.9544989879397134
1.9544989879397134
1.9544989879397134
1.9544989879397134
1.9544989879397134
1.9544989879397134
1.9544989879397134
1.9544989879397134
1.9544989879397134
1.9544989879397134
1.9544989879397134
1.9544989879397134
1.9544989879397134
1.9544989879397134
1.9544989879397134
1.9544989879397134
1.9544989879397134
1.9544989879397134
1.9544989879397134
1.9544989879397134
1.9544989879397134
1.9544989879397134
1.9544989879397134
1.9544989879397134
1.9544989879397134
1.9544989879397134
1.9544989879397134
1.9544989879397134
1.9544989879397134
1.9544989879397134
1.9544989879397134
1.9544989879397134
1.9544989879397134
1.9544989879397134
1.9544989879397134
1.9544989879397134
1.9544989879397134
1.9544989879397134
1.9544989879397134
1.9544989879397134
1.9544989879397134
1.9544989879397134
1.9544989879397134
1.9544989879397134
1.9544989879397134
1.9544989879397134
1.9544989879397134
1.9544989879397134
1.9544989879397134
1.9544989879397134
1.9544989879397134
1.9544989879397134
1.9544989879397134
1.9544989879397134
1.9544989879397134
1.9544989879397134
1.9544989879397134
1.9544989879397134
1.9544989879397134
1.9544989879397134
1.9544989879397134
1.9544989879397134
1.9544989879397134
1.9544989879397134
1.9544989879397134
1.9544989879397134
1.9544989879397134
1.9544989879397134
1.9544989879397134
1.9544989879397134
1.9544989879397134
1.9544989879397134
1.9544989879397134
1.9544989879397134
1.9544989879397134
1.9544989879397134
1.9544989879397134
1.9544989879397134
1.9544989879397134
1.9544989879397134
1.9544989879397134
1.9544989879397134
1.9544989879397134
1.9544989879397134
1.9544989879397134
1.9544989879397134
1.9544989879397134
1.9544989879397134
1.9544989879397134
1.9544989879397134
1.9544989879397134
1.9544989879397134
1.9544989879397134
1.9544989879397134
1.9544989879397134
1.9544989879397134
1.9544989879397134
1.9544989879397134
1.9544989879397134
1.9544989879397134
1.9544989879397134
1.9544989879397134
1.9544989879397134
1.9544989879397134
1.9544989879397134
1.9544989879397134
1.9544989879397134
1.9544989879397134
1.9544989879397134
1.9544989879397134
1.9544989879397134
1.9544989879397134
1.9544989879397134
1.9544989879397134
1.9544989879397134
1.9544989879397134
1.9544989879397134
1.9544989879397134
1.9544989879397134
1.9544989879397134
1.9544989879397134
1.9544989879397134
1.9544989879397134
1.9544989879397134
1.9544989879397134
1.9544989879397134
1.9544989879397134
1.9544989879397134
1.9544989879397134
1.9544989879397134
1.9544989879397134
1.9544989879397134
1.9544989879397134
1.9544989879397134
1.9544989879397134
1.9544989879397134
1.9544989879397134
1.9544989879397134
1.9544989879397134
1.9544989879397134
1.9544989879397134
1.9544989879397134
1.9544989879397134
1.9544989879397134
1.9544989879397134
1.9544989879397134
1.9544989879397134
1.9544989879397134
1.9544989879397134
1.9544989879397134
1.9544989879397134
1.9544989879397134
1.9544989879397134
1.9544989879397134
1.9544989879397134
1.9544989879397134
1.9544989879397134
1.9544989879397134
1.9544989879397134
1.9544989879397134
1.9544989879397134
1.9544989879397134
1.9544989879397134
1.9544989879397134
1.9544989879397134
1.9544989879397134
1.9544989879397134
1.9544989879397134
1.9544989879397134
1.9544989879397134
1.9544989879397134
1.9544989879397134
1.9544989879397134
1.9544989879397134
1.9544989879397134
1.9544989879397134
1.9544989879397134
1.9544989879397134
1.9544989879397134
1.9544989879397134
1.9544989879397134
1.9544989879397134
1.9544989879397134
1.9544989879397134
1.9544989879397134
1.9544989879397134
1.9544989879397134
1.9544989879397134
1.9544989879397134
1.9544989879397134
1.9544989879397134
1.9544989879397134
1.9544989879397134
1.9544989879397134
1.9544989879397134
1.9544989879397134
1.9544989879397134
1.9544989879397134
1.9544989879397134
1.9544989879397134
1.9544989879397134
1.9544989879397134
1.9544989879397134
1.9544989879397134
1.9544989879397134
1.9544989879397134
1.9544989879397134
1.9544989879397134
1.9544989879397134
1.9544989879397134
1.9544989879397134
1.9544989879397134
1.9544989879397134
1.9544989879397134
1.9544989879397134
1.9544989879397134
1.9544989879397134
1.9544989879397134
1.9544989879397134
1.9544989879397134
1.9544989879397134
1.9544989879397134
1.9544989879397134
1.9544989879397134
1.9544989879397134
1.9544989879397134
1.9544989879397134
1.9544989879397134
1.9544989879397134
1.9544989879397134
1.9544989879397134
1.9544989879397134
1.9544989879397134
1.9544989879397134
1.9544989879397134
1.9544989879397134
1.9544989879397134
1.9544989879397134
1.9544989879397134
1.9544989879397134
1.9544989879397134
1.9544989879397134
1.9544989879397134
1.9544989879397134
1.9544989879397134
1.9544989879397134
1.9544989879397134
1.9544989879397134
1.9544989879397134
1.9544989879397134
1.9544989879397134
1.9544989879397134
1.9544989879397134
1.9544989879397134
1.9544989879397134
1.9544989879397134
1.9544989879397134
1.9544989879397134
1.9544989879397134
1.9544989879397134
1.9544989879397134
1.9544989879397134
1.9544989879397134
1.9544989879397134
1.9544989879397134
1.9544989879397134
1.9544989879397134
1.9544989879397134
1.9544989879397134
1.9544989879397134
1.9544989879397134
1.9544989879397134
1.9544989879397134
1.9544989879397134
1.9544989879397134
1.9544989879397134
1.9544989879397134
1.9544989879397134
1.9544989879397134
1.9544989879397134
1.9544989879397134
1.9544989879397134
1.9544989879397134
1.9544989879397134
1.9544989879397134
1.9544989879397134
1.9544989879397134
1.9544989879397134
1.9544989879397134
1.9544989879397134
1.9544989879397134
1.9544989879397134
1.9544989879397134
1.9544989879397134
1.9544989879397134
1.9544989879397134
1.9544989879397134
1.9544989879397134
1.9544989879397134
1.9544989879397134
1.9544989879397134
1.9544989879397134
1.9544989879397134
1.9544989879397134
1.9544989879397134
1.9544989879397134
1.9544989879397134
1.9544989879397134
1.9544989879397134
1.9544989879397134
1.9544989879397134
1.9544989879397134
1.9544989879397134
1.9544989879397134
1.9544989879397134
1.9544989879397134
1.9544989879397134
1.9544989879397134
1.9544989879397134
1.9544989879397134
1.9544989879397134
1.9544989879397134
1.9544989879397134
1.9544989879397134
1.9544989879397134
1.9544989879397134
1.9544989879397134
1.9544989879397134
1.9544989879397134
1.9544989879397134
1.9544989879397134
1.9544989879397134
1.9544989879397134
1.9544989879397134
1.9544989879397134
1.9544989879397134
1.9544989879397134
1.9544989879397134
1.9544989879397134
1.9544989879397134
1.9544989879397134
1.9544989879397134
1.9544989879397134
1.9544989879397134
1.9544989879397134
1.9544989879397134
1.9544989879397134
1.9544989879397134
1.9544989879397134
1.9544989879397134
1.9544989879397134
1.9544989879397134
1.9544989879397134
1.9544989879397134
1.9544989879397134
1.9544989879397134
1.9544989879397134
1.9544989879397134
1.9544989879397134
1.9544989879397134
1.9544989879397134
1.9544989879397134
1.9544989879397134
1.9544989879397134
1.9544989879397134
1.9544989879397134
1.9544989879397134
1.9544989879397134
1.9544989879397134
1.9544989879397134
1.9544989879397134
1.9544989879397134
1.9544989879397134
1.9544989879397134
1.9544989879397134
1.9544989879397134
1.9544989879397134
1.9544989879397134
1.9544989879397134
1.9544989879397134
1.9544989879397134
1.9544989879397134
1.9544989879397134
1.9544989879397134
1.9544989879397134
1.9544989879397134
1.9544989879397134
1.9544989879397134
1.9544989879397134
1.9544989879397134
1.9544989879397134
1.9544989879397134
1.9544989879397134
1.9544989879397134
1.9544989879397134
1.9544989879397134
1.9544989879397134
1.9544989879397134
1.9544989879397134
1.9544989879397134
1.9544989879397134
1.9544989879397134
1.9544989879397134
1.9544989879397134
1.9544989879397134
1.9544989879397134
1.9544989879397134
1.9544989879397134
1.9544989879397134
1.9544989879397134
1.9544989879397134
1.9544989879397134
1.9544989879397134
1.9544989879397134
1.9544989879397134
1.9544989879397134
1.9544989879397134
1.9544989879397134
1.9544989879397134
1.9544989879397134
1.9544989879397134
1.9544989879397134
1.9544989879397134
1.9544989879397134
1.9544989879397134
1.9544989879397134
1.9544989879397134
1.9544989879397134
1.9544989879397134
1.9544989879397134
1.9544989879397134
1.9544989879397134
1.9544989879397134
1.9544989879397134
1.9544989879397134
1.9544989879397134
1.9544989879397134
1.9544989879397134
1.9544989879397134
1.9544989879397134
1.9544989879397134
1.9544989879397134
1.9544989879397134
1.9544989879397134
1.9544989879397134
1.9544989879397134
1.9544989879397134
1.9544989879397134
1.9544989879397134
1.9544989879397134
1.9544989879397134
1.9544989879397134
1.9544989879397134
1.9544989879397134
1.9544989879397134
1.9544989879397134
1.9544989879397134
1.9544989879397134
1.9544989879397134
1.9544989879397134
1.9544989879397134
1.9544989879397134
1.9544989879397134
1.9544989879397134
1.9544989879397134
1.9544989879397134
1.9544989879397134
1.9544989879397134
1.9544989879397134
1.9544989879397134
1.9544989879397134
1.9544989879397134
1.9544989879397134
1.9544989879397134
1.9544989879397134
1.9544989879397134
1.9544989879397134
1.9544989879397134
1.9544989879397134
1.9544989879397134
1.9544989879397134
1.9544989879397134
1.9544989879397134
1.9544989879397134
1.9544989879397134
1.9544989879397134
1.9544989879397134
1.9544989879397134
1.9544989879397134
1.9544989879397134
1.9544989879397134
1.9544989879397134
1.9544989879397134
1.9544989879397134
1.9544989879397134
1.9544989879397134
1.9544989879397134
1.9544989879397134
1.9544989879397134
1.9544989879397134
1.9544989879397134
1.9544989879397134
1.9544989879397134
1.9544989879397134
1.9544989879397134
1.9544989879397134
1.9544989879397134
1.9544989879397134
1.9544989879397134
1.9544989879397134
1.9544989879397134
1.9544989879397134
1.9544989879397134
1.9544989879397134
1.9544989879397134
1.9544989879397134
1.9544989879397134
1.9544989879397134
1.9544989879397134
1.9544989879397134
1.9544989879397134
1.9544989879397134
1.9544989879397134
1.9544989879397134
1.9544989879397134
1.9544989879397134
1.9544989879397134
1.9544989879397134
1.9544989879397134
1.9544989879397134
1.9544989879397134
1.9544989879397134
1.9544989879397134
1.9544989879397134
1.9544989879397134
1.9544989879397134
1.9544989879397134
1.9544989879397134
1.9544989879397134
1.9544989879397134
1.9544989879397134
1.9544989879397134
1.9544989879397134
1.9544989879397134
1.9544989879397134
1.9544989879397134
1.9544989879397134
1.9544989879397134
1.9544989879397134
1.9544989879397134
1.9544989879397134
1.9544989879397134
1.9544989879397134
1.9544989879397134
1.9544989879397134
1.9544989879397134
1.9544989879397134
1.9544989879397134
1.9544989879397134
1.9544989879397134
1.9544989879397134
1.9544989879397134
1.9544989879397134
1.9544989879397134
1.9544989879397134
1.9544989879397134
1.9544989879397134
1.9544989879397134
1.9544989879397134
1.9544989879397134
1.9544989879397134
1.9544989879397134
1.9544989879397134
1.9544989879397134
1.9544989879397134
1.9544989879397134
1.9544989879397134
1.9544989879397134
1.9544989879397134
1.9544989879397134
1.9544989879397134
1.9544989879397134
1.9544989879397134
1.9544989879397134
1.9544989879397134
1.9544989879397134
1.9544989879397134
1.9544989879397134
1.9544989879397134
1.9544989879397134
1.9544989879397134
1.9544989879397134
1.9544989879397134
1.9544989879397134
1.9544989879397134
1.9544989879397134
1.9544989879397134
1.9544989879397134
1.9544989879397134
1.9544989879397134
1.9544989879397134
1.9544989879397134
1.9544989879397134
1.9544989879397134
1.9544989879397134
1.9544989879397134
1.9544989879397134
1.9544989879397134
1.9544989879397134
1.9544989879397134
1.9544989879397134
1.9544989879397134
1.9544989879397134
1.9544989879397134
1.9544989879397134
1.9544989879397134
1.9544989879397134
1.9544989879397134
1.9544989879397134
1.9544989879397134
1.9544989879397134
1.9544989879397134
1.9544989879397134
1.9544989879397134
1.9544989879397134
1.9544989879397134
1.9544989879397134
1.9544989879397134
1.9544989879397134
1.9544989879397134
1.9544989879397134
1.9544989879397134
1.9544989879397134
1.9544989879397134
1.9544989879397134
1.9544989879397134
1.9544989879397134
1.9544989879397134
1.9544989879397134
1.9544989879397134
1.9544989879397134
1.9473915689562165
1.9473915689562165
1.9473915689562165
1.9473915689562165
1.9473915689562165
1.9473915689562165
1.9473915689562165
1.9473915689562165
1.9473915689562165
1.9473915689562165
1.9473915689562165
1.9473915689562165
1.9473915689562165
1.9473915689562165
1.9473915689562165
1.9473915689562165
1.9473915689562165
1.9473915689562165
1.9473915689562165
1.9473915689562165
1.9473915689562165
1.9473915689562165
1.9473915689562165
1.9473915689562165
1.9473915689562165
1.9473915689562165
1.9473915689562165
1.9473915689562165
1.9473915689562165
1.9473915689562165
1.9473915689562165
1.9473915689562165
1.9473915689562165
1.9473915689562165
1.9473915689562165
1.9473915689562165
1.9473915689562165
1.9473915689562165
1.9473915689562165
1.9473915689562165
1.9473915689562165
1.9473915689562165
1.9473915689562165
1.9473915689562165
1.9473915689562165
1.9473915689562165
1.9473915689562165
1.9473915689562165
1.9473915689562165
1.9473915689562165
1.9473915689562165
1.9473915689562165
1.9473915689562165
1.9473915689562165
1.9473915689562165
1.9473915689562165
1.9473915689562165
1.9473915689562165
1.9473915689562165
1.9473915689562165
1.9473915689562165
1.9473915689562165
1.9473915689562165
1.9473915689562165
1.9473915689562165
1.9473915689562165
1.9473915689562165
1.9473915689562165
1.9473915689562165
1.9473915689562165
1.9473915689562165
1.9473915689562165
1.9473915689562165
1.9473915689562165
1.9473915689562165
1.9473915689562165
1.9473915689562165
1.9473915689562165
1.9473915689562165
1.9473915689562165
1.9473915689562165
1.9473915689562165
1.9473915689562165
1.9473915689562165
1.9473915689562165
1.9473915689562165
1.9473915689562165
1.9473915689562165
1.9473915689562165
1.9473915689562165
1.9473915689562165
1.9473915689562165
1.9473915689562165
1.9473915689562165
1.9473915689562165
1.9473915689562165
1.9473915689562165
1.9473915689562165
1.9473915689562165
1.9473915689562165
1.9473915689562165
1.9473915689562165
1.9473915689562165
1.9473915689562165
1.9473915689562165
1.9473915689562165
1.9473915689562165
1.9473915689562165
1.9473915689562165
1.9473915689562165
1.9473915689562165
1.9473915689562165
1.9473915689562165
1.9473915689562165
1.9473915689562165
1.9473915689562165
1.9473915689562165
1.9473915689562165
1.9473915689562165
1.9473915689562165
1.9473915689562165
1.9473915689562165
1.9473915689562165
1.9473915689562165
1.9473915689562165
1.9473915689562165
1.9473915689562165
1.9473915689562165
1.9473915689562165
1.9473915689562165
1.9473915689562165
1.9473915689562165
1.9473915689562165
1.9473915689562165
1.9473915689562165
1.9473915689562165
1.9473915689562165
1.9473915689562165
1.9473915689562165
1.9473915689562165
1.9473915689562165
1.9473915689562165
1.9473915689562165
1.9473915689562165
1.9473915689562165
1.9473915689562165
1.9473915689562165
1.9473915689562165
1.9473915689562165
1.9473915689562165
1.9473915689562165
1.9473915689562165
1.9473915689562165
1.9473915689562165
1.9473915689562165
1.9473915689562165
1.9473915689562165
1.9473915689562165
1.9473915689562165
1.9473915689562165
1.9473915689562165
1.9473915689562165
1.9473915689562165
1.9473915689562165
1.9473915689562165
1.9473915689562165
1.9473915689562165
1.9473915689562165
1.9473915689562165
1.9473915689562165
1.9473915689562165
1.9473915689562165
1.9473915689562165
1.9473915689562165
1.9473915689562165
1.9473915689562165
1.9473915689562165
1.9473915689562165
1.9473915689562165
1.9473915689562165
1.9473915689562165
1.9473915689562165
1.9473915689562165
1.9473915689562165
1.9473915689562165
1.9473915689562165
1.9473915689562165
1.9473915689562165
1.9473915689562165
1.9473915689562165
1.9473915689562165
1.9473915689562165
1.9473915689562165
1.9473915689562165
1.9473915689562165
1.9473915689562165
1.9473915689562165
1.9473915689562165
1.9473915689562165
1.9473915689562165
1.9473915689562165
1.9473915689562165
1.9473915689562165
1.9473915689562165
1.9473915689562165
1.9473915689562165
1.9473915689562165
1.9473915689562165
1.9473915689562165
1.9473915689562165
1.9473915689562165
1.9473915689562165
1.9473915689562165
1.9473915689562165
1.9473915689562165
1.9473915689562165
1.9473915689562165
1.9473915689562165
1.9473915689562165
1.9473915689562165
1.9473915689562165
1.9473915689562165
1.9473915689562165
1.9473915689562165
1.9473915689562165
1.9473915689562165
1.9473915689562165
1.9473915689562165
1.9473915689562165
1.9473915689562165
1.9473915689562165
1.9473915689562165
1.9473915689562165
1.9473915689562165
1.9473915689562165
1.9473915689562165
1.9473915689562165
1.9473915689562165
1.9473915689562165
1.9473915689562165
1.9473915689562165
1.9473915689562165
1.9473915689562165
1.9473915689562165
1.9473915689562165
1.9473915689562165
1.9473915689562165
1.9473915689562165
1.9473915689562165
1.9473915689562165
1.9473915689562165
1.9473915689562165
1.9473915689562165
1.9473915689562165
1.9473915689562165
1.9473915689562165
1.9473915689562165
1.9473915689562165
1.9473915689562165
1.9473915689562165
1.9473915689562165
1.9473915689562165
1.9473915689562165
1.9473915689562165
1.9473915689562165
1.9473915689562165
1.9473915689562165
1.9473915689562165
1.9473915689562165
1.9473915689562165
1.9473915689562165
1.9473915689562165
1.9473915689562165
1.9473915689562165
1.9473915689562165
1.9473915689562165
1.9473915689562165
1.9473915689562165
1.9473915689562165
1.9473915689562165
1.9473915689562165
1.9473915689562165
1.9473915689562165
1.9473915689562165
1.9473915689562165
1.9473915689562165
1.9473915689562165
1.9473915689562165
1.9473915689562165
1.9473915689562165
1.9473915689562165
1.9473915689562165
1.9473915689562165
1.9473915689562165
1.9473915689562165
1.9473915689562165
1.9473915689562165
1.9473915689562165
1.9473915689562165
1.9473915689562165
1.9473915689562165
1.9473915689562165
1.9473915689562165
1.9473915689562165
1.9473915689562165
1.9473915689562165
1.9473915689562165
1.9473915689562165
1.9473915689562165
1.9473915689562165
1.9473915689562165
1.9473915689562165
1.9473915689562165
1.9473915689562165
1.9473915689562165
1.9473915689562165
1.9473915689562165
1.9473915689562165
1.9473915689562165
1.9473915689562165
1.9473915689562165
1.9473915689562165
1.9473915689562165
1.9473915689562165
1.9473915689562165
1.9473915689562165
1.9473915689562165
1.9473915689562165
1.9473915689562165
1.9473915689562165
1.9473915689562165
1.9473915689562165
1.9473915689562165
1.9473915689562165
1.9473915689562165
1.9473915689562165
1.9473915689562165
1.9473915689562165
1.9473915689562165
1.9473915689562165
1.9473915689562165
1.9473915689562165
1.9473915689562165
1.9473915689562165
1.9473915689562165
1.9473915689562165
1.9473915689562165
1.9473915689562165
1.9473915689562165
1.9473915689562165
1.9473915689562165
1.9473915689562165
1.9473915689562165
1.9473915689562165
1.9473915689562165
1.9473915689562165
1.9473915689562165
1.9473915689562165
1.9473915689562165
1.9473915689562165
1.9473915689562165
1.9473915689562165
1.9473915689562165
1.9473915689562165
1.9473915689562165
1.9473915689562165
1.9473915689562165
1.9473915689562165
1.9473915689562165
1.9473915689562165
1.9473915689562165
1.9473915689562165
1.9473915689562165
1.9473915689562165
1.9473915689562165
1.9473915689562165
1.9473915689562165
1.9473915689562165
1.9473915689562165
1.9473915689562165
1.9473915689562165
1.9473915689562165
1.9473915689562165
1.9473915689562165
1.9473915689562165
1.9473915689562165
1.9473915689562165
1.9473915689562165
1.9473915689562165
1.9473915689562165
1.9473915689562165
1.9473915689562165
1.9473915689562165
1.9473915689562165
1.9473915689562165
1.9473915689562165
1.9473915689562165
1.9473915689562165
1.9473915689562165
1.9473915689562165
1.9473915689562165
1.9473915689562165
1.9473915689562165
1.9473915689562165
1.9473915689562165
1.9473915689562165
1.9473915689562165
1.9473915689562165
1.9473915689562165
1.9473915689562165
1.9473915689562165
1.9473915689562165
1.9473915689562165
1.9473915689562165
1.9473915689562165
1.9473915689562165
1.9473915689562165
1.9473915689562165
1.9473915689562165
1.9473915689562165
1.9473915689562165
1.9473915689562165
1.9473915689562165
1.9473915689562165
1.9473915689562165
1.9473915689562165
1.9473915689562165
1.9473915689562165
1.9473915689562165
1.9473915689562165
1.9473915689562165
1.9473915689562165
1.9473915689562165
1.9473915689562165
1.9473915689562165
1.9473915689562165
1.9473915689562165
1.9473915689562165
1.9473915689562165
1.9473915689562165
1.9473915689562165
1.9473915689562165
1.9473915689562165
1.9473915689562165
1.9473915689562165
1.9473915689562165
1.9473915689562165
1.9473915689562165
1.9473915689562165
1.9473915689562165
1.9473915689562165
1.9473915689562165
1.9473915689562165
1.9473915689562165
1.9473915689562165
1.9473915689562165
1.9473915689562165
1.9473915689562165
1.9473915689562165
1.9473915689562165
1.9473915689562165
1.9473915689562165
1.9473915689562165
1.9473915689562165
1.9473915689562165
1.9473915689562165
1.9473915689562165
1.9473915689562165
1.9473915689562165
1.9473915689562165
1.9473915689562165
1.9473915689562165
1.9473915689562165
1.9473915689562165
1.9473915689562165
1.9473915689562165
1.9473915689562165
1.9473915689562165
1.9473915689562165
1.9473915689562165
1.9473915689562165
1.9473915689562165
1.9473915689562165
1.9473915689562165
1.9473915689562165
1.9473915689562165
1.9473915689562165
1.9473915689562165
1.9473915689562165
1.9473915689562165
1.9473915689562165
1.9473915689562165
1.9473915689562165
1.9473915689562165
1.9473915689562165
1.9473915689562165
1.9473915689562165
1.9473915689562165
1.9473915689562165
1.9473915689562165
1.9473915689562165
1.9473915689562165
1.9473915689562165
1.9473915689562165
1.9473915689562165
1.9473915689562165
1.9473915689562165
1.9473915689562165
1.9473915689562165
1.9473915689562165
1.9473915689562165
1.9473915689562165
1.9473915689562165
1.9473915689562165
1.9473915689562165
1.9473915689562165
1.9473915689562165
1.9473915689562165
1.9473915689562165
1.9473915689562165
1.9473915689562165
1.9473915689562165
1.9473915689562165
1.9473915689562165
1.9473915689562165
1.9473915689562165
1.9473915689562165
1.9473915689562165
1.9473915689562165
1.9473915689562165
1.9473915689562165
1.9473915689562165
1.9473915689562165
1.9473915689562165
1.9473915689562165
1.9473915689562165
1.9473915689562165
1.9473915689562165
1.9473915689562165
1.9473915689562165
1.9473915689562165
1.9473915689562165
1.9473915689562165
1.9473915689562165
1.9473915689562165
1.9473915689562165
1.9473915689562165
1.9473915689562165
1.9473915689562165
1.9473915689562165
1.9473915689562165
1.9473915689562165
1.9473915689562165
1.9473915689562165
1.9473915689562165
1.9473915689562165
1.9473915689562165
1.9473915689562165
1.9473915689562165
1.9473915689562165
1.9473915689562165
1.9473915689562165
1.9473915689562165
1.9473915689562165
1.9473915689562165
1.9473915689562165
1.9473915689562165
1.9473915689562165
1.9473915689562165
1.9473915689562165
1.9473915689562165
1.9473915689562165
1.9473915689562165
1.9473915689562165
1.9473915689562165
1.9473915689562165
1.9473915689562165
1.9473915689562165
1.9473915689562165
1.9473915689562165
1.9473915689562165
1.9473915689562165
1.9473915689562165
1.9473915689562165
1.9473915689562165
1.9473915689562165
1.9473915689562165
1.9473915689562165
1.9473915689562165
1.9473915689562165
1.9473915689562165
1.9473915689562165
1.9473915689562165
1.9473915689562165
1.9473915689562165
1.9473915689562165
1.9473915689562165
1.9473915689562165
1.9473915689562165
1.9473915689562165
1.9473915689562165
1.9473915689562165
1.9473915689562165
1.9473915689562165
1.9473915689562165
1.9473915689562165
1.9473915689562165
1.9473915689562165
1.9473915689562165
1.9473915689562165
1.9473915689562165
1.9473915689562165
1.9473915689562165
1.9473915689562165
1.9473915689562165
1.9473915689562165
1.9473915689562165
1.9473915689562165
1.9473915689562165
1.9473915689562165
1.9473915689562165
1.9473915689562165
1.9473915689562165
1.9473915689562165
1.9473915689562165
1.9473915689562165
1.9473915689562165
1.9473915689562165
1.9473915689562165
1.9473915689562165
1.9473915689562165
1.9473915689562165
1.9473915689562165
1.9473915689562165
1.9473915689562165
1.9473915689562165
1.9473915689562165
1.9473915689562165
1.9473915689562165
1.9473915689562165
1.9473915689562165
1.9473915689562165
1.9473915689562165
1.9473915689562165
1.9473915689562165
1.9473915689562165
1.9473915689562165
1.9473915689562165
1.9473915689562165
1.9473915689562165
1.9473915689562165
1.9473915689562165
1.9473915689562165
1.9473915689562165
1.9473915689562165
1.9473915689562165
1.9473915689562165
1.9473915689562165
1.9473915689562165
1.9473915689562165
1.9473915689562165
1.9473915689562165
1.9473915689562165
1.9473915689562165
1.9473915689562165
1.9473915689562165
1.9473915689562165
1.9473915689562165
1.9473915689562165
1.9473915689562165
1.9473915689562165
1.9473915689562165
1.9473915689562165
1.9473915689562165
1.9473915689562165
1.9473915689562165
1.9473915689562165
1.9473915689562165
1.9473915689562165
1.9473915689562165
1.9473915689562165
1.9473915689562165
1.9473915689562165
1.9473915689562165
1.9473915689562165
1.9473915689562165
1.9473915689562165
1.9473915689562165
1.9473915689562165
1.9473915689562165
1.9473915689562165
1.9473915689562165
1.9473915689562165
1.9473915689562165
1.9473915689562165
1.9473915689562165
1.9473915689562165
1.9473915689562165
1.9473915689562165
1.9473915689562165
1.9473915689562165
1.9473915689562165
1.9473915689562165
1.9473915689562165
1.9473915689562165
1.9473915689562165
1.9473915689562165
1.9473915689562165
1.9473915689562165
1.9473915689562165
1.9473915689562165
1.9473915689562165
1.9473915689562165
1.9473915689562165
1.9473915689562165
1.9473915689562165
1.9473915689562165
1.9473915689562165
1.9473915689562165
1.9473915689562165
1.9473915689562165
1.9473915689562165
1.9473915689562165
1.9473915689562165
1.9473915689562165
1.9473915689562165
1.9473915689562165
1.9473915689562165
1.9473915689562165
1.9473915689562165
1.9473915689562165
1.9473915689562165
1.9473915689562165
1.9473915689562165
1.9473915689562165
1.9473915689562165
1.9473915689562165
1.9473915689562165
1.9473915689562165
1.9473915689562165
1.9473915689562165
1.9473915689562165
1.9473915689562165
1.9473915689562165
1.9473915689562165
1.9473915689562165
1.9473915689562165
1.9473915689562165
1.9473915689562165
1.9473915689562165
1.9473915689562165
1.9473915689562165
1.9473915689562165
1.9473915689562165
1.9473915689562165
1.9473915689562165
1.9473915689562165
1.9473915689562165
1.9473915689562165
1.9473915689562165
1.9473915689562165
1.9473915689562165
1.9473915689562165
1.9473915689562165
1.9473915689562165
1.9473915689562165
1.9473915689562165
1.9473915689562165
1.9473915689562165
1.9473915689562165
1.9473915689562165
1.9473915689562165
1.9473915689562165
1.9473915689562165
1.9473915689562165
1.9473915689562165
1.9473915689562165
1.9473915689562165
1.9473915689562165
1.9473915689562165
1.9473915689562165
1.9473915689562165
1.9473915689562165
1.9473915689562165
1.9473915689562165
1.9473915689562165
1.9473915689562165
1.9473915689562165
1.9473915689562165
1.9473915689562165
1.9473915689562165
1.9473915689562165
1.9473915689562165
1.9473915689562165
1.9473915689562165
1.9473915689562165
1.9473915689562165
1.9473915689562165
1.9473915689562165
1.9473915689562165
1.9473915689562165
1.9473915689562165
1.9473915689562165
1.9473915689562165
1.9473915689562165
1.9473915689562165
1.9473915689562165
1.9473915689562165
1.9473915689562165
1.9473915689562165
1.9473915689562165
1.9473915689562165
1.9473915689562165
1.9473915689562165
1.9473915689562165
1.9473915689562165
1.9473915689562165
1.9473915689562165
1.9473915689562165
1.9473915689562165
1.9473915689562165
1.9473915689562165
1.9473915689562165
1.9473915689562165
1.9473915689562165
1.9473915689562165
1.9473915689562165
1.9473915689562165
1.9473915689562165
1.9473915689562165
1.9473915689562165
1.9473915689562165
1.9473915689562165
1.9473915689562165
1.9473915689562165
1.9473915689562165
1.9473915689562165
1.9473915689562165
1.9473915689562165
1.9473915689562165
1.9473915689562165
1.9473915689562165
1.9473915689562165
1.9473915689562165
1.9473915689562165
1.9473915689562165
1.9473915689562165
1.9473915689562165
1.9473915689562165
1.9473915689562165
1.9473915689562165
1.9473915689562165
1.9473915689562165
1.9473915689562165
1.9473915689562165
1.9473915689562165
1.9473915689562165
1.9473915689562165
1.9473915689562165
1.9473915689562165
1.9473915689562165
1.9473915689562165
1.9473915689562165
1.9473915689562165
1.9473915689562165
1.9473915689562165
1.9473915689562165
1.9473915689562165
1.9473915689562165
1.9473915689562165
1.9473915689562165
1.9473915689562165
1.9473915689562165
1.9473915689562165
1.9473915689562165
1.9473915689562165
1.9473915689562165
1.9473915689562165
1.9473915689562165
1.9473915689562165
1.9473915689562165
1.9473915689562165
1.9473915689562165
1.9473915689562165
1.9473915689562165
1.9473915689562165
1.9473915689562165
1.9473915689562165
1.9473915689562165
1.9473915689562165
1.9473915689562165
1.9473915689562165
1.9473915689562165
1.9473915689562165
1.9473915689562165
1.9473915689562165
1.9473915689562165
1.9473915689562165
1.9473915689562165
1.9473915689562165
1.9473915689562165
1.9473915689562165
1.9473915689562165
1.9473915689562165
1.9473915689562165
1.9473915689562165
1.9473915689562165
1.9473915689562165
1.9473915689562165
1.9473915689562165
1.9473915689562165
1.9473915689562165
1.9473915689562165
1.9473915689562165
1.9473915689562165
1.9473915689562165
1.9473915689562165
1.9473915689562165
1.9473915689562165
1.9473915689562165
1.9473915689562165
1.9473915689562165
1.9473915689562165
1.9473915689562165
1.9473915689562165
1.9473915689562165
1.9473915689562165
1.9473915689562165
1.9473915689562165
1.9473915689562165
1.9473915689562165
1.9473915689562165
1.9473915689562165
1.9473915689562165
1.9473915689562165
1.9473915689562165
1.9473915689562165
1.9473915689562165
1.9473915689562165
1.9473915689562165
1.9473915689562165
1.9473915689562165
1.9473915689562165
1.9473915689562165
1.9473915689562165
1.9473915689562165
1.9473915689562165
1.9473915689562165
1.9473915689562165
1.9473915689562165
1.9473915689562165
1.9473915689562165
1.9473915689562165
1.9473915689562165
1.9473915689562165
1.9473915689562165
1.9473915689562165
1.9473915689562165
1.9473915689562165
1.9473915689562165
1.9473915689562165
1.9473915689562165
1.9473915689562165
1.9473915689562165
1.9473915689562165
1.9473915689562165
1.9473915689562165
1.9473915689562165
1.9473915689562165
1.9473915689562165
1.9473915689562165
1.9473915689562165
1.9473915689562165
1.9473915689562165
1.9473915689562165
1.9473915689562165
1.9473915689562165
1.9473915689562165
1.9473915689562165
1.9473915689562165
1.9473915689562165
1.9473915689562165
1.9473915689562165
1.9473915689562165
1.9473915689562165
1.9473915689562165
1.9473915689562165
1.9473915689562165
1.9473915689562165
1.9473915689562165
1.9473915689562165
1.9473915689562165
1.9473915689562165
1.9473915689562165
1.9473915689562165
1.9473915689562165
1.9473915689562165
1.9473915689562165
1.9473915689562165
1.9473915689562165
1.9473915689562165
1.9473915689562165
1.9473915689562165
1.9473915689562165
1.9473915689562165
1.9473915689562165
1.9473915689562165
1.9473915689562165
1.9473915689562165
1.9473915689562165
1.9473915689562165
1.9473915689562165
1.9473915689562165
1.9473915689562165
1.9473915689562165
1.9473915689562165
1.9473915689562165
1.9473915689562165
1.9473915689562165
1.9473915689562165
1.9473915689562165
1.9473915689562165
1.9473915689562165
1.9473915689562165
1.9473915689562165
1.9473915689562165
1.9473915689562165
1.9473915689562165
1.9473915689562165
1.9473915689562165
1.9473915689562165
1.9473915689562165
1.9473915689562165
1.9473915689562165
1.9473915689562165
1.9473915689562165
1.9473915689562165
1.9473915689562165
1.9473915689562165
1.9473915689562165
1.9473915689562165
1.9473915689562165
1.9473915689562165
1.9473915689562165
1.9473915689562165
1.9473915689562165
1.9473915689562165
1.9473915689562165
1.9473915689562165
1.9473915689562165
1.9473915689562165
1.9473915689562165
1.9473915689562165
1.9473915689562165
1.9473915689562165
1.9473915689562165
1.9473915689562165
1.9473915689562165
1.9473915689562165
1.9473915689562165
1.9473915689562165
1.9473915689562165
1.9473915689562165
1.9473915689562165
1.9473915689562165
1.9473915689562165
1.9473915689562165
1.9473915689562165
1.9473915689562165
1.9473915689562165
1.9473915689562165
1.9473915689562165
1.9473915689562165
1.9473915689562165
1.9473915689562165
1.9473915689562165
1.9473915689562165
1.9473915689562165
1.9473915689562165
1.9473915689562165
1.9473915689562165
1.9473915689562165
1.9473915689562165
1.9473915689562165
1.9473915689562165
1.9473915689562165
1.9473915689562165
1.9473915689562165
1.9473915689562165
1.9473915689562165
1.9473915689562165
1.9473915689562165
1.9473915689562165
1.9473915689562165
1.9473915689562165
1.9473915689562165
1.9473915689562165
1.9473915689562165
1.9473915689562165
1.9473915689562165
1.9473915689562165
1.9473915689562165
1.9473915689562165
1.9473915689562165
1.9473915689562165
1.9473915689562165
1.9473915689562165
1.9473915689562165
1.9473915689562165
1.9473915689562165
1.9473915689562165
1.9473915689562165
1.9473915689562165
1.9473915689562165
1.9473915689562165
1.9473915689562165
1.9473915689562165
1.9473915689562165
1.9473915689562165
1.9473915689562165
1.9473915689562165
1.9473915689562165
1.9473915689562165
1.9473915689562165
1.9473915689562165
1.9473915689562165
1.9473915689562165
1.9473915689562165
1.9473915689562165
1.9473915689562165
1.9473915689562165
1.9473915689562165
1.9473915689562165
1.9473915689562165
1.9473915689562165
1.9473915689562165
1.9473915689562165
1.9473915689562165
1.9473915689562165
1.9473915689562165
1.9473915689562165
1.9473915689562165
1.9473915689562165
1.9473915689562165
1.9473915689562165
1.9473915689562165
1.9473915689562165
1.9473915689562165
1.9473915689562165
1.9473915689562165
1.9473915689562165
1.9473915689562165
1.9473915689562165
1.9473915689562165
1.9473915689562165
1.9473915689562165
1.9473915689562165
1.9473915689562165
1.9473915689562165
1.9473915689562165
1.9473915689562165
1.9473915689562165
1.9473915689562165
1.9473915689562165
1.9473915689562165
1.9473915689562165
1.9473915689562165
1.9473915689562165
1.9473915689562165
1.9473915689562165
1.9473915689562165
1.9473915689562165
1.9473915689562165
1.9473915689562165
1.9473915689562165
1.9473915689562165
1.9473915689562165
1.9473915689562165
1.9473915689562165
1.9473915689562165
1.9473915689562165
1.9473915689562165
1.9473915689562165
1.9473915689562165
1.9473915689562165
1.9473915689562165
1.9473915689562165
1.9473915689562165
1.9473915689562165
1.9473915689562165
1.9473915689562165
1.9473915689562165
1.9473915689562165
1.9473915689562165
1.9473915689562165
1.9473915689562165
1.9473915689562165
1.9473915689562165
1.9473915689562165
1.9473915689562165
1.9473915689562165
1.9473915689562165
1.9473915689562165
1.9473915689562165
1.9473915689562165
1.9473915689562165
1.9473915689562165
1.9473915689562165
1.9473915689562165
1.9473915689562165
1.9473915689562165
1.9473915689562165
1.9473915689562165
1.9473915689562165
1.9473915689562165
1.9473915689562165
1.9473915689562165
1.9473915689562165
1.9473915689562165
1.9473915689562165
1.9473915689562165
1.9473915689562165
1.9473915689562165
1.9473915689562165
1.9473915689562165
1.9473915689562165
1.9473915689562165
1.9473915689562165
1.9473915689562165
1.9473915689562165
1.9473915689562165
1.9473915689562165
1.9473915689562165
1.9473915689562165
1.9473915689562165
1.9473915689562165
1.9473915689562165
1.9473915689562165
1.9473915689562165
1.9473915689562165
1.9473915689562165
1.9473915689562165
1.9473915689562165
1.9473915689562165
1.9473915689562165
1.9473915689562165
1.9473915689562165
1.9473915689562165
1.9473915689562165
1.9473915689562165
1.9473915689562165
1.9473915689562165
1.9473915689562165
1.9473915689562165
1.9473915689562165
1.9473915689562165
1.9473915689562165
1.9473915689562165
1.9473915689562165
1.9473915689562165
1.9473915689562165
1.9473915689562165
1.9473915689562165
1.9473915689562165
1.9473915689562165
1.9473915689562165
1.9473915689562165
1.9473915689562165
1.9473915689562165
1.9473915689562165
1.9473915689562165
1.9473915689562165
1.9473915689562165
1.9473915689562165
1.9473915689562165
1.9473915689562165
1.9473915689562165
1.9473915689562165
1.9473915689562165
1.9473915689562165
1.9473915689562165
1.9473915689562165
1.9473915689562165
1.9473915689562165
1.9473915689562165
1.9473915689562165
1.9473915689562165
1.9473915689562165
1.9473915689562165
1.9473915689562165
1.9473915689562165
1.9473915689562165
1.9473915689562165
1.9473915689562165
1.9473915689562165
1.9473915689562165
1.9473915689562165
1.9473915689562165
1.9473915689562165
1.9473915689562165
1.9473915689562165
1.9473915689562165
1.9473915689562165
1.9473915689562165
1.9473915689562165
1.9473915689562165
1.9473915689562165
1.9473915689562165
1.9473915689562165
1.9473915689562165
1.9473915689562165
1.9473915689562165
1.9473915689562165
1.9473915689562165
1.9473915689562165
1.9473915689562165
1.9473915689562165
1.9473915689562165
1.9473915689562165
1.9473915689562165
1.9473915689562165
1.9473915689562165
1.9473915689562165
1.9473915689562165
1.9473915689562165
1.9473915689562165
1.9473915689562165
1.9473915689562165
1.9473915689562165
1.9473915689562165
1.9473915689562165
1.9473915689562165
1.9473915689562165
1.9473915689562165
1.9473915689562165
1.9473915689562165
1.9473915689562165
1.9473915689562165
1.9473915689562165
1.9473915689562165
1.9473915689562165
1.9473915689562165
1.9473915689562165
1.9473915689562165
1.9473915689562165
1.9473915689562165
1.9473915689562165
1.9473915689562165
1.9473915689562165
1.9473915689562165
1.9473915689562165
1.9473915689562165
1.9473915689562165
1.9473915689562165
1.9473915689562165
1.9473915689562165
1.9473915689562165
1.9473915689562165
1.9473915689562165
1.9473915689562165
1.9473915689562165
1.9473915689562165
1.9473915689562165
1.9473915689562165
1.9473915689562165
1.9473915689562165
1.9473915689562165
1.9473915689562165
1.9473915689562165
1.9473915689562165
1.9473915689562165
1.9473915689562165
1.9473915689562165
1.9473915689562165
1.9473915689562165
1.9473915689562165
1.9473915689562165
1.9473915689562165
1.9473915689562165
1.9473915689562165
1.9473915689562165
1.9473915689562165
1.9473915689562165
1.9473915689562165
1.9473915689562165
1.9473915689562165
1.9473915689562165
1.9473915689562165
1.9473915689562165
1.9473915689562165
1.9473915689562165
1.9473915689562165
1.9473915689562165
1.9473915689562165
1.9473915689562165
1.9473915689562165
1.9473915689562165
1.9473915689562165
1.9473915689562165
1.9473915689562165
1.9473915689562165
1.9473915689562165
1.9473915689562165
1.9473915689562165
1.9473915689562165
1.9473915689562165
1.9473915689562165
1.9473915689562165
1.9473915689562165
1.9473915689562165
1.9473915689562165
1.9473915689562165
1.9473915689562165
1.9473915689562165
1.9473915689562165
1.9473915689562165
1.9473915689562165
1.9473915689562165
1.9473915689562165
1.9473915689562165
1.9473915689562165
1.9473915689562165
1.9473915689562165
1.9473915689562165
1.9473915689562165
1.9473915689562165
1.9473915689562165
1.9473915689562165
1.9473915689562165
1.9473915689562165
1.9473915689562165
1.9473915689562165
1.9473915689562165
1.9473915689562165
1.9473915689562165
1.9473915689562165
1.9473915689562165
1.9473915689562165
1.9473915689562165
1.9473915689562165
1.9473915689562165
1.9473915689562165
1.9473915689562165
1.9473915689562165
1.9473915689562165
1.9473915689562165
1.9473915689562165
1.9473915689562165
1.9473915689562165
1.9473915689562165
1.9473915689562165
1.9473915689562165
1.9473915689562165
1.9473915689562165
1.9473915689562165
1.9473915689562165
1.9473915689562165
1.9473915689562165
1.9473915689562165
1.9473915689562165
1.9473915689562165
1.9473915689562165
1.9473915689562165
1.9473915689562165
1.9473915689562165
1.9473915689562165
1.9473915689562165
1.9473915689562165
1.9473915689562165
1.9473915689562165
1.9473915689562165
1.9473915689562165
1.9473915689562165
1.9473915689562165
1.9473915689562165
1.9473915689562165
1.9473915689562165
1.9473915689562165
1.9473915689562165
1.9473915689562165
1.9473915689562165
1.9473915689562165
1.9473915689562165
1.9473915689562165
1.9473915689562165
1.9473915689562165
1.9473915689562165
1.9473915689562165
1.9473915689562165
1.9473915689562165
1.9473915689562165
1.9473915689562165
1.9473915689562165
1.9473915689562165
1.9473915689562165
1.9473915689562165
1.9473915689562165
1.9473915689562165
1.9473915689562165
1.9473915689562165
1.9473915689562165
1.9473915689562165
1.9473915689562165
1.9473915689562165
1.9473915689562165
1.9473915689562165
1.9473915689562165
1.9473915689562165
1.9473915689562165
1.9473915689562165
1.9473915689562165
1.9473915689562165
1.9473915689562165
1.9473915689562165
1.9473915689562165
1.6739835220632107
1.6739835220632107
1.6739835220632107
1.6739835220632107
1.6739835220632107
1.6739835220632107
1.4494773869690478
1.4494773869690478
1.4494773869690478
1.4494773869690478
1.4494773869690478
1.4494773869690478
1.4494773869690478
1.4494773869690478
1.4494773869690478
1.4494773869690478
1.4494773869690478
1.4494773869690478
1.4494773869690478
1.4494773869690478
1.4494773869690478
1.4494773869690478
1.4494773869690478
1.4494773869690478
1.4494773869690478
1.4494773869690478
1.4494773869690478
1.4494773869690478
1.4494773869690478
1.4494773869690478
1.4494773869690478
1.4494773869690478
1.4494773869690478
1.4494773869690478
1.4494773869690478
1.4494773869690478
1.4494773869690478
1.4494773869690478
1.4494773869690478
1.4494773869690478
1.4494773869690478
1.4494773869690478
1.4494773869690478
1.4494773869690478
1.4494773869690478
1.4494773869690478
1.4494773869690478
1.4494773869690478
1.4494773869690478
1.4494773869690478
1.4494773869690478
1.4494773869690478
1.4494773869690478
1.4494773869690478
1.4494773869690478
1.4494773869690478
1.4494773869690478
1.4494773869690478
1.4494773869690478
1.4494773869690478
1.4494773869690478
1.4494773869690478
1.4494773869690478
1.4494773869690478
1.4494773869690478
1.4494773869690478
1.4494773869690478
1.4494773869690478
1.4494773869690478
1.4494773869690478
1.4494773869690478
1.4494773869690478
1.4494773869690478
1.4494773869690478
1.4494773869690478
1.4494773869690478
1.4494773869690478
1.4494773869690478
1.4494773869690478
1.4494773869690478
1.4494773869690478
1.4494773869690478
1.4494773869690478
1.4494773869690478
1.4494773869690478
1.4494773869690478
1.4494773869690478
1.4494773869690478
1.4494773869690478
1.4494773869690478
1.4494773869690478
1.4494773869690478
1.4494773869690478
1.4494773869690478
1.4494773869690478
1.4494773869690478
1.4494773869690478
1.4494773869690478
1.4494773869690478
1.4494773869690478
1.4494773869690478
1.4494773869690478
1.4494773869690478
1.4494773869690478
1.4494773869690478
1.4494773869690478
1.4494773869690478
1.4494773869690478
1.4494773869690478
1.4494773869690478
1.4494773869690478
1.4494773869690478
1.4494773869690478
1.4494773869690478
1.4494773869690478
1.4494773869690478
1.4494773869690478
1.4494773869690478
1.4494773869690478
1.4494773869690478
1.4494773869690478
1.4494773869690478
1.4494773869690478
1.4494773869690478
1.4494773869690478
1.4494773869690478
1.4494773869690478
1.4494773869690478
1.4494773869690478
1.4494773869690478
1.4494773869690478
1.4494773869690478
1.4494773869690478
1.4494773869690478
1.4494773869690478
1.4494773869690478
1.4494773869690478
1.4494773869690478
1.4494773869690478
1.4494773869690478
1.4494773869690478
1.4494773869690478
1.4494773869690478
1.4494773869690478
1.4494773869690478
1.4494773869690478
1.4494773869690478
1.4494773869690478
1.4494773869690478
1.4494773869690478
1.4494773869690478
1.4494773869690478
1.4494773869690478
1.4494773869690478
1.4494773869690478
1.4494773869690478
1.4494773869690478
1.4494773869690478
1.4494773869690478
1.4494773869690478
1.4494773869690478
1.4494773869690478
1.4494773869690478
1.4494773869690478
1.4494773869690478
1.4494773869690478
1.4494773869690478
1.4494773869690478
1.4494773869690478
1.4494773869690478
1.4494773869690478
1.4494773869690478
1.4494773869690478
1.4494773869690478
1.4494773869690478
1.4494773869690478
1.4494773869690478
1.4494773869690478
1.4494773869690478
1.4494773869690478
1.4494773869690478
1.4494773869690478
1.4494773869690478
1.4494773869690478
1.4494773869690478
1.4494773869690478
1.4494773869690478
1.4494773869690478
1.4494773869690478
1.4494773869690478
1.4494773869690478
1.4494773869690478
1.4494773869690478
1.4494773869690478
1.4494773869690478
1.4494773869690478
1.4494773869690478
1.4494773869690478
1.4494773869690478
1.4494773869690478
1.4494773869690478
1.4494773869690478
1.4494773869690478
1.4494773869690478
1.4494773869690478
1.4494773869690478
1.4494773869690478
1.4494773869690478
1.4494773869690478
1.4494773869690478
1.4494773869690478
1.4494773869690478
1.4494773869690478
1.4494773869690478
1.4494773869690478
1.4494773869690478
1.4494773869690478
1.4494773869690478
1.4494773869690478
1.4494773869690478
1.4494773869690478
1.4494773869690478
1.4494773869690478
1.4494773869690478
1.4494773869690478
1.4494773869690478
1.4494773869690478
1.4494773869690478
1.4494773869690478
1.4494773869690478
1.4494773869690478
1.4494773869690478
1.4494773869690478
1.4494773869690478
1.4494773869690478
1.4494773869690478
1.4494773869690478
1.4494773869690478
1.4494773869690478
1.4494773869690478
1.4494773869690478
1.4494773869690478
1.4494773869690478
1.4494773869690478
1.4494773869690478
1.4494773869690478
1.4494773869690478
1.4494773869690478
1.4494773869690478
1.4494773869690478
1.4494773869690478
1.4494773869690478
1.4494773869690478
1.4494773869690478
1.4494773869690478
1.4494773869690478
1.4494773869690478
1.4494773869690478
1.4494773869690478
1.4494773869690478
1.4494773869690478
1.4494773869690478
1.4494773869690478
1.4494773869690478
1.4494773869690478
1.4494773869690478
1.4494773869690478
1.4494773869690478
1.4494773869690478
1.4494773869690478
1.4494773869690478
1.4494773869690478
1.4494773869690478
1.4494773869690478
1.4494773869690478
1.4494773869690478
1.4494773869690478
1.4494773869690478
1.4494773869690478
1.4494773869690478
1.4494773869690478
1.4494773869690478
1.4494773869690478
1.4494773869690478
1.4494773869690478
1.4494773869690478
1.4494773869690478
1.4494773869690478
1.4494773869690478
1.4494773869690478
1.4494773869690478
1.4494773869690478
1.4494773869690478
1.4494773869690478
1.4494773869690478
1.4494773869690478
1.4494773869690478
1.4494773869690478
1.4494773869690478
1.4494773869690478
1.4494773869690478
1.4494773869690478
1.4494773869690478
1.4494773869690478
1.4494773869690478
1.4494773869690478
1.4494773869690478
1.4494773869690478
1.4494773869690478
1.4494773869690478
1.4494773869690478
1.4494773869690478
1.4494773869690478
1.4494773869690478
1.4494773869690478
1.4494773869690478
1.4494773869690478
1.4494773869690478
1.4494773869690478
1.4494773869690478
1.4494773869690478
1.4494773869690478
1.4494773869690478
1.4494773869690478
1.4494773869690478
1.4494773869690478
1.4494773869690478
1.4494773869690478
1.4494773869690478
1.4494773869690478
1.4494773869690478
1.4494773869690478
1.4494773869690478
1.4494773869690478
1.4494773869690478
1.4494773869690478
1.4494773869690478
1.4494773869690478
1.4494773869690478
1.4494773869690478
1.4494773869690478
1.4494773869690478
1.4494773869690478
1.4494773869690478
1.4494773869690478
1.4494773869690478
1.4494773869690478
1.4494773869690478
1.4494773869690478
1.4494773869690478
1.4494773869690478
1.4494773869690478
1.4494773869690478
1.4494773869690478
1.4494773869690478
1.4494773869690478
1.4494773869690478
1.4494773869690478
1.4494773869690478
1.4494773869690478
1.4494773869690478
1.4494773869690478
1.4494773869690478
1.4494773869690478
1.4494773869690478
1.4494773869690478
1.4494773869690478
1.4494773869690478
1.4494773869690478
1.4494773869690478
1.4494773869690478
1.4494773869690478
1.4494773869690478
1.4494773869690478
1.4494773869690478
1.4494773869690478
1.4494773869690478
1.4494773869690478
1.4494773869690478
1.4494773869690478
1.4494773869690478
1.4494773869690478
1.4494773869690478
1.4494773869690478
1.4494773869690478
1.4494773869690478
1.4494773869690478
1.4494773869690478
1.4494773869690478
1.4494773869690478
1.4494773869690478
1.4494773869690478
1.4494773869690478
1.4494773869690478
1.4494773869690478
1.4494773869690478
1.4494773869690478
1.4494773869690478
1.4494773869690478
1.4494773869690478
1.4494773869690478
1.4494773869690478
1.4494773869690478
1.4494773869690478
1.4494773869690478
1.4494773869690478
1.4494773869690478
1.4494773869690478
1.4494773869690478
1.4494773869690478
1.4494773869690478
1.4494773869690478
1.4494773869690478
1.4494773869690478
1.4494773869690478
1.4494773869690478
1.4494773869690478
1.4494773869690478
1.4494773869690478
1.4494773869690478
1.4494773869690478
1.4494773869690478
1.4494773869690478
1.4494773869690478
1.4494773869690478
1.4494773869690478
1.4494773869690478
1.4494773869690478
1.4494773869690478
1.4494773869690478
1.4494773869690478
1.4494773869690478
1.4494773869690478
1.4494773869690478
1.4494773869690478
1.4494773869690478
1.4494773869690478
1.4494773869690478
1.4494773869690478
1.4494773869690478
1.4494773869690478
1.4494773869690478
1.4494773869690478
1.4494773869690478
1.4494773869690478
1.4494773869690478
1.4494773869690478
1.4494773869690478
1.4494773869690478
1.4494773869690478
1.4494773869690478
1.4494773869690478
1.4494773869690478
1.4494773869690478
1.4494773869690478
1.4494773869690478
1.4494773869690478
1.4494773869690478
1.4494773869690478
1.4494773869690478
1.4494773869690478
1.4494773869690478
1.4494773869690478
1.4494773869690478
1.4494773869690478
1.4494773869690478
1.4494773869690478
1.4494773869690478
1.4494773869690478
1.4494773869690478
1.4494773869690478
1.4494773869690478
1.4494773869690478
1.4494773869690478
1.4494773869690478
1.4494773869690478
1.4494773869690478
1.4494773869690478
1.4494773869690478
1.4494773869690478
1.4494773869690478
1.4494773869690478
1.4494773869690478
1.4494773869690478
1.4494773869690478
1.4494773869690478
1.4494773869690478
1.4494773869690478
1.4494773869690478
1.4494773869690478
1.4494773869690478
1.4494773869690478
1.4494773869690478
1.4494773869690478
1.4494773869690478
1.4494773869690478
1.4494773869690478
1.4494773869690478
1.4494773869690478
1.4494773869690478
1.4494773869690478
1.4494773869690478
1.4494773869690478
1.4494773869690478
1.4494773869690478
1.4494773869690478
1.4494773869690478
1.4494773869690478
1.4494773869690478
1.4494773869690478
1.4494773869690478
1.4494773869690478
1.4494773869690478
1.4494773869690478
1.4494773869690478
1.4494773869690478
1.4494773869690478
1.4494773869690478
1.4494773869690478
1.4494773869690478
1.4494773869690478
1.4494773869690478
1.4494773869690478
1.4494773869690478
1.4494773869690478
1.4494773869690478
1.4494773869690478
1.4494773869690478
1.4494773869690478
1.4494773869690478
1.4494773869690478
1.4494773869690478
1.4494773869690478
1.4494773869690478
1.4494773869690478
1.4494773869690478
1.4494773869690478
1.4494773869690478
1.4494773869690478
1.4494773869690478
1.4494773869690478
1.4494773869690478
1.4494773869690478
1.4494773869690478
1.4494773869690478
1.4494773869690478
1.4494773869690478
1.4494773869690478
1.4494773869690478
1.4494773869690478
1.4494773869690478
1.4494773869690478
1.4494773869690478
1.4494773869690478
1.4494773869690478
1.4494773869690478
1.4494773869690478
1.4494773869690478
1.4494773869690478
1.4494773869690478
1.4494773869690478
1.4494773869690478
1.4494773869690478
1.4494773869690478
1.4494773869690478
1.4494773869690478
1.4494773869690478
1.4494773869690478
1.4494773869690478
1.4494773869690478
1.4494773869690478
1.4494773869690478
1.4494773869690478
1.4494773869690478
1.4494773869690478
1.4494773869690478
1.4494773869690478
1.4494773869690478
1.4494773869690478
1.4494773869690478
1.4494773869690478
1.4494773869690478
1.4494773869690478
1.4494773869690478
1.4494773869690478
1.4494773869690478
1.4494773869690478
1.4494773869690478
1.4494773869690478
1.4494773869690478
1.4494773869690478
1.4494773869690478
1.4494773869690478
1.4494773869690478
1.4494773869690478
1.4494773869690478
1.4494773869690478
1.4494773869690478
1.4494773869690478
1.4494773869690478
1.4494773869690478
1.4494773869690478
1.4494773869690478
1.4494773869690478
1.4494773869690478
1.4494773869690478
1.4494773869690478
1.4494773869690478
1.4494773869690478
1.4494773869690478
1.4494773869690478
1.4494773869690478
1.4494773869690478
1.4494773869690478
1.4494773869690478
1.4494773869690478
1.4494773869690478
1.4494773869690478
1.4494773869690478
1.4494773869690478
1.4494773869690478
1.4494773869690478
1.4494773869690478
1.4494773869690478
1.4494773869690478
1.4494773869690478
1.4494773869690478
1.4494773869690478
1.4494773869690478
1.4494773869690478
1.4494773869690478
1.4494773869690478
1.4494773869690478
1.4494773869690478
1.4494773869690478
1.4494773869690478
1.4494773869690478
1.4494773869690478
1.4494773869690478
1.4494773869690478
1.4494773869690478
1.4494773869690478
1.4494773869690478
1.4494773869690478
1.4494773869690478
1.4494773869690478
1.4494773869690478
1.4494773869690478
1.4494773869690478
1.4494773869690478
1.4494773869690478
1.4494773869690478
1.4494773869690478
1.4494773869690478
1.4494773869690478
1.4494773869690478
1.4494773869690478
1.4494773869690478
1.4494773869690478
1.4494773869690478
1.4494773869690478
1.4494773869690478
1.4494773869690478
1.4494773869690478
1.4494773869690478
1.4494773869690478
1.4494773869690478
1.4494773869690478
1.4494773869690478
1.4494773869690478
1.4494773869690478
1.4494773869690478
1.4494773869690478
1.4494773869690478
1.4494773869690478
1.4494773869690478
1.4494773869690478
1.4494773869690478
1.4494773869690478
1.4494773869690478
1.4494773869690478
1.4494773869690478
1.4494773869690478
1.4494773869690478
1.4494773869690478
1.4494773869690478
1.4494773869690478
1.4494773869690478
1.4494773869690478
1.4494773869690478
1.4494773869690478
1.4494773869690478
1.4494773869690478
1.4494773869690478
1.4494773869690478
1.4494773869690478
1.4494773869690478
1.4494773869690478
1.4494773869690478
1.4494773869690478
1.4494773869690478
1.4494773869690478
1.4494773869690478
1.4494773869690478
1.4494773869690478
1.4494773869690478
1.4494773869690478
1.4494773869690478
1.4494773869690478
1.4494773869690478
1.4494773869690478
1.4494773869690478
1.4494773869690478
1.4494773869690478
1.4494773869690478
1.4494773869690478
1.4494773869690478
1.4494773869690478
1.4494773869690478
1.4494773869690478
1.4494773869690478
1.4494773869690478
1.4494773869690478
1.4494773869690478
1.4494773869690478
1.4494773869690478
1.4494773869690478
1.4494773869690478
1.4494773869690478
1.4494773869690478
1.4494773869690478
1.4494773869690478
1.4494773869690478
1.4494773869690478
1.4494773869690478
1.4494773869690478
1.4494773869690478
1.4494773869690478
1.4494773869690478
1.4494773869690478
1.4494773869690478
1.4494773869690478
1.4494773869690478
1.4494773869690478
1.4494773869690478
1.4494773869690478
1.4494773869690478
1.4494773869690478
1.4494773869690478
1.4494773869690478
1.4494773869690478
1.4494773869690478
1.4494773869690478
1.4494773869690478
1.4494773869690478
1.4494773869690478
1.4494773869690478
1.4494773869690478
1.4494773869690478
1.4494773869690478
1.4494773869690478
1.4494773869690478
1.4494773869690478
1.4494773869690478
1.4494773869690478
1.4494773869690478
1.4494773869690478
1.4494773869690478
1.4494773869690478
1.4494773869690478
1.4494773869690478
1.4494773869690478
1.4494773869690478
1.4494773869690478
1.4494773869690478
1.4494773869690478
1.4494773869690478
1.4494773869690478
1.4494773869690478
1.4494773869690478
1.4494773869690478
1.4494773869690478
1.4494773869690478
1.4494773869690478
1.4494773869690478
1.4494773869690478
1.4494773869690478
1.4494773869690478
1.4494773869690478
1.4494773869690478
1.4494773869690478
1.4494773869690478
1.4494773869690478
1.4494773869690478
1.4494773869690478
1.4494773869690478
1.4494773869690478
1.4494773869690478
1.4494773869690478
1.4494773869690478
1.4494773869690478
1.4494773869690478
1.4494773869690478
1.4494773869690478
1.4494773869690478
1.4494773869690478
1.4494773869690478
1.4494773869690478
1.4494773869690478
1.4494773869690478
1.4494773869690478
1.4494773869690478
1.4494773869690478
1.4494773869690478
1.4494773869690478
1.4494773869690478
1.4494773869690478
1.4494773869690478
1.4494773869690478
1.4494773869690478
1.4494773869690478
1.4494773869690478
1.4494773869690478
1.4494773869690478
1.4494773869690478
1.4494773869690478
1.4494773869690478
1.4494773869690478
1.4494773869690478
1.4494773869690478
1.4494773869690478
1.4494773869690478
1.4494773869690478
1.4494773869690478
1.4494773869690478
1.4494773869690478
1.4494773869690478
1.4494773869690478
1.4494773869690478
1.4494773869690478
1.4494773869690478
1.4494773869690478
1.4494773869690478
1.4494773869690478
1.4494773869690478
1.4494773869690478
1.4494773869690478
1.4494773869690478
1.4494773869690478
1.4494773869690478
1.4494773869690478
1.4494773869690478
1.4494773869690478
1.4494773869690478
1.4494773869690478
1.4494773869690478
1.4494773869690478
1.4494773869690478
1.4494773869690478
1.4494773869690478
1.4494773869690478
1.4494773869690478
1.4494773869690478
1.4494773869690478
1.4494773869690478
1.4494773869690478
1.4494773869690478
1.4494773869690478
1.4494773869690478
1.4494773869690478
1.4494773869690478
1.4494773869690478
1.4494773869690478
1.4494773869690478
1.4494773869690478
1.4494773869690478
1.4494773869690478
1.4494773869690478
1.4494773869690478
1.4494773869690478
1.4494773869690478
1.4494773869690478
1.4494773869690478
1.4494773869690478
1.4494773869690478
1.4494773869690478
1.4494773869690478
1.4494773869690478
1.4494773869690478
1.4494773869690478
1.4494773869690478
1.4494773869690478
1.4494773869690478
1.4494773869690478
1.4494773869690478
1.4494773869690478
1.4494773869690478
1.4494773869690478
1.4494773869690478
1.4494773869690478
1.4494773869690478
1.4494773869690478
1.4494773869690478
1.4494773869690478
1.4494773869690478
1.4494773869690478
1.4494773869690478
1.4494773869690478
1.4494773869690478
1.4494773869690478
1.4494773869690478
1.4494773869690478
1.4494773869690478
1.4494773869690478
1.4494773869690478
1.4494773869690478
1.4494773869690478
1.4494773869690478
1.4494773869690478
1.4494773869690478
1.4494773869690478
1.4494773869690478
1.4494773869690478
1.4494773869690478
1.4494773869690478
1.4494773869690478
1.4494773869690478
1.4494773869690478
1.4494773869690478
1.4494773869690478
1.4494773869690478
1.4494773869690478
1.4494773869690478
1.4494773869690478
1.4494773869690478
1.4494773869690478
1.4494773869690478
1.4494773869690478
1.4494773869690478
1.4494773869690478
1.4494773869690478
1.4494773869690478
1.4494773869690478
1.4494773869690478
1.4494773869690478
1.4494773869690478
1.4494773869690478
1.4494773869690478
1.4494773869690478
1.4494773869690478
1.4494773869690478
1.4494773869690478
1.4494773869690478
1.4494773869690478
1.4494773869690478
1.4494773869690478
1.4494773869690478
1.4494773869690478
1.4494773869690478
1.4494773869690478
1.4494773869690478
1.4494773869690478
1.4494773869690478
1.4494773869690478
1.4494773869690478
1.4494773869690478
1.4494773869690478
1.4494773869690478
1.4494773869690478
1.4494773869690478
1.4494773869690478
1.4494773869690478
1.4494773869690478
1.4494773869690478
1.4494773869690478
1.4494773869690478
1.4494773869690478
1.4494773869690478
1.4494773869690478
1.4494773869690478
1.4494773869690478
1.4494773869690478
1.4494773869690478
1.4494773869690478
1.4494773869690478
1.4494773869690478
1.4494773869690478
1.4494773869690478
1.4494773869690478
1.4494773869690478
1.4494773869690478
1.4494773869690478
1.4494773869690478
1.4494773869690478
1.4494773869690478
1.4494773869690478
1.4494773869690478
1.4494773869690478
1.4494773869690478
1.4494773869690478
1.4494773869690478
1.4494773869690478
1.4494773869690478
1.4494773869690478
1.4494773869690478
1.4494773869690478
1.4494773869690478
1.4494773869690478
1.4494773869690478
1.4494773869690478
1.4494773869690478
1.4494773869690478
1.4494773869690478
1.4494773869690478
1.4494773869690478
1.4494773869690478
1.4494773869690478
1.4494773869690478
1.4494773869690478
1.4494773869690478
1.4494773869690478
1.4494773869690478
1.4494773869690478
1.4494773869690478
1.4494773869690478
1.4494773869690478
1.4494773869690478
1.4494773869690478
1.4494773869690478
1.4494773869690478
1.4494773869690478
1.4494773869690478
1.4494773869690478
1.4494773869690478
1.4494773869690478
1.4494773869690478
1.4494773869690478
1.4494773869690478
1.4494773869690478
1.4494773869690478
1.4494773869690478
1.4494773869690478
1.4494773869690478
1.4494773869690478
1.4494773869690478
1.4494773869690478
1.4494773869690478
1.4494773869690478
1.4494773869690478
1.4494773869690478
1.4494773869690478
1.4494773869690478
1.4494773869690478
1.4494773869690478
1.4494773869690478
1.4494773869690478
1.4494773869690478
1.4494773869690478
1.4494773869690478
1.4494773869690478
1.4494773869690478
1.4494773869690478
1.4494773869690478
1.4494773869690478
1.4494773869690478
1.4494773869690478
1.4494773869690478
1.4494773869690478
1.4494773869690478
1.4494773869690478
1.4494773869690478
1.4494773869690478
1.4494773869690478
1.4494773869690478
1.4494773869690478
1.4494773869690478
1.4494773869690478
1.4494773869690478
1.4494773869690478
1.4494773869690478
1.4494773869690478
1.4494773869690478
1.4494773869690478
1.4494773869690478
1.4494773869690478
1.4494773869690478
1.4494773869690478
1.4494773869690478
