28806.926829575215
28700.375285598708
28516.92637252833
28399.68822277923
27704.02423517609
27440.88295787084
27440.88295787084
26890.100632499598
26820.40448908399
26680.176629595244
26680.176629595244
26571.898882186768
26571.898882186768
26013.25878291283
26013.25878291283
26013.25878291283
26013.25878291283
25832.431662991326
25832.431662991326
25832.431662991326
25832.431662991326
25558.280679845677
25341.121803422582
25292.814971078595
24997.22448490292
24997.22448490292
24997.22448490292
24997.22448490292
24804.936133451272
24753.012984603418
24753.012984603418
24753.012984603418
24387.760438290312
24183.197582185352
24183.197582185352
24183.197582185352
24183.197582185352
24011.703576424436
24011.703576424436
24011.703576424436
24011.703576424436
24011.703576424436
24011.703576424436
23999.903283589658
23999.903283589658
23579.666736544452
23579.666736544452
23566.439180057376
23566.439180057376
23331.020943380245
23175.4182337135
23136.71804527081
23136.71804527081
23136.71804527081
23136.71804527081
22937.725920124507
22725.411856771792
22725.411856771792
22465.83386240432
22465.83386240432
22175.050027465597
21603.255471200253
21287.426662330745
21287.426662330745
21287.426662330745
21287.426662330745
21287.426662330745
21287.426662330745
21287.426662330745
21088.164231228126
21088.164231228126
21088.164231228126
21088.164231228126
20976.82748924683
20976.82748924683
20976.82748924683
20976.82748924683
20911.4809241087
20911.4809241087
19981.54152657388
19981.54152657388
19868.61439627528
19868.61439627528
19559.127466614624
19559.127466614624
19459.096599617696
19428.157883769527
19428.157883769527
19257.51583937925
19005.972074392088
18858.50794241953
18858.50794241953
18702.370909692167
18556.550541225803
18556.550541225803
18556.550541225803
18556.550541225803
18556.550541225803
18534.556513262953
18534.556513262953
18509.615982645337
18077.90494666054
17844.53086899629
17844.53086899629
17844.53086899629
17785.124079632995
17646.359454152356
17646.359454152356
17530.58092042911
17316.584896050073
17185.864245674413
17185.864245674413
16974.30237745746
16974.30237745746
16763.696349266895
16553.439872475345
16553.439872475345
16553.439872475345
15708.877480095513
15708.877480095513
15708.877480095513
15538.066205059404
15538.066205059404
15538.066205059404
15538.066205059404
15532.465641082903
15404.641937375047
15404.641937375047
15090.743477549746
15090.743477549746
14935.319541126531
14866.530415834182
14866.530415834182
14866.530415834182
14806.025727500613
14800.207644748114
14800.207644748114
14800.207644748114
14800.207644748114
14800.207644748114
14800.207644748114
14770.564674755307
14745.621711479336
14745.621711479336
14539.347469962153
14522.630083683844
14522.630083683844
14055.371018924072
13776.444451349185
13776.444451349185
13694.429013635925
13661.095937352806
13600.365181148603
13514.802714536201
13456.441946186464
13456.441946186464
13345.474293904046
13190.783267622512
13104.337478015943
13104.337478015943
13104.337478015943
12872.620569144206
12610.950486221527
12610.950486221527
12610.950486221527
12610.950486221527
12610.950486221527
12470.257198694255
12460.98379813214
12340.36966641364
12340.36966641364
12275.865589840538
12275.865589840538
12275.865589840538
12275.865589840538
12268.694746059806
12076.78878595138
11871.23615478487
11871.23615478487
11871.23615478487
11831.013660842538
11831.013660842538
11831.013660842538
11831.013660842538
11757.202496240487
11491.414441824978
11391.318420007798
11370.315221639303
10873.827006934842
10873.827006934842
10824.924428192202
10824.924428192202
10703.673969576537
10703.673969576537
10609.943593492453
10609.943593492453
10609.943593492453
10609.943593492453
10609.943593492453
10318.976171836683
10318.976171836683
10318.976171836683
10026.11490254236
10026.11490254236
9992.178054616857
9831.398906183307
9827.447534808229
9827.447534808229
9778.385385852685
9423.207491077479
9423.207491077479
9423.207491077479
9423.207491077479
9423.207491077479
9421.104242443012
9421.104242443012
9161.531966024706
8829.834403393526
8829.834403393526
8829.462147588707
8829.462147588707
8829.462147588707
8829.462147588707
8829.462147588707
8716.514233991451
8716.514233991451
8716.514233991451
8359.304894663015
8359.304894663015
8359.304894663015
8339.970718761771
8339.970718761771
8160.3961491166265
8160.3961491166265
8160.3961491166265
7905.656368130298
7905.656368130298
7827.182800011444
7762.75442996549
7762.75442996549
7613.458436380226
7468.867155085542
7295.143137431308
7285.68976285453
7285.68976285453
7285.68976285453
7285.68976285453
7285.68976285453
7285.68976285453
7285.68976285453
7249.378345968007
7249.378345968007
7249.378345968007
7127.234182634888
6923.278925807605
6829.769474458395
6829.769474458395
6666.779589698909
6577.835939241603
6577.835939241603
6577.835939241603
6488.086908791889
6488.086908791889
6488.086908791889
6313.700222953513
5954.5119144850605
5718.321033631086
5710.64605129831
5710.64605129831
5710.64605129831
5710.64605129831
5690.885281618147
5690.885281618147
5676.049660193974
5661.384927409801
5575.371320630407
5568.802247077037
5511.886020007279
5511.886020007279
5511.886020007279
5504.535366333155
5360.918845902933
5360.918845902933
5317.646340784501
5081.408969168079
5032.075371949014
5011.913218978635
5011.913218978635
4833.746135032061
4809.561289779439
4573.593833409597
4573.593833409597
4573.593833409597
4573.593833409597
4573.593833409597
4538.082470201581
4538.082470201581
4487.061966605501
4487.061966605501
4487.061966605501
4393.891770154755
4393.891770154755
4380.445125565716
4380.445125565716
4318.280201154939
4318.280201154939
4318.280201154939
4318.280201154939
4307.545788264295
4216.50759009738
4216.50759009738
4216.50759009738
4156.6723440755495
4156.6723440755495
4156.6723440755495
3973.818895717162
3963.743489487216
3893.569248748566
3638.962524131332
3419.350527732197
3274.8817222700472
3151.769325170031
3083.422717578939
3083.422717578939
2903.0683700125137
2903.0683700125137
2766.7023919947333
2715.9297061979055
2715.9297061979055
2651.7039864566536
2651.3323926925987
2651.3323926925987
2544.3043769529327
2544.3043769529327
2450.503515611997
2450.503515611997
2357.7521544396554
2357.7521544396554
2357.7521544396554
2357.7521544396554
2332.8115082642857
2228.121951476648
2212.1300668822105
2212.1300668822105
2212.1300668822105
2191.151208864211
2131.7977991894572
2131.7977991894572
2131.7977991894572
2128.9810780685675
2068.1682892760164
1974.9652339462975
1974.9652339462975
1974.9652339462975
1974.9652339462975
1926.9321266381496
1843.5343849274773
1831.8309666983616
1743.42846369294
1709.3229311251805
1600.2050246199258
1549.875241246665
1549.875241246665
1549.875241246665
1488.1130471010863
1488.1130471010863
1488.1130471010863
1459.5563515947738
1459.5563515947738
1459.5563515947738
1450.593758124465
1450.593758124465
1395.1614166056488
1395.1614166056488
1395.1614166056488
1350.7011928737966
1333.4961422110966
1291.9122473240552
1291.9122473240552
1240.406037297152
1240.406037297152
1240.406037297152
1228.1224216613975
1228.1224216613975
1228.1224216613975
1228.1224216613975
1192.8989338753347
1181.8055321425659
1169.4974296514
1133.568291390579
1133.568291390579
1036.720026363335
1036.720026363335
1019.6743104281725
1019.6743104281725
1019.6743104281725
1019.6743104281725
1019.6743104281725
985.1312603195227
985.1312603195227
985.1312603195227
985.1312603195227
985.1312603195227
842.1588287704385
756.4495915998707
756.4495915998707
756.4495915998707
756.4495915998707
756.4495915998707
681.4987350106157
681.4987350106157
643.3638388527113
588.6189202141369
588.6189202141369
588.6189202141369
588.6189202141369
539.1094641619903
532.36360457553
447.4798398064421
447.4798398064421
427.5672764794521
427.5672764794521
427.5672764794521
427.5672764794521
401.76389491085007
383.92461280674877
372.96613387933667
353.84734026694525
353.84734026694525
304.1994651503359
302.5537855360623
302.5537855360623
302.5537855360623
268.70305402771663
268.70305402771663
261.263198387231
261.263198387231
261.263198387231
261.14371577841126
261.14371577841126
261.14371577841126
261.14371577841126
261.14371577841126
261.14371577841126
259.4703117884689
249.8577191244478
249.8577191244478
249.8577191244478
249.8577191244478
249.8577191244478
240.55377998660398
240.55377998660398
240.55377998660398
196.29828276510793
194.49237369579225
194.49237369579225
194.49237369579225
194.49237369579225
194.49237369579225
194.49237369579225
194.49237369579225
154.1539591827741
131.88034132355827
131.88034132355827
117.09124065278937
102.75471708852999
102.75471708852999
102.75471708852999
102.75471708852999
102.75471708852999
102.75471708852999
71.05674983905583
71.05674983905583
71.05674983905583
69.2596011387966
69.2596011387966
69.2596011387966
69.2596011387966
69.2596011387966
68.80970324422833
68.80970324422833
68.00745664085002
68.00745664085002
68.00745664085002
68.00745664085002
65.32226445285117
60.91657534808673
60.91657534808673
60.91657534808673
60.91657534808673
38.76069323178984
38.76069323178984
37.01515470213521
37.01515470213521
37.01515470213521
37.01515470213521
37.01515470213521
33.514204221684714
33.514204221684714
33.514204221684714
25.749467495131604
25.749467495131604
25.749467495131604
25.749467495131604
25.749467495131604
25.749467495131604
25.749467495131604
25.749467495131604
25.749467495131604
25.749467495131604
25.749467495131604
25.749467495131604
25.749467495131604
25.749467495131604
25.749467495131604
22.467992297245377
22.467992297245377
16.30389827533991
16.30389827533991
16.30389827533991
16.30389827533991
16.30389827533991
16.30389827533991
16.30389827533991
16.30389827533991
16.30389827533991
16.30389827533991
16.30389827533991
16.30389827533991
16.30389827533991
16.30389827533991
16.30389827533991
16.30389827533991
16.30389827533991
16.30389827533991
16.30389827533991
16.30389827533991
16.30389827533991
16.30389827533991
13.44344506667736
13.44344506667736
13.44344506667736
13.44344506667736
12.65824959761855
10.648515676516551
10.648515676516551
10.648515676516551
10.648515676516551
10.648515676516551
10.648515676516551
10.648515676516551
10.648515676516551
10.648515676516551
10.648515676516551
10.648515676516551
10.648515676516551
10.648515676516551
10.648515676516551
10.648515676516551
10.648515676516551
10.648515676516551
10.648515676516551
10.648515676516551
10.648515676516551
10.648515676516551
10.648515676516551
7.324356238016758
7.324356238016758
7.324356238016758
7.324356238016758
7.324356238016758
7.324356238016758
7.324356238016758
7.324356238016758
7.324356238016758
7.324356238016758
6.7298650587732105
6.7298650587732105
6.7298650587732105
6.7298650587732105
6.7298650587732105
6.7298650587732105
6.7298650587732105
6.7298650587732105
6.7298650587732105
6.7298650587732105
6.7298650587732105
6.7298650587732105
6.7298650587732105
6.7298650587732105
6.7298650587732105
6.7298650587732105
6.7298650587732105
6.7298650587732105
6.7298650587732105
6.7298650587732105
6.7298650587732105
6.7298650587732105
6.7298650587732105
6.7298650587732105
6.7298650587732105
6.7298650587732105
6.7298650587732105
6.7298650587732105
6.7298650587732105
6.7298650587732105
6.7298650587732105
6.7298650587732105
6.7298650587732105
6.7298650587732105
6.7298650587732105
6.7298650587732105
6.7298650587732105
6.7298650587732105
6.7298650587732105
6.7298650587732105
6.7298650587732105
6.7298650587732105
6.7298650587732105
6.7298650587732105
6.7298650587732105
6.7298650587732105
6.7298650587732105
6.7298650587732105
6.7298650587732105
6.7298650587732105
6.7298650587732105
6.7298650587732105
6.7298650587732105
6.7298650587732105
6.7298650587732105
6.7298650587732105
6.7298650587732105
6.7298650587732105
6.7298650587732105
6.7298650587732105
6.7298650587732105
6.7298650587732105
6.7298650587732105
6.7298650587732105
6.7298650587732105
6.7298650587732105
6.7298650587732105
5.5001398929844525
5.5001398929844525
5.5001398929844525
5.5001398929844525
5.5001398929844525
5.5001398929844525
5.5001398929844525
5.5001398929844525
5.5001398929844525
5.5001398929844525
5.5001398929844525
5.5001398929844525
5.5001398929844525
5.5001398929844525
5.5001398929844525
5.5001398929844525
5.5001398929844525
5.5001398929844525
5.5001398929844525
5.5001398929844525
5.5001398929844525
5.5001398929844525
5.5001398929844525
5.5001398929844525
5.5001398929844525
5.5001398929844525
5.5001398929844525
5.5001398929844525
5.5001398929844525
5.5001398929844525
5.5001398929844525
5.5001398929844525
5.5001398929844525
5.5001398929844525
5.5001398929844525
5.5001398929844525
5.5001398929844525
5.5001398929844525
5.5001398929844525
5.5001398929844525
5.5001398929844525
5.5001398929844525
5.5001398929844525
5.5001398929844525
5.5001398929844525
5.5001398929844525
5.5001398929844525
5.5001398929844525
5.5001398929844525
5.5001398929844525
5.5001398929844525
5.5001398929844525
5.5001398929844525
5.5001398929844525
5.5001398929844525
5.5001398929844525
5.5001398929844525
5.5001398929844525
5.5001398929844525
5.5001398929844525
5.5001398929844525
5.5001398929844525
5.5001398929844525
5.5001398929844525
5.5001398929844525
5.5001398929844525
5.5001398929844525
5.5001398929844525
5.5001398929844525
5.5001398929844525
5.5001398929844525
5.5001398929844525
5.5001398929844525
5.5001398929844525
5.5001398929844525
5.5001398929844525
5.5001398929844525
5.5001398929844525
5.310179671639625
5.310179671639625
5.310179671639625
5.310179671639625
5.310179671639625
5.310179671639625
5.310179671639625
5.310179671639625
5.310179671639625
5.310179671639625
5.310179671639625
5.310179671639625
5.310179671639625
5.310179671639625
5.310179671639625
5.310179671639625
5.310179671639625
5.310179671639625
5.310179671639625
5.310179671639625
5.310179671639625
5.310179671639625
5.310179671639625
5.310179671639625
5.310179671639625
4.032199605054389
4.032199605054389
4.032199605054389
4.032199605054389
4.032199605054389
4.032199605054389
4.032199605054389
4.032199605054389
4.032199605054389
4.032199605054389
4.032199605054389
4.032199605054389
4.032199605054389
4.032199605054389
4.032199605054389
4.032199605054389
4.032199605054389
4.032199605054389
4.032199605054389
4.032199605054389
4.032199605054389
4.032199605054389
4.032199605054389
3.69680773427704
3.69680773427704
3.69680773427704
3.69680773427704
3.69680773427704
3.69680773427704
3.69680773427704
3.69680773427704
3.69680773427704
3.69680773427704
3.69680773427704
3.69680773427704
3.69680773427704
3.69680773427704
3.69680773427704
3.69680773427704
3.69680773427704
3.69680773427704
3.69680773427704
3.69680773427704
3.69680773427704
3.69680773427704
3.69680773427704
3.69680773427704
3.69680773427704
3.69680773427704
3.69680773427704
3.69680773427704
3.69680773427704
3.69680773427704
3.69680773427704
3.69680773427704
3.69680773427704
3.69680773427704
3.69680773427704
3.69680773427704
3.69680773427704
3.69680773427704
3.69680773427704
3.69680773427704
3.69680773427704
3.69680773427704
3.69680773427704
3.69680773427704
3.69680773427704
3.69680773427704
3.69680773427704
3.69680773427704
3.69680773427704
3.69680773427704
3.69680773427704
3.69680773427704
3.69680773427704
3.69680773427704
3.69680773427704
3.69680773427704
3.69680773427704
3.69680773427704
3.69680773427704
3.69680773427704
3.69680773427704
3.69680773427704
3.69680773427704
3.69680773427704
3.69680773427704
3.69680773427704
3.69680773427704
3.69680773427704
3.69680773427704
3.69680773427704
3.69680773427704
3.69680773427704
3.69680773427704
3.69680773427704
3.69680773427704
3.69680773427704
3.69680773427704
3.69680773427704
3.69680773427704
3.69680773427704
3.69680773427704
3.5663735815712907
3.5663735815712907
3.5663735815712907
3.5663735815712907
3.5663735815712907
3.5663735815712907
3.5663735815712907
3.5663735815712907
3.5663735815712907
3.5663735815712907
3.5663735815712907
3.5663735815712907
3.5663735815712907
3.5663735815712907
3.5663735815712907
3.5663735815712907
3.5663735815712907
3.5663735815712907
3.5663735815712907
3.5663735815712907
3.5663735815712907
3.5663735815712907
3.5663735815712907
3.5663735815712907
3.5663735815712907
3.5663735815712907
3.5663735815712907
3.5663735815712907
3.5663735815712907
3.5663735815712907
3.5663735815712907
3.5663735815712907
3.5663735815712907
3.5663735815712907
3.5663735815712907
3.5663735815712907
3.5663735815712907
3.5663735815712907
3.5663735815712907
3.5663735815712907
3.5663735815712907
3.5663735815712907
3.5663735815712907
3.5663735815712907
3.5663735815712907
3.5663735815712907
3.5663735815712907
3.5663735815712907
3.5663735815712907
3.5663735815712907
3.5663735815712907
3.5663735815712907
3.5663735815712907
3.5663735815712907
3.5663735815712907
3.5663735815712907
3.5663735815712907
3.5663735815712907
3.5663735815712907
3.5663735815712907
3.5663735815712907
3.5663735815712907
3.5663735815712907
3.5663735815712907
3.5663735815712907
3.5663735815712907
3.5663735815712907
3.5663735815712907
3.5663735815712907
3.5663735815712907
3.5663735815712907
3.5663735815712907
3.5663735815712907
3.5663735815712907
3.5663735815712907
3.5663735815712907
3.5663735815712907
3.5663735815712907
3.5663735815712907
3.5663735815712907
3.5663735815712907
3.5663735815712907
3.5663735815712907
3.5663735815712907
3.5663735815712907
3.5663735815712907
3.5663735815712907
3.5663735815712907
3.5663735815712907
3.5663735815712907
3.5663735815712907
3.5663735815712907
3.5663735815712907
3.5663735815712907
3.5663735815712907
3.5663735815712907
3.5663735815712907
3.5663735815712907
3.5663735815712907
3.5663735815712907
3.5663735815712907
3.5663735815712907
3.5663735815712907
3.5663735815712907
3.5663735815712907
3.5663735815712907
3.5663735815712907
3.5663735815712907
3.5663735815712907
3.5663735815712907
3.5663735815712907
3.5663735815712907
3.5663735815712907
3.5663735815712907
3.5663735815712907
3.5663735815712907
3.5663735815712907
3.5663735815712907
3.5663735815712907
3.5663735815712907
3.5663735815712907
3.5663735815712907
3.5663735815712907
3.5663735815712907
3.5663735815712907
3.5663735815712907
3.5663735815712907
3.5663735815712907
3.5663735815712907
3.5663735815712907
3.5663735815712907
3.5663735815712907
3.5663735815712907
3.5663735815712907
3.5663735815712907
3.5663735815712907
3.5663735815712907
3.5663735815712907
3.5663735815712907
3.5663735815712907
3.5663735815712907
3.5663735815712907
3.5663735815712907
3.5663735815712907
3.5663735815712907
3.5663735815712907
3.5663735815712907
3.5663735815712907
3.5663735815712907
3.5663735815712907
3.5663735815712907
3.5663735815712907
3.5663735815712907
3.5663735815712907
3.5663735815712907
3.5663735815712907
3.5663735815712907
3.5663735815712907
3.5663735815712907
3.5663735815712907
3.5663735815712907
3.5663735815712907
3.5663735815712907
3.5663735815712907
3.5663735815712907
3.5663735815712907
3.5663735815712907
3.5663735815712907
3.5663735815712907
3.5663735815712907
3.5663735815712907
3.5663735815712907
3.5663735815712907
3.5663735815712907
3.5663735815712907
3.5663735815712907
3.5663735815712907
3.5663735815712907
3.5663735815712907
3.5663735815712907
3.5663735815712907
3.5663735815712907
3.5663735815712907
3.5663735815712907
3.5663735815712907
3.5663735815712907
3.5663735815712907
3.5663735815712907
3.5663735815712907
3.5663735815712907
3.5663735815712907
3.5663735815712907
3.5663735815712907
3.5663735815712907
3.5663735815712907
3.5663735815712907
3.5663735815712907
3.5663735815712907
3.5663735815712907
3.5663735815712907
3.5663735815712907
3.5663735815712907
3.5663735815712907
3.5663735815712907
3.5663735815712907
3.5663735815712907
3.5663735815712907
3.5663735815712907
3.5663735815712907
3.5663735815712907
3.5663735815712907
3.5663735815712907
3.5663735815712907
3.5663735815712907
3.5663735815712907
3.5663735815712907
3.5663735815712907
3.5663735815712907
3.5663735815712907
3.5663735815712907
3.5663735815712907
3.5663735815712907
3.5663735815712907
3.5663735815712907
3.5663735815712907
3.5663735815712907
3.5663735815712907
3.5663735815712907
3.5663735815712907
3.5663735815712907
3.5663735815712907
3.5663735815712907
3.5663735815712907
3.5663735815712907
3.5663735815712907
3.5663735815712907
3.5663735815712907
3.5663735815712907
3.5663735815712907
3.5663735815712907
3.5663735815712907
3.5663735815712907
3.5663735815712907
3.5663735815712907
3.5663735815712907
3.5663735815712907
3.5663735815712907
3.5663735815712907
3.5663735815712907
3.5663735815712907
3.5663735815712907
3.5663735815712907
3.5663735815712907
3.5663735815712907
3.5663735815712907
3.5663735815712907
3.5663735815712907
3.5663735815712907
3.5663735815712907
3.5663735815712907
3.5663735815712907
3.5663735815712907
3.5663735815712907
3.5663735815712907
3.5663735815712907
3.5663735815712907
3.5663735815712907
3.5663735815712907
3.5663735815712907
3.5663735815712907
3.5663735815712907
3.5663735815712907
3.5663735815712907
3.5663735815712907
3.5663735815712907
3.5663735815712907
3.5663735815712907
3.5663735815712907
3.5663735815712907
3.5663735815712907
3.5663735815712907
3.5663735815712907
3.5663735815712907
3.5663735815712907
3.5663735815712907
3.5663735815712907
3.5663735815712907
3.5663735815712907
3.5663735815712907
3.5663735815712907
3.5663735815712907
3.5663735815712907
3.5663735815712907
3.5663735815712907
3.5663735815712907
3.5663735815712907
3.5663735815712907
3.5663735815712907
3.5663735815712907
3.5663735815712907
3.5663735815712907
3.5663735815712907
3.5663735815712907
3.5663735815712907
3.5663735815712907
3.5663735815712907
3.5663735815712907
3.2622354001851943
3.2622354001851943
3.2622354001851943
3.2622354001851943
3.2622354001851943
3.2622354001851943
3.2622354001851943
3.2622354001851943
3.2622354001851943
3.2622354001851943
3.2622354001851943
3.2622354001851943
3.2622354001851943
3.2622354001851943
2.7831018939933294
2.7831018939933294
2.7831018939933294
2.7831018939933294
2.7831018939933294
2.7831018939933294
2.7831018939933294
2.7831018939933294
2.7831018939933294
2.7831018939933294
2.7831018939933294
2.7831018939933294
2.7831018939933294
2.7831018939933294
2.7831018939933294
2.7831018939933294
2.7831018939933294
2.7831018939933294
2.7831018939933294
2.7831018939933294
2.7831018939933294
2.7831018939933294
2.7831018939933294
2.7831018939933294
2.7831018939933294
2.7831018939933294
2.7831018939933294
2.7831018939933294
2.7831018939933294
2.7831018939933294
2.7831018939933294
2.7831018939933294
2.7831018939933294
2.7831018939933294
2.7831018939933294
2.7831018939933294
2.7831018939933294
2.7831018939933294
2.7831018939933294
2.7831018939933294
2.7831018939933294
2.7831018939933294
2.7831018939933294
2.7831018939933294
2.7831018939933294
2.7831018939933294
2.7831018939933294
2.7831018939933294
2.7831018939933294
2.7831018939933294
2.7831018939933294
2.7831018939933294
2.7831018939933294
2.7831018939933294
2.7831018939933294
2.7831018939933294
2.7831018939933294
2.7831018939933294
2.7831018939933294
2.7831018939933294
2.7831018939933294
2.7831018939933294
2.7831018939933294
2.7831018939933294
2.7831018939933294
2.7831018939933294
2.2540656816840863
2.2540656816840863
2.2540656816840863
2.2540656816840863
2.2540656816840863
2.2540656816840863
2.2540656816840863
2.2540656816840863
2.2540656816840863
2.2540656816840863
2.2540656816840863
2.2540656816840863
2.2540656816840863
2.2540656816840863
2.2540656816840863
2.2540656816840863
2.2540656816840863
2.2540656816840863
2.2540656816840863
2.2540656816840863
2.2540656816840863
2.2540656816840863
2.2540656816840863
2.2540656816840863
2.2540656816840863
2.2540656816840863
2.2540656816840863
2.2540656816840863
2.2540656816840863
2.2540656816840863
2.2540656816840863
2.2540656816840863
2.2540656816840863
2.2540656816840863
2.2540656816840863
2.2540656816840863
2.2540656816840863
2.2540656816840863
2.2540656816840863
2.2540656816840863
2.2540656816840863
2.2540656816840863
2.2540656816840863
2.2540656816840863
2.2540656816840863
2.2540656816840863
2.2540656816840863
2.2540656816840863
2.2540656816840863
2.2540656816840863
2.2540656816840863
2.2540656816840863
2.2540656816840863
2.2540656816840863
2.2540656816840863
2.2540656816840863
2.2540656816840863
2.2540656816840863
2.2540656816840863
2.2540656816840863
2.2540656816840863
2.2540656816840863
2.2540656816840863
2.2540656816840863
2.2540656816840863
2.2540656816840863
2.2540656816840863
2.2540656816840863
2.2540656816840863
2.2540656816840863
2.2540656816840863
2.2540656816840863
2.2540656816840863
2.2540656816840863
2.2540656816840863
2.2540656816840863
2.2540656816840863
2.2540656816840863
2.2540656816840863
2.2540656816840863
2.2540656816840863
2.2540656816840863
2.2540656816840863
2.2540656816840863
2.2540656816840863
2.2540656816840863
2.2540656816840863
2.2540656816840863
2.2540656816840863
2.2540656816840863
2.2540656816840863
2.2540656816840863
2.2540656816840863
2.2540656816840863
2.2540656816840863
2.2540656816840863
2.2540656816840863
2.2540656816840863
2.2540656816840863
2.2540656816840863
2.2540656816840863
2.2540656816840863
2.2540656816840863
2.2540656816840863
2.2540656816840863
2.2540656816840863
2.2540656816840863
2.2540656816840863
2.2540656816840863
2.2540656816840863
2.2540656816840863
2.2540656816840863
2.2540656816840863
2.2540656816840863
2.2540656816840863
2.2540656816840863
2.2540656816840863
2.2540656816840863
2.2540656816840863
2.2540656816840863
2.2540656816840863
2.2540656816840863
2.2540656816840863
2.2540656816840863
2.2540656816840863
2.2540656816840863
2.2540656816840863
2.2540656816840863
2.2540656816840863
2.2540656816840863
2.2540656816840863
2.2540656816840863
2.2540656816840863
2.2540656816840863
2.2540656816840863
2.2540656816840863
2.2540656816840863
2.2540656816840863
2.2540656816840863
2.2540656816840863
2.2540656816840863
2.2540656816840863
2.2540656816840863
2.2540656816840863
2.2540656816840863
2.2540656816840863
2.2540656816840863
2.2540656816840863
2.2540656816840863
2.2540656816840863
2.2540656816840863
2.2540656816840863
2.2540656816840863
2.2540656816840863
2.2540656816840863
2.2540656816840863
2.2540656816840863
2.2540656816840863
2.2540656816840863
2.2540656816840863
2.2540656816840863
2.2540656816840863
2.2540656816840863
2.2540656816840863
2.2540656816840863
2.2540656816840863
2.2540656816840863
2.2540656816840863
2.2540656816840863
2.2540656816840863
2.2540656816840863
2.2540656816840863
2.2540656816840863
2.2540656816840863
2.2540656816840863
2.2540656816840863
2.2540656816840863
2.2540656816840863
2.2540656816840863
2.2540656816840863
2.2540656816840863
2.2540656816840863
2.2540656816840863
2.2540656816840863
2.2540656816840863
2.2540656816840863
2.2540656816840863
2.2540656816840863
2.2540656816840863
2.2540656816840863
2.2540656816840863
2.2540656816840863
2.2540656816840863
2.2540656816840863
2.2540656816840863
2.2540656816840863
2.2540656816840863
2.2540656816840863
2.2540656816840863
2.2540656816840863
2.2540656816840863
2.2540656816840863
2.2540656816840863
2.2540656816840863
2.2540656816840863
2.2540656816840863
2.2540656816840863
2.2540656816840863
2.2540656816840863
2.2540656816840863
2.2540656816840863
2.2540656816840863
2.2540656816840863
2.2540656816840863
2.2540656816840863
2.2540656816840863
2.2540656816840863
2.2540656816840863
2.2540656816840863
2.2540656816840863
2.2540656816840863
2.2540656816840863
2.2540656816840863
2.2540656816840863
2.2540656816840863
2.2540656816840863
2.2540656816840863
2.2540656816840863
2.2540656816840863
2.2540656816840863
2.2540656816840863
2.2540656816840863
2.2540656816840863
2.2540656816840863
2.2540656816840863
2.2540656816840863
2.2540656816840863
2.2540656816840863
2.2540656816840863
2.2540656816840863
2.2540656816840863
2.2540656816840863
2.2540656816840863
2.2540656816840863
2.2540656816840863
2.2540656816840863
2.2540656816840863
2.2540656816840863
2.2540656816840863
2.2540656816840863
2.2540656816840863
2.2540656816840863
2.2540656816840863
2.2540656816840863
2.2540656816840863
2.2540656816840863
2.2540656816840863
2.2540656816840863
2.2540656816840863
2.2540656816840863
2.2540656816840863
2.2540656816840863
2.2540656816840863
2.2540656816840863
2.2540656816840863
2.2540656816840863
2.2540656816840863
2.2540656816840863
2.2540656816840863
2.2540656816840863
2.2540656816840863
2.2540656816840863
2.2540656816840863
2.2540656816840863
2.2540656816840863
2.2540656816840863
2.2540656816840863
2.2540656816840863
2.2540656816840863
2.2540656816840863
2.2540656816840863
2.2540656816840863
2.2540656816840863
2.2540656816840863
2.2540656816840863
2.2540656816840863
2.2540656816840863
2.2540656816840863
2.2540656816840863
2.2540656816840863
2.2540656816840863
2.2540656816840863
2.2540656816840863
2.2540656816840863
2.2540656816840863
2.2540656816840863
2.2540656816840863
2.2540656816840863
2.2540656816840863
2.2540656816840863
2.2540656816840863
2.2540656816840863
2.2540656816840863
2.2540656816840863
2.2540656816840863
2.2540656816840863
2.2540656816840863
2.2540656816840863
2.2540656816840863
2.2540656816840863
2.2540656816840863
2.2540656816840863
2.2540656816840863
2.2540656816840863
2.2540656816840863
2.2540656816840863
2.2540656816840863
2.2540656816840863
2.2540656816840863
2.2540656816840863
2.2540656816840863
2.2540656816840863
2.2540656816840863
2.2540656816840863
2.2540656816840863
2.2540656816840863
2.2540656816840863
2.2540656816840863
2.2540656816840863
2.2540656816840863
2.2540656816840863
2.2540656816840863
2.2540656816840863
2.2540656816840863
2.2540656816840863
2.2540656816840863
2.2540656816840863
2.2540656816840863
2.2540656816840863
2.2540656816840863
2.2540656816840863
2.2540656816840863
2.2540656816840863
2.2540656816840863
2.2540656816840863
2.2540656816840863
2.2540656816840863
2.2540656816840863
2.2540656816840863
2.2540656816840863
2.2540656816840863
2.2540656816840863
2.2540656816840863
2.2540656816840863
2.2540656816840863
2.2540656816840863
2.2540656816840863
2.2540656816840863
2.2540656816840863
2.2540656816840863
2.2540656816840863
2.2540656816840863
2.2540656816840863
2.2540656816840863
2.2540656816840863
2.2540656816840863
2.2540656816840863
2.2540656816840863
2.2540656816840863
2.2540656816840863
2.2540656816840863
2.2540656816840863
2.2540656816840863
2.2540656816840863
2.2540656816840863
2.2540656816840863
2.2540656816840863
2.2540656816840863
2.2540656816840863
2.2540656816840863
2.2540656816840863
2.2540656816840863
2.2540656816840863
2.2540656816840863
2.2540656816840863
2.2540656816840863
2.2540656816840863
2.2540656816840863
2.2540656816840863
2.2540656816840863
2.2540656816840863
2.2540656816840863
2.2540656816840863
2.2540656816840863
2.2540656816840863
2.2540656816840863
2.2540656816840863
2.2540656816840863
2.2540656816840863
2.2540656816840863
2.2540656816840863
2.2540656816840863
2.2540656816840863
2.2540656816840863
2.2540656816840863
2.2540656816840863
2.2540656816840863
2.2540656816840863
2.2540656816840863
2.2540656816840863
2.2540656816840863
2.2540656816840863
2.2540656816840863
2.2540656816840863
2.2540656816840863
2.2540656816840863
2.2540656816840863
2.2540656816840863
2.2540656816840863
2.2540656816840863
2.2540656816840863
2.2540656816840863
2.2540656816840863
2.2540656816840863
2.2540656816840863
2.2540656816840863
2.2540656816840863
2.2540656816840863
2.2540656816840863
2.2540656816840863
2.2540656816840863
2.2540656816840863
2.2540656816840863
2.2540656816840863
2.2540656816840863
2.2540656816840863
2.2540656816840863
2.2540656816840863
2.2540656816840863
2.2540656816840863
2.2540656816840863
2.2540656816840863
2.2540656816840863
2.2540656816840863
2.2540656816840863
2.2540656816840863
2.2540656816840863
2.2540656816840863
2.2540656816840863
2.2540656816840863
2.2540656816840863
2.2540656816840863
2.2540656816840863
2.2540656816840863
2.2540656816840863
2.2540656816840863
2.2540656816840863
2.2540656816840863
2.2540656816840863
2.2540656816840863
2.2540656816840863
2.2540656816840863
2.2540656816840863
2.2540656816840863
2.2540656816840863
2.2540656816840863
2.2540656816840863
2.2540656816840863
2.2540656816840863
2.2540656816840863
2.2540656816840863
2.2540656816840863
2.2540656816840863
2.2540656816840863
2.2540656816840863
2.2540656816840863
2.2540656816840863
2.2540656816840863
2.2540656816840863
2.2540656816840863
2.2540656816840863
2.2540656816840863
2.2540656816840863
2.2540656816840863
2.2540656816840863
2.2540656816840863
2.2540656816840863
2.2540656816840863
2.2540656816840863
2.2540656816840863
2.2540656816840863
2.2540656816840863
2.2540656816840863
2.2540656816840863
2.2540656816840863
2.2540656816840863
2.2540656816840863
2.2540656816840863
2.2540656816840863
2.2540656816840863
2.2540656816840863
2.2540656816840863
2.2540656816840863
2.2540656816840863
2.2540656816840863
2.2540656816840863
2.2540656816840863
2.2540656816840863
2.2540656816840863
2.2540656816840863
2.2540656816840863
2.2540656816840863
2.2540656816840863
2.2540656816840863
2.2540656816840863
2.2540656816840863
2.2540656816840863
2.2540656816840863
2.2540656816840863
2.2540656816840863
2.2540656816840863
2.2540656816840863
2.2540656816840863
2.2540656816840863
2.2540656816840863
2.2540656816840863
2.2540656816840863
2.2540656816840863
2.2540656816840863
2.2540656816840863
2.2540656816840863
2.2540656816840863
2.2540656816840863
2.2540656816840863
2.2540656816840863
2.2540656816840863
2.2540656816840863
2.2540656816840863
2.2540656816840863
2.2540656816840863
2.2540656816840863
2.2540656816840863
2.2540656816840863
2.2540656816840863
2.2540656816840863
2.2540656816840863
2.2540656816840863
2.2540656816840863
2.2540656816840863
2.2540656816840863
2.2540656816840863
2.2540656816840863
2.2540656816840863
2.2540656816840863
2.2540656816840863
2.2540656816840863
2.2540656816840863
2.2540656816840863
2.2540656816840863
2.2540656816840863
2.2540656816840863
2.2540656816840863
2.2540656816840863
2.2540656816840863
2.2540656816840863
2.2540656816840863
2.2540656816840863
2.2540656816840863
2.2540656816840863
2.2540656816840863
2.2540656816840863
2.2540656816840863
2.2540656816840863
2.2540656816840863
2.2540656816840863
2.2540656816840863
2.2540656816840863
2.2540656816840863
2.2540656816840863
2.2540656816840863
2.2540656816840863
2.2540656816840863
2.2540656816840863
2.2540656816840863
2.2540656816840863
2.2540656816840863
2.2540656816840863
2.2540656816840863
2.2540656816840863
2.2540656816840863
2.2540656816840863
2.2540656816840863
2.2540656816840863
2.2540656816840863
2.2540656816840863
2.2540656816840863
2.2540656816840863
2.2540656816840863
2.2540656816840863
2.2540656816840863
2.2540656816840863
2.2540656816840863
2.2540656816840863
2.2540656816840863
2.2540656816840863
2.2540656816840863
2.2540656816840863
2.2540656816840863
2.2540656816840863
2.2540656816840863
2.2540656816840863
2.2540656816840863
2.2540656816840863
2.2540656816840863
2.2540656816840863
1.5887114389521255
1.5887114389521255
1.5887114389521255
1.5887114389521255
1.5887114389521255
1.5887114389521255
1.5887114389521255
1.5887114389521255
1.5887114389521255
1.5887114389521255
1.5887114389521255
1.5887114389521255
1.5887114389521255
1.5887114389521255
1.5887114389521255
1.5887114389521255
1.5887114389521255
1.5887114389521255
1.5887114389521255
1.5887114389521255
1.5887114389521255
1.5887114389521255
1.5887114389521255
1.5887114389521255
1.5887114389521255
1.5887114389521255
1.5887114389521255
1.5887114389521255
1.5887114389521255
1.5887114389521255
1.5887114389521255
1.5887114389521255
1.5887114389521255
1.5887114389521255
1.5887114389521255
1.5887114389521255
1.5887114389521255
1.5887114389521255
1.5887114389521255
1.5887114389521255
1.5887114389521255
1.5887114389521255
1.5887114389521255
1.5887114389521255
1.5887114389521255
1.5887114389521255
1.5887114389521255
1.5887114389521255
1.5887114389521255
1.5887114389521255
1.5887114389521255
1.5887114389521255
1.5887114389521255
1.5887114389521255
1.5887114389521255
1.5887114389521255
1.5887114389521255
1.5887114389521255
1.5887114389521255
1.5887114389521255
1.5887114389521255
1.5887114389521255
1.5887114389521255
1.5887114389521255
1.5887114389521255
1.5887114389521255
1.5887114389521255
1.5887114389521255
1.5887114389521255
1.5887114389521255
1.5887114389521255
1.5887114389521255
1.5887114389521255
1.5887114389521255
1.5887114389521255
1.5887114389521255
1.5887114389521255
1.5887114389521255
1.5887114389521255
1.5887114389521255
1.5887114389521255
1.5887114389521255
1.5887114389521255
1.5887114389521255
1.5887114389521255
1.5887114389521255
1.5887114389521255
1.5887114389521255
1.5887114389521255
1.5887114389521255
1.5887114389521255
1.5887114389521255
1.5887114389521255
1.5887114389521255
1.5887114389521255
1.5887114389521255
1.5887114389521255
1.5887114389521255
1.5887114389521255
1.5887114389521255
1.5887114389521255
1.5887114389521255
1.5887114389521255
1.5887114389521255
1.5887114389521255
1.5887114389521255
1.5887114389521255
1.5887114389521255
1.5887114389521255
1.5887114389521255
1.5887114389521255
1.5887114389521255
1.5887114389521255
1.5887114389521255
1.5887114389521255
1.5887114389521255
1.5887114389521255
1.5887114389521255
1.5887114389521255
1.5887114389521255
1.5887114389521255
1.5887114389521255
1.5887114389521255
1.5887114389521255
1.5887114389521255
1.5887114389521255
1.5887114389521255
1.5887114389521255
1.5887114389521255
1.5887114389521255
1.5887114389521255
1.5887114389521255
1.5887114389521255
1.5887114389521255
1.5887114389521255
1.5887114389521255
1.5887114389521255
1.5887114389521255
1.5887114389521255
1.5887114389521255
1.5887114389521255
1.5887114389521255
1.5887114389521255
1.5887114389521255
1.5887114389521255
1.5887114389521255
1.5887114389521255
1.5887114389521255
1.5887114389521255
1.5887114389521255
1.5887114389521255
1.5887114389521255
1.5887114389521255
1.5887114389521255
1.5887114389521255
1.5887114389521255
1.5887114389521255
1.5887114389521255
1.5887114389521255
1.5887114389521255
1.5887114389521255
1.5887114389521255
1.5887114389521255
1.5887114389521255
1.5887114389521255
1.5887114389521255
1.5887114389521255
1.5887114389521255
1.5887114389521255
1.5887114389521255
1.5887114389521255
1.5887114389521255
1.5887114389521255
1.5887114389521255
1.5887114389521255
1.5887114389521255
1.5887114389521255
1.5887114389521255
1.5887114389521255
1.5887114389521255
1.5887114389521255
1.5887114389521255
1.5887114389521255
1.5887114389521255
1.5887114389521255
1.5887114389521255
1.5887114389521255
1.5887114389521255
1.5887114389521255
1.5887114389521255
1.5887114389521255
1.5887114389521255
1.5887114389521255
1.5887114389521255
1.5887114389521255
1.5887114389521255
1.5887114389521255
1.5887114389521255
1.5887114389521255
1.5887114389521255
1.5887114389521255
1.5887114389521255
1.5887114389521255
1.5887114389521255
1.5887114389521255
1.5887114389521255
1.5887114389521255
1.5887114389521255
1.5887114389521255
1.5887114389521255
1.5887114389521255
1.5887114389521255
1.5887114389521255
1.5887114389521255
1.5887114389521255
1.5887114389521255
1.5887114389521255
1.5887114389521255
1.5887114389521255
1.5887114389521255
1.5887114389521255
1.5887114389521255
1.5887114389521255
1.5887114389521255
1.5887114389521255
1.5887114389521255
1.5887114389521255
1.5887114389521255
1.5887114389521255
1.5887114389521255
1.5887114389521255
1.5887114389521255
1.5887114389521255
1.5887114389521255
1.5887114389521255
1.5887114389521255
1.5887114389521255
1.5887114389521255
1.5887114389521255
1.5887114389521255
1.5887114389521255
1.5887114389521255
1.5887114389521255
1.5887114389521255
1.5887114389521255
1.5887114389521255
1.5887114389521255
1.5887114389521255
1.5887114389521255
1.5887114389521255
1.5887114389521255
1.5887114389521255
1.5887114389521255
1.5887114389521255
1.5887114389521255
1.5887114389521255
1.5887114389521255
1.5887114389521255
1.5887114389521255
1.5887114389521255
1.5887114389521255
1.5887114389521255
1.5887114389521255
1.5887114389521255
1.5887114389521255
1.5887114389521255
1.5887114389521255
1.5887114389521255
1.5887114389521255
1.5887114389521255
1.5887114389521255
1.5887114389521255
1.5887114389521255
1.5887114389521255
1.5887114389521255
1.5887114389521255
1.5887114389521255
1.5887114389521255
1.5887114389521255
1.5887114389521255
1.5887114389521255
1.5887114389521255
1.5887114389521255
1.5887114389521255
1.5887114389521255
1.5887114389521255
1.5887114389521255
1.5887114389521255
1.5887114389521255
1.5887114389521255
1.5887114389521255
1.5887114389521255
1.5887114389521255
1.5887114389521255
1.5887114389521255
1.5887114389521255
1.5887114389521255
1.5887114389521255
1.5887114389521255
1.5887114389521255
1.5887114389521255
1.5887114389521255
1.5887114389521255
1.5887114389521255
1.5887114389521255
1.5887114389521255
1.5887114389521255
1.5887114389521255
1.5887114389521255
1.5887114389521255
1.5887114389521255
1.5887114389521255
1.5887114389521255
1.5887114389521255
1.5887114389521255
1.5887114389521255
1.5887114389521255
1.5887114389521255
1.5887114389521255
1.5887114389521255
1.5887114389521255
1.5887114389521255
1.5887114389521255
1.5887114389521255
1.5887114389521255
1.5887114389521255
1.5887114389521255
1.5887114389521255
1.5887114389521255
1.5887114389521255
1.5887114389521255
1.5887114389521255
1.5887114389521255
1.5887114389521255
1.5887114389521255
1.5887114389521255
1.5887114389521255
1.5887114389521255
1.5887114389521255
1.5887114389521255
1.5887114389521255
1.5887114389521255
1.5887114389521255
1.5887114389521255
1.5887114389521255
1.5887114389521255
1.5887114389521255
1.5887114389521255
1.5887114389521255
1.5887114389521255
1.5887114389521255
1.5887114389521255
1.5887114389521255
1.5887114389521255
1.5887114389521255
1.5887114389521255
1.5887114389521255
1.5887114389521255
1.5887114389521255
1.5887114389521255
1.5887114389521255
1.5887114389521255
1.5887114389521255
1.5887114389521255
1.5887114389521255
1.5887114389521255
1.5887114389521255
1.5887114389521255
1.5887114389521255
1.5887114389521255
1.5887114389521255
1.5887114389521255
1.5887114389521255
1.5887114389521255
1.5887114389521255
1.5887114389521255
1.5887114389521255
1.5887114389521255
1.5887114389521255
1.5887114389521255
1.5887114389521255
1.5887114389521255
1.5887114389521255
1.5887114389521255
1.5887114389521255
1.5887114389521255
1.5887114389521255
1.5887114389521255
1.5887114389521255
1.5887114389521255
1.5887114389521255
1.5887114389521255
1.5887114389521255
1.5887114389521255
1.5887114389521255
1.5887114389521255
1.5887114389521255
1.5887114389521255
1.5887114389521255
1.5887114389521255
1.5887114389521255
1.5887114389521255
1.5887114389521255
1.5887114389521255
1.5887114389521255
1.5887114389521255
1.5887114389521255
1.5887114389521255
1.5887114389521255
1.5887114389521255
1.5887114389521255
1.5887114389521255
1.5887114389521255
1.5887114389521255
1.5887114389521255
1.5887114389521255
1.5887114389521255
1.5887114389521255
1.5887114389521255
1.5887114389521255
1.5887114389521255
1.5887114389521255
1.5887114389521255
1.5887114389521255
1.5887114389521255
1.5887114389521255
1.5887114389521255
1.5887114389521255
1.5887114389521255
1.5887114389521255
1.5887114389521255
1.5887114389521255
1.5887114389521255
1.5887114389521255
1.5887114389521255
1.5887114389521255
1.5887114389521255
1.5887114389521255
1.5887114389521255
1.5887114389521255
1.5887114389521255
1.5887114389521255
1.5887114389521255
1.5887114389521255
1.5887114389521255
1.5887114389521255
1.5887114389521255
1.5887114389521255
1.5887114389521255
1.5887114389521255
1.5887114389521255
1.5887114389521255
1.5887114389521255
1.5887114389521255
1.5887114389521255
1.5887114389521255
1.5887114389521255
1.5887114389521255
1.5887114389521255
1.5887114389521255
1.5887114389521255
1.5887114389521255
1.5887114389521255
1.5887114389521255
1.5887114389521255
1.5887114389521255
1.5887114389521255
1.5887114389521255
1.5887114389521255
1.5887114389521255
1.5887114389521255
1.5887114389521255
1.5887114389521255
1.5887114389521255
1.5887114389521255
1.5887114389521255
1.5887114389521255
1.5887114389521255
1.5887114389521255
1.5887114389521255
1.5887114389521255
1.5887114389521255
1.5887114389521255
1.5887114389521255
1.5887114389521255
1.5887114389521255
1.5887114389521255
1.5887114389521255
1.5887114389521255
1.5887114389521255
1.5887114389521255
1.5887114389521255
1.5887114389521255
1.5887114389521255
1.5887114389521255
1.5887114389521255
1.5887114389521255
1.5887114389521255
1.5887114389521255
1.5887114389521255
1.5887114389521255
1.5887114389521255
1.5887114389521255
1.5887114389521255
1.5887114389521255
1.5887114389521255
1.5887114389521255
1.5887114389521255
1.5887114389521255
1.5887114389521255
1.5887114389521255
1.5887114389521255
1.5887114389521255
1.5887114389521255
1.5887114389521255
1.5887114389521255
1.5887114389521255
1.5887114389521255
1.5887114389521255
1.5887114389521255
1.5887114389521255
1.5887114389521255
1.5887114389521255
1.5887114389521255
1.5887114389521255
1.5887114389521255
1.5887114389521255
1.5887114389521255
1.5887114389521255
1.5887114389521255
1.5887114389521255
1.5887114389521255
1.5887114389521255
1.5887114389521255
1.5887114389521255
1.5887114389521255
1.5887114389521255
1.5887114389521255
1.5887114389521255
1.5887114389521255
1.5887114389521255
1.5887114389521255
1.5887114389521255
1.5887114389521255
1.5887114389521255
1.5887114389521255
1.5887114389521255
1.5887114389521255
1.5887114389521255
1.5887114389521255
1.5887114389521255
1.5887114389521255
1.5887114389521255
1.5887114389521255
1.5887114389521255
1.5887114389521255
1.5887114389521255
1.5887114389521255
1.5887114389521255
1.5887114389521255
1.5887114389521255
1.5887114389521255
1.5887114389521255
1.5887114389521255
1.5887114389521255
1.5887114389521255
1.5887114389521255
1.5887114389521255
1.5887114389521255
1.5887114389521255
1.5887114389521255
1.5887114389521255
1.5887114389521255
1.5887114389521255
1.5887114389521255
1.5887114389521255
1.5887114389521255
1.5887114389521255
1.5887114389521255
1.5887114389521255
1.5887114389521255
1.5887114389521255
1.5887114389521255
1.5887114389521255
1.5887114389521255
1.5887114389521255
1.5887114389521255
1.5887114389521255
1.5887114389521255
1.5887114389521255
1.5887114389521255
1.5887114389521255
1.5887114389521255
1.5887114389521255
1.5887114389521255
1.5887114389521255
1.5887114389521255
1.5887114389521255
1.5887114389521255
1.5887114389521255
1.5887114389521255
1.5887114389521255
1.5887114389521255
1.5887114389521255
1.5887114389521255
1.5887114389521255
1.5887114389521255
1.5887114389521255
1.5887114389521255
1.5887114389521255
1.5887114389521255
1.5887114389521255
1.5887114389521255
1.5887114389521255
1.5887114389521255
1.5887114389521255
1.5887114389521255
1.5887114389521255
1.5887114389521255
1.5887114389521255
1.5887114389521255
1.5887114389521255
1.5887114389521255
1.5887114389521255
1.5887114389521255
1.5887114389521255
1.5887114389521255
1.5887114389521255
1.5887114389521255
1.5887114389521255
1.5887114389521255
1.5887114389521255
1.5887114389521255
1.5887114389521255
1.5887114389521255
1.5887114389521255
1.5887114389521255
1.5887114389521255
1.5887114389521255
1.5887114389521255
1.5887114389521255
1.5887114389521255
1.5887114389521255
1.5887114389521255
1.5887114389521255
1.5887114389521255
1.5887114389521255
1.5887114389521255
1.5887114389521255
1.5887114389521255
1.5887114389521255
1.5887114389521255
1.5887114389521255
1.5887114389521255
1.5887114389521255
1.5887114389521255
1.5887114389521255
1.5887114389521255
1.5887114389521255
1.5887114389521255
1.5887114389521255
1.5887114389521255
1.5887114389521255
1.5887114389521255
1.5887114389521255
1.5887114389521255
1.5887114389521255
1.5887114389521255
1.5887114389521255
1.5887114389521255
1.5887114389521255
1.5887114389521255
1.5887114389521255
1.5887114389521255
1.5887114389521255
1.5887114389521255
1.5887114389521255
1.5887114389521255
1.5887114389521255
1.5887114389521255
1.5887114389521255
1.5887114389521255
1.5887114389521255
1.5887114389521255
1.5887114389521255
1.5887114389521255
1.5887114389521255
1.5887114389521255
1.5887114389521255
1.5887114389521255
1.5887114389521255
1.5887114389521255
1.5887114389521255
1.5887114389521255
1.5887114389521255
1.5887114389521255
1.5887114389521255
1.5887114389521255
1.5887114389521255
1.5887114389521255
1.5887114389521255
1.5887114389521255
1.5887114389521255
1.5887114389521255
1.5887114389521255
1.5887114389521255
1.5887114389521255
1.5887114389521255
1.5887114389521255
1.5887114389521255
1.5887114389521255
1.5887114389521255
1.5887114389521255
1.5887114389521255
1.5887114389521255
1.5887114389521255
1.5887114389521255
1.5887114389521255
1.5887114389521255
1.5887114389521255
1.5887114389521255
1.5887114389521255
1.5887114389521255
1.5887114389521255
1.5887114389521255
1.5887114389521255
1.5887114389521255
1.5887114389521255
1.5887114389521255
1.5887114389521255
1.5887114389521255
1.5887114389521255
1.5887114389521255
1.5887114389521255
1.5887114389521255
1.5887114389521255
1.5887114389521255
1.5887114389521255
1.5887114389521255
1.5887114389521255
1.5887114389521255
1.5887114389521255
1.5887114389521255
1.5887114389521255
1.5887114389521255
1.5887114389521255
1.5887114389521255
1.5887114389521255
1.5887114389521255
1.5887114389521255
1.5887114389521255
1.5887114389521255
1.5887114389521255
1.5887114389521255
1.5887114389521255
1.5887114389521255
1.5887114389521255
1.5887114389521255
1.5887114389521255
1.5887114389521255
1.5887114389521255
1.5887114389521255
1.5887114389521255
1.5887114389521255
1.5887114389521255
1.5887114389521255
1.5887114389521255
1.5887114389521255
1.5887114389521255
1.5887114389521255
1.5887114389521255
1.5887114389521255
1.5887114389521255
1.5887114389521255
1.5887114389521255
1.5887114389521255
1.5887114389521255
1.5887114389521255
1.5887114389521255
1.5887114389521255
1.5887114389521255
1.5887114389521255
1.5887114389521255
1.5887114389521255
1.5887114389521255
1.5887114389521255
1.5887114389521255
1.5887114389521255
1.5887114389521255
1.5887114389521255
1.5887114389521255
1.5887114389521255
1.5887114389521255
1.5887114389521255
1.5887114389521255
1.5887114389521255
1.5887114389521255
1.5887114389521255
1.5887114389521255
1.5887114389521255
1.5887114389521255
1.5887114389521255
1.5887114389521255
1.5887114389521255
1.5887114389521255
1.5887114389521255
1.5887114389521255
1.5887114389521255
1.5887114389521255
1.5887114389521255
1.5887114389521255
1.5887114389521255
1.5887114389521255
1.5887114389521255
1.5887114389521255
1.5887114389521255
1.5887114389521255
1.5887114389521255
1.5887114389521255
1.5887114389521255
1.5887114389521255
1.5887114389521255
1.5887114389521255
1.5887114389521255
1.5887114389521255
1.5887114389521255
1.5887114389521255
1.5887114389521255
1.5887114389521255
1.5887114389521255
1.5887114389521255
1.5887114389521255
1.5887114389521255
1.5887114389521255
1.5887114389521255
1.5887114389521255
1.5887114389521255
1.5887114389521255
1.5887114389521255
1.5887114389521255
1.5887114389521255
1.5887114389521255
1.5887114389521255
1.5887114389521255
1.5887114389521255
1.5887114389521255
1.5887114389521255
1.5887114389521255
1.5887114389521255
1.5887114389521255
1.5887114389521255
1.5887114389521255
1.5887114389521255
1.5887114389521255
1.5887114389521255
1.5887114389521255
1.5887114389521255
1.5887114389521255
1.5887114389521255
1.5887114389521255
1.5887114389521255
1.5887114389521255
1.5887114389521255
1.5887114389521255
1.5887114389521255
1.5887114389521255
1.5887114389521255
1.5887114389521255
1.5887114389521255
1.5887114389521255
1.5887114389521255
1.5887114389521255
1.5887114389521255
1.5887114389521255
1.5887114389521255
1.5887114389521255
1.5887114389521255
1.5887114389521255
1.5887114389521255
1.5887114389521255
1.5887114389521255
1.5887114389521255
1.5887114389521255
1.5887114389521255
1.5887114389521255
1.5887114389521255
1.5887114389521255
1.5887114389521255
1.5887114389521255
1.5887114389521255
1.5887114389521255
1.5887114389521255
1.5887114389521255
1.5887114389521255
1.5887114389521255
1.5887114389521255
1.5887114389521255
1.5887114389521255
1.5887114389521255
1.5887114389521255
1.5887114389521255
1.5887114389521255
1.5887114389521255
1.5887114389521255
1.5887114389521255
1.5887114389521255
1.5887114389521255
1.5887114389521255
1.5887114389521255
1.5887114389521255
1.5887114389521255
1.5887114389521255
1.5887114389521255
1.5887114389521255
1.5887114389521255
1.5887114389521255
1.5887114389521255
1.5887114389521255
1.5887114389521255
1.5887114389521255
1.5887114389521255
1.5887114389521255
1.5887114389521255
1.5887114389521255
1.5887114389521255
1.5887114389521255
1.5887114389521255
1.5887114389521255
1.5887114389521255
1.5887114389521255
1.5887114389521255
1.5887114389521255
1.5887114389521255
1.5887114389521255
1.5887114389521255
1.5887114389521255
1.5887114389521255
1.5887114389521255
1.5887114389521255
1.5887114389521255
1.5887114389521255
1.5887114389521255
1.5887114389521255
1.5887114389521255
1.5887114389521255
1.5887114389521255
1.5887114389521255
1.5887114389521255
1.5887114389521255
1.5887114389521255
1.5887114389521255
1.5887114389521255
1.5887114389521255
1.5887114389521255
1.5887114389521255
1.5887114389521255
1.5887114389521255
1.5887114389521255
1.5887114389521255
1.5887114389521255
1.5887114389521255
1.5887114389521255
1.5887114389521255
1.5887114389521255
1.5887114389521255
1.5887114389521255
1.5887114389521255
1.5887114389521255
1.5887114389521255
1.5887114389521255
1.5887114389521255
1.5887114389521255
1.5887114389521255
1.5887114389521255
1.5887114389521255
1.5887114389521255
1.5887114389521255
1.5887114389521255
1.5887114389521255
1.5887114389521255
1.5887114389521255
1.5887114389521255
1.5887114389521255
1.5887114389521255
1.5887114389521255
1.5887114389521255
1.5887114389521255
1.5887114389521255
1.5887114389521255
1.5887114389521255
1.5887114389521255
1.5887114389521255
1.5887114389521255
1.5887114389521255
1.5887114389521255
1.5887114389521255
1.5887114389521255
1.5887114389521255
1.5887114389521255
1.5887114389521255
1.5887114389521255
1.5887114389521255
1.5887114389521255
1.5887114389521255
1.5887114389521255
1.5887114389521255
1.5887114389521255
1.5887114389521255
1.5887114389521255
1.5887114389521255
1.5887114389521255
1.5887114389521255
1.5887114389521255
1.5887114389521255
1.5887114389521255
1.5887114389521255
1.5887114389521255
1.5887114389521255
1.5887114389521255
1.5887114389521255
1.5887114389521255
1.5887114389521255
1.5887114389521255
1.5887114389521255
1.5887114389521255
1.5887114389521255
1.5887114389521255
1.5887114389521255
1.5887114389521255
1.5887114389521255
1.5887114389521255
1.5887114389521255
1.5887114389521255
1.5887114389521255
1.5887114389521255
1.5887114389521255
1.5887114389521255
1.5887114389521255
1.5887114389521255
1.5887114389521255
1.5887114389521255
1.5887114389521255
1.5887114389521255
1.5887114389521255
1.5887114389521255
1.5887114389521255
1.5887114389521255
1.5887114389521255
1.5887114389521255
1.5887114389521255
1.5887114389521255
1.5887114389521255
1.5887114389521255
1.5887114389521255
1.5887114389521255
1.5887114389521255
1.5887114389521255
1.5887114389521255
1.5887114389521255
1.5887114389521255
1.5887114389521255
1.5887114389521255
1.5887114389521255
1.5887114389521255
1.5887114389521255
1.5887114389521255
1.5887114389521255
1.5887114389521255
1.5887114389521255
1.5887114389521255
1.5887114389521255
1.5887114389521255
1.5887114389521255
1.5887114389521255
1.5887114389521255
1.5887114389521255
1.5887114389521255
1.5887114389521255
1.5887114389521255
1.5887114389521255
1.5887114389521255
1.5887114389521255
1.5887114389521255
1.5887114389521255
1.5887114389521255
1.5887114389521255
1.5887114389521255
1.5887114389521255
1.5887114389521255
1.5887114389521255
1.5887114389521255
1.5887114389521255
1.5887114389521255
1.5887114389521255
1.5887114389521255
1.5887114389521255
1.5887114389521255
1.5887114389521255
1.5887114389521255
1.5887114389521255
1.5887114389521255
1.5887114389521255
1.5887114389521255
1.5887114389521255
1.5887114389521255
1.5887114389521255
1.5887114389521255
1.5887114389521255
1.5887114389521255
1.5887114389521255
1.5887114389521255
1.5887114389521255
1.5887114389521255
1.5887114389521255
1.5887114389521255
1.5887114389521255
1.5887114389521255
1.5887114389521255
1.5887114389521255
1.5887114389521255
1.5887114389521255
1.5887114389521255
1.5887114389521255
1.5887114389521255
1.5887114389521255
1.5887114389521255
1.5887114389521255
1.5887114389521255
1.5887114389521255
1.5887114389521255
1.5887114389521255
1.5887114389521255
1.5887114389521255
1.5887114389521255
1.5887114389521255
1.5887114389521255
1.5887114389521255
1.5887114389521255
1.5887114389521255
1.5887114389521255
1.5887114389521255
1.5887114389521255
1.5887114389521255
1.5887114389521255
1.5887114389521255
1.5887114389521255
1.5887114389521255
1.5887114389521255
1.5887114389521255
1.5887114389521255
1.5887114389521255
1.5887114389521255
1.5887114389521255
1.5887114389521255
1.5887114389521255
1.5887114389521255
1.5887114389521255
1.5887114389521255
1.5887114389521255
1.5887114389521255
1.5887114389521255
1.5887114389521255
1.5887114389521255
1.5887114389521255
1.5887114389521255
1.5887114389521255
1.5887114389521255
1.5887114389521255
1.5887114389521255
1.5887114389521255
1.5887114389521255
1.5887114389521255
1.5887114389521255
1.5887114389521255
1.5887114389521255
1.5887114389521255
1.5887114389521255
1.5887114389521255
1.5887114389521255
1.5887114389521255
1.5887114389521255
1.5887114389521255
1.5887114389521255
1.5887114389521255
1.5887114389521255
1.5887114389521255
1.5887114389521255
1.5887114389521255
1.5887114389521255
1.5887114389521255
1.5887114389521255
1.5887114389521255
1.5887114389521255
1.5887114389521255
1.5887114389521255
1.5887114389521255
1.5887114389521255
1.5887114389521255
1.5887114389521255
1.5887114389521255
1.5887114389521255
1.5887114389521255
1.5887114389521255
1.5887114389521255
1.5887114389521255
1.5887114389521255
1.5887114389521255
1.5887114389521255
1.5887114389521255
1.5887114389521255
1.5887114389521255
1.5887114389521255
1.5887114389521255
1.5887114389521255
1.5887114389521255
1.5887114389521255
1.5887114389521255
1.5887114389521255
1.5887114389521255
1.5887114389521255
1.5887114389521255
1.5887114389521255
1.5887114389521255
1.5887114389521255
1.5887114389521255
1.5887114389521255
1.5887114389521255
1.5887114389521255
1.5887114389521255
1.5887114389521255
1.5887114389521255
1.5887114389521255
1.5887114389521255
1.5887114389521255
1.5887114389521255
1.5887114389521255
1.5887114389521255
1.5887114389521255
1.5887114389521255
1.5887114389521255
1.5887114389521255
1.5887114389521255
1.5887114389521255
1.5887114389521255
1.5887114389521255
1.5887114389521255
1.5887114389521255
1.5887114389521255
1.5887114389521255
1.5887114389521255
1.5887114389521255
1.5887114389521255
1.5887114389521255
1.5887114389521255
1.5887114389521255
1.5887114389521255
1.5887114389521255
1.5887114389521255
1.5887114389521255
1.5887114389521255
1.5887114389521255
1.5887114389521255
1.5887114389521255
1.5887114389521255
1.5887114389521255
1.5887114389521255
1.5887114389521255
1.5887114389521255
1.5887114389521255
1.5887114389521255
1.5887114389521255
1.5887114389521255
1.5887114389521255
1.5887114389521255
1.5887114389521255
1.5887114389521255
1.5887114389521255
1.5887114389521255
1.5887114389521255
1.5887114389521255
1.5887114389521255
1.5887114389521255
1.5887114389521255
1.5887114389521255
1.5887114389521255
1.5887114389521255
1.5887114389521255
1.5887114389521255
1.5887114389521255
1.5887114389521255
1.5887114389521255
1.5887114389521255
1.5887114389521255
1.5887114389521255
1.5887114389521255
1.5887114389521255
1.5887114389521255
1.5887114389521255
1.5887114389521255
1.5887114389521255
1.5887114389521255
1.5887114389521255
1.5887114389521255
1.5887114389521255
1.5887114389521255
1.5887114389521255
1.5887114389521255
1.5887114389521255
1.5887114389521255
1.5887114389521255
1.5887114389521255
1.5887114389521255
1.5887114389521255
1.5887114389521255
1.5887114389521255
1.5887114389521255
1.5887114389521255
1.5887114389521255
1.5887114389521255
1.5887114389521255
1.5887114389521255
1.5887114389521255
1.5887114389521255
1.5887114389521255
1.5887114389521255
1.5887114389521255
1.5887114389521255
1.5887114389521255
1.5887114389521255
1.5887114389521255
1.5887114389521255
1.5887114389521255
1.5887114389521255
1.5887114389521255
1.5887114389521255
1.5887114389521255
1.5887114389521255
1.5887114389521255
1.5887114389521255
1.5887114389521255
1.5887114389521255
1.5887114389521255
1.5887114389521255
1.5887114389521255
1.5887114389521255
1.5887114389521255
1.5887114389521255
1.5887114389521255
1.5887114389521255
1.5887114389521255
1.5887114389521255
1.5887114389521255
1.5887114389521255
1.5887114389521255
1.5887114389521255
1.5887114389521255
1.5887114389521255
1.5887114389521255
1.5887114389521255
1.5887114389521255
1.5887114389521255
1.5887114389521255
1.5887114389521255
1.5887114389521255
1.5887114389521255
1.5887114389521255
1.5887114389521255
1.5887114389521255
1.5887114389521255
1.5887114389521255
1.5887114389521255
1.5887114389521255
1.5887114389521255
1.5887114389521255
1.5887114389521255
1.5887114389521255
1.5887114389521255
1.5887114389521255
1.5887114389521255
1.5887114389521255
1.5887114389521255
1.5887114389521255
1.5887114389521255
1.5887114389521255
1.5887114389521255
1.5887114389521255
1.5887114389521255
1.5887114389521255
1.5887114389521255
1.5887114389521255
1.5887114389521255
1.5887114389521255
1.5887114389521255
1.5887114389521255
1.5887114389521255
1.5887114389521255
1.5887114389521255
1.5887114389521255
1.5887114389521255
1.5887114389521255
1.5887114389521255
1.5887114389521255
1.5887114389521255
1.5887114389521255
1.5887114389521255
1.5887114389521255
1.5887114389521255
1.5887114389521255
1.5887114389521255
1.5887114389521255
1.5887114389521255
1.5887114389521255
1.5887114389521255
1.5887114389521255
1.5887114389521255
1.5887114389521255
1.5887114389521255
1.5887114389521255
1.5887114389521255
1.5887114389521255
1.5887114389521255
1.5887114389521255
1.5887114389521255
1.5887114389521255
1.5887114389521255
1.5887114389521255
1.5887114389521255
1.5887114389521255
1.5887114389521255
1.5887114389521255
1.5887114389521255
1.5887114389521255
1.5887114389521255
1.5887114389521255
1.5887114389521255
1.5887114389521255
1.5887114389521255
1.5887114389521255
1.5887114389521255
1.5887114389521255
1.5887114389521255
1.5887114389521255
1.5887114389521255
1.5887114389521255
1.5887114389521255
1.5887114389521255
1.5887114389521255
1.5887114389521255
1.5887114389521255
1.5887114389521255
1.5887114389521255
1.5887114389521255
1.5887114389521255
1.5887114389521255
1.5887114389521255
1.5887114389521255
1.5887114389521255
1.5887114389521255
1.5887114389521255
1.5887114389521255
1.5887114389521255
1.5887114389521255
1.5887114389521255
1.5887114389521255
1.5887114389521255
1.5887114389521255
1.5887114389521255
1.5887114389521255
1.5887114389521255
1.5887114389521255
1.5887114389521255
1.5887114389521255
1.5887114389521255
1.5887114389521255
1.5887114389521255
1.5887114389521255
1.5887114389521255
1.5887114389521255
1.5887114389521255
1.5887114389521255
1.5887114389521255
1.5887114389521255
1.5887114389521255
1.5887114389521255
1.5887114389521255
1.5887114389521255
1.5887114389521255
1.5887114389521255
1.5887114389521255
1.5887114389521255
1.5887114389521255
1.5887114389521255
1.5887114389521255
1.5887114389521255
1.5887114389521255
1.5887114389521255
1.5887114389521255
1.5887114389521255
1.5887114389521255
1.5887114389521255
1.5887114389521255
1.5887114389521255
1.5887114389521255
1.5887114389521255
1.5887114389521255
1.5887114389521255
1.5887114389521255
1.5887114389521255
1.5887114389521255
1.5887114389521255
1.5887114389521255
1.5887114389521255
1.5887114389521255
1.5887114389521255
1.5887114389521255
1.5887114389521255
1.5887114389521255
1.5887114389521255
1.5887114389521255
1.5887114389521255
1.5887114389521255
1.5887114389521255
1.5887114389521255
1.5887114389521255
1.5887114389521255
1.5887114389521255
1.5887114389521255
1.5887114389521255
1.5887114389521255
1.5887114389521255
1.5887114389521255
1.5887114389521255
1.5887114389521255
1.5887114389521255
1.5887114389521255
1.5887114389521255
1.5887114389521255
1.5887114389521255
1.5887114389521255
1.5887114389521255
1.5887114389521255
1.5887114389521255
1.5887114389521255
1.5887114389521255
1.5887114389521255
1.5887114389521255
1.5887114389521255
1.5887114389521255
1.5887114389521255
1.5887114389521255
1.5887114389521255
1.5887114389521255
1.5887114389521255
1.5887114389521255
1.5887114389521255
1.5887114389521255
1.5887114389521255
1.5887114389521255
1.5887114389521255
1.5887114389521255
1.5887114389521255
1.5887114389521255
1.5887114389521255
1.5887114389521255
1.5887114389521255
1.5887114389521255
1.5887114389521255
1.5887114389521255
1.5887114389521255
1.5887114389521255
1.5887114389521255
1.5887114389521255
1.5887114389521255
1.5887114389521255
1.5887114389521255
1.5887114389521255
1.5887114389521255
1.5887114389521255
1.5887114389521255
1.5887114389521255
1.5887114389521255
1.5887114389521255
1.5887114389521255
1.5887114389521255
1.5887114389521255
1.5887114389521255
1.5887114389521255
1.5887114389521255
1.5887114389521255
1.5887114389521255
1.5887114389521255
1.5887114389521255
1.5887114389521255
1.5887114389521255
1.5887114389521255
1.5887114389521255
1.5887114389521255
1.5887114389521255
1.5887114389521255
1.5887114389521255
1.5887114389521255
1.5887114389521255
1.5887114389521255
1.5887114389521255
1.5887114389521255
1.5887114389521255
1.5887114389521255
1.5887114389521255
1.5887114389521255
1.5887114389521255
1.5887114389521255
1.5887114389521255
1.5887114389521255
1.5887114389521255
1.5887114389521255
1.5887114389521255
1.5887114389521255
1.5887114389521255
1.5887114389521255
1.5887114389521255
1.5887114389521255
1.5887114389521255
1.5887114389521255
1.5887114389521255
1.5887114389521255
1.5887114389521255
1.5887114389521255
1.5887114389521255
1.5887114389521255
1.5887114389521255
1.5887114389521255
1.5887114389521255
1.5887114389521255
1.5887114389521255
1.5887114389521255
1.5887114389521255
1.5887114389521255
1.5887114389521255
1.5887114389521255
1.5887114389521255
1.5887114389521255
1.5887114389521255
1.5887114389521255
1.5887114389521255
1.5887114389521255
1.5887114389521255
1.5887114389521255
1.5887114389521255
1.5887114389521255
1.5887114389521255
1.5887114389521255
1.5887114389521255
1.5887114389521255
1.5887114389521255
1.5887114389521255
1.5887114389521255
1.5887114389521255
1.5887114389521255
1.5887114389521255
1.5887114389521255
1.5887114389521255
1.5887114389521255
1.5887114389521255
1.5887114389521255
1.5887114389521255
1.5887114389521255
1.5887114389521255
1.5887114389521255
1.5887114389521255
1.5887114389521255
1.5887114389521255
1.5887114389521255
1.5887114389521255
1.5887114389521255
1.5887114389521255
1.5887114389521255
1.5887114389521255
1.5887114389521255
1.5887114389521255
1.5887114389521255
1.5887114389521255
1.5887114389521255
1.5887114389521255
1.5887114389521255
1.5887114389521255
1.5887114389521255
1.5887114389521255
1.5887114389521255
1.5887114389521255
1.5887114389521255
1.5887114389521255
1.5887114389521255
1.5887114389521255
1.5887114389521255
1.5887114389521255
1.5887114389521255
1.5887114389521255
1.5887114389521255
1.5887114389521255
1.5887114389521255
1.5887114389521255
1.5887114389521255
1.5887114389521255
1.5887114389521255
1.5887114389521255
1.5887114389521255
1.5887114389521255
1.5887114389521255
1.5887114389521255
1.5887114389521255
1.5887114389521255
1.5887114389521255
1.5887114389521255
1.5887114389521255
1.5887114389521255
1.5887114389521255
1.5887114389521255
1.5887114389521255
1.5887114389521255
1.5887114389521255
1.5887114389521255
1.5887114389521255
1.5887114389521255
1.5887114389521255
1.5887114389521255
1.5887114389521255
1.5887114389521255
1.5887114389521255
1.5887114389521255
1.5887114389521255
1.5887114389521255
1.5887114389521255
1.5887114389521255
1.5887114389521255
1.5887114389521255
1.5887114389521255
1.5887114389521255
1.5887114389521255
1.5887114389521255
1.5887114389521255
1.5887114389521255
1.5887114389521255
1.5887114389521255
1.5887114389521255
1.5887114389521255
1.5887114389521255
1.5887114389521255
1.5887114389521255
1.5887114389521255
1.5887114389521255
1.5887114389521255
1.5887114389521255
1.5887114389521255
1.5887114389521255
1.5887114389521255
1.5887114389521255
1.5887114389521255
1.5887114389521255
1.5887114389521255
1.5887114389521255
1.5887114389521255
1.5887114389521255
1.5887114389521255
1.5887114389521255
1.5887114389521255
1.5887114389521255
1.5887114389521255
1.5887114389521255
1.5887114389521255
1.5887114389521255
1.5887114389521255
1.5887114389521255
1.5887114389521255
1.5887114389521255
1.5887114389521255
1.5887114389521255
1.5887114389521255
1.5887114389521255
1.5887114389521255
1.5887114389521255
1.5887114389521255
1.5887114389521255
1.5887114389521255
1.5887114389521255
1.5887114389521255
1.5887114389521255
1.5887114389521255
1.5887114389521255
1.5887114389521255
1.5887114389521255
1.5887114389521255
1.5887114389521255
1.5887114389521255
1.5887114389521255
1.5887114389521255
1.5887114389521255
1.5887114389521255
1.5887114389521255
1.5887114389521255
1.5887114389521255
1.5887114389521255
1.5887114389521255
1.5887114389521255
1.5887114389521255
1.5887114389521255
1.5887114389521255
1.5887114389521255
1.5887114389521255
1.5887114389521255
1.5887114389521255
1.5887114389521255
1.5887114389521255
1.5887114389521255
1.5887114389521255
1.5887114389521255
1.5887114389521255
1.5887114389521255
1.5887114389521255
1.5887114389521255
1.5887114389521255
1.5887114389521255
1.5887114389521255
1.5887114389521255
1.5887114389521255
1.5887114389521255
1.5887114389521255
1.5887114389521255
1.5887114389521255
1.5887114389521255
1.5887114389521255
1.5887114389521255
1.5887114389521255
1.5887114389521255
1.5887114389521255
1.5887114389521255
1.5887114389521255
1.5887114389521255
1.5887114389521255
1.5887114389521255
1.5887114389521255
1.5887114389521255
1.5887114389521255
1.5887114389521255
1.5887114389521255
1.5887114389521255
1.5887114389521255
1.5887114389521255
1.5887114389521255
1.5887114389521255
1.5887114389521255
1.5887114389521255
1.5887114389521255
1.5887114389521255
1.5887114389521255
1.5887114389521255
1.5887114389521255
1.5887114389521255
1.5887114389521255
1.5887114389521255
1.5887114389521255
1.5887114389521255
1.5887114389521255
1.5887114389521255
1.5887114389521255
1.5887114389521255
1.5887114389521255
1.5887114389521255
1.5887114389521255
1.5887114389521255
1.5887114389521255
1.5887114389521255
1.5887114389521255
1.5887114389521255
1.5887114389521255
1.5887114389521255
1.5887114389521255
1.5887114389521255
1.5887114389521255
1.5887114389521255
1.5887114389521255
1.5887114389521255
1.5887114389521255
1.5887114389521255
1.5887114389521255
1.5887114389521255
1.5887114389521255
1.5887114389521255
1.5887114389521255
1.5887114389521255
1.5887114389521255
1.5887114389521255
1.5887114389521255
1.5887114389521255
1.5887114389521255
1.5887114389521255
1.5887114389521255
1.5887114389521255
1.5887114389521255
1.5887114389521255
1.5887114389521255
1.5887114389521255
1.5887114389521255
1.5887114389521255
1.5887114389521255
1.5887114389521255
1.5887114389521255
1.5887114389521255
1.5887114389521255
1.5887114389521255
1.5887114389521255
1.5887114389521255
1.5887114389521255
1.5887114389521255
1.5887114389521255
1.5887114389521255
1.5887114389521255
1.5887114389521255
1.5887114389521255
1.5887114389521255
1.5887114389521255
1.5887114389521255
1.5887114389521255
1.5887114389521255
1.5887114389521255
1.5887114389521255
1.5887114389521255
1.5887114389521255
1.5887114389521255
1.5887114389521255
1.5887114389521255
1.5887114389521255
1.5887114389521255
1.5887114389521255
1.5887114389521255
1.5887114389521255
1.5887114389521255
1.5887114389521255
1.5887114389521255
1.5887114389521255
1.5887114389521255
1.5887114389521255
1.5887114389521255
1.5887114389521255
1.5887114389521255
1.5887114389521255
1.5887114389521255
1.5887114389521255
1.5887114389521255
1.5887114389521255
1.5887114389521255
1.5887114389521255
1.5887114389521255
1.5887114389521255
1.5887114389521255
1.5887114389521255
1.5887114389521255
1.5887114389521255
1.5887114389521255
1.5887114389521255
1.5887114389521255
1.5887114389521255
1.5887114389521255
1.5887114389521255
1.5887114389521255
1.5887114389521255
1.5887114389521255
1.5887114389521255
1.5887114389521255
1.5887114389521255
1.5887114389521255
1.5887114389521255
1.5887114389521255
1.5887114389521255
1.5887114389521255
1.5887114389521255
1.5887114389521255
1.5887114389521255
1.5887114389521255
1.5887114389521255
1.5887114389521255
1.5887114389521255
1.5887114389521255
1.5887114389521255
1.5887114389521255
1.5887114389521255
1.5887114389521255
1.5887114389521255
1.5887114389521255
1.5887114389521255
1.5887114389521255
1.5887114389521255
1.5887114389521255
1.5887114389521255
1.5887114389521255
1.5887114389521255
1.5887114389521255
1.5887114389521255
1.5887114389521255
1.5887114389521255
1.5887114389521255
1.5887114389521255
1.5887114389521255
1.5887114389521255
1.5887114389521255
1.5887114389521255
1.5887114389521255
1.5887114389521255
1.5887114389521255
1.5887114389521255
1.5887114389521255
1.5887114389521255
1.5887114389521255
1.5887114389521255
1.5887114389521255
1.5887114389521255
1.5887114389521255
1.5887114389521255
1.5887114389521255
1.5887114389521255
1.5887114389521255
1.5887114389521255
1.5887114389521255
1.5887114389521255
1.5887114389521255
1.5887114389521255
1.5887114389521255
1.5887114389521255
1.5887114389521255
1.5887114389521255
1.5887114389521255
1.5887114389521255
1.5887114389521255
1.5887114389521255
1.5887114389521255
1.5887114389521255
1.5887114389521255
1.5887114389521255
1.5887114389521255
1.5887114389521255
1.5887114389521255
1.5887114389521255
1.5887114389521255
1.5887114389521255
1.5887114389521255
1.5887114389521255
1.5887114389521255
1.5887114389521255
1.5887114389521255
1.5887114389521255
1.5887114389521255
1.5887114389521255
1.5887114389521255
1.5887114389521255
1.5887114389521255
1.5887114389521255
1.5887114389521255
1.5887114389521255
1.5887114389521255
1.5887114389521255
1.5887114389521255
1.5887114389521255
1.5887114389521255
1.5887114389521255
1.5887114389521255
1.5887114389521255
1.5887114389521255
1.5887114389521255
1.5887114389521255
1.5887114389521255
1.5887114389521255
1.5887114389521255
1.5887114389521255
1.5887114389521255
1.5887114389521255
1.5887114389521255
1.5887114389521255
1.5887114389521255
1.5887114389521255
1.5887114389521255
1.5887114389521255
1.5887114389521255
1.5887114389521255
1.5887114389521255
1.5887114389521255
1.5887114389521255
1.5887114389521255
1.5887114389521255
1.5887114389521255
1.5887114389521255
1.5887114389521255
1.5887114389521255
1.5887114389521255
1.5887114389521255
1.5887114389521255
1.5887114389521255
1.5887114389521255
1.5887114389521255
1.5887114389521255
1.5887114389521255
1.5887114389521255
1.5887114389521255
1.5887114389521255
1.5887114389521255
1.5887114389521255
1.5887114389521255
1.5887114389521255
1.5887114389521255
1.5887114389521255
1.5887114389521255
1.5887114389521255
1.5887114389521255
1.5887114389521255
1.5887114389521255
1.5887114389521255
1.5887114389521255
1.5887114389521255
1.5887114389521255
1.5887114389521255
1.5887114389521255
1.5887114389521255
1.5887114389521255
1.5887114389521255
1.5887114389521255
1.5887114389521255
1.5887114389521255
1.5887114389521255
1.5887114389521255
1.5887114389521255
1.5887114389521255
1.5887114389521255
1.5887114389521255
1.5887114389521255
1.5887114389521255
1.5887114389521255
1.5887114389521255
1.5887114389521255
1.5887114389521255
1.5887114389521255
1.5887114389521255
1.5887114389521255
1.5887114389521255
1.5887114389521255
1.5887114389521255
1.5887114389521255
1.5887114389521255
1.5887114389521255
1.5887114389521255
1.5887114389521255
1.5887114389521255
1.5887114389521255
1.5887114389521255
1.5887114389521255
1.5887114389521255
1.5887114389521255
1.5887114389521255
1.5887114389521255
1.5887114389521255
1.5887114389521255
1.5887114389521255
1.5887114389521255
1.5887114389521255
1.5887114389521255
1.5887114389521255
1.5887114389521255
1.5887114389521255
1.5887114389521255
1.5887114389521255
1.5887114389521255
1.5887114389521255
1.5887114389521255
1.5887114389521255
1.5887114389521255
1.5887114389521255
1.5887114389521255
1.5887114389521255
1.5887114389521255
1.5887114389521255
1.5887114389521255
1.5887114389521255
1.5887114389521255
1.5887114389521255
1.5887114389521255
1.5887114389521255
1.5887114389521255
1.5887114389521255
1.5887114389521255
1.5887114389521255
1.5887114389521255
1.5887114389521255
1.5887114389521255
1.5887114389521255
1.5887114389521255
1.5887114389521255
1.5887114389521255
1.5887114389521255
1.5887114389521255
1.5887114389521255
1.5887114389521255
1.5887114389521255
1.5887114389521255
1.5887114389521255
1.5887114389521255
1.5887114389521255
1.5887114389521255
1.5887114389521255
1.5887114389521255
1.5887114389521255
1.5887114389521255
1.5887114389521255
1.5887114389521255
1.5887114389521255
1.5887114389521255
1.5887114389521255
1.5887114389521255
1.5887114389521255
1.5887114389521255
1.5887114389521255
1.5887114389521255
1.5887114389521255
1.5887114389521255
1.5887114389521255
1.5887114389521255
1.5887114389521255
1.5887114389521255
1.5887114389521255
1.5887114389521255
1.5887114389521255
1.5887114389521255
1.5887114389521255
1.5887114389521255
1.5887114389521255
1.5887114389521255
1.5887114389521255
1.5887114389521255
1.5887114389521255
1.5887114389521255
1.5887114389521255
1.5887114389521255
1.5887114389521255
1.5887114389521255
1.5887114389521255
1.5887114389521255
1.5887114389521255
1.5887114389521255
1.5887114389521255
1.5887114389521255
1.5887114389521255
1.5887114389521255
1.5887114389521255
1.5887114389521255
1.5887114389521255
1.5887114389521255
1.5887114389521255
1.5887114389521255
1.5887114389521255
1.5887114389521255
1.5887114389521255
1.5887114389521255
1.5887114389521255
1.5887114389521255
1.5887114389521255
1.5887114389521255
1.5887114389521255
1.5887114389521255
1.5887114389521255
1.5887114389521255
1.5887114389521255
1.5887114389521255
1.5887114389521255
1.5887114389521255
1.5887114389521255
1.5887114389521255
1.5887114389521255
1.5887114389521255
1.5887114389521255
1.5887114389521255
1.5887114389521255
1.5887114389521255
1.5887114389521255
1.5887114389521255
1.5887114389521255
1.5887114389521255
1.5887114389521255
1.5887114389521255
1.5887114389521255
1.5887114389521255
1.5887114389521255
1.5887114389521255
1.5887114389521255
1.5887114389521255
1.5887114389521255
1.5887114389521255
1.5887114389521255
1.5887114389521255
1.5887114389521255
1.5887114389521255
1.5887114389521255
1.5887114389521255
1.5887114389521255
1.5887114389521255
1.5887114389521255
1.5887114389521255
1.5887114389521255
1.5887114389521255
1.5887114389521255
1.5887114389521255
1.5887114389521255
1.5887114389521255
1.5887114389521255
1.5887114389521255
1.5887114389521255
1.5887114389521255
1.5887114389521255
1.5887114389521255
1.5887114389521255
1.5887114389521255
1.5887114389521255
1.5887114389521255
1.5887114389521255
1.5887114389521255
1.5887114389521255
1.5887114389521255
1.5887114389521255
1.5887114389521255
1.5887114389521255
1.5887114389521255
1.5887114389521255
1.5887114389521255
1.5887114389521255
1.5887114389521255
1.5887114389521255
1.5887114389521255
1.5887114389521255
1.5887114389521255
1.5887114389521255
1.5887114389521255
1.5887114389521255
1.5887114389521255
1.5887114389521255
1.5887114389521255
1.5887114389521255
1.5887114389521255
1.5887114389521255
1.5887114389521255
1.5887114389521255
1.5887114389521255
1.5887114389521255
1.5887114389521255
1.5887114389521255
1.5887114389521255
1.5887114389521255
1.5887114389521255
1.5887114389521255
1.5887114389521255
1.5887114389521255
1.5887114389521255
1.5887114389521255
1.5887114389521255
1.5887114389521255
1.5887114389521255
1.5887114389521255
1.5887114389521255
1.5887114389521255
1.5887114389521255
1.5887114389521255
1.5887114389521255
1.5887114389521255
1.5887114389521255
1.5887114389521255
1.5887114389521255
1.5887114389521255
1.5887114389521255
1.5887114389521255
1.5887114389521255
1.5887114389521255
1.5887114389521255
1.5887114389521255
1.5887114389521255
1.5887114389521255
1.5887114389521255
1.5887114389521255
1.5887114389521255
1.5887114389521255
1.5887114389521255
1.5887114389521255
1.5887114389521255
1.5887114389521255
1.5887114389521255
1.5887114389521255
1.5887114389521255
1.5887114389521255
1.5887114389521255
1.5887114389521255
1.5887114389521255
1.5887114389521255
1.5887114389521255
1.5887114389521255
1.5887114389521255
1.5887114389521255
1.5887114389521255
1.5887114389521255
1.5887114389521255
1.5887114389521255
1.5887114389521255
1.5887114389521255
1.5887114389521255
1.5887114389521255
1.5887114389521255
1.5887114389521255
1.5887114389521255
1.5887114389521255
1.5887114389521255
1.5887114389521255
1.5887114389521255
1.5887114389521255
1.5887114389521255
1.5887114389521255
1.5887114389521255
1.5887114389521255
1.5887114389521255
1.5887114389521255
1.5887114389521255
1.5887114389521255
1.5887114389521255
1.5887114389521255
1.5887114389521255
1.5887114389521255
1.5887114389521255
1.5887114389521255
1.5887114389521255
1.5887114389521255
1.5887114389521255
1.5887114389521255
1.5887114389521255
1.5887114389521255
1.5887114389521255
1.5887114389521255
1.5887114389521255
1.5887114389521255
1.5887114389521255
1.5887114389521255
1.5887114389521255
1.5887114389521255
1.5887114389521255
1.5887114389521255
1.5887114389521255
1.5887114389521255
1.5887114389521255
1.5887114389521255
1.5887114389521255
1.5887114389521255
1.5887114389521255
1.5887114389521255
1.5887114389521255
1.5887114389521255
1.5887114389521255
1.5887114389521255
1.5887114389521255
1.5887114389521255
1.5887114389521255
1.5887114389521255
1.5887114389521255
1.5887114389521255
1.5887114389521255
1.5887114389521255
1.5887114389521255
1.5887114389521255
1.5887114389521255
1.5887114389521255
1.5887114389521255
1.5887114389521255
1.5887114389521255
1.5887114389521255
1.5887114389521255
1.5887114389521255
1.5887114389521255
1.5887114389521255
1.5887114389521255
1.5887114389521255
1.5887114389521255
1.5887114389521255
1.5887114389521255
1.5887114389521255
1.5887114389521255
1.5887114389521255
1.5887114389521255
1.5887114389521255
1.5887114389521255
1.5887114389521255
1.5887114389521255
1.5887114389521255
1.5887114389521255
1.5887114389521255
1.5887114389521255
1.5887114389521255
1.5887114389521255
1.5887114389521255
1.5887114389521255
1.5887114389521255
1.5887114389521255
1.5887114389521255
1.5887114389521255
1.5887114389521255
1.5887114389521255
1.5887114389521255
1.5887114389521255
1.5887114389521255
1.5887114389521255
1.5887114389521255
1.5887114389521255
1.5887114389521255
1.5887114389521255
1.5887114389521255
1.5887114389521255
1.5887114389521255
1.5887114389521255
1.5887114389521255
1.5887114389521255
1.5887114389521255
1.5887114389521255
1.5887114389521255
1.5887114389521255
1.5887114389521255
1.5887114389521255
1.5887114389521255
1.5887114389521255
1.5887114389521255
1.5887114389521255
1.5887114389521255
1.5887114389521255
1.5887114389521255
1.5887114389521255
1.5887114389521255
1.5887114389521255
1.5887114389521255
1.5887114389521255
1.5887114389521255
1.5887114389521255
1.5887114389521255
1.5887114389521255
1.5887114389521255
1.5887114389521255
1.5887114389521255
1.5887114389521255
1.5887114389521255
1.5887114389521255
1.5887114389521255
1.5887114389521255
1.5887114389521255
1.5887114389521255
1.5887114389521255
1.5887114389521255
1.5887114389521255
1.5887114389521255
1.5887114389521255
1.5887114389521255
1.5887114389521255
1.5887114389521255
1.5887114389521255
1.5887114389521255
1.5887114389521255
1.5887114389521255
1.5887114389521255
1.5887114389521255
1.5887114389521255
1.5887114389521255
1.5887114389521255
1.5887114389521255
1.5887114389521255
1.5887114389521255
1.5887114389521255
1.5887114389521255
1.5887114389521255
1.5887114389521255
1.5887114389521255
1.5887114389521255
1.5887114389521255
1.5887114389521255
1.5887114389521255
1.5887114389521255
1.5887114389521255
1.5887114389521255
1.5887114389521255
1.5887114389521255
1.5887114389521255
1.5887114389521255
1.5887114389521255
1.5887114389521255
1.5887114389521255
1.5887114389521255
1.5887114389521255
1.5887114389521255
1.5887114389521255
1.5887114389521255
1.5887114389521255
1.5887114389521255
1.5887114389521255
1.5887114389521255
1.5887114389521255
1.5887114389521255
1.5887114389521255
1.5887114389521255
1.5887114389521255
1.5887114389521255
1.5887114389521255
1.5887114389521255
1.5887114389521255
1.5887114389521255
1.5887114389521255
1.5887114389521255
1.5887114389521255
1.5887114389521255
1.5887114389521255
1.5887114389521255
1.5887114389521255
1.5887114389521255
1.5887114389521255
1.5887114389521255
1.5887114389521255
1.5887114389521255
1.5887114389521255
1.5887114389521255
1.5887114389521255
1.5887114389521255
1.5887114389521255
1.5887114389521255
1.5887114389521255
1.5887114389521255
1.5887114389521255
1.5887114389521255
1.5887114389521255
1.5887114389521255
1.5887114389521255
1.5887114389521255
1.5887114389521255
1.5887114389521255
1.5887114389521255
1.5887114389521255
1.5887114389521255
1.5887114389521255
1.5887114389521255
1.5887114389521255
1.5887114389521255
1.5887114389521255
1.5887114389521255
1.5887114389521255
1.5887114389521255
1.5887114389521255
1.5887114389521255
1.5887114389521255
1.5887114389521255
1.5887114389521255
1.5887114389521255
1.5887114389521255
1.5887114389521255
1.5887114389521255
1.5887114389521255
1.5887114389521255
1.5887114389521255
1.5887114389521255
1.5887114389521255
1.5887114389521255
1.5887114389521255
1.5887114389521255
1.5887114389521255
1.5887114389521255
1.5887114389521255
1.5887114389521255
1.5887114389521255
1.5887114389521255
1.5887114389521255
1.5887114389521255
1.5887114389521255
1.5887114389521255
1.5887114389521255
1.5887114389521255
1.5887114389521255
1.5887114389521255
1.5887114389521255
1.5887114389521255
1.5887114389521255
1.5887114389521255
1.5887114389521255
1.5887114389521255
1.5887114389521255
1.5887114389521255
1.5887114389521255
1.5887114389521255
1.5887114389521255
1.5887114389521255
1.5887114389521255
1.5887114389521255
1.5887114389521255
1.5887114389521255
1.5887114389521255
1.5887114389521255
1.5887114389521255
1.5887114389521255
1.5887114389521255
1.5887114389521255
1.5887114389521255
1.5887114389521255
1.5887114389521255
1.5887114389521255
1.5887114389521255
1.5887114389521255
1.5887114389521255
1.5887114389521255
1.5887114389521255
1.5887114389521255
1.5887114389521255
1.5887114389521255
1.5887114389521255
1.5887114389521255
1.5887114389521255
1.5887114389521255
1.5887114389521255
1.5887114389521255
1.5887114389521255
1.5887114389521255
1.5887114389521255
1.5887114389521255
1.5887114389521255
1.5887114389521255
1.5887114389521255
1.5887114389521255
1.5887114389521255
1.5887114389521255
1.5887114389521255
1.5887114389521255
1.5887114389521255
1.5887114389521255
1.5887114389521255
1.5887114389521255
1.5887114389521255
1.5887114389521255
1.5887114389521255
1.5887114389521255
1.5887114389521255
1.5887114389521255
1.5887114389521255
1.5887114389521255
1.5887114389521255
1.5887114389521255
1.5887114389521255
1.5887114389521255
1.5887114389521255
1.5887114389521255
1.5887114389521255
1.5887114389521255
1.5887114389521255
1.5887114389521255
1.5887114389521255
1.5887114389521255
1.5887114389521255
1.5887114389521255
1.5887114389521255
1.5887114389521255
1.5887114389521255
1.5887114389521255
1.5887114389521255
1.5887114389521255
1.5887114389521255
1.5887114389521255
1.5887114389521255
1.5887114389521255
1.5887114389521255
1.5887114389521255
1.5887114389521255
1.5887114389521255
1.5887114389521255
1.5887114389521255
1.5887114389521255
1.5887114389521255
1.5887114389521255
1.5887114389521255
1.5887114389521255
1.5887114389521255
1.5887114389521255
1.5887114389521255
1.5887114389521255
1.5887114389521255
1.5887114389521255
1.5887114389521255
1.5887114389521255
1.5887114389521255
1.5887114389521255
1.5887114389521255
1.5887114389521255
1.5887114389521255
1.5887114389521255
1.5887114389521255
1.5887114389521255
1.5887114389521255
1.5887114389521255
1.5887114389521255
1.5887114389521255
1.5887114389521255
1.5887114389521255
1.5887114389521255
1.5887114389521255
1.5887114389521255
1.5887114389521255
1.5887114389521255
1.5887114389521255
1.5887114389521255
1.5887114389521255
1.5887114389521255
1.5887114389521255
1.5887114389521255
1.5887114389521255
1.5887114389521255
1.5887114389521255
1.5887114389521255
1.5887114389521255
1.5887114389521255
1.5887114389521255
1.5887114389521255
1.5887114389521255
1.5887114389521255
1.5887114389521255
1.5887114389521255
1.5887114389521255
1.5887114389521255
1.5887114389521255
1.5887114389521255
1.5887114389521255
1.5887114389521255
1.5887114389521255
1.5887114389521255
1.5887114389521255
1.5887114389521255
1.5887114389521255
1.5887114389521255
1.5887114389521255
1.5887114389521255
1.5887114389521255
1.5887114389521255
1.5887114389521255
1.5887114389521255
1.5887114389521255
1.5887114389521255
1.5887114389521255
1.5887114389521255
1.5887114389521255
1.5887114389521255
1.5887114389521255
1.5887114389521255
1.5887114389521255
1.5887114389521255
1.5887114389521255
1.5887114389521255
1.5887114389521255
1.5887114389521255
1.5887114389521255
1.5887114389521255
1.5887114389521255
1.5887114389521255
1.5887114389521255
1.5887114389521255
1.5887114389521255
1.5887114389521255
1.5887114389521255
1.5887114389521255
1.5887114389521255
1.5887114389521255
1.5887114389521255
1.5887114389521255
1.5887114389521255
1.5887114389521255
1.5887114389521255
1.5887114389521255
1.5887114389521255
1.5887114389521255
1.5887114389521255
1.5887114389521255
1.5887114389521255
1.5887114389521255
1.5887114389521255
1.5887114389521255
1.5887114389521255
1.5887114389521255
1.5887114389521255
1.5887114389521255
1.5887114389521255
1.5887114389521255
1.5887114389521255
1.5887114389521255
1.5887114389521255
1.5887114389521255
1.5887114389521255
1.5887114389521255
1.5887114389521255
1.5887114389521255
1.5887114389521255
1.5887114389521255
1.5887114389521255
1.5887114389521255
1.5887114389521255
1.5887114389521255
1.5887114389521255
1.5887114389521255
1.5887114389521255
1.5887114389521255
1.5887114389521255
1.5887114389521255
1.5887114389521255
1.5887114389521255
1.5887114389521255
1.5887114389521255
1.5887114389521255
1.5887114389521255
1.5887114389521255
1.5887114389521255
1.5887114389521255
1.5887114389521255
1.5887114389521255
1.5887114389521255
1.5887114389521255
1.5887114389521255
1.5887114389521255
1.5887114389521255
1.5887114389521255
1.5887114389521255
1.5887114389521255
1.5887114389521255
1.5887114389521255
1.5887114389521255
1.5887114389521255
1.5887114389521255
1.5887114389521255
1.5887114389521255
1.5887114389521255
1.5887114389521255
1.5887114389521255
1.5887114389521255
1.5887114389521255
1.5887114389521255
1.5887114389521255
1.5887114389521255
1.5887114389521255
1.5887114389521255
1.5887114389521255
1.5887114389521255
1.5887114389521255
1.5887114389521255
1.5887114389521255
1.5887114389521255
1.5887114389521255
1.5887114389521255
1.5887114389521255
1.5887114389521255
1.5887114389521255
1.5887114389521255
1.5887114389521255
1.5887114389521255
1.5887114389521255
1.5887114389521255
1.5887114389521255
1.5887114389521255
1.5887114389521255
1.5887114389521255
1.5887114389521255
1.5887114389521255
1.5887114389521255
1.5887114389521255
1.5887114389521255
1.5887114389521255
1.5887114389521255
1.5887114389521255
1.5887114389521255
1.5887114389521255
1.5887114389521255
1.5887114389521255
1.5887114389521255
1.5887114389521255
1.5887114389521255
1.5887114389521255
1.5887114389521255
1.5887114389521255
1.5887114389521255
1.5887114389521255
1.5887114389521255
1.5887114389521255
1.5887114389521255
1.5887114389521255
1.5887114389521255
1.5887114389521255
1.5887114389521255
1.5887114389521255
1.5887114389521255
1.5887114389521255
1.5887114389521255
1.5887114389521255
1.5887114389521255
1.5887114389521255
1.5887114389521255
1.5887114389521255
1.5887114389521255
1.5887114389521255
1.5887114389521255
1.5887114389521255
1.5887114389521255
1.5887114389521255
1.5887114389521255
1.5887114389521255
1.5887114389521255
1.5887114389521255
1.5887114389521255
1.5887114389521255
1.5887114389521255
1.5887114389521255
1.5887114389521255
1.5887114389521255
1.5887114389521255
1.5887114389521255
1.5887114389521255
1.5887114389521255
1.5887114389521255
1.5887114389521255
1.5887114389521255
1.5887114389521255
1.5887114389521255
1.5887114389521255
1.5887114389521255
1.5887114389521255
1.5887114389521255
1.5887114389521255
1.5887114389521255
1.5887114389521255
1.5887114389521255
1.5887114389521255
1.5887114389521255
1.5887114389521255
1.5887114389521255
1.5887114389521255
1.5887114389521255
1.5887114389521255
1.5887114389521255
1.5887114389521255
1.5887114389521255
1.5887114389521255
1.5887114389521255
1.5887114389521255
1.5887114389521255
1.5887114389521255
1.5887114389521255
1.5887114389521255
1.5887114389521255
1.5887114389521255
1.5887114389521255
1.5887114389521255
1.5887114389521255
1.5887114389521255
1.5887114389521255
1.5887114389521255
1.5887114389521255
1.5887114389521255
1.5887114389521255
1.5887114389521255
1.5887114389521255
1.5887114389521255
1.5887114389521255
1.5887114389521255
1.5887114389521255
1.5887114389521255
1.5887114389521255
1.5887114389521255
1.5887114389521255
1.5887114389521255
1.5887114389521255
1.5887114389521255
1.5887114389521255
1.5887114389521255
1.5887114389521255
1.5887114389521255
1.5887114389521255
1.5887114389521255
1.5887114389521255
1.5887114389521255
1.5887114389521255
1.5887114389521255
1.5887114389521255
1.5887114389521255
1.5887114389521255
1.5887114389521255
1.5887114389521255
1.5887114389521255
1.5887114389521255
1.5887114389521255
1.5887114389521255
1.5887114389521255
1.5887114389521255
1.5887114389521255
1.5887114389521255
1.5887114389521255
1.5887114389521255
1.5887114389521255
1.5887114389521255
1.5887114389521255
1.5887114389521255
1.5887114389521255
1.5887114389521255
1.5887114389521255
1.5887114389521255
1.5887114389521255
1.5887114389521255
1.5887114389521255
1.5887114389521255
1.5887114389521255
1.5887114389521255
1.5887114389521255
1.5887114389521255
1.5887114389521255
1.5887114389521255
1.5887114389521255
1.5887114389521255
1.5887114389521255
1.5887114389521255
1.5887114389521255
1.5887114389521255
1.5887114389521255
1.5887114389521255
1.5887114389521255
1.5887114389521255
1.5887114389521255
1.5887114389521255
1.5887114389521255
1.5887114389521255
1.5887114389521255
1.5887114389521255
1.5887114389521255
1.5887114389521255
1.5887114389521255
1.5887114389521255
1.5887114389521255
1.5887114389521255
1.5887114389521255
1.5887114389521255
1.5887114389521255
1.5887114389521255
1.5887114389521255
1.5887114389521255
1.5887114389521255
1.5887114389521255
1.5887114389521255
1.5887114389521255
1.5887114389521255
