41191.411975791045
41191.411975791045
41191.411975791045
40997.649144285446
40997.649144285446
40722.70350961773
40386.11690216577
40124.05020458324
40124.05020458324
40124.05020458324
40124.05020458324
39468.638641469115
39384.3673347654
39384.3673347654
39337.33211802513
39337.33211802513
38917.09943980391
38917.09943980391
38917.09943980391
38908.72052434808
38908.72052434808
38434.76331129776
38434.76331129776
38434.76331129776
38106.293138856025
38106.293138856025
38106.293138856025
38106.293138856025
38044.71552929356
37346.3594694585
37346.3594694585
37263.96797523007
37263.96797523007
37263.96797523007
37263.96797523007
37263.96797523007
36690.88579344689
36690.88579344689
36690.88579344689
36150.830615193016
36150.830615193016
35625.51782176677
35625.51782176677
35625.51782176677
35625.51782176677
35625.51782176677
35625.51782176677
35625.51782176677
35625.51782176677
35625.51782176677
35261.6946492573
35261.6946492573
35261.6946492573
34906.5652954798
34545.13885482911
34545.13885482911
33854.45191560028
33825.137049194775
33825.137049194775
33704.40185386715
33704.40185386715
33704.40185386715
33704.40185386715
33416.54604073965
32787.096837244026
32303.20317126369
32303.20317126369
31831.22154789763
31316.478042202303
31003.466824446026
30805.979297245853
30560.508982616517
30155.944265622195
30007.030514910675
30007.030514910675
30007.030514910675
30007.030514910675
30007.030514910675
29807.834030709033
29807.834030709033
29571.51437520131
29571.51437520131
29571.51437520131
29337.779977158465
29337.779977158465
29337.779977158465
29337.779977158465
29337.779977158465
29337.779977158465
29319.12937240061
29291.42068525297
29291.42068525297
29291.42068525297
29291.42068525297
28980.12782645839
28550.764046301785
28449.70793074447
27935.0741970242
27935.0741970242
27935.0741970242
27935.0741970242
27935.0741970242
27695.82395042192
27438.568279223313
27438.568279223313
27438.568279223313
27438.568279223313
27297.66180221042
27297.66180221042
27297.66180221042
26900.19029832544
26789.155262748096
26789.155262748096
26465.00876037896
26465.00876037896
26330.469046798313
26330.469046798313
26274.690072254427
25960.489135729877
25945.66813487272
25816.956942413082
25816.956942413082
25816.956942413082
25194.54709989586
25194.54709989586
25194.54709989586
25194.54709989586
25194.54709989586
25187.50517316597
25187.50517316597
25187.50517316597
25187.50517316597
25130.813222199857
25130.813222199857
25130.813222199857
24884.588391577206
24884.588391577206
24233.239036410305
24233.239036410305
24233.239036410305
24142.96814789176
23990.602815878756
23710.613625570666
23164.94289849146
22967.286687386728
22967.286687386728
22967.286687386728
22967.286687386728
22673.733470683932
22590.2825977077
22232.476316783934
22232.476316783934
22232.476316783934
21807.537276007148
21807.537276007148
21638.202958300644
21638.202958300644
21469.727360723642
21469.727360723642
21345.036303135254
21345.036303135254
21120.74733618547
21086.642185888693
21064.03424966611
21064.03424966611
20996.915900708354
20987.32249057837
20987.32249057837
20987.32249057837
20544.733916456724
20519.698680502876
20336.109890069198
20238.33001729456
20238.33001729456
20238.33001729456
20238.33001729456
20238.33001729456
20238.33001729456
19964.86543881167
19914.788205446777
19861.091414483482
19861.091414483482
19497.31641189445
19497.31641189445
19497.31641189445
19497.31641189445
19497.31641189445
19474.052238395016
19474.052238395016
19474.052238395016
19474.052238395016
19146.83143800751
19146.83143800751
19109.830132415147
19109.830132415147
19109.830132415147
19109.830132415147
18668.20826287539
18668.20826287539
18668.20826287539
18278.522398730445
18278.522398730445
18278.522398730445
17881.093119126992
17876.211632409162
17876.211632409162
17579.484759565552
17085.37695573314
17085.37695573314
17085.37695573314
17085.37695573314
16926.71851549385
16813.566677178864
16813.566677178864
16813.566677178864
16813.566677178864
16474.200884906393
16474.200884906393
16464.455092191467
16251.115650436717
16251.115650436717
16250.63873889417
16250.63873889417
16250.63873889417
16211.464796758562
16211.464796758562
16211.464796758562
16211.464796758562
16049.242096296764
16049.242096296764
15946.424609025657
15946.424609025657
15946.424609025657
15946.424609025657
15670.683046544329
15670.683046544329
15506.655948966614
15290.895129199318
15163.05483506212
15055.196809341127
15055.196809341127
15055.196809341127
15055.196809341127
15055.196809341127
14627.664712717684
14542.663629141205
14542.663629141205
14542.663629141205
14542.663629141205
14398.116745652354
14398.116745652354
14398.116745652354
14171.319354235535
14171.319354235535
14022.35704033135
14022.35704033135
13887.68594714845
13625.974881083745
13288.75710305341
13181.98889822538
12839.095490892463
12839.095490892463
12839.095490892463
12709.138582422593
12575.920992962125
12552.504068817989
12552.504068817989
12312.175396500914
12312.175396500914
12312.175396500914
12312.175396500914
12026.08599691661
12026.08599691661
11859.690154048072
11453.43045316465
11453.43045316465
11453.43045316465
11453.43045316465
11307.2369513888
11218.56641616156
11018.782353655712
11018.782353655712
11018.782353655712
11018.782353655712
10969.931033295845
10969.931033295845
10969.931033295845
10969.931033295845
10969.931033295845
10956.695059921227
10503.14738466694
10503.14738466694
10503.14738466694
10503.14738466694
10503.14738466694
10503.14738466694
10462.054018200379
10462.054018200379
10137.103883364798
10137.103883364798
10137.103883364798
10071.250399429322
10071.250399429322
10071.250399429322
10071.250399429322
9898.395501289586
9898.395501289586
9898.395501289586
9898.395501289586
9705.812509197516
9705.812509197516
9692.248836822866
9692.248836822866
9692.248836822866
9644.955954326637
9644.955954326637
9331.790502718577
9331.790502718577
9331.790502718577
9331.790502718577
9321.62177773397
8918.803240289695
8580.284667666467
8219.98413953054
8219.98413953054
8219.98413953054
8160.782655650438
8160.782655650438
8160.782655650438
8106.14089797471
7726.607488581143
7663.6581553922915
7625.192425049369
7444.401514336962
7211.592884468815
7108.891083615608
7108.891083615608
7108.891083615608
7093.603246327527
6960.056337537468
6902.444569605599
6902.444569605599
6579.206233096258
6376.361664552993
6172.391604024088
6172.391604024088
6078.466327057928
6078.466327057928
5699.539265355938
5699.539265355938
5401.044070381156
5206.746680564231
5158.440182134434
5091.416062601148
5091.416062601148
5055.816762533786
4877.684418221734
4877.684418221734
4877.684418221734
4877.684418221734
4663.2885138879365
4663.2885138879365
4525.453647656099
4525.453647656099
4525.453647656099
4451.014694177887
4451.014694177887
4419.23735442396
4224.9824343482105
4224.9824343482105
4224.9824343482105
4224.9824343482105
4216.433851386087
4216.433851386087
4216.433851386087
4204.473909394957
4204.473909394957
4120.877763588246
4091.219502818485
3963.253814104869
3873.443973013032
3853.224649704217
3575.7219075277117
3447.357579374922
3447.357579374922
3447.357579374922
3228.3338831670353
3193.5299163871664
3142.1173102170847
3142.1173102170847
3142.1173102170847
3015.831556116691
2995.856009285501
2995.856009285501
2995.856009285501
2995.856009285501
2930.3136945794936
2930.3136945794936
2930.3136945794936
2930.3136945794936
2930.3136945794936
2837.5537910015705
2819.450583554585
2819.450583554585
2819.450583554585
2819.450583554585
2781.440112103628
2736.817423569122
2708.822828204405
2695.2322393688964
2611.6762506239365
2611.6762506239365
2611.6762506239365
2611.6762506239365
2505.9647234796917
2441.3756006167887
2441.3756006167887
2346.2234482857725
2249.0090932022567
2249.0090932022567
2046.7714733751732
2046.7714733751732
2015.4616253030822
2015.4616253030822
2015.4616253030822
2015.4616253030822
2015.4616253030822
1904.095500416903
1904.095500416903
1904.095500416903
1841.0727163670147
1772.902844006554
1699.1339167717774
1699.1339167717774
1699.1339167717774
1699.1339167717774
1699.1339167717774
1696.8158360573225
1696.8158360573225
1696.8158360573225
1657.632899429254
1657.632899429254
1657.632899429254
1529.5192257400408
1529.5192257400408
1529.5192257400408
1506.779909781664
1506.779909781664
1506.779909781664
1467.952741971776
1467.952741971776
1467.952741971776
1467.952741971776
1377.1532161253274
1377.1532161253274
1377.1532161253274
1377.1532161253274
1377.1532161253274
1253.6345403533896
1253.6345403533896
1253.6345403533896
1253.6345403533896
1233.8598875522541
1223.7374055865512
1196.0786240738807
1090.9210697563512
1090.9210697563512
1063.7265194317856
1063.7265194317856
965.3638187368837
959.0228294746473
880.6672370830552
827.8449692705341
827.8449692705341
803.09852983354
803.09852983354
803.09852983354
803.09852983354
803.09852983354
803.09852983354
803.09852983354
803.09852983354
798.5521521517024
798.5521521517024
798.5521521517024
775.7175883158552
775.7175883158552
775.7175883158552
775.7175883158552
775.7175883158552
775.7175883158552
730.2023337300743
730.2023337300743
700.458693861501
628.0759060311449
628.0759060311449
602.6821836284674
602.6821836284674
514.3736010245241
480.74696465361194
480.74696465361194
446.10415424165336
387.89126625866055
282.7596261443625
282.7596261443625
282.7596261443625
282.7596261443625
282.7596261443625
282.7596261443625
282.7596261443625
282.7596261443625
257.5740162276271
257.5740162276271
257.5740162276271
235.37461782048214
232.307828538303
232.307828538303
232.307828538303
232.307828538303
232.307828538303
224.9950614380026
224.9950614380026
224.9950614380026
202.51901914059323
202.51901914059323
202.51901914059323
202.51901914059323
180.55377660666454
178.7436272978875
178.7436272978875
178.7436272978875
178.7436272978875
168.43954075775414
143.40321534892814
135.2953199832869
127.24213966862101
110.66239900272204
110.66239900272204
110.66239900272204
110.66239900272204
88.49088061938745
75.71578485468305
75.71578485468305
75.71578485468305
75.71578485468305
75.71578485468305
59.92312922748718
59.92312922748718
59.92312922748718
53.38162965416708
46.15162390778551
44.84653845070056
44.84653845070056
44.84653845070056
44.84653845070056
44.84653845070056
44.84653845070056
44.84653845070056
40.060743211516005
31.510166448793896
31.510166448793896
23.622177103981233
23.622177103981233
23.622177103981233
23.622177103981233
23.622177103981233
23.622177103981233
23.622177103981233
23.622177103981233
23.622177103981233
23.622177103981233
22.555971755941854
22.555971755941854
22.251721053979104
22.251721053979104
22.251721053979104
22.251721053979104
22.251721053979104
22.251721053979104
18.605886716998455
18.605886716998455
18.605886716998455
18.605886716998455
18.605886716998455
18.605886716998455
18.605886716998455
18.605886716998455
5.862255977904519
5.862255977904519
5.862255977904519
5.862255977904519
5.862255977904519
5.862255977904519
5.862255977904519
5.862255977904519
5.862255977904519
5.862255977904519
5.862255977904519
5.862255977904519
5.862255977904519
5.862255977904519
5.862255977904519
5.862255977904519
5.862255977904519
5.862255977904519
5.862255977904519
5.862255977904519
5.862255977904519
5.862255977904519
5.862255977904519
5.862255977904519
5.862255977904519
5.862255977904519
5.862255977904519
5.862255977904519
5.862255977904519
5.862255977904519
5.862255977904519
5.862255977904519
5.862255977904519
5.862255977904519
5.862255977904519
5.862255977904519
5.862255977904519
5.862255977904519
5.862255977904519
5.862255977904519
5.862255977904519
5.862255977904519
5.862255977904519
5.862255977904519
5.862255977904519
5.862255977904519
5.862255977904519
5.862255977904519
5.862255977904519
5.862255977904519
5.862255977904519
5.862255977904519
5.862255977904519
5.862255977904519
5.862255977904519
5.862255977904519
5.862255977904519
5.862255977904519
5.862255977904519
5.862255977904519
5.862255977904519
5.862255977904519
5.862255977904519
5.862255977904519
5.862255977904519
5.862255977904519
5.862255977904519
5.862255977904519
5.862255977904519
5.862255977904519
5.862255977904519
5.862255977904519
5.862255977904519
5.612612930648039
5.612612930648039
5.612612930648039
5.612612930648039
5.612612930648039
5.612612930648039
5.612612930648039
5.612612930648039
5.612612930648039
5.612612930648039
5.612612930648039
5.612612930648039
5.612612930648039
5.612612930648039
5.612612930648039
5.612612930648039
4.8205672236861785
4.8205672236861785
4.8205672236861785
4.8205672236861785
4.8205672236861785
4.8205672236861785
4.8205672236861785
4.8205672236861785
4.8205672236861785
4.8205672236861785
4.8205672236861785
4.8205672236861785
4.8205672236861785
4.8205672236861785
4.8205672236861785
4.8205672236861785
4.8205672236861785
4.8205672236861785
4.8205672236861785
4.8205672236861785
4.8205672236861785
4.8205672236861785
4.8205672236861785
4.8205672236861785
4.8205672236861785
4.8205672236861785
4.8205672236861785
4.8205672236861785
4.8205672236861785
4.8205672236861785
4.8205672236861785
4.8205672236861785
4.8205672236861785
4.8205672236861785
4.8205672236861785
4.8205672236861785
4.8205672236861785
4.8205672236861785
4.8205672236861785
4.8205672236861785
4.8205672236861785
4.8205672236861785
4.8205672236861785
4.8205672236861785
4.8205672236861785
4.8205672236861785
4.8205672236861785
4.8205672236861785
4.8205672236861785
4.8205672236861785
4.8205672236861785
4.8205672236861785
4.8205672236861785
4.8205672236861785
4.8205672236861785
4.8205672236861785
4.8205672236861785
4.8205672236861785
4.8205672236861785
4.8205672236861785
4.8205672236861785
4.8205672236861785
4.8205672236861785
4.8205672236861785
4.8205672236861785
4.8205672236861785
4.8205672236861785
4.8205672236861785
4.8205672236861785
4.8205672236861785
4.8205672236861785
4.8205672236861785
4.8205672236861785
4.8205672236861785
4.8205672236861785
4.8205672236861785
4.8205672236861785
4.8205672236861785
4.8205672236861785
4.8205672236861785
4.8205672236861785
4.8205672236861785
4.8205672236861785
4.8205672236861785
4.8205672236861785
4.8205672236861785
4.8205672236861785
4.8205672236861785
4.8205672236861785
4.8205672236861785
4.8205672236861785
4.8205672236861785
4.8205672236861785
4.8205672236861785
3.629663432943258
3.629663432943258
3.629663432943258
3.629663432943258
3.629663432943258
3.629663432943258
3.629663432943258
3.629663432943258
3.629663432943258
3.629663432943258
3.629663432943258
3.629663432943258
3.629663432943258
3.629663432943258
3.629663432943258
3.629663432943258
3.629663432943258
3.629663432943258
3.629663432943258
3.629663432943258
3.629663432943258
3.629663432943258
3.629663432943258
3.629663432943258
3.629663432943258
3.629663432943258
3.629663432943258
3.629663432943258
3.629663432943258
3.629663432943258
3.629663432943258
3.629663432943258
3.629663432943258
3.629663432943258
3.629663432943258
3.629663432943258
3.629663432943258
1.9434348925391463
1.9434348925391463
1.9434348925391463
1.9434348925391463
1.9434348925391463
1.9434348925391463
1.9434348925391463
1.9434348925391463
1.9434348925391463
1.9434348925391463
1.9434348925391463
1.9434348925391463
1.9434348925391463
1.9434348925391463
1.9434348925391463
1.9434348925391463
1.9434348925391463
1.9434348925391463
1.9434348925391463
1.9434348925391463
1.9434348925391463
1.9434348925391463
1.9434348925391463
1.9434348925391463
1.9434348925391463
1.9434348925391463
1.9434348925391463
1.9434348925391463
1.9434348925391463
1.9434348925391463
1.9434348925391463
1.9434348925391463
1.9434348925391463
1.9434348925391463
1.9434348925391463
1.9434348925391463
1.9434348925391463
1.9434348925391463
1.9434348925391463
1.9434348925391463
1.9434348925391463
1.9434348925391463
1.9434348925391463
1.9434348925391463
1.9434348925391463
1.9434348925391463
1.9434348925391463
1.9434348925391463
1.9434348925391463
1.9434348925391463
1.9434348925391463
1.9434348925391463
1.9434348925391463
1.9434348925391463
1.9434348925391463
1.9434348925391463
1.9434348925391463
1.9434348925391463
1.9434348925391463
1.9434348925391463
1.9434348925391463
1.9434348925391463
1.9434348925391463
1.9434348925391463
1.9434348925391463
1.9434348925391463
1.9434348925391463
1.9434348925391463
1.9434348925391463
1.9434348925391463
1.9434348925391463
1.9434348925391463
1.9434348925391463
1.9434348925391463
1.9434348925391463
1.9434348925391463
1.9434348925391463
1.9434348925391463
1.9434348925391463
1.9434348925391463
1.9434348925391463
1.9434348925391463
1.9434348925391463
1.9434348925391463
1.9434348925391463
1.9434348925391463
1.9434348925391463
1.9434348925391463
1.9434348925391463
1.9434348925391463
1.9434348925391463
1.9434348925391463
1.9434348925391463
1.9434348925391463
1.9434348925391463
1.9434348925391463
1.9434348925391463
1.9434348925391463
1.9434348925391463
1.9434348925391463
1.9434348925391463
1.9434348925391463
1.9434348925391463
1.9434348925391463
1.9434348925391463
1.9434348925391463
1.9434348925391463
1.9434348925391463
1.9434348925391463
1.9434348925391463
1.9434348925391463
1.9434348925391463
1.9434348925391463
1.9434348925391463
1.9434348925391463
1.9434348925391463
1.9434348925391463
1.9434348925391463
1.9434348925391463
1.9434348925391463
1.9434348925391463
1.9434348925391463
1.9434348925391463
1.9434348925391463
1.9434348925391463
1.9434348925391463
1.9434348925391463
1.9434348925391463
1.9434348925391463
1.9434348925391463
1.9434348925391463
1.9434348925391463
1.9434348925391463
1.9434348925391463
1.9434348925391463
1.9434348925391463
1.9434348925391463
1.9434348925391463
1.9434348925391463
1.9434348925391463
1.9434348925391463
1.9434348925391463
1.9434348925391463
1.9434348925391463
1.9434348925391463
1.9434348925391463
1.9434348925391463
1.9434348925391463
1.9434348925391463
1.9434348925391463
1.9434348925391463
1.9434348925391463
1.9434348925391463
1.9434348925391463
1.9434348925391463
1.9434348925391463
1.9434348925391463
1.9434348925391463
1.9434348925391463
1.9434348925391463
1.9434348925391463
1.9434348925391463
1.9434348925391463
1.9434348925391463
1.9434348925391463
1.9434348925391463
1.9434348925391463
1.9434348925391463
1.9434348925391463
1.9434348925391463
1.9434348925391463
1.9434348925391463
1.9434348925391463
1.9434348925391463
1.9434348925391463
1.9434348925391463
1.9434348925391463
1.9434348925391463
1.9434348925391463
1.9434348925391463
1.9434348925391463
1.9434348925391463
1.9434348925391463
1.9434348925391463
1.9434348925391463
1.9434348925391463
1.9434348925391463
1.9434348925391463
1.9434348925391463
1.9434348925391463
1.9434348925391463
1.9434348925391463
1.9434348925391463
1.9434348925391463
1.9434348925391463
1.9434348925391463
1.9434348925391463
1.9434348925391463
1.9434348925391463
1.9434348925391463
1.9434348925391463
1.9434348925391463
1.9434348925391463
1.9434348925391463
1.9434348925391463
1.9434348925391463
1.9434348925391463
1.9434348925391463
1.9434348925391463
1.9434348925391463
1.9434348925391463
1.9434348925391463
1.9434348925391463
1.9434348925391463
1.9434348925391463
1.9434348925391463
1.9434348925391463
1.9434348925391463
1.9434348925391463
1.9434348925391463
1.9434348925391463
1.9434348925391463
1.9434348925391463
1.9434348925391463
1.9434348925391463
1.9434348925391463
1.9434348925391463
1.9434348925391463
1.9434348925391463
1.9434348925391463
1.9434348925391463
1.9434348925391463
1.9434348925391463
1.9434348925391463
1.9434348925391463
1.9434348925391463
1.9434348925391463
1.9434348925391463
1.9434348925391463
1.9434348925391463
1.9434348925391463
1.9434348925391463
1.9434348925391463
1.9434348925391463
1.9434348925391463
1.9434348925391463
1.9434348925391463
1.9434348925391463
1.9434348925391463
1.9434348925391463
1.9434348925391463
1.9434348925391463
1.9434348925391463
1.9434348925391463
1.9434348925391463
1.9434348925391463
1.9434348925391463
1.9434348925391463
1.9434348925391463
1.9434348925391463
1.9434348925391463
1.9434348925391463
1.9434348925391463
1.9434348925391463
1.9434348925391463
1.9434348925391463
1.9434348925391463
1.9434348925391463
1.9434348925391463
1.9434348925391463
1.9434348925391463
1.9434348925391463
1.9434348925391463
1.9434348925391463
1.9434348925391463
1.9434348925391463
1.9434348925391463
1.9434348925391463
1.9434348925391463
1.9434348925391463
1.9434348925391463
1.9434348925391463
1.9434348925391463
1.9434348925391463
1.9434348925391463
1.9434348925391463
1.9434348925391463
1.9434348925391463
1.9434348925391463
1.9434348925391463
1.9434348925391463
1.9434348925391463
1.9434348925391463
1.9434348925391463
1.9434348925391463
1.9434348925391463
1.9434348925391463
1.9434348925391463
1.9434348925391463
1.9434348925391463
1.9434348925391463
1.9434348925391463
1.9434348925391463
1.9434348925391463
1.9434348925391463
1.9434348925391463
1.9434348925391463
1.9434348925391463
1.9434348925391463
1.9434348925391463
1.9434348925391463
1.9434348925391463
1.9434348925391463
1.9434348925391463
1.9434348925391463
1.9434348925391463
1.9434348925391463
1.9434348925391463
1.9434348925391463
1.9434348925391463
1.9434348925391463
1.9434348925391463
1.9434348925391463
1.9434348925391463
1.9434348925391463
1.9434348925391463
1.9434348925391463
1.9434348925391463
1.9434348925391463
1.9434348925391463
1.9434348925391463
1.9434348925391463
1.9434348925391463
1.9434348925391463
1.9434348925391463
1.9434348925391463
1.9434348925391463
1.9434348925391463
1.9434348925391463
1.9434348925391463
1.9434348925391463
1.9434348925391463
1.9434348925391463
1.9434348925391463
1.9434348925391463
1.9434348925391463
1.9434348925391463
1.9434348925391463
1.9434348925391463
1.9434348925391463
1.9434348925391463
1.9434348925391463
1.9434348925391463
1.9434348925391463
1.9434348925391463
1.9434348925391463
1.9434348925391463
1.9434348925391463
1.9434348925391463
1.9434348925391463
1.9434348925391463
1.9434348925391463
1.9434348925391463
1.9434348925391463
1.9434348925391463
1.9434348925391463
1.9434348925391463
1.9434348925391463
1.9434348925391463
1.9434348925391463
1.9434348925391463
1.9434348925391463
1.9434348925391463
1.9434348925391463
1.9434348925391463
1.9434348925391463
1.9434348925391463
1.9434348925391463
1.9434348925391463
1.9434348925391463
1.9434348925391463
1.9434348925391463
1.9434348925391463
1.9434348925391463
1.9434348925391463
1.9434348925391463
1.9434348925391463
1.9434348925391463
1.9434348925391463
1.9434348925391463
1.9434348925391463
1.9434348925391463
1.9434348925391463
1.9434348925391463
1.9434348925391463
1.9434348925391463
1.9434348925391463
1.9434348925391463
1.9434348925391463
1.9434348925391463
1.9434348925391463
1.9434348925391463
1.9434348925391463
1.9434348925391463
1.9434348925391463
1.9434348925391463
1.9434348925391463
1.9434348925391463
1.9434348925391463
1.9434348925391463
1.9434348925391463
1.9434348925391463
1.9434348925391463
1.9434348925391463
1.9434348925391463
1.9434348925391463
1.9434348925391463
1.9434348925391463
1.9434348925391463
1.9434348925391463
1.9434348925391463
1.9434348925391463
1.9434348925391463
1.9434348925391463
1.9434348925391463
1.9434348925391463
1.9434348925391463
1.9434348925391463
1.9434348925391463
1.9434348925391463
1.9434348925391463
1.9434348925391463
1.9434348925391463
1.9434348925391463
1.9434348925391463
1.9434348925391463
1.9434348925391463
1.9434348925391463
1.9434348925391463
1.9434348925391463
1.9434348925391463
1.9434348925391463
1.9434348925391463
1.9434348925391463
1.9434348925391463
1.9434348925391463
1.9434348925391463
1.9434348925391463
1.9434348925391463
1.9434348925391463
1.9434348925391463
1.9434348925391463
1.9434348925391463
1.9434348925391463
1.9434348925391463
1.9434348925391463
1.9434348925391463
1.9434348925391463
1.9434348925391463
1.9434348925391463
1.9434348925391463
1.9434348925391463
1.9434348925391463
1.9434348925391463
1.9434348925391463
1.9434348925391463
1.9434348925391463
1.9434348925391463
1.9434348925391463
1.9434348925391463
1.9434348925391463
1.9434348925391463
1.9434348925391463
1.9434348925391463
1.9434348925391463
1.9434348925391463
1.9434348925391463
1.9434348925391463
1.9434348925391463
1.9434348925391463
1.9434348925391463
1.9434348925391463
1.9434348925391463
1.9434348925391463
1.9434348925391463
1.9434348925391463
1.9434348925391463
1.9434348925391463
1.9434348925391463
1.9434348925391463
1.9434348925391463
1.9434348925391463
1.9434348925391463
1.9434348925391463
1.9434348925391463
1.9434348925391463
1.9434348925391463
1.9434348925391463
1.9434348925391463
1.9434348925391463
1.9434348925391463
1.9434348925391463
1.9434348925391463
1.9434348925391463
1.9434348925391463
1.9434348925391463
1.9434348925391463
1.9434348925391463
1.9434348925391463
1.9434348925391463
1.9434348925391463
1.9434348925391463
1.9434348925391463
1.9434348925391463
1.9434348925391463
1.9434348925391463
1.9434348925391463
1.9434348925391463
1.9434348925391463
1.9434348925391463
1.9434348925391463
1.9434348925391463
1.9434348925391463
1.9434348925391463
1.9434348925391463
1.9434348925391463
1.9434348925391463
1.9434348925391463
1.9434348925391463
1.9434348925391463
1.9434348925391463
1.9434348925391463
1.9434348925391463
1.9434348925391463
1.9434348925391463
1.9434348925391463
1.9434348925391463
1.9434348925391463
1.9434348925391463
1.9434348925391463
1.9434348925391463
1.9434348925391463
1.9434348925391463
1.9434348925391463
1.9434348925391463
1.9434348925391463
1.9434348925391463
1.9434348925391463
1.9434348925391463
1.9434348925391463
1.9434348925391463
1.9434348925391463
1.9434348925391463
1.9434348925391463
1.9434348925391463
1.9434348925391463
1.9434348925391463
1.9434348925391463
1.9434348925391463
1.9434348925391463
1.9434348925391463
1.9434348925391463
1.9434348925391463
1.9434348925391463
1.9434348925391463
1.9434348925391463
1.9434348925391463
1.9434348925391463
1.9434348925391463
1.9434348925391463
1.9434348925391463
1.9434348925391463
1.9434348925391463
1.9434348925391463
1.9434348925391463
1.9434348925391463
1.9434348925391463
1.9434348925391463
1.9434348925391463
1.9434348925391463
1.9434348925391463
1.9434348925391463
1.9434348925391463
1.9434348925391463
1.9434348925391463
1.9434348925391463
1.9434348925391463
1.9434348925391463
1.9434348925391463
1.9434348925391463
1.9434348925391463
1.9434348925391463
1.9434348925391463
1.9434348925391463
1.9434348925391463
1.9434348925391463
1.9434348925391463
1.9434348925391463
1.9434348925391463
1.9434348925391463
1.9434348925391463
1.9434348925391463
1.9434348925391463
1.9434348925391463
1.9434348925391463
1.9434348925391463
1.9434348925391463
1.9434348925391463
1.9434348925391463
1.9434348925391463
1.9434348925391463
1.9434348925391463
1.9434348925391463
1.9434348925391463
1.9434348925391463
1.9434348925391463
1.9434348925391463
1.9434348925391463
1.9434348925391463
1.9434348925391463
1.9434348925391463
1.9434348925391463
1.9434348925391463
1.9434348925391463
1.9434348925391463
1.9434348925391463
1.9434348925391463
1.9434348925391463
1.9434348925391463
1.9434348925391463
1.9434348925391463
1.9434348925391463
1.9434348925391463
1.9434348925391463
1.9434348925391463
1.9434348925391463
1.9434348925391463
1.9434348925391463
1.9434348925391463
1.9434348925391463
1.9434348925391463
1.9434348925391463
1.9434348925391463
1.9434348925391463
1.9434348925391463
1.9434348925391463
1.9434348925391463
1.9434348925391463
1.9434348925391463
1.9434348925391463
1.9434348925391463
1.9434348925391463
1.9434348925391463
1.9434348925391463
1.9434348925391463
1.9434348925391463
1.9434348925391463
1.9434348925391463
1.9434348925391463
1.9434348925391463
1.9434348925391463
1.9434348925391463
1.9434348925391463
1.9434348925391463
1.9434348925391463
1.9434348925391463
1.9434348925391463
1.9434348925391463
1.9434348925391463
1.9434348925391463
1.9434348925391463
1.9434348925391463
1.9434348925391463
1.9434348925391463
1.9434348925391463
1.9434348925391463
1.9434348925391463
1.9434348925391463
1.9434348925391463
1.9434348925391463
1.9434348925391463
1.9434348925391463
1.9434348925391463
1.9434348925391463
1.9434348925391463
1.9434348925391463
1.9434348925391463
1.9434348925391463
1.9434348925391463
1.9434348925391463
1.9434348925391463
1.9434348925391463
1.9434348925391463
1.9434348925391463
1.9434348925391463
1.9434348925391463
1.9434348925391463
1.9434348925391463
1.9434348925391463
1.9434348925391463
1.9434348925391463
1.9434348925391463
1.9434348925391463
1.9434348925391463
1.9434348925391463
1.9434348925391463
1.9434348925391463
1.9434348925391463
1.9434348925391463
1.9434348925391463
1.9434348925391463
1.9434348925391463
1.9434348925391463
1.9434348925391463
1.9434348925391463
1.9434348925391463
1.9434348925391463
1.9434348925391463
1.9434348925391463
1.9434348925391463
1.9434348925391463
1.9434348925391463
1.9434348925391463
1.9434348925391463
1.9434348925391463
1.9434348925391463
1.9434348925391463
1.9434348925391463
1.9434348925391463
1.9434348925391463
1.9434348925391463
1.9434348925391463
1.9434348925391463
1.9434348925391463
1.9434348925391463
1.9434348925391463
1.9434348925391463
1.9434348925391463
1.9434348925391463
1.9434348925391463
1.9434348925391463
1.9434348925391463
1.9434348925391463
1.9434348925391463
1.9434348925391463
1.9434348925391463
1.9434348925391463
1.9434348925391463
1.9434348925391463
1.9434348925391463
1.9434348925391463
1.9434348925391463
1.9434348925391463
1.9434348925391463
1.9434348925391463
1.9434348925391463
1.9434348925391463
1.9434348925391463
1.9434348925391463
1.9434348925391463
1.9434348925391463
1.9434348925391463
1.9434348925391463
1.9434348925391463
1.9434348925391463
1.9434348925391463
1.9434348925391463
1.9434348925391463
1.9434348925391463
1.9434348925391463
1.9434348925391463
1.9434348925391463
1.9434348925391463
1.9434348925391463
1.9434348925391463
1.9434348925391463
1.9434348925391463
1.9434348925391463
1.9434348925391463
1.9434348925391463
1.9434348925391463
1.9434348925391463
1.9434348925391463
1.9434348925391463
1.9434348925391463
1.9434348925391463
1.9434348925391463
1.9434348925391463
1.9434348925391463
1.9434348925391463
1.9434348925391463
1.9434348925391463
1.9434348925391463
1.9434348925391463
1.9434348925391463
1.9434348925391463
1.9434348925391463
1.9434348925391463
1.9434348925391463
1.9434348925391463
1.9434348925391463
1.9434348925391463
1.9434348925391463
1.9434348925391463
1.9434348925391463
1.9434348925391463
1.9434348925391463
1.9434348925391463
1.9434348925391463
1.9434348925391463
1.9434348925391463
1.9434348925391463
1.9434348925391463
1.9434348925391463
1.9434348925391463
1.9434348925391463
1.9434348925391463
1.9434348925391463
1.9434348925391463
1.9434348925391463
1.9434348925391463
1.9434348925391463
1.9434348925391463
1.9434348925391463
1.9434348925391463
1.9434348925391463
1.9434348925391463
1.9434348925391463
1.9434348925391463
1.9434348925391463
1.9434348925391463
1.9434348925391463
1.9434348925391463
1.9434348925391463
1.9434348925391463
1.9434348925391463
1.9434348925391463
1.9434348925391463
1.9434348925391463
1.9434348925391463
1.9434348925391463
1.9434348925391463
1.9434348925391463
1.9434348925391463
1.9434348925391463
1.9434348925391463
1.9434348925391463
1.9434348925391463
1.9434348925391463
1.9434348925391463
1.9434348925391463
1.9434348925391463
1.9434348925391463
1.9434348925391463
1.9434348925391463
1.9434348925391463
1.9434348925391463
1.9434348925391463
1.9434348925391463
1.9434348925391463
1.9434348925391463
1.9434348925391463
1.9434348925391463
1.9434348925391463
1.9434348925391463
1.9434348925391463
1.9434348925391463
1.9434348925391463
1.9434348925391463
1.9434348925391463
1.9434348925391463
1.9434348925391463
1.9434348925391463
1.9434348925391463
1.9434348925391463
1.9434348925391463
1.9434348925391463
1.9434348925391463
1.9434348925391463
1.9434348925391463
1.9434348925391463
1.9434348925391463
1.9434348925391463
1.9434348925391463
1.9434348925391463
1.9434348925391463
1.9434348925391463
1.9434348925391463
1.9434348925391463
1.9434348925391463
1.9434348925391463
1.9434348925391463
1.9434348925391463
1.9434348925391463
1.9434348925391463
1.9434348925391463
1.9434348925391463
1.9434348925391463
1.9434348925391463
1.9434348925391463
1.9434348925391463
1.9434348925391463
1.9434348925391463
1.9434348925391463
1.9434348925391463
1.9434348925391463
1.9434348925391463
1.9434348925391463
1.9434348925391463
1.9434348925391463
1.9434348925391463
1.9434348925391463
1.9434348925391463
1.9434348925391463
1.9434348925391463
1.9434348925391463
1.9434348925391463
1.9434348925391463
1.9434348925391463
1.9434348925391463
1.9434348925391463
1.9434348925391463
1.9434348925391463
1.9434348925391463
1.9434348925391463
1.9434348925391463
1.9434348925391463
1.9434348925391463
1.9434348925391463
1.9434348925391463
1.9434348925391463
1.9434348925391463
1.9434348925391463
1.9434348925391463
1.9434348925391463
1.9434348925391463
1.9434348925391463
1.9434348925391463
1.9434348925391463
1.9434348925391463
1.9434348925391463
1.9434348925391463
1.9434348925391463
1.9434348925391463
1.9434348925391463
1.9434348925391463
1.9434348925391463
1.9434348925391463
1.9434348925391463
1.9434348925391463
1.9434348925391463
1.9434348925391463
1.9434348925391463
1.9434348925391463
1.9434348925391463
1.9434348925391463
1.9434348925391463
1.9434348925391463
1.9434348925391463
1.9434348925391463
1.9434348925391463
1.9434348925391463
1.9434348925391463
1.9434348925391463
1.9434348925391463
1.9434348925391463
1.9434348925391463
1.9434348925391463
1.9434348925391463
1.9434348925391463
1.9434348925391463
1.9434348925391463
1.9434348925391463
1.9434348925391463
1.9434348925391463
1.9434348925391463
1.9434348925391463
1.9434348925391463
1.9434348925391463
1.9434348925391463
1.9434348925391463
1.9434348925391463
1.9434348925391463
1.9434348925391463
1.9434348925391463
1.9434348925391463
1.9434348925391463
1.9434348925391463
1.9434348925391463
1.9434348925391463
1.9434348925391463
1.9434348925391463
1.9434348925391463
1.9434348925391463
1.9434348925391463
1.9434348925391463
1.9434348925391463
1.9434348925391463
1.9434348925391463
1.9434348925391463
1.9434348925391463
1.9434348925391463
1.9434348925391463
1.9434348925391463
1.9434348925391463
1.9434348925391463
1.9434348925391463
1.9434348925391463
1.9434348925391463
1.9434348925391463
1.9434348925391463
1.9434348925391463
1.9434348925391463
1.9434348925391463
1.9434348925391463
1.9434348925391463
1.9434348925391463
1.9434348925391463
1.9434348925391463
1.9434348925391463
1.9434348925391463
1.9434348925391463
1.9434348925391463
1.9434348925391463
1.9434348925391463
1.9434348925391463
1.9434348925391463
1.9434348925391463
1.9434348925391463
1.9434348925391463
1.9434348925391463
1.9434348925391463
1.9434348925391463
1.9434348925391463
1.9434348925391463
1.9434348925391463
1.9434348925391463
1.9434348925391463
1.9434348925391463
1.9434348925391463
1.9434348925391463
1.9434348925391463
1.9434348925391463
1.9434348925391463
1.9434348925391463
1.9434348925391463
1.9434348925391463
1.9434348925391463
1.9434348925391463
1.9434348925391463
1.9434348925391463
1.9434348925391463
1.9434348925391463
1.9434348925391463
1.9434348925391463
1.9434348925391463
1.9434348925391463
1.9434348925391463
1.9434348925391463
1.9434348925391463
1.9434348925391463
1.9434348925391463
1.9434348925391463
1.9434348925391463
1.9434348925391463
1.9434348925391463
1.9434348925391463
1.9434348925391463
1.9434348925391463
1.9434348925391463
1.9434348925391463
1.9434348925391463
1.9434348925391463
1.9434348925391463
1.9434348925391463
1.9434348925391463
1.9434348925391463
1.9434348925391463
1.9434348925391463
1.9434348925391463
1.9434348925391463
1.9434348925391463
1.9434348925391463
1.9434348925391463
1.9434348925391463
1.9434348925391463
1.9434348925391463
1.9434348925391463
1.9434348925391463
1.9434348925391463
1.9434348925391463
1.9434348925391463
1.9434348925391463
1.9434348925391463
1.9434348925391463
1.9434348925391463
1.9434348925391463
1.9434348925391463
1.9434348925391463
1.9434348925391463
1.9434348925391463
1.9434348925391463
1.9434348925391463
1.9434348925391463
1.9434348925391463
1.9434348925391463
1.9434348925391463
1.9434348925391463
1.9434348925391463
1.9434348925391463
1.9434348925391463
1.9434348925391463
1.9434348925391463
1.9434348925391463
1.9434348925391463
1.9434348925391463
1.9434348925391463
1.9434348925391463
1.9434348925391463
1.9434348925391463
1.9434348925391463
1.9434348925391463
1.9434348925391463
1.9434348925391463
1.9434348925391463
1.9434348925391463
1.9434348925391463
1.9434348925391463
1.9434348925391463
1.9434348925391463
1.9434348925391463
1.9434348925391463
1.9434348925391463
1.9434348925391463
1.9434348925391463
1.9434348925391463
1.9434348925391463
1.9434348925391463
1.9434348925391463
1.9434348925391463
1.9434348925391463
1.9434348925391463
1.9434348925391463
1.9434348925391463
1.9434348925391463
1.9434348925391463
1.9434348925391463
1.9434348925391463
1.9434348925391463
1.9434348925391463
1.9434348925391463
1.9434348925391463
1.9434348925391463
1.9434348925391463
1.9434348925391463
1.9434348925391463
1.9434348925391463
1.9434348925391463
1.9434348925391463
1.9434348925391463
1.9434348925391463
1.9434348925391463
1.9434348925391463
1.9434348925391463
1.9434348925391463
1.9434348925391463
1.9434348925391463
1.9434348925391463
1.9434348925391463
1.9434348925391463
1.9434348925391463
1.9434348925391463
1.9434348925391463
1.9434348925391463
1.9434348925391463
1.9434348925391463
1.9434348925391463
1.9434348925391463
1.9434348925391463
1.9434348925391463
1.9434348925391463
1.9434348925391463
1.9434348925391463
1.9434348925391463
1.9434348925391463
1.9434348925391463
1.9434348925391463
1.9434348925391463
1.9434348925391463
1.9434348925391463
1.9434348925391463
1.9434348925391463
1.9434348925391463
1.9434348925391463
1.9434348925391463
1.9434348925391463
1.9434348925391463
1.9434348925391463
1.9434348925391463
1.9434348925391463
1.9434348925391463
1.9434348925391463
1.9434348925391463
1.9434348925391463
1.9434348925391463
1.9434348925391463
1.9434348925391463
1.9434348925391463
1.9434348925391463
1.9434348925391463
1.9434348925391463
1.9434348925391463
1.9434348925391463
1.9434348925391463
1.9434348925391463
1.9434348925391463
1.9434348925391463
1.9434348925391463
1.9434348925391463
1.9434348925391463
1.9434348925391463
1.9434348925391463
1.9434348925391463
1.9434348925391463
1.9434348925391463
1.9434348925391463
1.9434348925391463
1.9434348925391463
1.9434348925391463
1.9434348925391463
1.9434348925391463
1.9434348925391463
1.9434348925391463
1.9434348925391463
1.9434348925391463
1.9434348925391463
1.9434348925391463
1.9434348925391463
1.9434348925391463
1.9434348925391463
1.9434348925391463
1.9434348925391463
1.9434348925391463
1.9434348925391463
1.9434348925391463
1.9434348925391463
1.9434348925391463
1.9434348925391463
1.9434348925391463
1.9434348925391463
1.9434348925391463
1.9434348925391463
1.9434348925391463
1.9434348925391463
1.9434348925391463
1.9434348925391463
1.9434348925391463
1.9434348925391463
1.9434348925391463
1.9434348925391463
1.9434348925391463
1.9434348925391463
1.9434348925391463
1.9434348925391463
1.9434348925391463
1.9434348925391463
1.9434348925391463
1.9434348925391463
1.9434348925391463
1.9434348925391463
1.9434348925391463
1.9434348925391463
1.9434348925391463
1.9434348925391463
1.9434348925391463
1.9434348925391463
1.9434348925391463
1.9434348925391463
1.9434348925391463
1.9434348925391463
1.9434348925391463
1.9434348925391463
1.9434348925391463
1.9434348925391463
1.9434348925391463
1.9434348925391463
1.9434348925391463
1.9434348925391463
1.9434348925391463
1.9434348925391463
1.9434348925391463
1.9434348925391463
1.9434348925391463
1.9434348925391463
1.9434348925391463
1.9434348925391463
1.9434348925391463
1.9434348925391463
1.9434348925391463
1.9434348925391463
1.9434348925391463
1.9434348925391463
1.9434348925391463
1.9434348925391463
1.9434348925391463
1.9434348925391463
1.9434348925391463
1.9434348925391463
1.9434348925391463
1.9434348925391463
1.9434348925391463
1.9434348925391463
1.9434348925391463
1.9434348925391463
1.9434348925391463
1.9434348925391463
1.9434348925391463
1.9434348925391463
1.9434348925391463
1.9434348925391463
1.9434348925391463
1.9434348925391463
1.9434348925391463
1.9434348925391463
1.9434348925391463
1.9434348925391463
1.9434348925391463
1.9434348925391463
1.9434348925391463
1.9434348925391463
1.9434348925391463
1.9434348925391463
1.9434348925391463
1.9434348925391463
1.9434348925391463
1.9434348925391463
1.9434348925391463
1.9434348925391463
1.9434348925391463
1.9434348925391463
1.9434348925391463
1.9434348925391463
1.9434348925391463
1.9434348925391463
1.9434348925391463
1.9434348925391463
1.9434348925391463
1.9434348925391463
1.9434348925391463
1.9434348925391463
1.9434348925391463
1.9434348925391463
1.9434348925391463
1.9434348925391463
1.9434348925391463
1.9434348925391463
1.9434348925391463
1.9434348925391463
1.9434348925391463
1.9434348925391463
1.9434348925391463
1.9434348925391463
1.9434348925391463
1.9434348925391463
1.9434348925391463
1.9434348925391463
1.9434348925391463
1.9434348925391463
1.9434348925391463
1.9434348925391463
1.9434348925391463
1.9434348925391463
1.9434348925391463
1.9434348925391463
1.9434348925391463
1.9434348925391463
1.9434348925391463
1.9434348925391463
1.9434348925391463
1.9434348925391463
1.9434348925391463
1.9434348925391463
1.9434348925391463
1.9434348925391463
1.9434348925391463
1.9434348925391463
1.9434348925391463
1.9434348925391463
1.9434348925391463
1.9434348925391463
1.9434348925391463
1.9434348925391463
1.9434348925391463
1.9434348925391463
1.9434348925391463
1.9434348925391463
1.9434348925391463
1.9434348925391463
1.9434348925391463
1.9434348925391463
1.9434348925391463
1.9434348925391463
1.9434348925391463
1.9434348925391463
1.9434348925391463
1.9434348925391463
1.9434348925391463
1.9434348925391463
1.9434348925391463
1.9434348925391463
1.9434348925391463
1.9434348925391463
1.9434348925391463
1.9434348925391463
1.9434348925391463
1.9434348925391463
1.9434348925391463
1.9434348925391463
1.9434348925391463
1.9434348925391463
1.9434348925391463
1.9434348925391463
1.9434348925391463
1.9434348925391463
1.9434348925391463
1.9434348925391463
1.9434348925391463
1.9434348925391463
1.9434348925391463
1.9434348925391463
1.9434348925391463
1.9434348925391463
1.9434348925391463
1.9434348925391463
1.9434348925391463
1.9434348925391463
1.9434348925391463
1.9434348925391463
1.9434348925391463
1.9434348925391463
1.9434348925391463
1.9434348925391463
1.9434348925391463
1.9434348925391463
1.9434348925391463
1.9434348925391463
1.9434348925391463
1.9434348925391463
1.9434348925391463
1.9434348925391463
1.9434348925391463
1.9434348925391463
1.9434348925391463
1.9434348925391463
1.9434348925391463
1.9434348925391463
1.9434348925391463
1.9434348925391463
1.9434348925391463
1.9434348925391463
1.9434348925391463
1.9434348925391463
1.9434348925391463
1.9434348925391463
1.9434348925391463
1.9434348925391463
1.9434348925391463
1.9434348925391463
1.9434348925391463
1.9434348925391463
1.9434348925391463
1.9434348925391463
1.9434348925391463
1.9434348925391463
1.9434348925391463
1.9434348925391463
1.9434348925391463
1.9434348925391463
1.9434348925391463
1.9434348925391463
1.9434348925391463
1.9434348925391463
1.9434348925391463
1.9434348925391463
1.9434348925391463
1.9434348925391463
1.9434348925391463
1.9434348925391463
1.9434348925391463
1.9434348925391463
1.9434348925391463
1.9434348925391463
1.9434348925391463
1.9434348925391463
1.9434348925391463
1.9434348925391463
1.9434348925391463
1.9434348925391463
1.9434348925391463
1.9434348925391463
1.9434348925391463
1.9434348925391463
1.9434348925391463
1.9434348925391463
1.9434348925391463
1.9434348925391463
1.9434348925391463
1.9434348925391463
1.9434348925391463
1.9434348925391463
1.9434348925391463
1.9434348925391463
1.9434348925391463
1.9434348925391463
1.9434348925391463
1.9434348925391463
1.9434348925391463
1.9434348925391463
1.9434348925391463
1.9434348925391463
1.9434348925391463
1.9434348925391463
1.9434348925391463
1.9434348925391463
1.9434348925391463
1.9434348925391463
1.9434348925391463
1.9434348925391463
1.9434348925391463
1.9434348925391463
1.9434348925391463
1.9434348925391463
1.9434348925391463
1.9434348925391463
1.9434348925391463
1.9434348925391463
1.9434348925391463
1.9434348925391463
1.9434348925391463
1.9434348925391463
1.9434348925391463
1.9434348925391463
1.9434348925391463
1.9434348925391463
1.9434348925391463
1.9434348925391463
1.9434348925391463
1.9434348925391463
1.9434348925391463
1.9434348925391463
1.9434348925391463
1.9434348925391463
1.9434348925391463
1.9434348925391463
1.9434348925391463
1.9434348925391463
1.9434348925391463
1.9434348925391463
1.9434348925391463
1.9434348925391463
1.9434348925391463
1.9434348925391463
1.9434348925391463
1.9434348925391463
1.9434348925391463
1.9434348925391463
1.9434348925391463
1.9434348925391463
1.9434348925391463
1.9434348925391463
1.9434348925391463
1.9434348925391463
1.9434348925391463
1.9434348925391463
1.9434348925391463
1.9434348925391463
1.9434348925391463
1.9434348925391463
1.9434348925391463
1.9434348925391463
1.9434348925391463
1.9434348925391463
1.9434348925391463
1.9434348925391463
1.9434348925391463
1.9434348925391463
1.9434348925391463
1.9434348925391463
1.9434348925391463
1.9434348925391463
1.9434348925391463
1.9434348925391463
1.9434348925391463
1.9434348925391463
1.9434348925391463
1.9434348925391463
1.9434348925391463
1.9434348925391463
1.9434348925391463
1.9434348925391463
1.9434348925391463
1.9434348925391463
1.9434348925391463
1.9434348925391463
1.9434348925391463
1.9434348925391463
1.9434348925391463
1.9434348925391463
1.9434348925391463
1.9434348925391463
1.9434348925391463
1.9434348925391463
1.9434348925391463
1.9434348925391463
1.9434348925391463
1.9434348925391463
1.9434348925391463
1.9434348925391463
1.9434348925391463
1.9434348925391463
1.9434348925391463
1.9434348925391463
1.9434348925391463
1.9434348925391463
1.9434348925391463
1.9434348925391463
1.9434348925391463
1.9434348925391463
1.9434348925391463
1.9434348925391463
1.9434348925391463
1.9434348925391463
1.9434348925391463
1.9434348925391463
1.9434348925391463
1.9434348925391463
1.9434348925391463
1.9434348925391463
1.9434348925391463
1.9434348925391463
1.9434348925391463
1.9434348925391463
1.9434348925391463
1.9434348925391463
1.9434348925391463
1.9434348925391463
1.9434348925391463
1.9434348925391463
1.9434348925391463
1.9434348925391463
1.9434348925391463
1.9434348925391463
1.9434348925391463
1.9434348925391463
1.9434348925391463
1.9434348925391463
1.9434348925391463
1.9434348925391463
1.9434348925391463
1.9434348925391463
1.9434348925391463
1.9434348925391463
1.9434348925391463
1.9434348925391463
1.9434348925391463
1.9434348925391463
1.9434348925391463
1.9434348925391463
1.9434348925391463
1.9434348925391463
1.9434348925391463
1.9434348925391463
1.9434348925391463
1.9434348925391463
1.9434348925391463
1.9434348925391463
1.9434348925391463
1.9434348925391463
1.9434348925391463
1.9434348925391463
1.9434348925391463
1.9434348925391463
1.9434348925391463
1.9434348925391463
1.9434348925391463
1.9434348925391463
1.9434348925391463
1.9434348925391463
1.9434348925391463
1.9434348925391463
1.9434348925391463
1.9434348925391463
1.9434348925391463
1.9434348925391463
1.9434348925391463
1.9434348925391463
1.9434348925391463
1.9434348925391463
1.9434348925391463
1.9434348925391463
1.9434348925391463
1.9434348925391463
1.9434348925391463
1.9434348925391463
1.9434348925391463
1.9434348925391463
1.9434348925391463
1.9434348925391463
1.9434348925391463
1.9434348925391463
1.9434348925391463
1.9434348925391463
1.9434348925391463
1.9434348925391463
1.9434348925391463
1.9434348925391463
1.9434348925391463
1.9434348925391463
1.9434348925391463
1.9434348925391463
1.9434348925391463
1.9434348925391463
1.9434348925391463
1.9434348925391463
1.9434348925391463
1.9434348925391463
1.9434348925391463
1.9434348925391463
1.9434348925391463
1.9434348925391463
1.9434348925391463
1.9434348925391463
1.9434348925391463
1.9434348925391463
1.9434348925391463
1.9434348925391463
1.9434348925391463
1.9434348925391463
1.9434348925391463
1.9434348925391463
1.9434348925391463
1.9434348925391463
1.9434348925391463
1.9434348925391463
1.9434348925391463
1.9434348925391463
1.9434348925391463
1.9434348925391463
1.9434348925391463
1.9434348925391463
1.9434348925391463
1.9434348925391463
1.9434348925391463
1.9434348925391463
1.9434348925391463
1.9434348925391463
1.9434348925391463
1.9434348925391463
1.9434348925391463
1.9434348925391463
1.9434348925391463
1.9434348925391463
1.9434348925391463
1.9434348925391463
1.9434348925391463
1.9434348925391463
1.9434348925391463
1.9434348925391463
1.9434348925391463
1.9434348925391463
1.9434348925391463
1.9434348925391463
1.9434348925391463
1.9434348925391463
1.9434348925391463
1.9434348925391463
1.9434348925391463
1.9434348925391463
1.9434348925391463
1.9434348925391463
1.9434348925391463
1.9434348925391463
1.9434348925391463
1.9434348925391463
1.9434348925391463
1.9434348925391463
1.9434348925391463
1.9434348925391463
1.9434348925391463
1.9434348925391463
1.9434348925391463
1.9434348925391463
1.9434348925391463
1.9434348925391463
1.9434348925391463
1.9434348925391463
1.9434348925391463
1.9434348925391463
1.9434348925391463
1.9434348925391463
1.9434348925391463
1.9434348925391463
1.9434348925391463
1.9434348925391463
1.9434348925391463
1.9434348925391463
1.9434348925391463
1.9434348925391463
1.9434348925391463
1.9434348925391463
1.9434348925391463
1.9434348925391463
1.9434348925391463
1.9434348925391463
1.9434348925391463
1.9434348925391463
1.9434348925391463
1.9434348925391463
1.9434348925391463
1.9434348925391463
1.9434348925391463
1.9434348925391463
1.9434348925391463
1.9434348925391463
1.9434348925391463
1.9434348925391463
1.9434348925391463
1.9434348925391463
1.9434348925391463
1.9434348925391463
1.9434348925391463
1.9434348925391463
1.9434348925391463
1.9434348925391463
1.9434348925391463
1.9434348925391463
1.9434348925391463
1.9434348925391463
1.9434348925391463
1.9434348925391463
1.9434348925391463
1.9434348925391463
1.9434348925391463
1.9434348925391463
1.9434348925391463
1.9434348925391463
1.9434348925391463
1.9434348925391463
1.9434348925391463
1.9434348925391463
1.9434348925391463
1.9434348925391463
1.9434348925391463
1.9434348925391463
1.9434348925391463
1.9434348925391463
1.9434348925391463
1.9434348925391463
1.9434348925391463
1.9434348925391463
1.9434348925391463
1.9434348925391463
1.9434348925391463
1.9434348925391463
1.9434348925391463
1.9434348925391463
1.9434348925391463
1.9434348925391463
1.9434348925391463
1.9434348925391463
1.9434348925391463
1.9434348925391463
1.9434348925391463
1.9434348925391463
1.9434348925391463
1.9434348925391463
1.9434348925391463
1.9434348925391463
1.9434348925391463
1.9434348925391463
1.9434348925391463
1.9434348925391463
1.9434348925391463
1.9434348925391463
1.9434348925391463
1.9434348925391463
1.9434348925391463
1.9434348925391463
1.9434348925391463
1.9434348925391463
1.9434348925391463
1.9434348925391463
1.9434348925391463
1.9434348925391463
1.9434348925391463
1.9434348925391463
1.9434348925391463
1.9434348925391463
1.9434348925391463
1.9434348925391463
1.9434348925391463
1.9434348925391463
1.9434348925391463
1.9434348925391463
1.9434348925391463
1.9434348925391463
1.9434348925391463
1.9434348925391463
1.9434348925391463
1.9434348925391463
1.9434348925391463
1.9434348925391463
1.9434348925391463
1.9434348925391463
1.9434348925391463
1.9434348925391463
1.9434348925391463
1.9434348925391463
1.9434348925391463
1.9434348925391463
1.9434348925391463
1.9434348925391463
1.9434348925391463
1.9434348925391463
1.9434348925391463
1.9434348925391463
1.9434348925391463
1.9434348925391463
1.9434348925391463
1.9434348925391463
1.9434348925391463
1.9434348925391463
1.9434348925391463
1.9434348925391463
1.9434348925391463
1.9434348925391463
1.9434348925391463
1.9434348925391463
1.9434348925391463
1.9434348925391463
1.9434348925391463
1.9434348925391463
1.9434348925391463
1.9434348925391463
1.9434348925391463
1.9434348925391463
1.9434348925391463
1.9434348925391463
1.9434348925391463
1.9434348925391463
1.9434348925391463
1.9434348925391463
1.9434348925391463
1.9434348925391463
1.9434348925391463
1.9434348925391463
1.9434348925391463
1.9434348925391463
1.9434348925391463
1.9434348925391463
1.9434348925391463
1.9434348925391463
1.9434348925391463
1.9434348925391463
1.9434348925391463
1.9434348925391463
1.9434348925391463
1.9434348925391463
1.9434348925391463
1.9434348925391463
1.9434348925391463
1.9434348925391463
1.9434348925391463
1.9434348925391463
1.9434348925391463
1.9434348925391463
1.9434348925391463
1.9434348925391463
1.9434348925391463
1.9434348925391463
1.9434348925391463
1.9434348925391463
1.9434348925391463
1.9434348925391463
1.9434348925391463
1.9434348925391463
1.9434348925391463
1.9434348925391463
1.9434348925391463
1.9434348925391463
1.9434348925391463
1.9434348925391463
1.9434348925391463
1.9434348925391463
1.9434348925391463
1.9434348925391463
1.9434348925391463
1.9434348925391463
1.9434348925391463
1.9434348925391463
1.9434348925391463
1.9434348925391463
1.9434348925391463
1.9434348925391463
1.9434348925391463
1.9434348925391463
1.9434348925391463
1.9434348925391463
1.9434348925391463
1.9434348925391463
1.9434348925391463
1.9434348925391463
1.9434348925391463
1.9434348925391463
1.9434348925391463
1.9434348925391463
1.9434348925391463
1.9434348925391463
1.9434348925391463
1.9434348925391463
1.9434348925391463
1.9434348925391463
1.9434348925391463
1.9434348925391463
1.9434348925391463
1.9434348925391463
1.9434348925391463
1.9434348925391463
1.9434348925391463
1.9434348925391463
1.9434348925391463
1.9434348925391463
1.9434348925391463
1.9434348925391463
1.9434348925391463
1.9434348925391463
1.9434348925391463
1.9434348925391463
1.9434348925391463
1.9434348925391463
1.9434348925391463
1.9434348925391463
1.9434348925391463
1.9434348925391463
1.9434348925391463
1.9434348925391463
1.9434348925391463
1.9434348925391463
1.9434348925391463
1.9434348925391463
1.9434348925391463
1.9434348925391463
1.9434348925391463
1.9434348925391463
1.9434348925391463
1.9434348925391463
1.9434348925391463
1.9434348925391463
1.9434348925391463
1.9434348925391463
1.9434348925391463
1.9434348925391463
1.9434348925391463
1.9434348925391463
1.9434348925391463
1.9434348925391463
1.9434348925391463
1.9434348925391463
1.9434348925391463
1.9434348925391463
1.9434348925391463
1.9434348925391463
1.9434348925391463
1.9434348925391463
1.9434348925391463
1.9434348925391463
1.9434348925391463
1.9434348925391463
1.9434348925391463
1.9434348925391463
1.9434348925391463
1.9434348925391463
1.9434348925391463
1.9434348925391463
1.9434348925391463
1.9434348925391463
1.9434348925391463
1.9434348925391463
1.9434348925391463
1.9434348925391463
1.9434348925391463
1.9434348925391463
1.9434348925391463
1.9434348925391463
1.9434348925391463
1.9434348925391463
1.9434348925391463
1.9434348925391463
1.9434348925391463
1.9434348925391463
1.9434348925391463
1.9434348925391463
1.9434348925391463
1.9434348925391463
1.9434348925391463
1.9434348925391463
1.9434348925391463
1.9434348925391463
1.9434348925391463
1.9434348925391463
1.9434348925391463
1.9434348925391463
1.9434348925391463
1.9434348925391463
1.9434348925391463
1.9434348925391463
1.9434348925391463
1.9434348925391463
1.9434348925391463
1.9434348925391463
1.9434348925391463
1.9434348925391463
1.9434348925391463
1.9434348925391463
1.9434348925391463
1.9434348925391463
1.9434348925391463
1.9434348925391463
1.9434348925391463
1.9434348925391463
1.9434348925391463
1.9434348925391463
1.9434348925391463
1.9434348925391463
1.9434348925391463
1.9434348925391463
1.9434348925391463
1.9434348925391463
1.9434348925391463
1.9434348925391463
1.9434348925391463
1.9434348925391463
1.9434348925391463
1.9434348925391463
1.9434348925391463
1.9434348925391463
1.9434348925391463
1.9434348925391463
1.9434348925391463
1.9434348925391463
1.9434348925391463
1.9434348925391463
1.9434348925391463
1.9434348925391463
1.9434348925391463
1.9434348925391463
1.9434348925391463
1.9434348925391463
1.9434348925391463
1.9434348925391463
1.9434348925391463
1.9434348925391463
1.9434348925391463
1.9434348925391463
1.9434348925391463
1.9434348925391463
1.9434348925391463
1.9434348925391463
1.9434348925391463
1.9434348925391463
1.9434348925391463
1.9434348925391463
1.9434348925391463
1.9434348925391463
1.9434348925391463
1.9434348925391463
1.9434348925391463
1.9434348925391463
1.9434348925391463
1.9434348925391463
1.9434348925391463
1.9434348925391463
1.9434348925391463
1.9434348925391463
1.9434348925391463
1.9434348925391463
1.9434348925391463
1.9434348925391463
1.9434348925391463
1.9434348925391463
1.9434348925391463
1.9434348925391463
1.9434348925391463
1.9434348925391463
1.9434348925391463
1.9434348925391463
1.9434348925391463
1.9434348925391463
1.9434348925391463
1.9434348925391463
1.9434348925391463
1.9434348925391463
1.9434348925391463
1.9434348925391463
1.9434348925391463
1.9434348925391463
1.9434348925391463
1.9434348925391463
1.9434348925391463
1.9434348925391463
1.9434348925391463
1.9434348925391463
1.9434348925391463
1.9434348925391463
1.9434348925391463
1.9434348925391463
1.9434348925391463
1.9434348925391463
1.9434348925391463
1.9434348925391463
1.9434348925391463
1.9434348925391463
1.9434348925391463
1.9434348925391463
1.9434348925391463
1.9434348925391463
1.9434348925391463
1.9434348925391463
1.9434348925391463
1.9434348925391463
1.9434348925391463
1.9434348925391463
1.9434348925391463
1.9434348925391463
1.9434348925391463
1.9434348925391463
1.9434348925391463
1.9434348925391463
1.9434348925391463
1.9434348925391463
1.9434348925391463
1.9434348925391463
1.9434348925391463
1.9434348925391463
1.9434348925391463
1.9434348925391463
1.9434348925391463
1.9434348925391463
1.9434348925391463
1.9434348925391463
1.9434348925391463
1.9434348925391463
1.9434348925391463
1.9434348925391463
1.9434348925391463
1.9434348925391463
1.9434348925391463
1.9434348925391463
1.9434348925391463
1.9434348925391463
1.9434348925391463
1.9434348925391463
1.9434348925391463
1.9434348925391463
1.9434348925391463
1.9434348925391463
1.9434348925391463
1.9434348925391463
1.9434348925391463
1.9434348925391463
1.9434348925391463
1.9434348925391463
1.9434348925391463
1.9434348925391463
1.9434348925391463
1.9434348925391463
1.9434348925391463
1.9434348925391463
1.9434348925391463
1.9434348925391463
1.9434348925391463
1.9434348925391463
1.9434348925391463
1.9434348925391463
1.9434348925391463
1.9434348925391463
1.9434348925391463
1.9434348925391463
1.9434348925391463
1.9434348925391463
1.9434348925391463
1.9434348925391463
1.9434348925391463
1.9434348925391463
1.9434348925391463
1.9434348925391463
1.9434348925391463
1.9434348925391463
1.9434348925391463
1.9434348925391463
1.9434348925391463
1.9434348925391463
1.9434348925391463
1.9434348925391463
1.9434348925391463
1.9434348925391463
1.9434348925391463
1.9434348925391463
1.9434348925391463
1.9434348925391463
1.9434348925391463
1.9434348925391463
1.9434348925391463
1.9434348925391463
1.9434348925391463
1.9434348925391463
1.9434348925391463
1.9434348925391463
1.9434348925391463
1.9434348925391463
1.9434348925391463
1.9434348925391463
1.9434348925391463
1.9434348925391463
1.9434348925391463
1.9434348925391463
1.9434348925391463
1.9434348925391463
1.9434348925391463
1.9434348925391463
1.9434348925391463
1.9434348925391463
1.9434348925391463
1.9434348925391463
1.9434348925391463
1.9434348925391463
1.9434348925391463
1.9434348925391463
1.9434348925391463
1.9434348925391463
1.9434348925391463
1.9434348925391463
1.9434348925391463
1.9434348925391463
1.9434348925391463
1.9434348925391463
1.9434348925391463
1.9434348925391463
1.9434348925391463
1.9434348925391463
1.9434348925391463
1.9434348925391463
1.9434348925391463
1.9434348925391463
1.9434348925391463
1.9434348925391463
1.9434348925391463
1.9434348925391463
1.9434348925391463
1.9434348925391463
1.9434348925391463
1.9434348925391463
1.9434348925391463
1.9434348925391463
1.9434348925391463
1.9434348925391463
1.9434348925391463
1.9434348925391463
1.9434348925391463
1.9434348925391463
1.9434348925391463
1.9434348925391463
1.9434348925391463
1.9434348925391463
1.9434348925391463
1.9434348925391463
1.9434348925391463
1.9434348925391463
1.9434348925391463
1.9434348925391463
1.9434348925391463
1.9434348925391463
1.9434348925391463
1.9434348925391463
1.9434348925391463
1.9434348925391463
1.9434348925391463
1.9434348925391463
1.9434348925391463
1.9434348925391463
1.9434348925391463
1.9434348925391463
1.9434348925391463
1.9434348925391463
1.9434348925391463
1.9434348925391463
1.9434348925391463
1.9434348925391463
1.9434348925391463
1.9434348925391463
1.9434348925391463
1.9434348925391463
1.9434348925391463
1.9434348925391463
1.9434348925391463
1.9434348925391463
1.9434348925391463
1.9434348925391463
1.9434348925391463
1.9434348925391463
1.9434348925391463
1.9434348925391463
1.9434348925391463
1.9434348925391463
1.9434348925391463
1.9434348925391463
1.9434348925391463
1.9434348925391463
1.9434348925391463
1.9434348925391463
1.9434348925391463
1.9434348925391463
1.9434348925391463
1.9434348925391463
1.9434348925391463
1.9434348925391463
1.9434348925391463
1.9434348925391463
1.9434348925391463
1.9434348925391463
1.9434348925391463
1.9434348925391463
1.9434348925391463
1.9434348925391463
1.9434348925391463
1.9434348925391463
1.9434348925391463
1.9434348925391463
1.9434348925391463
1.9434348925391463
1.9434348925391463
1.9434348925391463
1.9434348925391463
1.9434348925391463
1.9434348925391463
1.9434348925391463
1.9434348925391463
1.9434348925391463
1.9434348925391463
1.9434348925391463
1.9434348925391463
1.9434348925391463
1.9434348925391463
1.9434348925391463
1.9434348925391463
1.9434348925391463
1.9434348925391463
1.9434348925391463
1.9434348925391463
1.9434348925391463
1.9434348925391463
1.9434348925391463
1.9434348925391463
1.9434348925391463
1.9434348925391463
1.9434348925391463
1.9434348925391463
1.9434348925391463
1.9434348925391463
1.9434348925391463
1.9434348925391463
1.9434348925391463
1.9434348925391463
1.9434348925391463
1.9434348925391463
1.9434348925391463
1.9434348925391463
1.9434348925391463
1.9434348925391463
1.9434348925391463
1.9434348925391463
1.9434348925391463
1.9434348925391463
1.9434348925391463
1.9434348925391463
1.9434348925391463
1.9434348925391463
1.9434348925391463
1.9434348925391463
1.9434348925391463
1.9434348925391463
1.9434348925391463
1.9434348925391463
1.9434348925391463
1.9434348925391463
1.9434348925391463
1.9434348925391463
1.9434348925391463
1.9434348925391463
1.9434348925391463
1.9434348925391463
1.9434348925391463
1.9434348925391463
1.9434348925391463
1.9434348925391463
1.9434348925391463
1.9434348925391463
1.9434348925391463
1.9434348925391463
1.9434348925391463
1.9434348925391463
1.9434348925391463
1.9434348925391463
1.9434348925391463
1.9434348925391463
1.9434348925391463
1.9434348925391463
1.9434348925391463
1.9434348925391463
1.9434348925391463
1.9434348925391463
1.9434348925391463
1.9434348925391463
1.9434348925391463
1.9434348925391463
1.9434348925391463
1.9434348925391463
1.9434348925391463
1.9434348925391463
1.9434348925391463
1.9434348925391463
1.9434348925391463
1.9434348925391463
1.9434348925391463
1.9434348925391463
1.9434348925391463
1.9434348925391463
1.9434348925391463
1.9434348925391463
1.9434348925391463
1.9434348925391463
1.9434348925391463
1.9434348925391463
1.9434348925391463
1.9434348925391463
1.9434348925391463
1.9434348925391463
1.9434348925391463
1.9434348925391463
1.9434348925391463
1.9434348925391463
1.9434348925391463
1.9434348925391463
1.9434348925391463
1.9434348925391463
1.9434348925391463
1.9434348925391463
1.9434348925391463
1.9434348925391463
1.9434348925391463
1.9434348925391463
1.9434348925391463
1.9434348925391463
1.9434348925391463
1.9434348925391463
1.9434348925391463
1.9434348925391463
1.9434348925391463
1.9434348925391463
1.9434348925391463
1.9434348925391463
1.9434348925391463
1.9434348925391463
1.9434348925391463
1.9434348925391463
1.9434348925391463
1.9434348925391463
1.9434348925391463
1.9434348925391463
1.9434348925391463
1.9434348925391463
1.9434348925391463
1.9434348925391463
1.9434348925391463
1.9434348925391463
1.9434348925391463
1.9434348925391463
1.9434348925391463
1.9434348925391463
1.9434348925391463
1.9434348925391463
1.9434348925391463
1.9434348925391463
1.9434348925391463
1.9434348925391463
1.9434348925391463
1.9434348925391463
1.9434348925391463
1.9434348925391463
1.9434348925391463
1.9434348925391463
1.9434348925391463
1.9434348925391463
1.9434348925391463
1.9434348925391463
1.9434348925391463
1.9434348925391463
1.9434348925391463
1.9434348925391463
1.9434348925391463
1.9434348925391463
1.9434348925391463
1.9434348925391463
1.9434348925391463
1.9434348925391463
1.9434348925391463
1.9434348925391463
1.9434348925391463
1.9434348925391463
1.9434348925391463
1.9434348925391463
1.9434348925391463
1.9434348925391463
1.9434348925391463
1.9434348925391463
1.9434348925391463
1.9434348925391463
1.9434348925391463
1.9434348925391463
1.9434348925391463
1.9434348925391463
1.9434348925391463
1.9434348925391463
1.9434348925391463
1.9434348925391463
1.9434348925391463
1.9434348925391463
1.9434348925391463
1.9434348925391463
1.9434348925391463
1.9434348925391463
1.9434348925391463
1.9434348925391463
1.9434348925391463
1.9434348925391463
1.9434348925391463
1.9434348925391463
1.9434348925391463
1.9434348925391463
1.9434348925391463
1.9434348925391463
1.9434348925391463
1.9434348925391463
1.9434348925391463
1.9434348925391463
1.9434348925391463
1.9434348925391463
1.9434348925391463
1.9434348925391463
1.9434348925391463
1.9434348925391463
1.9434348925391463
1.9434348925391463
1.9434348925391463
1.9434348925391463
1.9434348925391463
1.9434348925391463
1.9434348925391463
1.9434348925391463
1.9434348925391463
1.9434348925391463
1.9434348925391463
1.9434348925391463
1.9434348925391463
1.9434348925391463
1.9434348925391463
1.9434348925391463
1.9434348925391463
1.9434348925391463
1.9434348925391463
1.9434348925391463
1.9434348925391463
1.9434348925391463
1.9434348925391463
1.9434348925391463
1.9434348925391463
1.9434348925391463
1.9434348925391463
1.9434348925391463
1.9434348925391463
1.9434348925391463
1.9434348925391463
1.9434348925391463
1.9434348925391463
1.9434348925391463
1.9434348925391463
1.9434348925391463
1.9434348925391463
1.9434348925391463
1.9434348925391463
1.9434348925391463
1.9434348925391463
1.9434348925391463
1.9434348925391463
1.9434348925391463
1.9434348925391463
1.9434348925391463
1.9434348925391463
1.9434348925391463
1.9434348925391463
1.9434348925391463
1.9434348925391463
1.9434348925391463
1.9434348925391463
1.9434348925391463
1.9434348925391463
1.9434348925391463
1.9434348925391463
1.9434348925391463
1.9434348925391463
1.9434348925391463
1.9434348925391463
1.9434348925391463
1.9434348925391463
1.9434348925391463
1.9434348925391463
1.9434348925391463
1.9434348925391463
1.9434348925391463
1.9434348925391463
1.9434348925391463
1.9434348925391463
1.9434348925391463
1.9434348925391463
1.9434348925391463
1.9434348925391463
1.9434348925391463
1.9434348925391463
1.9434348925391463
1.9434348925391463
1.9434348925391463
1.9434348925391463
1.9434348925391463
1.9434348925391463
1.9434348925391463
1.9434348925391463
1.9434348925391463
1.9434348925391463
1.9434348925391463
1.9434348925391463
1.9434348925391463
1.9434348925391463
1.9434348925391463
1.9434348925391463
1.9434348925391463
1.9434348925391463
1.9434348925391463
1.9434348925391463
1.9434348925391463
1.9434348925391463
1.9434348925391463
1.9434348925391463
1.9434348925391463
1.9434348925391463
1.9434348925391463
1.9434348925391463
1.9434348925391463
1.9434348925391463
1.9434348925391463
1.9434348925391463
1.9434348925391463
1.9434348925391463
1.9434348925391463
1.9434348925391463
1.9434348925391463
1.9434348925391463
1.9434348925391463
1.9434348925391463
1.9434348925391463
1.9434348925391463
1.9434348925391463
1.9434348925391463
1.9434348925391463
1.9434348925391463
1.9434348925391463
1.9434348925391463
1.9434348925391463
1.9434348925391463
1.9434348925391463
1.9434348925391463
1.9434348925391463
1.9434348925391463
1.9434348925391463
1.9434348925391463
1.9434348925391463
1.9434348925391463
1.9434348925391463
1.9434348925391463
1.9434348925391463
1.9434348925391463
1.9434348925391463
1.9434348925391463
1.9434348925391463
1.9434348925391463
1.9434348925391463
1.9434348925391463
1.9434348925391463
1.9434348925391463
1.9434348925391463
1.9434348925391463
1.9434348925391463
1.9434348925391463
1.9434348925391463
1.9434348925391463
1.9434348925391463
1.9434348925391463
1.9434348925391463
1.9434348925391463
1.9434348925391463
1.9434348925391463
1.9434348925391463
1.9434348925391463
1.9434348925391463
1.9434348925391463
1.9434348925391463
1.9434348925391463
1.9434348925391463
1.9434348925391463
1.9434348925391463
1.9434348925391463
1.9434348925391463
1.9434348925391463
1.9434348925391463
1.9434348925391463
1.9434348925391463
1.9434348925391463
1.9434348925391463
1.9434348925391463
1.9434348925391463
1.9434348925391463
1.9434348925391463
1.9434348925391463
1.9434348925391463
1.9434348925391463
1.9434348925391463
1.9434348925391463
1.9434348925391463
1.9434348925391463
1.9434348925391463
1.9434348925391463
1.9434348925391463
1.9434348925391463
1.9434348925391463
1.9434348925391463
1.9434348925391463
1.9434348925391463
1.9434348925391463
1.9434348925391463
1.9434348925391463
1.9434348925391463
1.9434348925391463
1.9434348925391463
1.9434348925391463
1.9434348925391463
1.9434348925391463
1.9434348925391463
1.9434348925391463
1.9434348925391463
1.9434348925391463
1.9434348925391463
1.9434348925391463
1.9434348925391463
1.9434348925391463
1.9434348925391463
1.9434348925391463
1.9434348925391463
1.9434348925391463
1.9434348925391463
1.9434348925391463
1.9434348925391463
1.9434348925391463
1.9434348925391463
1.9434348925391463
1.9434348925391463
1.9434348925391463
1.9434348925391463
1.9434348925391463
1.9434348925391463
1.9434348925391463
1.9434348925391463
1.9434348925391463
1.9434348925391463
1.9434348925391463
1.9434348925391463
1.9434348925391463
1.9434348925391463
1.9434348925391463
1.9434348925391463
1.9434348925391463
1.9434348925391463
1.9434348925391463
1.9434348925391463
1.9434348925391463
1.9434348925391463
1.9434348925391463
1.9434348925391463
1.9434348925391463
1.9434348925391463
1.9434348925391463
1.9434348925391463
1.9434348925391463
1.9434348925391463
1.9434348925391463
1.9434348925391463
1.9434348925391463
1.9434348925391463
1.9434348925391463
1.9434348925391463
1.9434348925391463
1.9434348925391463
1.9434348925391463
1.9434348925391463
1.9434348925391463
1.9434348925391463
1.9434348925391463
1.9434348925391463
1.9434348925391463
1.9434348925391463
1.9434348925391463
1.9434348925391463
1.9434348925391463
1.9434348925391463
1.9434348925391463
1.9434348925391463
1.9434348925391463
1.9434348925391463
1.9434348925391463
1.9434348925391463
1.9434348925391463
1.9434348925391463
1.9434348925391463
1.9434348925391463
1.9434348925391463
1.9434348925391463
1.9434348925391463
1.9434348925391463
1.9434348925391463
1.9434348925391463
1.9434348925391463
1.9434348925391463
1.9434348925391463
1.9434348925391463
1.9434348925391463
1.9434348925391463
1.9434348925391463
1.9434348925391463
1.9434348925391463
1.9434348925391463
1.9434348925391463
1.9434348925391463
1.9434348925391463
1.9434348925391463
1.9434348925391463
1.9434348925391463
1.9434348925391463
1.9434348925391463
1.9434348925391463
1.9434348925391463
1.9434348925391463
1.9434348925391463
1.9434348925391463
1.9434348925391463
1.9434348925391463
1.9434348925391463
1.9434348925391463
1.9434348925391463
1.9434348925391463
1.9434348925391463
1.9434348925391463
1.9434348925391463
1.9434348925391463
1.9434348925391463
1.9434348925391463
1.9434348925391463
1.9434348925391463
1.9434348925391463
1.9434348925391463
1.9434348925391463
1.9434348925391463
1.9434348925391463
1.9434348925391463
1.9434348925391463
1.9434348925391463
1.9434348925391463
1.9434348925391463
1.9434348925391463
1.9434348925391463
1.9434348925391463
1.9434348925391463
1.9434348925391463
1.9434348925391463
1.9434348925391463
1.9434348925391463
1.9434348925391463
1.9434348925391463
1.9434348925391463
1.9434348925391463
1.9434348925391463
1.9434348925391463
1.9434348925391463
1.9434348925391463
1.9434348925391463
1.9434348925391463
1.9434348925391463
1.9434348925391463
1.9434348925391463
1.9434348925391463
1.9434348925391463
1.9434348925391463
1.9434348925391463
1.9434348925391463
1.9434348925391463
1.9434348925391463
1.9434348925391463
1.9434348925391463
1.9434348925391463
1.9434348925391463
1.9434348925391463
1.9434348925391463
1.9434348925391463
1.9434348925391463
1.9434348925391463
1.9434348925391463
1.9434348925391463
1.9434348925391463
1.9434348925391463
1.9434348925391463
1.9434348925391463
1.9434348925391463
1.9434348925391463
1.9434348925391463
1.9434348925391463
1.9434348925391463
1.9434348925391463
1.9434348925391463
1.9434348925391463
1.9434348925391463
1.9434348925391463
1.9434348925391463
1.9434348925391463
1.9434348925391463
1.9434348925391463
1.9434348925391463
1.9434348925391463
1.9434348925391463
1.9434348925391463
1.9434348925391463
1.9434348925391463
1.9434348925391463
1.9434348925391463
1.9434348925391463
1.9434348925391463
1.9434348925391463
1.510640415269298
1.510640415269298
1.510640415269298
1.510640415269298
1.510640415269298
1.510640415269298
1.510640415269298
1.510640415269298
1.510640415269298
1.510640415269298
1.510640415269298
1.510640415269298
1.510640415269298
1.510640415269298
1.510640415269298
1.510640415269298
1.510640415269298
1.510640415269298
1.510640415269298
1.510640415269298
1.510640415269298
1.510640415269298
1.510640415269298
1.510640415269298
1.510640415269298
1.510640415269298
1.510640415269298
1.510640415269298
1.510640415269298
1.510640415269298
1.510640415269298
1.510640415269298
1.510640415269298
1.510640415269298
1.510640415269298
1.510640415269298
1.510640415269298
1.510640415269298
1.510640415269298
1.510640415269298
1.510640415269298
1.510640415269298
1.510640415269298
1.510640415269298
1.510640415269298
1.510640415269298
1.510640415269298
1.510640415269298
1.510640415269298
1.510640415269298
1.510640415269298
1.510640415269298
1.510640415269298
1.510640415269298
1.510640415269298
1.510640415269298
1.510640415269298
1.510640415269298
1.510640415269298
1.510640415269298
1.510640415269298
1.510640415269298
1.510640415269298
1.510640415269298
1.510640415269298
1.510640415269298
1.510640415269298
1.510640415269298
1.510640415269298
1.510640415269298
1.510640415269298
1.510640415269298
1.510640415269298
1.510640415269298
1.510640415269298
1.510640415269298
1.510640415269298
1.510640415269298
1.510640415269298
1.510640415269298
1.510640415269298
1.510640415269298
1.510640415269298
1.510640415269298
1.510640415269298
1.510640415269298
1.510640415269298
1.510640415269298
1.510640415269298
1.510640415269298
1.510640415269298
1.510640415269298
1.510640415269298
1.510640415269298
1.510640415269298
1.510640415269298
1.510640415269298
1.510640415269298
1.510640415269298
1.510640415269298
1.510640415269298
1.510640415269298
1.510640415269298
1.510640415269298
1.510640415269298
1.510640415269298
1.510640415269298
1.510640415269298
1.510640415269298
1.510640415269298
1.510640415269298
1.510640415269298
1.510640415269298
1.510640415269298
1.510640415269298
1.510640415269298
1.510640415269298
1.510640415269298
1.510640415269298
1.510640415269298
1.510640415269298
1.510640415269298
1.510640415269298
1.510640415269298
1.510640415269298
1.510640415269298
1.510640415269298
1.510640415269298
1.510640415269298
1.510640415269298
1.510640415269298
1.510640415269298
1.510640415269298
1.510640415269298
1.510640415269298
1.510640415269298
1.510640415269298
1.510640415269298
1.510640415269298
1.510640415269298
1.510640415269298
1.510640415269298
1.510640415269298
1.510640415269298
1.510640415269298
1.510640415269298
1.510640415269298
1.510640415269298
1.510640415269298
1.510640415269298
1.510640415269298
1.510640415269298
1.510640415269298
1.510640415269298
1.510640415269298
1.510640415269298
1.510640415269298
1.510640415269298
1.510640415269298
1.510640415269298
1.510640415269298
1.510640415269298
1.510640415269298
1.510640415269298
1.510640415269298
1.510640415269298
1.510640415269298
1.510640415269298
1.510640415269298
1.510640415269298
1.510640415269298
1.510640415269298
1.510640415269298
1.510640415269298
1.510640415269298
1.510640415269298
1.510640415269298
1.510640415269298
1.510640415269298
1.510640415269298
1.510640415269298
1.510640415269298
1.510640415269298
1.510640415269298
1.510640415269298
1.510640415269298
1.510640415269298
1.510640415269298
1.510640415269298
1.510640415269298
1.510640415269298
1.510640415269298
1.510640415269298
1.510640415269298
1.510640415269298
1.510640415269298
1.510640415269298
1.510640415269298
1.510640415269298
1.510640415269298
1.510640415269298
1.510640415269298
1.510640415269298
1.510640415269298
1.510640415269298
1.510640415269298
1.510640415269298
1.510640415269298
1.510640415269298
1.510640415269298
1.510640415269298
1.510640415269298
1.510640415269298
1.510640415269298
1.510640415269298
1.510640415269298
1.510640415269298
1.510640415269298
1.510640415269298
1.510640415269298
1.510640415269298
1.510640415269298
1.510640415269298
1.510640415269298
1.510640415269298
1.510640415269298
1.510640415269298
1.510640415269298
1.510640415269298
1.510640415269298
1.510640415269298
1.510640415269298
1.510640415269298
1.510640415269298
1.510640415269298
1.510640415269298
1.510640415269298
1.510640415269298
1.510640415269298
1.510640415269298
1.510640415269298
1.510640415269298
1.510640415269298
1.510640415269298
1.510640415269298
1.510640415269298
1.510640415269298
1.510640415269298
1.510640415269298
1.510640415269298
1.510640415269298
1.510640415269298
1.510640415269298
1.510640415269298
1.510640415269298
1.510640415269298
1.510640415269298
1.510640415269298
1.510640415269298
1.510640415269298
1.510640415269298
1.510640415269298
1.510640415269298
1.510640415269298
1.510640415269298
1.510640415269298
1.510640415269298
1.510640415269298
1.510640415269298
1.510640415269298
1.510640415269298
1.510640415269298
1.510640415269298
1.510640415269298
1.510640415269298
1.510640415269298
1.510640415269298
1.510640415269298
1.510640415269298
1.510640415269298
1.510640415269298
1.510640415269298
1.510640415269298
1.510640415269298
1.510640415269298
1.510640415269298
1.510640415269298
1.510640415269298
1.510640415269298
1.510640415269298
1.510640415269298
1.510640415269298
1.510640415269298
1.510640415269298
1.510640415269298
1.510640415269298
1.510640415269298
1.510640415269298
1.510640415269298
1.510640415269298
1.510640415269298
1.510640415269298
1.510640415269298
1.510640415269298
1.510640415269298
1.510640415269298
1.510640415269298
1.510640415269298
1.510640415269298
1.510640415269298
1.510640415269298
1.510640415269298
1.510640415269298
1.510640415269298
1.510640415269298
1.510640415269298
1.510640415269298
1.510640415269298
1.510640415269298
1.510640415269298
1.510640415269298
1.510640415269298
1.510640415269298
1.510640415269298
1.510640415269298
1.510640415269298
1.510640415269298
1.510640415269298
1.510640415269298
1.510640415269298
1.510640415269298
1.510640415269298
1.510640415269298
1.510640415269298
1.510640415269298
1.510640415269298
1.510640415269298
1.510640415269298
1.510640415269298
1.510640415269298
1.510640415269298
1.510640415269298
1.510640415269298
1.510640415269298
1.510640415269298
1.510640415269298
1.510640415269298
1.510640415269298
1.510640415269298
1.510640415269298
1.510640415269298
1.510640415269298
1.510640415269298
1.510640415269298
1.510640415269298
1.510640415269298
1.510640415269298
1.510640415269298
1.510640415269298
1.510640415269298
1.510640415269298
1.510640415269298
1.510640415269298
1.510640415269298
1.510640415269298
1.510640415269298
1.510640415269298
1.510640415269298
1.510640415269298
1.510640415269298
1.510640415269298
1.510640415269298
1.510640415269298
1.510640415269298
1.510640415269298
1.510640415269298
1.510640415269298
1.510640415269298
1.510640415269298
1.510640415269298
1.510640415269298
1.510640415269298
1.510640415269298
1.510640415269298
1.510640415269298
1.510640415269298
1.510640415269298
1.510640415269298
1.510640415269298
1.510640415269298
1.510640415269298
1.510640415269298
1.510640415269298
1.510640415269298
1.510640415269298
1.510640415269298
1.510640415269298
1.510640415269298
1.510640415269298
1.510640415269298
1.510640415269298
1.510640415269298
1.510640415269298
1.510640415269298
1.510640415269298
1.510640415269298
1.510640415269298
1.510640415269298
1.510640415269298
1.510640415269298
1.510640415269298
1.510640415269298
1.510640415269298
1.510640415269298
1.510640415269298
1.510640415269298
1.510640415269298
1.510640415269298
1.510640415269298
1.510640415269298
1.510640415269298
1.510640415269298
1.510640415269298
1.510640415269298
1.510640415269298
1.510640415269298
1.510640415269298
1.510640415269298
1.510640415269298
1.510640415269298
1.510640415269298
1.510640415269298
1.510640415269298
1.510640415269298
1.510640415269298
1.510640415269298
1.510640415269298
1.510640415269298
1.510640415269298
1.510640415269298
1.510640415269298
1.510640415269298
1.510640415269298
1.510640415269298
1.510640415269298
1.510640415269298
1.510640415269298
1.510640415269298
1.510640415269298
1.510640415269298
1.510640415269298
1.510640415269298
1.510640415269298
1.510640415269298
1.510640415269298
1.510640415269298
1.510640415269298
1.510640415269298
1.510640415269298
1.510640415269298
1.510640415269298
1.510640415269298
1.510640415269298
1.510640415269298
1.510640415269298
1.510640415269298
1.510640415269298
1.510640415269298
1.510640415269298
1.510640415269298
1.510640415269298
1.510640415269298
1.510640415269298
1.510640415269298
1.510640415269298
1.510640415269298
1.510640415269298
1.510640415269298
1.510640415269298
1.510640415269298
1.510640415269298
1.510640415269298
1.510640415269298
1.510640415269298
1.510640415269298
1.510640415269298
1.510640415269298
1.510640415269298
1.510640415269298
1.510640415269298
1.510640415269298
1.510640415269298
1.510640415269298
1.510640415269298
1.510640415269298
1.510640415269298
1.510640415269298
1.510640415269298
1.510640415269298
1.510640415269298
1.510640415269298
1.510640415269298
1.510640415269298
1.510640415269298
1.510640415269298
1.510640415269298
1.510640415269298
1.510640415269298
1.510640415269298
1.510640415269298
1.510640415269298
1.510640415269298
1.510640415269298
1.510640415269298
1.510640415269298
1.510640415269298
1.510640415269298
1.510640415269298
1.510640415269298
1.510640415269298
1.510640415269298
1.510640415269298
1.510640415269298
1.510640415269298
1.510640415269298
1.510640415269298
1.510640415269298
1.510640415269298
1.510640415269298
1.510640415269298
1.510640415269298
1.510640415269298
1.510640415269298
1.510640415269298
1.510640415269298
1.510640415269298
1.510640415269298
1.510640415269298
1.510640415269298
1.510640415269298
1.510640415269298
1.510640415269298
1.510640415269298
1.510640415269298
1.510640415269298
1.510640415269298
1.510640415269298
1.510640415269298
1.510640415269298
1.510640415269298
1.510640415269298
1.510640415269298
1.510640415269298
1.510640415269298
1.510640415269298
1.510640415269298
1.510640415269298
1.510640415269298
1.510640415269298
1.510640415269298
1.510640415269298
1.510640415269298
1.510640415269298
1.510640415269298
1.510640415269298
1.510640415269298
1.510640415269298
1.510640415269298
1.510640415269298
1.510640415269298
1.510640415269298
1.510640415269298
1.510640415269298
1.510640415269298
1.510640415269298
1.510640415269298
1.510640415269298
1.510640415269298
1.510640415269298
1.510640415269298
1.510640415269298
1.510640415269298
1.510640415269298
1.510640415269298
1.510640415269298
1.510640415269298
1.510640415269298
1.510640415269298
1.510640415269298
1.510640415269298
1.510640415269298
1.510640415269298
1.510640415269298
1.510640415269298
1.510640415269298
1.510640415269298
1.510640415269298
1.510640415269298
1.510640415269298
1.510640415269298
1.510640415269298
1.510640415269298
1.510640415269298
1.510640415269298
1.510640415269298
1.510640415269298
1.510640415269298
1.510640415269298
1.510640415269298
1.510640415269298
1.510640415269298
1.510640415269298
1.510640415269298
1.510640415269298
1.510640415269298
1.510640415269298
1.510640415269298
1.510640415269298
1.510640415269298
1.510640415269298
1.510640415269298
1.510640415269298
1.510640415269298
1.510640415269298
1.510640415269298
1.510640415269298
1.510640415269298
1.510640415269298
1.510640415269298
1.510640415269298
1.510640415269298
1.510640415269298
1.510640415269298
1.510640415269298
1.510640415269298
1.510640415269298
1.510640415269298
1.510640415269298
1.510640415269298
1.510640415269298
1.510640415269298
1.510640415269298
1.510640415269298
1.510640415269298
1.510640415269298
1.510640415269298
1.510640415269298
1.510640415269298
1.510640415269298
1.510640415269298
1.510640415269298
1.510640415269298
1.510640415269298
1.510640415269298
1.510640415269298
1.510640415269298
1.510640415269298
1.510640415269298
1.510640415269298
1.510640415269298
1.510640415269298
1.510640415269298
1.510640415269298
1.510640415269298
1.510640415269298
1.510640415269298
1.510640415269298
1.510640415269298
1.510640415269298
1.510640415269298
1.510640415269298
1.510640415269298
1.510640415269298
1.510640415269298
1.510640415269298
1.510640415269298
1.510640415269298
1.510640415269298
1.510640415269298
1.510640415269298
1.510640415269298
1.510640415269298
1.510640415269298
1.510640415269298
1.510640415269298
1.510640415269298
1.510640415269298
1.510640415269298
1.510640415269298
1.510640415269298
1.510640415269298
1.510640415269298
1.510640415269298
1.510640415269298
1.510640415269298
1.510640415269298
1.510640415269298
1.510640415269298
1.510640415269298
1.510640415269298
1.510640415269298
1.510640415269298
1.510640415269298
1.510640415269298
1.510640415269298
1.510640415269298
1.510640415269298
1.510640415269298
1.510640415269298
1.510640415269298
1.510640415269298
1.510640415269298
1.510640415269298
1.510640415269298
1.510640415269298
1.510640415269298
1.510640415269298
1.510640415269298
1.510640415269298
1.510640415269298
1.510640415269298
1.510640415269298
1.510640415269298
1.510640415269298
1.510640415269298
1.510640415269298
1.510640415269298
1.510640415269298
1.510640415269298
1.510640415269298
1.510640415269298
1.510640415269298
1.510640415269298
1.510640415269298
1.510640415269298
1.510640415269298
1.510640415269298
1.510640415269298
1.510640415269298
1.510640415269298
1.510640415269298
1.510640415269298
1.510640415269298
1.510640415269298
1.510640415269298
1.510640415269298
1.510640415269298
1.510640415269298
1.510640415269298
1.510640415269298
1.510640415269298
1.510640415269298
1.510640415269298
1.510640415269298
1.510640415269298
1.510640415269298
1.510640415269298
1.510640415269298
1.510640415269298
1.510640415269298
1.510640415269298
1.510640415269298
1.510640415269298
1.510640415269298
1.510640415269298
1.510640415269298
1.510640415269298
1.510640415269298
1.510640415269298
1.510640415269298
1.510640415269298
1.510640415269298
1.510640415269298
1.510640415269298
1.510640415269298
1.510640415269298
1.510640415269298
1.510640415269298
1.510640415269298
1.510640415269298
1.510640415269298
1.510640415269298
1.510640415269298
1.510640415269298
1.510640415269298
1.510640415269298
1.510640415269298
1.510640415269298
1.510640415269298
1.510640415269298
1.510640415269298
1.510640415269298
1.510640415269298
1.510640415269298
1.510640415269298
1.510640415269298
1.510640415269298
1.510640415269298
1.510640415269298
1.510640415269298
1.510640415269298
1.510640415269298
1.510640415269298
1.510640415269298
1.510640415269298
1.510640415269298
1.510640415269298
1.510640415269298
1.510640415269298
1.510640415269298
1.510640415269298
1.510640415269298
1.510640415269298
1.510640415269298
1.510640415269298
1.510640415269298
1.510640415269298
1.510640415269298
1.510640415269298
1.510640415269298
1.510640415269298
1.510640415269298
1.510640415269298
1.510640415269298
1.510640415269298
1.510640415269298
1.510640415269298
1.510640415269298
1.510640415269298
1.510640415269298
1.510640415269298
1.510640415269298
1.510640415269298
1.510640415269298
1.510640415269298
1.510640415269298
1.510640415269298
1.510640415269298
1.510640415269298
1.510640415269298
1.510640415269298
1.510640415269298
1.510640415269298
1.510640415269298
1.510640415269298
1.510640415269298
1.510640415269298
1.510640415269298
1.510640415269298
1.510640415269298
1.510640415269298
1.510640415269298
1.510640415269298
1.510640415269298
1.510640415269298
1.510640415269298
1.510640415269298
1.510640415269298
1.510640415269298
1.510640415269298
1.510640415269298
1.510640415269298
1.510640415269298
1.510640415269298
1.510640415269298
1.510640415269298
1.510640415269298
1.510640415269298
1.510640415269298
1.510640415269298
1.510640415269298
1.510640415269298
1.510640415269298
1.510640415269298
1.510640415269298
1.510640415269298
1.510640415269298
1.510640415269298
1.510640415269298
1.510640415269298
1.510640415269298
1.510640415269298
1.510640415269298
1.510640415269298
1.510640415269298
1.510640415269298
1.510640415269298
1.510640415269298
1.510640415269298
1.510640415269298
1.510640415269298
1.510640415269298
1.510640415269298
1.510640415269298
1.510640415269298
1.510640415269298
1.510640415269298
1.510640415269298
1.510640415269298
1.510640415269298
1.510640415269298
1.510640415269298
1.4493947846049515
1.4493947846049515
1.4493947846049515
1.4493947846049515
1.4493947846049515
1.4493947846049515
1.4493947846049515
1.4493947846049515
1.4493947846049515
1.4493947846049515
1.4493947846049515
1.4493947846049515
1.4493947846049515
1.4493947846049515
1.4493947846049515
1.4493947846049515
1.4493947846049515
1.4493947846049515
1.4493947846049515
1.4493947846049515
1.4493947846049515
1.4493947846049515
1.4493947846049515
1.4493947846049515
1.4493947846049515
1.4493947846049515
1.4493947846049515
1.4493947846049515
1.4493947846049515
1.4493947846049515
1.4493947846049515
1.4493947846049515
1.4493947846049515
1.4493947846049515
1.4493947846049515
1.4493947846049515
1.4493947846049515
1.4493947846049515
1.4493947846049515
1.4493947846049515
1.4493947846049515
1.4493947846049515
1.4493947846049515
1.4493947846049515
1.4493947846049515
1.4493947846049515
1.4493947846049515
1.4493947846049515
1.4493947846049515
1.4493947846049515
1.4493947846049515
1.4493947846049515
1.4493947846049515
1.4493947846049515
1.4493947846049515
1.4493947846049515
1.4493947846049515
1.4493947846049515
1.4493947846049515
1.4493947846049515
1.4493947846049515
1.4493947846049515
1.4493947846049515
1.4493947846049515
1.4493947846049515
1.4493947846049515
1.4493947846049515
1.4493947846049515
1.4493947846049515
1.4493947846049515
1.4493947846049515
1.4493947846049515
1.4493947846049515
1.4493947846049515
1.4493947846049515
1.4493947846049515
1.4493947846049515
1.4493947846049515
1.4493947846049515
1.4493947846049515
1.4493947846049515
1.4493947846049515
1.4493947846049515
1.4493947846049515
1.4493947846049515
1.4493947846049515
1.4493947846049515
1.4493947846049515
1.4493947846049515
1.4493947846049515
1.4493947846049515
1.4493947846049515
1.4493947846049515
1.4493947846049515
1.4493947846049515
1.4493947846049515
1.4493947846049515
1.4493947846049515
1.4493947846049515
1.4493947846049515
1.4493947846049515
1.4493947846049515
1.4493947846049515
1.4493947846049515
1.4493947846049515
1.4493947846049515
1.4493947846049515
1.4493947846049515
1.4493947846049515
1.4493947846049515
1.4493947846049515
1.4493947846049515
1.4493947846049515
1.4493947846049515
1.4493947846049515
1.4493947846049515
1.4493947846049515
1.4493947846049515
1.4493947846049515
1.4493947846049515
1.4493947846049515
1.4493947846049515
1.4493947846049515
1.4493947846049515
1.4493947846049515
1.4493947846049515
1.4493947846049515
1.4493947846049515
1.4493947846049515
1.4493947846049515
1.4493947846049515
1.4493947846049515
1.4493947846049515
1.4493947846049515
1.4493947846049515
1.4493947846049515
1.4493947846049515
1.4493947846049515
1.4493947846049515
1.4493947846049515
1.4493947846049515
1.4493947846049515
1.4493947846049515
1.4493947846049515
1.4493947846049515
1.4493947846049515
1.4493947846049515
1.4493947846049515
1.4493947846049515
1.4493947846049515
1.4493947846049515
1.4493947846049515
1.4493947846049515
1.4493947846049515
1.4493947846049515
1.4493947846049515
1.4493947846049515
1.4493947846049515
1.4493947846049515
1.4493947846049515
1.4493947846049515
1.4493947846049515
1.4493947846049515
1.4493947846049515
1.4493947846049515
1.4493947846049515
1.4493947846049515
1.4493947846049515
1.4493947846049515
1.4493947846049515
1.4493947846049515
1.4493947846049515
1.4493947846049515
1.4493947846049515
1.4493947846049515
1.4493947846049515
1.4493947846049515
1.4493947846049515
1.4493947846049515
1.4493947846049515
1.4493947846049515
1.4493947846049515
1.4493947846049515
1.4493947846049515
1.4493947846049515
1.4493947846049515
1.4493947846049515
1.4493947846049515
1.4493947846049515
1.4493947846049515
1.4493947846049515
1.4493947846049515
1.4493947846049515
1.4493947846049515
1.4493947846049515
1.4493947846049515
1.4493947846049515
1.4493947846049515
1.4493947846049515
1.4493947846049515
1.4493947846049515
1.4493947846049515
1.4493947846049515
1.4493947846049515
1.4493947846049515
1.4493947846049515
1.4493947846049515
1.4493947846049515
1.4493947846049515
1.4493947846049515
1.4493947846049515
1.4493947846049515
1.4493947846049515
1.4493947846049515
1.4493947846049515
1.4493947846049515
1.4493947846049515
1.4493947846049515
1.4493947846049515
1.4493947846049515
1.4493947846049515
1.4493947846049515
1.4493947846049515
1.4493947846049515
1.4493947846049515
1.4493947846049515
1.4493947846049515
1.4493947846049515
