22180.114742381105
22180.114742381105
21810.818062500126
21501.325358042082
21501.325358042082
21501.325358042082
21352.054055755456
21352.054055755456
21352.054055755456
21051.398362127908
21051.398362127908
21051.398362127908
20991.022592156205
20983.416633978504
20983.416633978504
20983.416633978504
20983.416633978504
20983.416633978504
20927.69827126707
20834.813008711153
20834.813008711153
20834.813008711153
20834.813008711153
20834.813008711153
20834.813008711153
20342.697295763195
20342.697295763195
20132.83617928896
20132.83617928896
20070.968458292155
20070.968458292155
20070.968458292155
19688.73056522249
19688.73056522249
19688.73056522249
19688.73056522249
19657.427327679026
19657.427327679026
19640.9073690582
19634.27162933521
19560.40439824178
19560.40439824178
19524.497362263468
19524.497362263468
19524.497362263468
19330.121314058768
18936.325096432796
18936.325096432796
18782.542435918596
18503.030120161133
18503.030120161133
18503.030120161133
18503.030120161133
18322.476516953648
18322.476516953648
18322.476516953648
18303.96745714474
17605.31397509318
17441.837412228884
17370.978119400665
17370.978119400665
17370.978119400665
17326.490603908915
17225.39289725373
17225.39289725373
17160.930211521016
16586.24401023851
16425.41714491176
16425.41714491176
16425.41714491176
16425.41714491176
16237.030737083594
16237.030737083594
16237.030737083594
16237.030737083594
16237.030737083594
16237.030737083594
16094.084140335304
16094.084140335304
15841.625691760635
15841.625691760635
15795.44836636098
15795.44836636098
15795.44836636098
15719.673109337575
15568.48368496939
15452.677316885916
15452.677316885916
15452.677316885916
15103.179746619198
15035.184358136541
14859.824591242941
14820.35857709026
14301.96963783043
14301.96963783043
14301.96963783043
14301.96963783043
14301.96963783043
14301.96963783043
14045.638393316838
13772.908044242875
13772.908044242875
13754.1580088829
13145.550942691672
13035.918739624389
12907.746074982962
12907.746074982962
12757.27600899535
12363.379134294792
12250.490630096145
12250.490630096145
12089.311123491096
11821.202438722103
11742.425521585172
11523.784601234805
11378.62092201189
11378.62092201189
11378.62092201189
11378.62092201189
11346.3874991884
11144.810500708118
10899.3020199958
10790.484865005843
10790.484865005843
10790.484865005843
10407.084318320434
10295.08586629595
10250.374468289972
10250.374468289972
10198.988394511194
10198.988394511194
10172.078855029124
10172.078855029124
9748.339765649293
9625.67152719144
9625.67152719144
9625.67152719144
9536.952498393686
9259.222981525068
9259.222981525068
9259.222981525068
9066.833270170258
9066.833270170258
8979.860498541295
8979.860498541295
8979.860498541295
8628.741258607417
8628.741258607417
8610.427538101056
8369.343171373255
8369.343171373255
7869.943850621828
7869.943850621828
7869.943850621828
7854.519204118386
7679.204241830668
7487.900898647428
7322.144256254814
7248.797806784865
7248.189817387304
7248.189817387304
7248.189817387304
7248.189817387304
7248.189817387304
7248.189817387304
7248.189817387304
7067.657343544489
7067.657343544489
7067.657343544489
7050.675616645896
6777.511178343438
6777.511178343438
6777.511178343438
6707.871234703622
6699.4229789547035
6669.973985257892
6669.973985257892
6641.51213333718
6637.295305630125
6637.295305630125
6578.035668993436
6578.035668993436
6541.2651515747375
6462.691229266309
6214.756767921051
6193.905691908575
6193.905691908575
6105.852228052703
6042.102686469641
6001.347425457699
6001.347425457699
6001.347425457699
5927.675042861307
5737.0054191958925
5737.0054191958925
5546.045630916372
5546.045630916372
5329.2639126750355
5304.96467755108
5275.4283751392195
5275.4283751392195
5275.4283751392195
5004.610905806302
5004.610905806302
4875.113860921164
4875.113860921164
4875.113860921164
4781.508355820411
4781.508355820411
4781.508355820411
4781.508355820411
4705.1807396669665
4704.792361670128
4637.632799337735
4637.632799337735
4510.275637967075
4510.275637967075
4406.800874279905
4406.800874279905
4406.800874279905
4406.800874279905
4406.800874279905
4406.800874279905
4406.800874279905
4352.737200874885
4262.7380283194525
4262.7380283194525
4262.7380283194525
4245.06820905332
4072.3283342262375
4054.8664441463693
4054.8664441463693
4054.8664441463693
4054.8664441463693
3961.96791154725
3961.96791154725
3961.96791154725
3794.42387109343
3794.42387109343
3794.42387109343
3701.3958821096285
3701.3958821096285
3590.1161079278686
3590.1161079278686
3538.669443455537
3474.318111975955
3348.727102068258
3348.727102068258
3348.727102068258
3335.5843487706816
3335.5843487706816
3201.5465202714718
3106.1275597714202
3106.1275597714202
3052.0044048750265
3052.0044048750265
2908.752860614384
2908.752860614384
2751.283806465879
2751.283806465879
2735.6711926140915
2673.6486838007704
2673.6486838007704
2673.6486838007704
2673.6486838007704
2664.499861884969
2664.499861884969
2664.499861884969
2632.7750148738664
2632.7750148738664
2598.2736644977044
2598.2736644977044
2598.2736644977044
2598.2736644977044
2598.2736644977044
2563.419112997167
2430.97736253358
2383.1800094491105
2383.1800094491105
2383.1800094491105
2277.891161799276
2277.891161799276
2083.711051750652
2083.711051750652
1942.8829768961803
1910.776207677514
1910.776207677514
1910.776207677514
1837.0301266856166
1837.0301266856166
1837.0301266856166
1837.0301266856166
1837.0301266856166
1837.0301266856166
1837.0301266856166
1703.9858451467683
1703.9858451467683
1658.5167358959725
1658.5167358959725
1607.3190433025345
1607.3190433025345
1607.3190433025345
1560.7409776696725
1510.7983490636543
1510.7983490636543
1460.1890772163265
1378.9043983040337
1378.9043983040337
1326.1307669832902
1315.1611360139434
1230.3079115802163
1121.5167500534678
1121.5167500534678
1121.5167500534678
1076.7479203304604
979.2739853220736
960.8288957010554
960.8288957010554
894.9843640622856
894.9843640622856
894.9843640622856
894.9843640622856
859.5865019013542
859.5865019013542
859.5865019013542
840.9319562600125
801.2075938511468
799.4135738702787
799.4135738702787
775.1729099274052
775.1729099274052
775.1729099274052
702.0489117304226
702.0489117304226
661.2826942707376
661.2826942707376
621.7434416249316
621.7434416249316
577.1643733879833
519.1479820972494
514.276955140806
514.276955140806
514.276955140806
473.59210492760866
473.59210492760866
429.55990921436916
429.55990921436916
429.55990921436916
429.55990921436916
429.55990921436916
389.6460190049813
389.6460190049813
355.7143856029782
355.7143856029782
315.7789605512479
315.7789605512479
315.7789605512479
315.7789605512479
315.7789605512479
315.7789605512479
289.23095846585835
262.05652481759523
262.05652481759523
250.16130290853255
250.16130290853255
250.16130290853255
235.6716316318292
235.6716316318292
235.6716316318292
235.6716316318292
235.6716316318292
235.6716316318292
235.6716316318292
235.6716316318292
235.6716316318292
235.6716316318292
216.3512257567901
215.2194920483537
215.2194920483537
203.86828417099682
166.10465113035804
166.10465113035804
166.10465113035804
150.1969233501661
150.1969233501661
150.1969233501661
150.1969233501661
150.1969233501661
150.1969233501661
150.1969233501661
150.1969233501661
150.1969233501661
150.1969233501661
140.87617290484698
140.87617290484698
140.87617290484698
126.4286655604134
126.4286655604134
126.4286655604134
126.4286655604134
126.4286655604134
126.4286655604134
126.4286655604134
101.53484184046526
101.53484184046526
98.58567737883875
97.48582864016224
84.80344442167801
84.80344442167801
84.80344442167801
84.80344442167801
84.80344442167801
84.80344442167801
84.80344442167801
84.80344442167801
81.08284529343365
81.08284529343365
81.08284529343365
81.08284529343365
81.08284529343365
81.08284529343365
81.08284529343365
81.08284529343365
81.08284529343365
81.08284529343365
80.66511625412444
80.66511625412444
80.42135387864936
80.42135387864936
80.42135387864936
80.42135387864936
80.42135387864936
80.42135387864936
80.42135387864936
79.59640364113936
79.59640364113936
79.59640364113936
65.69203161477093
63.72159858188177
63.72159858188177
60.417147247573304
60.417147247573304
60.417147247573304
60.417147247573304
60.417147247573304
50.83754778242573
50.83754778242573
50.83754778242573
50.83754778242573
41.62636676550207
41.62636676550207
41.62636676550207
41.62636676550207
41.62636676550207
41.62636676550207
41.62636676550207
41.62636676550207
41.62636676550207
41.62636676550207
37.782556229505246
37.782556229505246
37.782556229505246
33.99579722617759
33.99579722617759
25.77877033101211
25.77877033101211
25.77877033101211
25.77877033101211
21.878153870560972
21.878153870560972
21.878153870560972
18.076978854350372
18.076978854350372
18.076978854350372
18.076978854350372
18.076978854350372
18.076978854350372
18.076978854350372
18.076978854350372
18.076978854350372
18.076978854350372
18.076978854350372
18.076978854350372
18.076978854350372
18.076978854350372
18.076978854350372
18.076978854350372
18.076978854350372
18.076978854350372
18.076978854350372
18.076978854350372
18.076978854350372
18.076978854350372
18.076978854350372
18.076978854350372
18.076978854350372
18.076978854350372
18.076978854350372
18.076978854350372
18.076978854350372
18.076978854350372
17.41778383056458
17.41778383056458
15.827628184167445
14.004271985541575
14.004271985541575
14.004271985541575
14.004271985541575
14.004271985541575
14.004271985541575
14.004271985541575
14.004271985541575
14.004271985541575
14.004271985541575
13.150787490867156
10.672058721203548
10.672058721203548
10.672058721203548
10.672058721203548
10.672058721203548
10.672058721203548
10.672058721203548
10.672058721203548
10.672058721203548
10.672058721203548
10.672058721203548
10.672058721203548
10.672058721203548
8.412241775785446
8.412241775785446
8.412241775785446
8.412241775785446
8.412241775785446
8.412241775785446
1.916357221593914
1.2799401840453828
1.2799401840453828
1.2799401840453828
1.2799401840453828
1.2799401840453828
1.2799401840453828
1.2799401840453828
1.2799401840453828
1.2799401840453828
1.2799401840453828
1.2799401840453828
1.2799401840453828
1.2799401840453828
1.2799401840453828
1.2799401840453828
1.2799401840453828
1.2799401840453828
1.2799401840453828
1.2799401840453828
1.2799401840453828
1.2799401840453828
1.2799401840453828
1.2799401840453828
1.2799401840453828
1.2799401840453828
1.2799401840453828
1.2799401840453828
1.2799401840453828
1.2799401840453828
1.2799401840453828
1.2799401840453828
1.2799401840453828
1.2799401840453828
1.2799401840453828
1.2799401840453828
1.2799401840453828
1.2799401840453828
1.2799401840453828
1.2799401840453828
1.2799401840453828
1.2799401840453828
1.2799401840453828
1.2799401840453828
1.2799401840453828
1.2799401840453828
1.2799401840453828
1.2799401840453828
1.2799401840453828
1.2799401840453828
1.2799401840453828
1.2799401840453828
1.2799401840453828
1.2799401840453828
1.2799401840453828
1.2799401840453828
1.2799401840453828
1.2799401840453828
1.2799401840453828
1.2799401840453828
1.2799401840453828
1.2799401840453828
1.2799401840453828
1.2799401840453828
1.2799401840453828
1.2799401840453828
1.2799401840453828
1.2799401840453828
1.2799401840453828
1.2799401840453828
1.2799401840453828
1.2799401840453828
1.2799401840453828
1.2799401840453828
1.2799401840453828
1.2799401840453828
1.2799401840453828
1.2799401840453828
1.2799401840453828
1.2799401840453828
1.2799401840453828
1.2799401840453828
1.2799401840453828
1.2799401840453828
1.2799401840453828
1.2799401840453828
1.2799401840453828
1.2799401840453828
1.2799401840453828
1.2799401840453828
1.2799401840453828
1.2799401840453828
1.2799401840453828
1.2799401840453828
1.2799401840453828
1.2799401840453828
1.2799401840453828
1.2799401840453828
1.2799401840453828
1.2799401840453828
1.2799401840453828
1.2799401840453828
1.2799401840453828
1.2799401840453828
1.2799401840453828
1.2799401840453828
1.2799401840453828
1.2799401840453828
1.2799401840453828
1.2799401840453828
1.2799401840453828
1.2799401840453828
1.2799401840453828
1.2799401840453828
1.2799401840453828
1.2799401840453828
1.2799401840453828
1.2799401840453828
1.2799401840453828
1.2799401840453828
1.2799401840453828
1.2799401840453828
1.2799401840453828
1.2799401840453828
1.2799401840453828
1.2799401840453828
1.2799401840453828
1.2799401840453828
1.2799401840453828
1.2799401840453828
1.2799401840453828
1.2799401840453828
1.2799401840453828
1.2799401840453828
1.2799401840453828
1.2799401840453828
1.2799401840453828
1.2799401840453828
1.2799401840453828
1.2799401840453828
1.2799401840453828
1.2799401840453828
1.2799401840453828
1.2799401840453828
1.2799401840453828
1.2799401840453828
1.2799401840453828
1.2799401840453828
1.2799401840453828
1.2799401840453828
1.2799401840453828
1.2799401840453828
1.2799401840453828
1.2799401840453828
1.2799401840453828
1.2799401840453828
1.2799401840453828
1.2799401840453828
1.2799401840453828
1.2799401840453828
1.2799401840453828
1.2799401840453828
1.2799401840453828
1.2799401840453828
1.2799401840453828
1.2799401840453828
1.2799401840453828
1.2799401840453828
1.2799401840453828
1.2799401840453828
1.2799401840453828
1.2799401840453828
1.2799401840453828
1.2799401840453828
1.2799401840453828
1.2799401840453828
1.2799401840453828
1.2799401840453828
1.2799401840453828
1.2799401840453828
1.2799401840453828
1.2799401840453828
1.2799401840453828
1.2799401840453828
1.2799401840453828
1.2799401840453828
1.2799401840453828
1.2799401840453828
1.2799401840453828
1.2799401840453828
1.2799401840453828
1.2799401840453828
1.2799401840453828
1.2799401840453828
1.2799401840453828
1.2799401840453828
1.2799401840453828
1.2799401840453828
1.2799401840453828
1.2799401840453828
1.2799401840453828
1.2799401840453828
1.2799401840453828
1.2799401840453828
1.2799401840453828
1.2799401840453828
1.2799401840453828
1.2799401840453828
1.2799401840453828
1.2799401840453828
1.2799401840453828
1.2799401840453828
1.2799401840453828
1.2799401840453828
1.2799401840453828
1.2799401840453828
1.2799401840453828
1.2799401840453828
1.2799401840453828
1.2799401840453828
1.2799401840453828
1.2799401840453828
1.2799401840453828
1.2799401840453828
1.2799401840453828
1.2799401840453828
1.2799401840453828
1.2799401840453828
1.2799401840453828
1.2799401840453828
1.2799401840453828
1.2799401840453828
1.2799401840453828
1.2799401840453828
1.2799401840453828
1.2799401840453828
1.2799401840453828
1.2799401840453828
1.2799401840453828
1.2799401840453828
1.2799401840453828
1.2799401840453828
1.2799401840453828
1.2799401840453828
1.2799401840453828
1.2799401840453828
1.2799401840453828
1.2799401840453828
1.2799401840453828
1.2799401840453828
1.2799401840453828
1.2799401840453828
1.2799401840453828
1.2799401840453828
1.2799401840453828
1.2799401840453828
1.2799401840453828
1.2799401840453828
1.2799401840453828
1.2799401840453828
1.2799401840453828
1.2799401840453828
1.2799401840453828
1.2799401840453828
1.2799401840453828
1.2799401840453828
1.2799401840453828
1.2799401840453828
1.2799401840453828
1.2799401840453828
1.2799401840453828
1.2799401840453828
1.2799401840453828
1.2799401840453828
1.2799401840453828
1.2799401840453828
1.2799401840453828
1.2799401840453828
1.2799401840453828
1.2799401840453828
1.2799401840453828
1.2799401840453828
1.2799401840453828
1.2799401840453828
1.2799401840453828
1.2799401840453828
1.2799401840453828
1.2799401840453828
1.2799401840453828
1.2799401840453828
1.2799401840453828
1.2799401840453828
1.2799401840453828
1.2799401840453828
1.2799401840453828
1.2799401840453828
1.2799401840453828
1.2799401840453828
1.2799401840453828
1.2799401840453828
1.2799401840453828
1.2799401840453828
1.2799401840453828
1.2799401840453828
1.2799401840453828
1.2799401840453828
1.2799401840453828
1.2799401840453828
1.2799401840453828
1.2799401840453828
1.2799401840453828
1.2799401840453828
1.2799401840453828
1.2799401840453828
1.2799401840453828
1.2799401840453828
1.2799401840453828
1.2799401840453828
1.2799401840453828
1.2799401840453828
1.2799401840453828
1.2799401840453828
1.2799401840453828
1.2799401840453828
1.2799401840453828
1.2799401840453828
1.2799401840453828
1.2799401840453828
1.2799401840453828
1.2799401840453828
1.2799401840453828
1.2799401840453828
1.2799401840453828
1.2799401840453828
1.2799401840453828
1.2799401840453828
1.2799401840453828
1.2799401840453828
1.2799401840453828
1.2799401840453828
1.2799401840453828
1.2799401840453828
1.2799401840453828
1.2799401840453828
1.2799401840453828
1.2799401840453828
1.2799401840453828
1.2799401840453828
1.2799401840453828
1.2799401840453828
1.2799401840453828
1.2799401840453828
1.2799401840453828
1.2799401840453828
1.2799401840453828
1.2799401840453828
1.2799401840453828
1.2799401840453828
1.2799401840453828
1.2799401840453828
1.2799401840453828
1.2799401840453828
1.2799401840453828
1.2799401840453828
1.2799401840453828
1.2799401840453828
1.2799401840453828
1.2799401840453828
1.2799401840453828
1.2799401840453828
1.2799401840453828
1.2799401840453828
1.2799401840453828
1.2799401840453828
1.2799401840453828
1.2799401840453828
1.2799401840453828
1.2799401840453828
1.2799401840453828
1.2799401840453828
1.2799401840453828
1.2799401840453828
1.2799401840453828
1.2799401840453828
1.2799401840453828
1.2799401840453828
1.2799401840453828
1.2799401840453828
1.2799401840453828
1.2799401840453828
1.2799401840453828
1.2799401840453828
1.2799401840453828
1.2799401840453828
1.2799401840453828
1.2799401840453828
1.2799401840453828
1.2799401840453828
1.2799401840453828
1.2799401840453828
1.2799401840453828
1.2799401840453828
1.2799401840453828
1.2799401840453828
1.2799401840453828
1.2799401840453828
1.2799401840453828
1.2799401840453828
1.2799401840453828
1.2799401840453828
1.2799401840453828
1.2799401840453828
1.2799401840453828
1.2799401840453828
1.2799401840453828
1.2799401840453828
1.2799401840453828
1.2799401840453828
1.2799401840453828
1.2799401840453828
1.2799401840453828
1.2799401840453828
1.2799401840453828
1.2799401840453828
1.2799401840453828
1.2799401840453828
1.2799401840453828
1.2799401840453828
1.2799401840453828
1.2799401840453828
1.2799401840453828
1.2799401840453828
1.2799401840453828
1.2799401840453828
1.2799401840453828
1.2799401840453828
1.2799401840453828
1.2799401840453828
1.2799401840453828
1.2799401840453828
1.2799401840453828
1.2799401840453828
1.2799401840453828
1.2799401840453828
1.2799401840453828
1.2799401840453828
1.2799401840453828
1.2799401840453828
1.2799401840453828
1.2799401840453828
1.2799401840453828
1.2799401840453828
1.2799401840453828
1.2799401840453828
1.2799401840453828
1.2799401840453828
1.2799401840453828
1.2799401840453828
1.2799401840453828
1.2799401840453828
1.2799401840453828
1.2799401840453828
1.2799401840453828
1.2799401840453828
1.2799401840453828
1.2799401840453828
1.2799401840453828
1.2799401840453828
1.2799401840453828
1.2799401840453828
1.2799401840453828
1.2799401840453828
1.2799401840453828
1.2799401840453828
1.2799401840453828
1.2799401840453828
1.2799401840453828
1.2799401840453828
1.2799401840453828
1.2799401840453828
1.2799401840453828
1.2799401840453828
1.2799401840453828
1.2799401840453828
1.2799401840453828
1.2799401840453828
1.2799401840453828
1.2799401840453828
1.2799401840453828
1.2799401840453828
1.2799401840453828
1.2799401840453828
1.2799401840453828
1.2799401840453828
1.2799401840453828
1.2799401840453828
1.2799401840453828
1.2799401840453828
1.2799401840453828
1.2799401840453828
1.2799401840453828
1.2799401840453828
1.2799401840453828
1.2799401840453828
1.2799401840453828
1.2799401840453828
1.2799401840453828
1.2799401840453828
1.2799401840453828
1.2799401840453828
1.2799401840453828
1.2799401840453828
1.2799401840453828
1.2799401840453828
1.2799401840453828
1.2799401840453828
1.2799401840453828
1.2799401840453828
1.2799401840453828
1.2799401840453828
1.2799401840453828
1.2799401840453828
1.2799401840453828
1.2799401840453828
1.2799401840453828
1.2799401840453828
1.2799401840453828
1.2799401840453828
1.2799401840453828
1.2799401840453828
1.2799401840453828
1.2799401840453828
1.2799401840453828
1.2799401840453828
1.2799401840453828
1.2799401840453828
1.2799401840453828
1.2799401840453828
1.2799401840453828
1.2799401840453828
1.2799401840453828
1.2799401840453828
1.2799401840453828
1.2799401840453828
1.2799401840453828
1.2799401840453828
1.2799401840453828
1.2799401840453828
1.2799401840453828
1.2799401840453828
1.2799401840453828
1.2799401840453828
1.2799401840453828
1.2799401840453828
1.2799401840453828
1.2799401840453828
1.2799401840453828
1.2799401840453828
1.2799401840453828
1.2799401840453828
1.2799401840453828
1.2799401840453828
1.2799401840453828
1.2799401840453828
1.2799401840453828
1.2799401840453828
1.2799401840453828
1.2799401840453828
1.2799401840453828
1.2799401840453828
1.2799401840453828
1.2799401840453828
1.2799401840453828
1.2799401840453828
1.2799401840453828
1.2799401840453828
1.2799401840453828
1.2799401840453828
1.2799401840453828
1.2799401840453828
1.2799401840453828
1.2799401840453828
1.2799401840453828
1.2799401840453828
1.2799401840453828
1.2799401840453828
1.2799401840453828
1.2799401840453828
1.2799401840453828
1.2799401840453828
1.2799401840453828
1.2799401840453828
1.2799401840453828
1.2799401840453828
1.2799401840453828
1.2799401840453828
1.2799401840453828
1.2799401840453828
1.2799401840453828
1.2799401840453828
1.2799401840453828
1.2799401840453828
1.2799401840453828
1.2799401840453828
1.2799401840453828
1.2799401840453828
1.2799401840453828
1.2799401840453828
1.2799401840453828
1.2799401840453828
1.2799401840453828
1.2799401840453828
1.2799401840453828
1.2799401840453828
1.2799401840453828
1.2799401840453828
1.2799401840453828
1.2799401840453828
1.2799401840453828
1.2799401840453828
1.2799401840453828
1.2799401840453828
1.2799401840453828
1.2799401840453828
1.2799401840453828
1.2799401840453828
1.2799401840453828
1.2799401840453828
1.2799401840453828
1.2799401840453828
1.2799401840453828
1.2799401840453828
1.2799401840453828
1.2799401840453828
1.2799401840453828
1.2799401840453828
1.2799401840453828
1.2799401840453828
1.2799401840453828
1.2799401840453828
1.2799401840453828
1.2799401840453828
1.2799401840453828
1.2799401840453828
1.2799401840453828
1.2799401840453828
1.2799401840453828
1.2799401840453828
1.2799401840453828
1.2799401840453828
1.2799401840453828
1.2799401840453828
1.2799401840453828
1.2799401840453828
1.2799401840453828
1.2799401840453828
1.2799401840453828
1.2799401840453828
1.2799401840453828
1.2799401840453828
1.2799401840453828
1.2799401840453828
1.2799401840453828
1.2799401840453828
1.2799401840453828
1.2799401840453828
1.2799401840453828
1.2799401840453828
1.2799401840453828
1.2799401840453828
1.2799401840453828
1.2799401840453828
1.2799401840453828
1.2799401840453828
1.2799401840453828
1.2799401840453828
1.2799401840453828
1.2799401840453828
1.2799401840453828
1.2799401840453828
1.2799401840453828
1.2799401840453828
1.2799401840453828
1.2799401840453828
1.2799401840453828
1.2799401840453828
1.2799401840453828
1.2799401840453828
1.2799401840453828
1.2799401840453828
1.2799401840453828
1.2799401840453828
1.2799401840453828
1.2799401840453828
1.2799401840453828
1.2799401840453828
1.2799401840453828
1.2799401840453828
1.2799401840453828
1.2799401840453828
1.2799401840453828
1.2799401840453828
1.2799401840453828
1.2799401840453828
1.2799401840453828
1.2799401840453828
1.2799401840453828
1.2799401840453828
1.2799401840453828
1.2799401840453828
1.2799401840453828
1.2799401840453828
1.2799401840453828
1.2799401840453828
1.2799401840453828
1.2799401840453828
1.2799401840453828
1.2799401840453828
1.2799401840453828
1.2799401840453828
1.2799401840453828
1.2799401840453828
1.2799401840453828
1.2799401840453828
1.2799401840453828
1.2799401840453828
1.2799401840453828
1.2799401840453828
1.2799401840453828
1.2799401840453828
1.2799401840453828
1.2799401840453828
1.2799401840453828
1.2799401840453828
1.2799401840453828
1.2799401840453828
1.2799401840453828
1.2799401840453828
1.2799401840453828
1.2799401840453828
1.2799401840453828
1.2799401840453828
1.2799401840453828
1.2799401840453828
1.2799401840453828
1.2799401840453828
1.2799401840453828
1.2799401840453828
1.2799401840453828
1.2799401840453828
1.2799401840453828
1.2799401840453828
1.2799401840453828
1.2799401840453828
1.2799401840453828
1.2799401840453828
1.2799401840453828
1.2799401840453828
1.2799401840453828
1.2799401840453828
1.2799401840453828
1.2799401840453828
1.2799401840453828
1.2799401840453828
1.2799401840453828
1.2799401840453828
1.2799401840453828
1.2799401840453828
1.2799401840453828
1.2799401840453828
1.2799401840453828
1.2799401840453828
1.2799401840453828
1.2799401840453828
1.2799401840453828
1.2799401840453828
1.2799401840453828
1.2799401840453828
1.2799401840453828
1.2799401840453828
1.2799401840453828
1.2799401840453828
1.2799401840453828
1.2799401840453828
1.2799401840453828
1.2799401840453828
1.2799401840453828
1.2799401840453828
1.2799401840453828
1.2799401840453828
1.2799401840453828
1.2799401840453828
1.2799401840453828
1.2799401840453828
1.2799401840453828
1.2799401840453828
1.2799401840453828
1.2799401840453828
1.2799401840453828
1.2799401840453828
1.2799401840453828
1.2799401840453828
1.2799401840453828
1.2799401840453828
1.2799401840453828
1.2799401840453828
1.2799401840453828
1.2799401840453828
1.2799401840453828
1.2799401840453828
1.2799401840453828
1.2799401840453828
1.2799401840453828
1.2799401840453828
1.2799401840453828
1.2799401840453828
1.2799401840453828
1.2799401840453828
1.2799401840453828
1.2799401840453828
1.2799401840453828
1.2799401840453828
1.2799401840453828
1.2799401840453828
1.2799401840453828
1.2799401840453828
1.2799401840453828
1.2799401840453828
1.2799401840453828
1.2799401840453828
1.2799401840453828
1.2799401840453828
1.2799401840453828
1.2799401840453828
1.2799401840453828
1.2799401840453828
1.2799401840453828
1.2799401840453828
1.2799401840453828
1.2799401840453828
1.2799401840453828
1.2799401840453828
1.2799401840453828
1.2799401840453828
1.2799401840453828
1.2799401840453828
1.2799401840453828
1.2799401840453828
1.2799401840453828
1.2799401840453828
1.2799401840453828
1.2799401840453828
1.2799401840453828
1.2799401840453828
1.2799401840453828
1.2799401840453828
1.2799401840453828
1.2799401840453828
1.2799401840453828
1.2799401840453828
1.2799401840453828
1.2799401840453828
1.2799401840453828
1.2799401840453828
1.2799401840453828
1.2799401840453828
1.2799401840453828
1.2799401840453828
1.2799401840453828
1.2799401840453828
1.2799401840453828
1.2799401840453828
1.2799401840453828
1.2799401840453828
1.2799401840453828
1.2799401840453828
1.2799401840453828
1.2799401840453828
1.2799401840453828
1.2799401840453828
1.2799401840453828
1.2799401840453828
1.2799401840453828
1.2799401840453828
1.2799401840453828
1.2799401840453828
1.2799401840453828
1.2799401840453828
1.2799401840453828
1.2799401840453828
1.2799401840453828
1.2799401840453828
1.2799401840453828
1.2799401840453828
1.2799401840453828
1.2799401840453828
1.2799401840453828
1.2799401840453828
1.2799401840453828
1.2799401840453828
1.2799401840453828
1.2799401840453828
1.2799401840453828
1.2799401840453828
1.2799401840453828
1.2799401840453828
1.2799401840453828
1.2799401840453828
1.2799401840453828
1.2799401840453828
1.2799401840453828
1.2799401840453828
1.2799401840453828
1.2799401840453828
1.2799401840453828
1.2799401840453828
1.2799401840453828
1.2799401840453828
1.2799401840453828
1.2799401840453828
1.2799401840453828
1.2799401840453828
1.2799401840453828
1.2799401840453828
1.2799401840453828
1.2799401840453828
1.2799401840453828
1.2799401840453828
1.2799401840453828
1.2799401840453828
1.2799401840453828
1.2799401840453828
1.2799401840453828
1.2799401840453828
1.2799401840453828
1.2799401840453828
1.2799401840453828
1.2799401840453828
1.2799401840453828
1.2799401840453828
1.2799401840453828
1.2799401840453828
1.2799401840453828
1.2799401840453828
1.2799401840453828
1.2799401840453828
1.2799401840453828
1.2799401840453828
1.2799401840453828
1.2799401840453828
1.2799401840453828
1.2799401840453828
1.2799401840453828
1.2799401840453828
1.2799401840453828
1.2799401840453828
1.2799401840453828
1.2799401840453828
1.2799401840453828
1.2799401840453828
1.2799401840453828
1.2799401840453828
1.2799401840453828
1.2799401840453828
1.2799401840453828
1.2799401840453828
1.2799401840453828
1.2799401840453828
1.2799401840453828
1.2799401840453828
1.2799401840453828
1.2799401840453828
1.2799401840453828
1.2799401840453828
1.2799401840453828
1.2799401840453828
1.2799401840453828
1.2799401840453828
1.2799401840453828
1.2799401840453828
1.2799401840453828
1.2799401840453828
1.2799401840453828
1.2799401840453828
1.2799401840453828
1.2799401840453828
1.2799401840453828
1.2799401840453828
1.2799401840453828
1.2799401840453828
1.2799401840453828
1.2799401840453828
1.2799401840453828
1.2799401840453828
1.2799401840453828
1.2799401840453828
1.2799401840453828
1.2799401840453828
1.2799401840453828
1.2799401840453828
1.2799401840453828
1.2799401840453828
1.2799401840453828
1.2799401840453828
1.2799401840453828
1.2799401840453828
1.2799401840453828
1.2799401840453828
1.2799401840453828
1.2799401840453828
1.2799401840453828
1.2799401840453828
1.2799401840453828
1.2799401840453828
1.2799401840453828
1.2799401840453828
1.2799401840453828
1.2799401840453828
1.2799401840453828
1.2799401840453828
1.2799401840453828
1.2799401840453828
1.2799401840453828
1.2799401840453828
1.2799401840453828
1.2799401840453828
1.2799401840453828
1.2799401840453828
1.2799401840453828
1.2799401840453828
1.2799401840453828
1.2799401840453828
1.2799401840453828
1.2799401840453828
1.2799401840453828
1.2799401840453828
1.2799401840453828
1.2799401840453828
1.2799401840453828
1.2799401840453828
1.2799401840453828
1.2799401840453828
1.2799401840453828
1.2799401840453828
1.2799401840453828
1.2799401840453828
1.2799401840453828
1.2799401840453828
1.2799401840453828
1.2799401840453828
1.2799401840453828
1.2799401840453828
1.2799401840453828
1.2799401840453828
1.2799401840453828
1.2799401840453828
1.2799401840453828
1.2799401840453828
1.2799401840453828
1.2799401840453828
1.2799401840453828
1.2799401840453828
1.2799401840453828
1.2799401840453828
1.2799401840453828
1.2799401840453828
1.2799401840453828
1.2799401840453828
1.2799401840453828
1.2799401840453828
1.2799401840453828
1.2799401840453828
1.2799401840453828
1.2799401840453828
1.2799401840453828
1.2799401840453828
1.2799401840453828
1.2799401840453828
1.2799401840453828
1.2799401840453828
1.2799401840453828
1.2799401840453828
1.2799401840453828
1.2799401840453828
1.2799401840453828
1.2799401840453828
1.2799401840453828
1.2799401840453828
1.2799401840453828
1.2799401840453828
1.2799401840453828
1.2799401840453828
1.2799401840453828
1.2799401840453828
1.2799401840453828
1.2799401840453828
1.2799401840453828
1.2799401840453828
1.2799401840453828
1.2799401840453828
1.2799401840453828
1.2799401840453828
1.2799401840453828
1.2799401840453828
1.2799401840453828
1.2799401840453828
1.2799401840453828
1.2799401840453828
1.2799401840453828
1.2799401840453828
1.2799401840453828
1.2799401840453828
1.2799401840453828
1.2799401840453828
1.2799401840453828
1.2799401840453828
1.2799401840453828
1.2799401840453828
1.2799401840453828
1.2799401840453828
1.2799401840453828
1.2799401840453828
1.2799401840453828
1.2799401840453828
1.2799401840453828
1.2799401840453828
1.2799401840453828
1.2799401840453828
1.2799401840453828
1.2799401840453828
1.2799401840453828
1.2799401840453828
1.2799401840453828
1.2799401840453828
1.2799401840453828
1.2799401840453828
1.2799401840453828
1.2799401840453828
1.2799401840453828
1.2799401840453828
1.2799401840453828
1.2799401840453828
1.2799401840453828
1.2799401840453828
1.2799401840453828
1.2799401840453828
1.2799401840453828
1.2799401840453828
1.2799401840453828
1.2799401840453828
1.2799401840453828
1.2799401840453828
1.2799401840453828
1.2799401840453828
1.2799401840453828
1.2799401840453828
1.2799401840453828
1.2799401840453828
1.2799401840453828
1.2799401840453828
1.2799401840453828
1.2799401840453828
1.2799401840453828
1.2799401840453828
1.2799401840453828
1.2799401840453828
1.2799401840453828
1.2799401840453828
1.2799401840453828
1.2799401840453828
1.2799401840453828
1.2799401840453828
1.2799401840453828
1.2799401840453828
1.2799401840453828
1.2799401840453828
1.2799401840453828
1.2799401840453828
1.2799401840453828
1.2799401840453828
1.2799401840453828
1.2799401840453828
1.2799401840453828
1.2799401840453828
1.2799401840453828
1.2799401840453828
1.2799401840453828
1.2799401840453828
1.2799401840453828
1.2799401840453828
1.2799401840453828
1.2799401840453828
1.2799401840453828
1.2799401840453828
1.2799401840453828
1.2799401840453828
1.2799401840453828
1.2799401840453828
1.2799401840453828
1.2799401840453828
1.2799401840453828
1.2799401840453828
1.2799401840453828
1.2799401840453828
1.2799401840453828
1.2799401840453828
1.2799401840453828
1.2799401840453828
1.2799401840453828
1.2799401840453828
1.2799401840453828
1.2799401840453828
1.2799401840453828
1.2799401840453828
1.2799401840453828
1.2799401840453828
1.2799401840453828
1.2799401840453828
1.2799401840453828
1.2799401840453828
1.2799401840453828
1.2799401840453828
1.2799401840453828
1.2799401840453828
1.2799401840453828
1.2799401840453828
1.2799401840453828
1.2799401840453828
1.2799401840453828
1.2799401840453828
1.2799401840453828
1.2799401840453828
1.2799401840453828
1.2799401840453828
1.2799401840453828
1.2799401840453828
1.2799401840453828
1.2799401840453828
1.2799401840453828
1.2799401840453828
1.2799401840453828
1.2799401840453828
1.2799401840453828
1.2799401840453828
1.2799401840453828
1.2799401840453828
1.2799401840453828
1.2799401840453828
1.2799401840453828
1.2799401840453828
1.2799401840453828
1.2799401840453828
1.2799401840453828
1.2799401840453828
1.2799401840453828
1.2799401840453828
1.2799401840453828
1.2799401840453828
1.2799401840453828
1.2799401840453828
1.2799401840453828
1.2799401840453828
1.2799401840453828
1.2799401840453828
1.2799401840453828
1.2799401840453828
1.2799401840453828
1.2799401840453828
1.2799401840453828
1.2799401840453828
1.2799401840453828
1.2799401840453828
1.2799401840453828
1.2799401840453828
1.2799401840453828
1.2799401840453828
1.2799401840453828
1.2799401840453828
1.2799401840453828
1.2799401840453828
1.2799401840453828
1.2799401840453828
1.2799401840453828
1.2799401840453828
1.2799401840453828
1.2799401840453828
1.2799401840453828
1.2799401840453828
1.2799401840453828
1.2799401840453828
1.2799401840453828
1.2799401840453828
1.2799401840453828
1.2799401840453828
1.2799401840453828
1.2799401840453828
1.2799401840453828
1.2799401840453828
1.2799401840453828
1.2799401840453828
1.2799401840453828
1.2799401840453828
1.2799401840453828
1.2799401840453828
1.2799401840453828
1.2799401840453828
1.2799401840453828
1.2799401840453828
1.2799401840453828
1.2799401840453828
1.2799401840453828
1.2799401840453828
1.2799401840453828
1.2799401840453828
1.2799401840453828
1.2799401840453828
1.2799401840453828
1.2799401840453828
1.2799401840453828
1.2799401840453828
1.2799401840453828
1.2799401840453828
1.2799401840453828
1.2799401840453828
1.2799401840453828
1.2799401840453828
1.2799401840453828
1.2799401840453828
1.2799401840453828
1.2799401840453828
1.2799401840453828
1.2799401840453828
1.2799401840453828
1.2799401840453828
1.2799401840453828
1.2799401840453828
1.2799401840453828
1.2799401840453828
1.2799401840453828
1.2799401840453828
1.2799401840453828
1.2799401840453828
1.2799401840453828
1.2799401840453828
1.2799401840453828
1.2799401840453828
1.2799401840453828
1.2799401840453828
1.2799401840453828
1.2799401840453828
1.2799401840453828
1.2799401840453828
1.2799401840453828
1.2799401840453828
1.2799401840453828
1.2799401840453828
1.2799401840453828
1.2799401840453828
1.2799401840453828
1.2799401840453828
1.2799401840453828
1.2799401840453828
1.2799401840453828
1.2799401840453828
1.2799401840453828
1.2799401840453828
1.2799401840453828
1.2799401840453828
1.2799401840453828
1.2799401840453828
1.2799401840453828
1.2799401840453828
1.2799401840453828
1.2799401840453828
1.2799401840453828
1.2799401840453828
1.2799401840453828
1.2799401840453828
1.2799401840453828
1.2799401840453828
1.2799401840453828
1.2799401840453828
1.2799401840453828
1.2799401840453828
1.2799401840453828
1.2799401840453828
1.2799401840453828
1.2799401840453828
1.2799401840453828
1.2799401840453828
1.2799401840453828
1.2799401840453828
1.2799401840453828
1.2799401840453828
1.2799401840453828
1.2799401840453828
1.2799401840453828
1.2799401840453828
1.2799401840453828
1.2799401840453828
1.2799401840453828
1.2799401840453828
1.2799401840453828
1.2799401840453828
1.2799401840453828
1.2799401840453828
1.2799401840453828
1.2799401840453828
1.2799401840453828
1.2799401840453828
1.2799401840453828
1.2799401840453828
1.2799401840453828
1.2799401840453828
1.2799401840453828
1.2799401840453828
1.2799401840453828
1.2799401840453828
1.2799401840453828
1.2799401840453828
1.2799401840453828
1.2799401840453828
1.2799401840453828
1.2799401840453828
1.2799401840453828
1.2799401840453828
1.2799401840453828
1.2799401840453828
1.2799401840453828
1.2799401840453828
1.2799401840453828
1.2799401840453828
1.2799401840453828
1.2799401840453828
1.2799401840453828
1.2799401840453828
1.2799401840453828
1.2799401840453828
1.2799401840453828
1.2799401840453828
1.2799401840453828
1.2799401840453828
1.2799401840453828
1.2799401840453828
1.2799401840453828
1.2799401840453828
1.2799401840453828
1.2799401840453828
1.2799401840453828
1.2799401840453828
1.2799401840453828
1.2799401840453828
1.2799401840453828
1.2799401840453828
1.2799401840453828
1.2799401840453828
1.2799401840453828
1.2799401840453828
1.2799401840453828
1.2799401840453828
1.2799401840453828
1.2799401840453828
1.2799401840453828
1.2799401840453828
1.2799401840453828
1.2799401840453828
1.2799401840453828
1.2799401840453828
1.2799401840453828
1.2799401840453828
1.2799401840453828
1.2799401840453828
1.2799401840453828
1.2799401840453828
1.2799401840453828
1.2799401840453828
1.2799401840453828
1.2799401840453828
1.2799401840453828
1.2799401840453828
1.2799401840453828
1.2799401840453828
1.2799401840453828
1.2799401840453828
1.2799401840453828
1.2799401840453828
1.2799401840453828
1.2799401840453828
1.2799401840453828
1.2799401840453828
1.2799401840453828
1.2799401840453828
1.2799401840453828
1.2799401840453828
1.2799401840453828
1.2799401840453828
1.2799401840453828
1.2799401840453828
1.2799401840453828
1.2799401840453828
1.2799401840453828
1.2799401840453828
1.2799401840453828
1.2799401840453828
1.2799401840453828
1.2799401840453828
1.2799401840453828
1.2799401840453828
1.2799401840453828
1.2799401840453828
1.2799401840453828
1.2799401840453828
1.2799401840453828
1.2799401840453828
1.2799401840453828
1.2799401840453828
1.2799401840453828
1.2799401840453828
1.2799401840453828
1.2799401840453828
1.2799401840453828
1.2799401840453828
1.2799401840453828
1.2799401840453828
1.2799401840453828
1.2799401840453828
1.2799401840453828
1.2799401840453828
1.2799401840453828
1.2799401840453828
1.2799401840453828
1.2799401840453828
1.2799401840453828
1.2799401840453828
1.2799401840453828
1.2799401840453828
1.2799401840453828
1.2799401840453828
1.2799401840453828
1.2799401840453828
1.2799401840453828
1.2799401840453828
1.2799401840453828
1.2799401840453828
1.2799401840453828
1.2799401840453828
1.2799401840453828
1.2799401840453828
1.2799401840453828
1.2799401840453828
1.2799401840453828
1.2799401840453828
1.2799401840453828
1.2799401840453828
1.2799401840453828
1.2799401840453828
1.2799401840453828
1.2799401840453828
1.2799401840453828
1.2799401840453828
1.2799401840453828
1.2799401840453828
1.2799401840453828
1.2799401840453828
1.2799401840453828
1.2799401840453828
1.2799401840453828
1.2799401840453828
1.2799401840453828
1.2799401840453828
1.2799401840453828
1.2799401840453828
1.2799401840453828
1.2799401840453828
1.2799401840453828
1.2799401840453828
1.2799401840453828
1.2799401840453828
1.2799401840453828
1.2799401840453828
1.2799401840453828
1.2799401840453828
1.2799401840453828
1.2799401840453828
1.2799401840453828
1.2799401840453828
1.2799401840453828
1.2799401840453828
1.2799401840453828
1.2799401840453828
1.2799401840453828
1.2799401840453828
1.2799401840453828
1.2799401840453828
1.2799401840453828
1.2799401840453828
1.2799401840453828
1.2799401840453828
1.2799401840453828
1.2799401840453828
1.2799401840453828
1.2799401840453828
1.2799401840453828
1.2799401840453828
1.2799401840453828
1.2799401840453828
1.2799401840453828
1.2799401840453828
1.2799401840453828
1.2799401840453828
1.2799401840453828
1.2799401840453828
1.2799401840453828
1.2799401840453828
1.2799401840453828
1.2799401840453828
1.2799401840453828
1.2799401840453828
1.2799401840453828
1.2799401840453828
1.2799401840453828
1.2799401840453828
1.2799401840453828
1.2799401840453828
1.2799401840453828
1.2799401840453828
1.2799401840453828
1.2799401840453828
1.2799401840453828
1.2799401840453828
1.2799401840453828
1.2799401840453828
1.2799401840453828
1.2799401840453828
1.2799401840453828
1.2799401840453828
1.2799401840453828
1.2799401840453828
1.2799401840453828
1.2799401840453828
1.2799401840453828
1.2799401840453828
1.2799401840453828
1.2799401840453828
1.2799401840453828
1.2799401840453828
1.2799401840453828
1.2799401840453828
1.2799401840453828
1.2799401840453828
1.2799401840453828
1.2799401840453828
1.2799401840453828
1.2799401840453828
1.2799401840453828
1.2799401840453828
1.2799401840453828
1.2799401840453828
1.2799401840453828
1.2799401840453828
1.2799401840453828
1.2799401840453828
1.2799401840453828
1.2799401840453828
1.2799401840453828
1.2799401840453828
1.2799401840453828
1.2799401840453828
1.2799401840453828
1.2799401840453828
1.2799401840453828
1.2799401840453828
1.2799401840453828
1.2799401840453828
1.2799401840453828
1.2799401840453828
1.2799401840453828
1.2799401840453828
1.2799401840453828
1.2799401840453828
1.2799401840453828
1.2799401840453828
1.2799401840453828
1.2799401840453828
1.2799401840453828
1.2799401840453828
1.2799401840453828
1.2799401840453828
1.2799401840453828
1.2799401840453828
1.2799401840453828
1.2799401840453828
1.2799401840453828
1.2799401840453828
1.2799401840453828
1.2799401840453828
1.2799401840453828
1.2799401840453828
1.2799401840453828
1.2799401840453828
1.2799401840453828
1.2799401840453828
1.2799401840453828
1.2799401840453828
1.2799401840453828
1.2799401840453828
1.2799401840453828
1.2799401840453828
1.2799401840453828
1.2799401840453828
1.2799401840453828
1.2799401840453828
1.2799401840453828
1.2799401840453828
1.2799401840453828
1.2799401840453828
1.2799401840453828
1.2799401840453828
1.2799401840453828
1.2799401840453828
1.2799401840453828
1.2799401840453828
1.2799401840453828
1.2799401840453828
1.2799401840453828
1.2799401840453828
1.2799401840453828
1.2799401840453828
1.2799401840453828
1.2799401840453828
1.2799401840453828
1.2799401840453828
1.2799401840453828
1.2799401840453828
1.2799401840453828
1.2799401840453828
1.2799401840453828
1.2799401840453828
1.2799401840453828
1.2799401840453828
1.2799401840453828
1.2799401840453828
1.2799401840453828
1.2799401840453828
1.2799401840453828
1.2799401840453828
1.2799401840453828
1.2799401840453828
1.2799401840453828
1.2799401840453828
1.2799401840453828
1.2799401840453828
1.2799401840453828
1.2799401840453828
1.2799401840453828
1.2799401840453828
1.2799401840453828
1.2799401840453828
1.2799401840453828
1.2799401840453828
1.2799401840453828
1.2799401840453828
1.2799401840453828
1.2799401840453828
1.2799401840453828
1.2799401840453828
1.2799401840453828
1.2799401840453828
1.2799401840453828
1.2799401840453828
1.2799401840453828
1.2799401840453828
1.2799401840453828
1.2799401840453828
1.2799401840453828
1.2799401840453828
1.2799401840453828
1.2799401840453828
1.2799401840453828
1.2799401840453828
1.2799401840453828
1.2799401840453828
1.2799401840453828
1.2799401840453828
1.2799401840453828
1.2799401840453828
1.2799401840453828
1.2799401840453828
1.2799401840453828
1.2799401840453828
1.2799401840453828
1.2799401840453828
1.2799401840453828
1.2799401840453828
1.2799401840453828
1.2799401840453828
1.2799401840453828
1.2799401840453828
1.2799401840453828
1.2799401840453828
1.2799401840453828
1.2799401840453828
1.2799401840453828
1.2799401840453828
1.2799401840453828
1.2799401840453828
1.2799401840453828
1.2799401840453828
1.2799401840453828
1.2799401840453828
1.2799401840453828
1.2799401840453828
1.2799401840453828
1.2799401840453828
1.2799401840453828
1.2799401840453828
1.2799401840453828
1.2799401840453828
1.2799401840453828
1.2799401840453828
1.2799401840453828
1.2799401840453828
1.2799401840453828
1.2799401840453828
1.2799401840453828
1.2799401840453828
1.2799401840453828
1.2799401840453828
1.2799401840453828
1.2799401840453828
1.2799401840453828
1.2799401840453828
1.2799401840453828
1.2799401840453828
1.2799401840453828
1.2799401840453828
1.2799401840453828
1.2799401840453828
1.2799401840453828
1.2799401840453828
1.2799401840453828
1.2799401840453828
1.2799401840453828
1.2799401840453828
1.2799401840453828
1.2799401840453828
1.2799401840453828
1.2799401840453828
1.2799401840453828
1.2799401840453828
1.2799401840453828
1.2799401840453828
1.2799401840453828
1.2799401840453828
1.2799401840453828
1.2799401840453828
1.2799401840453828
1.2799401840453828
1.2799401840453828
1.2799401840453828
1.2799401840453828
1.2799401840453828
1.2799401840453828
1.2799401840453828
1.2799401840453828
1.2799401840453828
1.2799401840453828
1.2799401840453828
1.2799401840453828
1.2799401840453828
1.2799401840453828
1.2799401840453828
1.2799401840453828
1.2799401840453828
1.2799401840453828
1.2799401840453828
1.2799401840453828
1.2799401840453828
1.2799401840453828
1.2799401840453828
1.2799401840453828
1.2799401840453828
1.2799401840453828
1.2799401840453828
1.2799401840453828
1.2799401840453828
1.2799401840453828
1.2799401840453828
1.2799401840453828
1.2799401840453828
1.2799401840453828
1.2799401840453828
1.2799401840453828
1.2799401840453828
1.2799401840453828
1.2799401840453828
1.2799401840453828
1.2799401840453828
1.2799401840453828
1.2799401840453828
1.2799401840453828
1.2799401840453828
1.2799401840453828
1.2799401840453828
1.2799401840453828
1.2799401840453828
1.2799401840453828
1.2799401840453828
1.2799401840453828
1.2799401840453828
1.2799401840453828
1.2799401840453828
1.2799401840453828
1.2799401840453828
1.2799401840453828
1.2799401840453828
1.2799401840453828
1.2799401840453828
1.2799401840453828
1.2799401840453828
1.2799401840453828
1.2799401840453828
1.2799401840453828
1.2799401840453828
1.2799401840453828
1.2799401840453828
1.2799401840453828
1.2799401840453828
1.2799401840453828
1.2799401840453828
1.2799401840453828
1.2799401840453828
1.2799401840453828
1.2799401840453828
1.2799401840453828
1.2799401840453828
1.2799401840453828
1.2799401840453828
1.2799401840453828
1.2799401840453828
1.2799401840453828
1.2799401840453828
1.2799401840453828
1.2799401840453828
1.2799401840453828
1.2799401840453828
1.2799401840453828
1.2799401840453828
1.2799401840453828
1.2799401840453828
1.2799401840453828
1.2799401840453828
1.2799401840453828
1.2799401840453828
1.2799401840453828
1.2799401840453828
1.2799401840453828
1.2799401840453828
1.2799401840453828
1.2799401840453828
1.2799401840453828
1.2799401840453828
1.2799401840453828
1.2799401840453828
1.2799401840453828
1.2799401840453828
1.2799401840453828
1.2799401840453828
1.2799401840453828
1.2799401840453828
1.2799401840453828
1.2799401840453828
1.2799401840453828
1.2799401840453828
1.2799401840453828
1.2799401840453828
1.2799401840453828
1.2799401840453828
1.2799401840453828
1.2799401840453828
1.2799401840453828
1.2799401840453828
1.2799401840453828
1.2799401840453828
1.2799401840453828
1.2799401840453828
1.2799401840453828
1.2799401840453828
1.2799401840453828
1.2799401840453828
1.2799401840453828
1.2799401840453828
1.2799401840453828
1.2799401840453828
1.2799401840453828
1.2799401840453828
1.2799401840453828
1.2799401840453828
1.2799401840453828
1.2799401840453828
1.2799401840453828
1.2799401840453828
1.2799401840453828
1.2799401840453828
1.2799401840453828
1.2799401840453828
1.2799401840453828
1.2799401840453828
1.2799401840453828
1.2799401840453828
1.2799401840453828
1.2799401840453828
1.2799401840453828
1.2799401840453828
1.2799401840453828
1.2799401840453828
1.2799401840453828
1.2799401840453828
1.2799401840453828
1.2799401840453828
1.2799401840453828
1.2799401840453828
1.2799401840453828
1.2799401840453828
1.2799401840453828
1.2799401840453828
1.2799401840453828
1.2799401840453828
1.2799401840453828
1.2799401840453828
1.2799401840453828
1.2799401840453828
1.2799401840453828
1.2799401840453828
1.2799401840453828
1.2799401840453828
1.2799401840453828
1.2799401840453828
1.2799401840453828
1.2799401840453828
1.2799401840453828
1.2799401840453828
1.2799401840453828
1.2799401840453828
1.2799401840453828
1.2799401840453828
1.2799401840453828
1.2799401840453828
1.2799401840453828
1.2799401840453828
1.2799401840453828
1.2799401840453828
1.2799401840453828
1.2799401840453828
1.2799401840453828
1.2799401840453828
1.2799401840453828
1.2799401840453828
1.2799401840453828
1.2799401840453828
1.2799401840453828
1.2799401840453828
1.2799401840453828
1.2799401840453828
1.2799401840453828
1.2799401840453828
1.2799401840453828
1.2799401840453828
1.2799401840453828
1.2799401840453828
1.2799401840453828
1.2799401840453828
1.2799401840453828
1.2799401840453828
1.2799401840453828
1.2799401840453828
1.2799401840453828
1.2799401840453828
1.2799401840453828
1.2799401840453828
1.2799401840453828
1.2799401840453828
1.2799401840453828
1.2799401840453828
1.2799401840453828
1.2799401840453828
1.2799401840453828
1.2799401840453828
1.2799401840453828
1.2799401840453828
1.2799401840453828
1.2799401840453828
1.2799401840453828
1.2799401840453828
1.2799401840453828
1.2799401840453828
1.2799401840453828
1.2799401840453828
1.2799401840453828
1.2799401840453828
1.2799401840453828
1.2799401840453828
1.2799401840453828
1.2799401840453828
1.2799401840453828
1.2799401840453828
1.2799401840453828
1.2799401840453828
1.2799401840453828
1.2799401840453828
1.2799401840453828
1.2799401840453828
1.2799401840453828
1.2799401840453828
1.2799401840453828
1.2799401840453828
1.2799401840453828
1.2799401840453828
1.2799401840453828
1.2799401840453828
1.2799401840453828
1.2799401840453828
1.2799401840453828
1.2799401840453828
1.2799401840453828
1.2799401840453828
1.2799401840453828
1.2799401840453828
1.2799401840453828
1.2799401840453828
1.2799401840453828
1.2799401840453828
1.2799401840453828
1.2799401840453828
1.2799401840453828
1.2799401840453828
1.2799401840453828
1.2799401840453828
1.2799401840453828
1.2799401840453828
1.2799401840453828
1.2799401840453828
1.2799401840453828
1.2799401840453828
1.2799401840453828
1.2799401840453828
1.2799401840453828
1.2799401840453828
1.2799401840453828
1.2799401840453828
1.2799401840453828
1.2799401840453828
1.2799401840453828
1.2799401840453828
1.2799401840453828
1.2799401840453828
1.2799401840453828
1.2799401840453828
1.2799401840453828
1.2799401840453828
1.2799401840453828
1.2799401840453828
1.2799401840453828
1.2799401840453828
1.2799401840453828
1.2799401840453828
1.2799401840453828
1.2799401840453828
1.2799401840453828
1.2799401840453828
1.2799401840453828
1.2799401840453828
1.2799401840453828
1.2799401840453828
1.2799401840453828
1.2799401840453828
1.2799401840453828
1.2799401840453828
1.2799401840453828
1.2799401840453828
1.2799401840453828
1.2799401840453828
1.2799401840453828
1.2799401840453828
1.2799401840453828
1.2799401840453828
1.2799401840453828
1.2799401840453828
1.2799401840453828
1.2799401840453828
1.2799401840453828
1.2799401840453828
1.2799401840453828
1.2799401840453828
1.2799401840453828
1.2799401840453828
1.2799401840453828
1.2799401840453828
1.2799401840453828
1.2799401840453828
1.2799401840453828
1.2799401840453828
1.2799401840453828
1.2799401840453828
1.2799401840453828
1.2799401840453828
1.2799401840453828
1.2799401840453828
1.2799401840453828
1.2799401840453828
1.2799401840453828
1.2799401840453828
1.2799401840453828
1.2799401840453828
1.2799401840453828
1.2799401840453828
1.2799401840453828
1.2799401840453828
1.2799401840453828
1.2799401840453828
1.2799401840453828
1.2799401840453828
1.2799401840453828
1.2799401840453828
1.2799401840453828
1.2799401840453828
1.2799401840453828
1.2799401840453828
1.2799401840453828
1.2799401840453828
1.2799401840453828
1.2799401840453828
1.2799401840453828
1.2799401840453828
1.2799401840453828
1.2799401840453828
1.2799401840453828
1.2799401840453828
1.2799401840453828
1.2799401840453828
1.2799401840453828
1.2799401840453828
1.2799401840453828
1.2799401840453828
1.2799401840453828
1.2799401840453828
1.2799401840453828
1.2799401840453828
1.2799401840453828
1.2799401840453828
1.2799401840453828
1.2799401840453828
1.2799401840453828
1.2799401840453828
1.2799401840453828
1.2799401840453828
1.2799401840453828
1.2799401840453828
1.2799401840453828
1.2799401840453828
1.2799401840453828
1.2799401840453828
1.2799401840453828
1.2799401840453828
1.2799401840453828
1.2799401840453828
1.2799401840453828
1.2799401840453828
1.2799401840453828
1.2799401840453828
1.2799401840453828
1.2799401840453828
1.2799401840453828
1.2799401840453828
1.2799401840453828
1.2799401840453828
1.2799401840453828
1.2799401840453828
1.2799401840453828
1.2799401840453828
1.2799401840453828
1.2799401840453828
1.2799401840453828
1.2799401840453828
1.2799401840453828
1.2799401840453828
1.2799401840453828
1.2799401840453828
1.2799401840453828
1.2799401840453828
1.2799401840453828
1.2799401840453828
1.2799401840453828
1.2799401840453828
1.2799401840453828
1.2799401840453828
1.2799401840453828
1.2799401840453828
1.2799401840453828
1.2799401840453828
1.2799401840453828
1.2799401840453828
1.2799401840453828
1.2799401840453828
1.2799401840453828
1.2799401840453828
1.2799401840453828
1.2799401840453828
1.2799401840453828
1.2799401840453828
1.2799401840453828
1.2799401840453828
1.2799401840453828
1.2799401840453828
1.2799401840453828
1.2799401840453828
1.2799401840453828
1.2799401840453828
1.2799401840453828
1.2799401840453828
1.2799401840453828
1.2799401840453828
1.2799401840453828
1.2799401840453828
1.2799401840453828
1.2799401840453828
1.2799401840453828
1.2799401840453828
1.2799401840453828
1.2799401840453828
1.2799401840453828
1.2799401840453828
1.2799401840453828
1.2799401840453828
1.2799401840453828
1.2799401840453828
1.2799401840453828
1.2799401840453828
1.2799401840453828
1.2799401840453828
1.2799401840453828
1.2799401840453828
1.2799401840453828
1.2799401840453828
1.2799401840453828
1.2799401840453828
1.2799401840453828
1.2799401840453828
1.2799401840453828
1.2799401840453828
1.2799401840453828
1.2799401840453828
1.2799401840453828
1.2799401840453828
1.2799401840453828
1.2799401840453828
1.2799401840453828
1.2799401840453828
1.2799401840453828
1.2799401840453828
1.2799401840453828
1.2799401840453828
1.2799401840453828
1.2799401840453828
1.2799401840453828
1.2799401840453828
1.2799401840453828
1.2799401840453828
1.2799401840453828
1.2799401840453828
1.2799401840453828
1.2799401840453828
1.2799401840453828
1.2799401840453828
1.2799401840453828
1.2799401840453828
1.2799401840453828
1.2799401840453828
1.2799401840453828
1.2799401840453828
1.2799401840453828
1.2799401840453828
1.2799401840453828
1.2799401840453828
1.2799401840453828
1.2799401840453828
1.2799401840453828
1.2799401840453828
1.2799401840453828
1.2799401840453828
1.2799401840453828
1.2799401840453828
1.2799401840453828
1.2799401840453828
1.2799401840453828
1.2799401840453828
1.2799401840453828
1.2799401840453828
1.2799401840453828
1.2799401840453828
1.2799401840453828
1.2799401840453828
1.2799401840453828
1.2799401840453828
1.2799401840453828
1.2799401840453828
1.2799401840453828
1.2799401840453828
1.2799401840453828
1.2799401840453828
1.2799401840453828
1.2799401840453828
1.2799401840453828
1.2799401840453828
1.2799401840453828
1.2799401840453828
1.2799401840453828
1.2799401840453828
1.2799401840453828
1.2799401840453828
1.2799401840453828
1.2799401840453828
1.2799401840453828
1.2799401840453828
1.2799401840453828
1.2799401840453828
1.2799401840453828
1.2799401840453828
1.2799401840453828
1.2799401840453828
1.2799401840453828
1.2799401840453828
1.2799401840453828
1.2799401840453828
1.2799401840453828
1.2799401840453828
1.2799401840453828
1.2799401840453828
1.2799401840453828
1.2799401840453828
1.2799401840453828
1.2799401840453828
1.2799401840453828
1.2799401840453828
1.2799401840453828
1.2799401840453828
1.2799401840453828
1.2799401840453828
1.2799401840453828
1.2799401840453828
1.2799401840453828
1.2799401840453828
1.2799401840453828
1.2799401840453828
1.2799401840453828
1.2799401840453828
1.2799401840453828
1.2799401840453828
1.2799401840453828
1.2799401840453828
1.2799401840453828
1.2799401840453828
1.2799401840453828
1.2799401840453828
1.2799401840453828
1.2799401840453828
1.2799401840453828
1.2799401840453828
1.2799401840453828
1.2799401840453828
1.2799401840453828
1.2799401840453828
1.2799401840453828
1.2799401840453828
1.2799401840453828
1.2799401840453828
1.2799401840453828
1.2799401840453828
1.2799401840453828
1.2799401840453828
1.2799401840453828
1.2799401840453828
1.2799401840453828
1.2799401840453828
1.2799401840453828
1.2799401840453828
1.2799401840453828
1.2799401840453828
1.2799401840453828
1.2799401840453828
1.2799401840453828
1.2799401840453828
1.2799401840453828
1.2799401840453828
1.2799401840453828
1.2799401840453828
1.2799401840453828
1.2799401840453828
1.2799401840453828
1.2799401840453828
1.2799401840453828
1.2799401840453828
1.2799401840453828
1.2799401840453828
1.2799401840453828
1.2799401840453828
1.2799401840453828
1.2799401840453828
1.2799401840453828
1.2799401840453828
1.2799401840453828
1.2799401840453828
1.2799401840453828
1.2799401840453828
1.2799401840453828
1.2799401840453828
1.2799401840453828
1.2799401840453828
1.2799401840453828
1.2799401840453828
1.2799401840453828
1.2799401840453828
1.2799401840453828
1.2799401840453828
1.2799401840453828
1.2799401840453828
1.2799401840453828
1.2799401840453828
1.2799401840453828
1.2799401840453828
1.2799401840453828
1.2799401840453828
1.2799401840453828
1.2799401840453828
1.2799401840453828
1.2799401840453828
1.2799401840453828
1.2799401840453828
1.2799401840453828
1.2799401840453828
1.2799401840453828
1.2799401840453828
1.2799401840453828
1.2799401840453828
1.2799401840453828
1.2799401840453828
1.2799401840453828
1.2799401840453828
1.2799401840453828
1.2799401840453828
1.2799401840453828
1.2799401840453828
1.2799401840453828
1.2799401840453828
1.2799401840453828
1.2799401840453828
1.2799401840453828
1.2799401840453828
1.2799401840453828
1.2799401840453828
1.2799401840453828
1.2799401840453828
1.2799401840453828
1.2799401840453828
1.2799401840453828
1.2799401840453828
1.2799401840453828
1.2799401840453828
1.2799401840453828
1.2799401840453828
1.2799401840453828
1.2799401840453828
1.2799401840453828
1.2799401840453828
1.2799401840453828
1.2799401840453828
1.2799401840453828
1.2799401840453828
1.2799401840453828
1.2799401840453828
1.2799401840453828
1.2799401840453828
1.2799401840453828
1.2799401840453828
1.2799401840453828
1.2799401840453828
1.2799401840453828
1.2799401840453828
1.2799401840453828
1.2799401840453828
1.2799401840453828
1.2799401840453828
1.2799401840453828
1.2799401840453828
1.2799401840453828
1.2799401840453828
1.2799401840453828
1.2799401840453828
1.2799401840453828
1.2799401840453828
1.2799401840453828
1.2799401840453828
1.2799401840453828
1.2799401840453828
1.2799401840453828
1.2799401840453828
1.2799401840453828
1.2799401840453828
1.2799401840453828
1.2799401840453828
1.2799401840453828
1.2799401840453828
1.2799401840453828
1.2799401840453828
1.2799401840453828
1.2799401840453828
1.2799401840453828
1.2799401840453828
1.2799401840453828
1.2799401840453828
1.2799401840453828
1.2799401840453828
1.2799401840453828
1.2799401840453828
1.2799401840453828
1.2799401840453828
1.2799401840453828
1.2799401840453828
1.2799401840453828
1.2799401840453828
1.2799401840453828
1.2799401840453828
1.2799401840453828
1.2799401840453828
1.2799401840453828
1.2799401840453828
1.2799401840453828
1.2799401840453828
1.2799401840453828
1.2799401840453828
1.2799401840453828
1.2799401840453828
1.2799401840453828
1.2799401840453828
1.2799401840453828
1.2799401840453828
1.2799401840453828
1.2799401840453828
1.2799401840453828
1.2799401840453828
1.2799401840453828
1.2799401840453828
1.2799401840453828
1.2799401840453828
1.2799401840453828
1.2799401840453828
1.2799401840453828
1.2799401840453828
1.2799401840453828
1.2799401840453828
1.2799401840453828
1.2799401840453828
1.2799401840453828
1.2799401840453828
1.2799401840453828
1.2799401840453828
1.2799401840453828
1.2799401840453828
1.2799401840453828
1.2799401840453828
1.2799401840453828
1.2799401840453828
1.2799401840453828
1.2799401840453828
1.2799401840453828
1.2799401840453828
1.2799401840453828
1.2799401840453828
1.2799401840453828
1.2799401840453828
1.2799401840453828
1.2799401840453828
1.2799401840453828
1.2799401840453828
1.2799401840453828
1.2799401840453828
1.2799401840453828
1.2799401840453828
1.2799401840453828
1.2799401840453828
1.2799401840453828
1.2799401840453828
1.2799401840453828
1.2799401840453828
1.2799401840453828
1.2799401840453828
1.2799401840453828
1.2799401840453828
1.2799401840453828
1.2799401840453828
1.2799401840453828
1.2799401840453828
1.2799401840453828
1.2799401840453828
1.2799401840453828
1.2799401840453828
1.2799401840453828
1.2799401840453828
1.2799401840453828
1.2799401840453828
1.2799401840453828
1.2799401840453828
1.2799401840453828
1.2799401840453828
1.2799401840453828
1.2799401840453828
1.2799401840453828
1.2799401840453828
1.2799401840453828
1.2799401840453828
1.2799401840453828
1.2799401840453828
1.2799401840453828
1.2799401840453828
1.2799401840453828
1.2799401840453828
1.2799401840453828
1.2799401840453828
1.2799401840453828
1.2799401840453828
1.2799401840453828
1.2799401840453828
1.2799401840453828
1.2799401840453828
1.2799401840453828
1.2799401840453828
1.2799401840453828
1.2799401840453828
1.2799401840453828
1.2799401840453828
1.2799401840453828
1.2799401840453828
1.2799401840453828
1.2799401840453828
1.2799401840453828
1.2799401840453828
1.2799401840453828
1.2799401840453828
1.2799401840453828
1.2799401840453828
1.2799401840453828
1.2799401840453828
1.2799401840453828
1.2799401840453828
1.2799401840453828
1.2799401840453828
1.2799401840453828
1.2799401840453828
1.2799401840453828
1.2799401840453828
1.2799401840453828
1.2799401840453828
1.2799401840453828
1.2799401840453828
1.2799401840453828
1.2799401840453828
1.2799401840453828
1.2799401840453828
1.2799401840453828
1.2799401840453828
1.2799401840453828
1.2799401840453828
1.2799401840453828
1.2799401840453828
1.2799401840453828
1.2799401840453828
1.2799401840453828
1.2799401840453828
1.2799401840453828
1.2799401840453828
1.2799401840453828
1.2799401840453828
1.2799401840453828
1.2799401840453828
1.2799401840453828
1.2799401840453828
1.2799401840453828
1.2799401840453828
1.2799401840453828
1.2799401840453828
1.2799401840453828
1.2799401840453828
1.2799401840453828
1.2799401840453828
1.2799401840453828
1.2799401840453828
1.2799401840453828
1.2799401840453828
1.2799401840453828
1.2799401840453828
1.2799401840453828
1.2799401840453828
1.2799401840453828
1.2799401840453828
1.2799401840453828
1.2799401840453828
1.2799401840453828
1.2799401840453828
1.2799401840453828
1.2799401840453828
1.2799401840453828
1.2799401840453828
1.2799401840453828
1.2799401840453828
1.2799401840453828
1.2799401840453828
1.2799401840453828
1.2799401840453828
1.2799401840453828
1.2799401840453828
1.2799401840453828
1.2799401840453828
1.2799401840453828
1.2799401840453828
1.2799401840453828
1.2799401840453828
1.2799401840453828
1.2799401840453828
1.2799401840453828
1.2799401840453828
1.2799401840453828
1.2799401840453828
1.2799401840453828
1.2799401840453828
1.2799401840453828
1.2799401840453828
1.2799401840453828
1.2799401840453828
1.2799401840453828
1.2799401840453828
1.2799401840453828
1.2799401840453828
1.2799401840453828
1.2799401840453828
1.2799401840453828
1.2799401840453828
1.2799401840453828
1.2799401840453828
1.2799401840453828
1.2799401840453828
1.2799401840453828
1.2799401840453828
1.2799401840453828
1.2799401840453828
1.2799401840453828
1.2799401840453828
1.2799401840453828
1.2799401840453828
1.2799401840453828
1.2799401840453828
1.2799401840453828
1.2799401840453828
1.2799401840453828
1.2799401840453828
1.2799401840453828
1.2799401840453828
1.2799401840453828
1.2799401840453828
1.2799401840453828
1.2799401840453828
1.2799401840453828
1.2799401840453828
1.2799401840453828
1.2799401840453828
1.2799401840453828
1.2799401840453828
1.2799401840453828
1.2799401840453828
1.2799401840453828
1.2799401840453828
1.2799401840453828
1.2799401840453828
1.2799401840453828
1.2799401840453828
1.2799401840453828
1.2799401840453828
1.2799401840453828
1.2799401840453828
1.2799401840453828
1.2799401840453828
1.2799401840453828
1.2799401840453828
1.2799401840453828
1.2799401840453828
1.2799401840453828
1.2799401840453828
1.2799401840453828
1.2799401840453828
1.2799401840453828
1.2799401840453828
1.2799401840453828
1.2799401840453828
1.2799401840453828
1.2799401840453828
1.2799401840453828
1.2799401840453828
1.2799401840453828
1.2799401840453828
1.2799401840453828
1.2799401840453828
1.2799401840453828
1.2799401840453828
1.2799401840453828
1.2799401840453828
1.2799401840453828
1.2799401840453828
1.2799401840453828
1.2799401840453828
1.2799401840453828
1.2799401840453828
1.2799401840453828
1.2799401840453828
1.2799401840453828
1.2799401840453828
1.2799401840453828
1.2799401840453828
1.2799401840453828
1.2799401840453828
1.2799401840453828
1.2799401840453828
1.2799401840453828
1.2799401840453828
1.2799401840453828
1.2799401840453828
1.2799401840453828
1.2799401840453828
1.2799401840453828
1.2799401840453828
1.2799401840453828
1.2799401840453828
1.2799401840453828
1.2799401840453828
1.2799401840453828
1.2799401840453828
1.2799401840453828
1.2799401840453828
1.2799401840453828
1.2799401840453828
1.2799401840453828
1.2799401840453828
1.2799401840453828
1.2799401840453828
1.2799401840453828
1.2799401840453828
1.2799401840453828
1.2799401840453828
1.2799401840453828
1.2799401840453828
1.2799401840453828
1.2799401840453828
1.2799401840453828
1.2799401840453828
1.2799401840453828
1.2799401840453828
1.2799401840453828
1.2799401840453828
1.2799401840453828
1.2799401840453828
1.2799401840453828
1.2799401840453828
1.2799401840453828
1.2799401840453828
1.2799401840453828
1.2799401840453828
1.2799401840453828
1.2799401840453828
1.2799401840453828
1.2799401840453828
1.2799401840453828
1.2799401840453828
1.2799401840453828
1.2799401840453828
1.2799401840453828
1.2799401840453828
1.2799401840453828
1.2799401840453828
1.2799401840453828
1.2799401840453828
1.2799401840453828
1.2799401840453828
1.2799401840453828
1.2799401840453828
1.2799401840453828
1.2799401840453828
1.2799401840453828
1.2799401840453828
1.2799401840453828
1.2799401840453828
1.2799401840453828
1.2799401840453828
1.2799401840453828
1.2799401840453828
1.2799401840453828
1.2799401840453828
1.2799401840453828
1.2799401840453828
1.2799401840453828
1.2799401840453828
1.2799401840453828
1.2799401840453828
1.2799401840453828
1.2799401840453828
1.2799401840453828
1.2799401840453828
1.2799401840453828
1.2799401840453828
1.2799401840453828
1.2799401840453828
1.2799401840453828
1.2799401840453828
1.2799401840453828
1.2799401840453828
1.2799401840453828
1.2799401840453828
1.2799401840453828
1.2799401840453828
1.2799401840453828
1.2799401840453828
1.2799401840453828
1.2799401840453828
1.2799401840453828
1.2799401840453828
1.2799401840453828
1.2799401840453828
1.2799401840453828
1.2799401840453828
1.2799401840453828
1.2799401840453828
1.2799401840453828
1.2799401840453828
1.2799401840453828
1.2799401840453828
1.2799401840453828
1.2799401840453828
1.2799401840453828
1.2799401840453828
1.2799401840453828
1.2799401840453828
1.2799401840453828
1.2799401840453828
1.2799401840453828
1.2799401840453828
1.2799401840453828
1.2799401840453828
1.2799401840453828
1.2799401840453828
1.2799401840453828
1.2799401840453828
1.2799401840453828
1.2799401840453828
1.2799401840453828
1.2799401840453828
1.2799401840453828
1.2799401840453828
1.2799401840453828
1.2799401840453828
1.2799401840453828
1.2799401840453828
1.2799401840453828
1.2799401840453828
1.2799401840453828
1.2799401840453828
1.2799401840453828
1.2799401840453828
1.2799401840453828
1.2799401840453828
1.2799401840453828
1.2799401840453828
1.2799401840453828
1.2799401840453828
1.2799401840453828
1.2799401840453828
1.2799401840453828
1.2799401840453828
1.2799401840453828
1.2799401840453828
1.2799401840453828
1.2799401840453828
1.2799401840453828
1.2799401840453828
1.2799401840453828
1.2799401840453828
1.2799401840453828
1.2799401840453828
1.2799401840453828
1.2799401840453828
1.2799401840453828
1.2799401840453828
1.2799401840453828
1.2799401840453828
1.2799401840453828
1.2799401840453828
1.2799401840453828
1.2799401840453828
1.2799401840453828
1.2799401840453828
1.2799401840453828
1.2799401840453828
1.2799401840453828
1.2799401840453828
1.2799401840453828
1.2799401840453828
1.2799401840453828
1.2799401840453828
1.2799401840453828
1.2799401840453828
1.2799401840453828
1.2799401840453828
1.2799401840453828
1.2799401840453828
1.2799401840453828
1.2799401840453828
1.2799401840453828
1.2799401840453828
1.2799401840453828
1.2799401840453828
1.2799401840453828
1.2799401840453828
1.2799401840453828
1.2799401840453828
1.2799401840453828
1.2799401840453828
1.2799401840453828
1.2799401840453828
1.2799401840453828
1.2799401840453828
1.2799401840453828
1.2799401840453828
1.2799401840453828
1.2799401840453828
1.2799401840453828
1.2799401840453828
1.2799401840453828
1.2799401840453828
1.2799401840453828
1.2799401840453828
1.2799401840453828
1.2799401840453828
1.2799401840453828
1.2799401840453828
1.2799401840453828
1.2799401840453828
1.2799401840453828
1.2799401840453828
1.2799401840453828
1.2799401840453828
1.2799401840453828
1.2799401840453828
1.2799401840453828
1.2799401840453828
1.2799401840453828
1.2799401840453828
1.2799401840453828
1.2799401840453828
1.2799401840453828
1.2799401840453828
1.2799401840453828
1.2799401840453828
1.2799401840453828
1.2799401840453828
1.2799401840453828
1.2799401840453828
1.2799401840453828
1.2799401840453828
1.2799401840453828
1.2799401840453828
1.2799401840453828
1.2799401840453828
1.2799401840453828
1.2799401840453828
1.2799401840453828
1.2799401840453828
1.2799401840453828
1.2799401840453828
1.2799401840453828
1.2799401840453828
1.2799401840453828
1.2799401840453828
1.2799401840453828
1.2799401840453828
1.2799401840453828
1.2799401840453828
1.2799401840453828
1.2799401840453828
1.2799401840453828
1.2799401840453828
1.2799401840453828
1.2799401840453828
1.2799401840453828
1.2799401840453828
1.2799401840453828
1.2799401840453828
1.2799401840453828
1.2799401840453828
1.2799401840453828
1.2799401840453828
1.2799401840453828
1.2799401840453828
1.2799401840453828
1.2799401840453828
1.2799401840453828
1.2799401840453828
1.2799401840453828
1.2799401840453828
1.2799401840453828
1.2799401840453828
1.2799401840453828
1.2799401840453828
1.2799401840453828
1.2799401840453828
1.2799401840453828
1.2799401840453828
1.2799401840453828
1.2799401840453828
1.2799401840453828
1.2799401840453828
1.2799401840453828
1.2799401840453828
1.2799401840453828
1.2799401840453828
1.2799401840453828
1.2799401840453828
1.2799401840453828
1.2799401840453828
1.2799401840453828
1.2799401840453828
1.2799401840453828
1.2799401840453828
1.2799401840453828
1.2799401840453828
1.2799401840453828
1.2799401840453828
1.2799401840453828
1.2799401840453828
1.2799401840453828
1.2799401840453828
1.2799401840453828
1.2799401840453828
1.2799401840453828
1.2799401840453828
1.2799401840453828
1.2799401840453828
1.2799401840453828
1.2799401840453828
1.2799401840453828
1.2799401840453828
1.2799401840453828
1.2799401840453828
1.2799401840453828
1.2799401840453828
1.2799401840453828
1.2799401840453828
1.2799401840453828
1.2799401840453828
1.2799401840453828
1.2799401840453828
1.2799401840453828
1.2799401840453828
1.2799401840453828
1.2799401840453828
1.2799401840453828
1.2799401840453828
1.2799401840453828
1.2799401840453828
1.2799401840453828
1.2799401840453828
1.2799401840453828
1.2799401840453828
1.2799401840453828
1.2799401840453828
1.2799401840453828
1.2799401840453828
1.2799401840453828
1.2799401840453828
1.2799401840453828
1.2799401840453828
1.2799401840453828
1.2799401840453828
1.2799401840453828
1.2799401840453828
1.2799401840453828
1.2799401840453828
1.2799401840453828
1.2799401840453828
1.2799401840453828
1.2799401840453828
1.2799401840453828
1.2799401840453828
1.2799401840453828
1.2799401840453828
1.2799401840453828
1.2799401840453828
1.2799401840453828
1.2799401840453828
1.2799401840453828
1.2799401840453828
1.2799401840453828
1.2799401840453828
1.2799401840453828
1.2799401840453828
1.2799401840453828
1.2799401840453828
1.2799401840453828
1.2799401840453828
1.2799401840453828
1.2799401840453828
1.2799401840453828
1.2799401840453828
1.2799401840453828
1.2799401840453828
1.2799401840453828
1.2799401840453828
1.2799401840453828
1.2799401840453828
1.2799401840453828
1.2799401840453828
1.2799401840453828
1.2799401840453828
1.2799401840453828
1.2799401840453828
1.2799401840453828
1.2799401840453828
1.2799401840453828
1.2799401840453828
1.2799401840453828
1.2799401840453828
1.2799401840453828
1.2799401840453828
1.2799401840453828
1.2799401840453828
1.2799401840453828
1.2799401840453828
1.2799401840453828
1.2799401840453828
1.2799401840453828
1.2799401840453828
1.2799401840453828
1.2799401840453828
1.2799401840453828
1.2799401840453828
1.2799401840453828
1.2799401840453828
1.2799401840453828
1.2799401840453828
1.2799401840453828
1.2799401840453828
1.2799401840453828
1.2799401840453828
1.2799401840453828
1.2799401840453828
1.2799401840453828
1.2799401840453828
1.2799401840453828
1.2799401840453828
1.2799401840453828
1.2799401840453828
1.2799401840453828
1.2799401840453828
1.2799401840453828
1.2799401840453828
1.2799401840453828
1.2799401840453828
1.2799401840453828
1.2799401840453828
1.2799401840453828
1.2799401840453828
1.2799401840453828
1.2799401840453828
1.2799401840453828
1.2799401840453828
1.2799401840453828
1.2799401840453828
1.2799401840453828
1.2799401840453828
1.2799401840453828
1.2799401840453828
1.2799401840453828
1.2799401840453828
1.2799401840453828
1.2799401840453828
1.2799401840453828
1.2799401840453828
1.2799401840453828
1.2799401840453828
1.2799401840453828
1.2799401840453828
1.2799401840453828
1.2799401840453828
1.2799401840453828
1.2799401840453828
1.2799401840453828
1.2799401840453828
1.2799401840453828
1.2799401840453828
1.2799401840453828
1.2799401840453828
1.2799401840453828
1.2799401840453828
1.2799401840453828
1.2799401840453828
1.2799401840453828
1.2799401840453828
1.2799401840453828
1.2799401840453828
1.2799401840453828
1.2799401840453828
1.2799401840453828
1.2799401840453828
1.2799401840453828
1.2799401840453828
1.2799401840453828
1.2799401840453828
1.2799401840453828
1.2799401840453828
1.2799401840453828
1.2799401840453828
1.2799401840453828
1.2799401840453828
1.2799401840453828
1.2799401840453828
1.2799401840453828
1.2799401840453828
1.2799401840453828
1.2799401840453828
1.2799401840453828
1.2799401840453828
1.2799401840453828
1.2799401840453828
1.2799401840453828
1.2799401840453828
1.2799401840453828
1.2799401840453828
1.2799401840453828
1.2799401840453828
1.2799401840453828
1.2799401840453828
1.2799401840453828
1.2799401840453828
1.2799401840453828
1.2799401840453828
1.2799401840453828
1.2799401840453828
1.2799401840453828
1.2799401840453828
1.2799401840453828
1.2799401840453828
1.2799401840453828
1.2799401840453828
1.2799401840453828
1.2799401840453828
1.2799401840453828
1.2799401840453828
1.2799401840453828
1.2799401840453828
1.2799401840453828
1.2799401840453828
1.2799401840453828
1.2799401840453828
1.2799401840453828
1.2799401840453828
1.2799401840453828
1.2799401840453828
1.2799401840453828
1.2799401840453828
1.2799401840453828
1.2799401840453828
1.2799401840453828
1.2799401840453828
1.2799401840453828
1.2799401840453828
1.2799401840453828
1.2799401840453828
1.2799401840453828
1.2799401840453828
1.2799401840453828
1.2799401840453828
1.2799401840453828
1.2799401840453828
1.2799401840453828
1.2799401840453828
1.2799401840453828
1.2799401840453828
1.2799401840453828
1.2799401840453828
1.2799401840453828
1.2799401840453828
1.2799401840453828
1.2799401840453828
1.2799401840453828
1.2799401840453828
1.2799401840453828
1.2799401840453828
1.2799401840453828
1.2799401840453828
1.2799401840453828
1.2799401840453828
1.2799401840453828
1.2799401840453828
1.2799401840453828
1.2799401840453828
1.2799401840453828
1.2799401840453828
1.2799401840453828
1.2799401840453828
1.2799401840453828
1.2799401840453828
1.2799401840453828
1.2799401840453828
1.2799401840453828
1.2799401840453828
1.2799401840453828
1.2799401840453828
1.2799401840453828
1.2799401840453828
1.2799401840453828
1.2799401840453828
1.2799401840453828
1.2799401840453828
1.2799401840453828
1.2799401840453828
1.2799401840453828
1.2799401840453828
1.2799401840453828
1.2799401840453828
1.2799401840453828
1.2799401840453828
1.2799401840453828
1.2799401840453828
1.2799401840453828
1.2799401840453828
1.2799401840453828
1.2799401840453828
1.2799401840453828
1.2799401840453828
1.2799401840453828
1.2799401840453828
1.2799401840453828
1.2799401840453828
1.2799401840453828
1.2799401840453828
1.2799401840453828
1.2799401840453828
1.2799401840453828
1.2799401840453828
1.2799401840453828
1.2799401840453828
1.2799401840453828
1.2799401840453828
1.2799401840453828
1.2799401840453828
1.2799401840453828
1.2799401840453828
1.2799401840453828
1.2799401840453828
1.2799401840453828
1.2799401840453828
1.2799401840453828
1.2799401840453828
1.2799401840453828
1.2799401840453828
1.2799401840453828
1.2799401840453828
1.2799401840453828
1.2799401840453828
1.2799401840453828
1.2799401840453828
1.2799401840453828
1.2799401840453828
1.2799401840453828
1.2799401840453828
1.2799401840453828
1.2799401840453828
1.2799401840453828
1.2799401840453828
1.2799401840453828
1.2799401840453828
1.2799401840453828
1.2799401840453828
1.2799401840453828
1.2799401840453828
1.2799401840453828
1.2799401840453828
1.2799401840453828
1.2799401840453828
1.2799401840453828
1.2799401840453828
1.2799401840453828
1.2799401840453828
1.2799401840453828
1.2799401840453828
1.2799401840453828
1.2799401840453828
1.2799401840453828
1.2799401840453828
1.2799401840453828
1.2799401840453828
1.2799401840453828
1.2799401840453828
1.2799401840453828
1.2799401840453828
1.2799401840453828
1.2799401840453828
1.2799401840453828
1.2799401840453828
1.2799401840453828
1.2799401840453828
1.2799401840453828
1.2799401840453828
1.2799401840453828
1.2799401840453828
1.2799401840453828
1.2799401840453828
1.2799401840453828
1.2799401840453828
1.2799401840453828
1.2799401840453828
1.2799401840453828
1.2799401840453828
1.2799401840453828
1.2799401840453828
1.2799401840453828
1.2799401840453828
1.2799401840453828
1.2799401840453828
1.2799401840453828
1.2799401840453828
1.2799401840453828
1.2799401840453828
1.2799401840453828
1.2799401840453828
1.2799401840453828
1.2799401840453828
1.2799401840453828
1.2799401840453828
1.2799401840453828
1.2799401840453828
1.2799401840453828
1.2799401840453828
1.2799401840453828
1.2799401840453828
1.2799401840453828
1.2799401840453828
1.2799401840453828
1.2799401840453828
1.2799401840453828
1.2799401840453828
1.2799401840453828
1.2799401840453828
1.2799401840453828
1.2799401840453828
1.2799401840453828
1.2799401840453828
1.2799401840453828
1.2799401840453828
1.2799401840453828
1.2799401840453828
1.2799401840453828
1.2799401840453828
1.2799401840453828
1.2799401840453828
1.2799401840453828
1.2799401840453828
1.2799401840453828
1.2799401840453828
1.2799401840453828
1.2799401840453828
1.2799401840453828
1.2799401840453828
1.2799401840453828
1.2799401840453828
1.2799401840453828
1.2799401840453828
1.2799401840453828
1.2799401840453828
1.2799401840453828
1.2799401840453828
1.2799401840453828
1.2799401840453828
1.2799401840453828
1.2799401840453828
1.2799401840453828
1.2799401840453828
1.2799401840453828
1.2799401840453828
1.2799401840453828
1.2799401840453828
1.2799401840453828
1.2799401840453828
1.2799401840453828
1.2799401840453828
1.2799401840453828
1.2799401840453828
1.2799401840453828
1.2799401840453828
1.2799401840453828
1.2799401840453828
1.2799401840453828
1.2799401840453828
1.2799401840453828
1.2799401840453828
1.2799401840453828
1.2799401840453828
1.2799401840453828
1.2799401840453828
1.2799401840453828
1.2799401840453828
1.2799401840453828
1.2799401840453828
1.2799401840453828
1.2799401840453828
1.2799401840453828
1.2799401840453828
1.2799401840453828
1.2799401840453828
1.2799401840453828
1.2799401840453828
1.2799401840453828
1.2799401840453828
1.2799401840453828
1.2799401840453828
1.2799401840453828
1.2799401840453828
1.2799401840453828
1.2799401840453828
1.2799401840453828
1.2799401840453828
1.2799401840453828
1.2799401840453828
1.2799401840453828
1.2799401840453828
1.2799401840453828
1.2799401840453828
1.2799401840453828
1.2799401840453828
1.2799401840453828
1.2799401840453828
1.2799401840453828
1.2799401840453828
1.2799401840453828
1.2799401840453828
1.2799401840453828
1.2799401840453828
1.2799401840453828
1.2799401840453828
1.2799401840453828
1.2799401840453828
1.2799401840453828
1.2799401840453828
1.2799401840453828
1.2799401840453828
1.2799401840453828
1.2799401840453828
1.2799401840453828
1.2799401840453828
1.2799401840453828
1.2799401840453828
1.2799401840453828
1.2799401840453828
1.2799401840453828
1.2799401840453828
1.2799401840453828
1.2799401840453828
1.2799401840453828
1.2799401840453828
1.2799401840453828
1.2799401840453828
1.2799401840453828
1.2799401840453828
1.2799401840453828
1.2799401840453828
1.2799401840453828
1.2799401840453828
1.2799401840453828
1.2799401840453828
1.2799401840453828
1.2799401840453828
1.2799401840453828
1.2799401840453828
1.2799401840453828
1.2799401840453828
1.2799401840453828
1.2799401840453828
1.2799401840453828
1.2799401840453828
1.2799401840453828
1.2799401840453828
1.2799401840453828
1.2799401840453828
1.2799401840453828
1.2799401840453828
1.2799401840453828
1.2799401840453828
1.2799401840453828
1.2799401840453828
1.2799401840453828
1.2799401840453828
1.2799401840453828
1.2799401840453828
1.2799401840453828
1.2799401840453828
1.2799401840453828
1.2799401840453828
1.2799401840453828
1.2799401840453828
1.2799401840453828
1.2799401840453828
1.2799401840453828
1.2799401840453828
1.2799401840453828
1.2799401840453828
1.2799401840453828
1.2799401840453828
1.2799401840453828
1.2799401840453828
1.2799401840453828
1.2799401840453828
1.2799401840453828
1.2799401840453828
1.2799401840453828
1.2799401840453828
1.2799401840453828
1.2799401840453828
1.2799401840453828
1.2799401840453828
1.2799401840453828
1.2799401840453828
1.2799401840453828
1.2799401840453828
1.2799401840453828
1.2799401840453828
1.2799401840453828
1.2799401840453828
1.2799401840453828
1.2799401840453828
1.2799401840453828
1.2799401840453828
1.2799401840453828
1.2799401840453828
1.2799401840453828
1.2799401840453828
1.2799401840453828
1.2799401840453828
1.2799401840453828
1.2799401840453828
1.2799401840453828
1.2799401840453828
1.2799401840453828
1.2799401840453828
1.2799401840453828
1.2799401840453828
1.2799401840453828
1.2799401840453828
1.2799401840453828
1.2799401840453828
1.2799401840453828
1.2799401840453828
1.2799401840453828
1.2799401840453828
1.2799401840453828
1.2799401840453828
1.2799401840453828
1.2799401840453828
1.2799401840453828
1.2799401840453828
1.2799401840453828
1.2799401840453828
1.2799401840453828
1.2799401840453828
1.2799401840453828
1.2799401840453828
1.2799401840453828
1.2799401840453828
1.2799401840453828
1.2799401840453828
1.2799401840453828
1.2799401840453828
1.2799401840453828
1.2799401840453828
1.2799401840453828
1.2799401840453828
1.2799401840453828
1.2799401840453828
1.2799401840453828
1.2799401840453828
1.2799401840453828
1.2799401840453828
1.2799401840453828
1.2799401840453828
1.2799401840453828
1.2799401840453828
1.2799401840453828
1.2799401840453828
1.2799401840453828
1.2799401840453828
1.2799401840453828
1.2799401840453828
1.2799401840453828
1.2799401840453828
1.2799401840453828
1.2799401840453828
1.2799401840453828
1.2799401840453828
1.2799401840453828
1.2799401840453828
1.2799401840453828
1.2799401840453828
1.2799401840453828
1.2799401840453828
1.2799401840453828
1.2799401840453828
1.2799401840453828
1.2799401840453828
1.2799401840453828
1.2799401840453828
1.2799401840453828
1.2799401840453828
1.2799401840453828
1.2799401840453828
1.2799401840453828
1.2799401840453828
1.2799401840453828
1.2799401840453828
1.2799401840453828
1.2799401840453828
1.2799401840453828
1.2799401840453828
1.2799401840453828
1.2799401840453828
1.2799401840453828
1.2799401840453828
1.2799401840453828
1.2799401840453828
1.2799401840453828
1.2799401840453828
1.2799401840453828
1.2799401840453828
1.2799401840453828
1.2799401840453828
1.2799401840453828
1.2799401840453828
1.2799401840453828
1.2799401840453828
1.2799401840453828
1.2799401840453828
1.2799401840453828
1.2799401840453828
1.2799401840453828
1.2799401840453828
1.2799401840453828
1.2799401840453828
1.2799401840453828
1.2799401840453828
1.2799401840453828
1.2799401840453828
1.2799401840453828
1.2799401840453828
1.2799401840453828
1.2799401840453828
1.2799401840453828
1.2799401840453828
1.2799401840453828
1.2799401840453828
1.2799401840453828
1.2799401840453828
1.2799401840453828
1.2799401840453828
1.2799401840453828
1.2799401840453828
1.2799401840453828
1.2799401840453828
1.2799401840453828
1.2799401840453828
1.2799401840453828
1.2799401840453828
1.2799401840453828
1.2799401840453828
1.2799401840453828
1.2799401840453828
1.2799401840453828
1.2799401840453828
1.2799401840453828
1.2799401840453828
1.2799401840453828
1.2799401840453828
1.2799401840453828
1.2799401840453828
1.2799401840453828
1.2799401840453828
1.2799401840453828
1.2799401840453828
1.2799401840453828
1.2799401840453828
1.2799401840453828
1.2799401840453828
1.2799401840453828
1.2799401840453828
1.2799401840453828
1.2799401840453828
1.2799401840453828
1.2799401840453828
1.2799401840453828
1.2799401840453828
1.2799401840453828
1.2799401840453828
1.2799401840453828
1.2799401840453828
1.2799401840453828
1.2799401840453828
1.2799401840453828
1.2799401840453828
1.2799401840453828
1.2799401840453828
1.2799401840453828
1.2799401840453828
1.2799401840453828
1.2799401840453828
1.2799401840453828
1.2799401840453828
1.2799401840453828
1.2799401840453828
1.2799401840453828
1.2799401840453828
1.2799401840453828
1.2799401840453828
1.2799401840453828
1.2799401840453828
1.2799401840453828
1.2799401840453828
1.2799401840453828
1.2799401840453828
1.2799401840453828
1.2799401840453828
1.2799401840453828
1.2799401840453828
1.2799401840453828
1.2799401840453828
1.2799401840453828
1.2799401840453828
1.2799401840453828
1.2799401840453828
1.2799401840453828
1.2799401840453828
1.2799401840453828
1.2799401840453828
1.2799401840453828
1.2799401840453828
1.2799401840453828
1.2799401840453828
1.2799401840453828
1.2799401840453828
1.2799401840453828
1.2799401840453828
1.2799401840453828
1.2799401840453828
1.2799401840453828
1.2799401840453828
1.2799401840453828
1.2799401840453828
1.2799401840453828
1.2799401840453828
1.2799401840453828
1.2799401840453828
1.2799401840453828
1.2799401840453828
1.2799401840453828
1.2799401840453828
1.2799401840453828
1.2799401840453828
1.2799401840453828
1.2799401840453828
1.2799401840453828
1.2799401840453828
1.2799401840453828
1.2799401840453828
1.2799401840453828
1.2799401840453828
1.2799401840453828
1.2799401840453828
1.2799401840453828
1.2799401840453828
1.2799401840453828
1.2799401840453828
1.2799401840453828
1.2799401840453828
1.2799401840453828
1.2799401840453828
1.2799401840453828
1.2799401840453828
1.2799401840453828
1.2799401840453828
1.2799401840453828
1.2799401840453828
1.2799401840453828
1.2799401840453828
1.2799401840453828
1.2799401840453828
1.2799401840453828
1.2799401840453828
1.2799401840453828
1.2799401840453828
1.2799401840453828
1.2799401840453828
1.2799401840453828
1.2799401840453828
1.2799401840453828
1.2799401840453828
1.2799401840453828
1.2799401840453828
1.2799401840453828
1.2799401840453828
1.2799401840453828
1.2799401840453828
1.2799401840453828
1.2799401840453828
1.2799401840453828
1.2799401840453828
1.2799401840453828
1.2799401840453828
1.2799401840453828
1.2799401840453828
1.2799401840453828
1.2799401840453828
1.2799401840453828
1.2799401840453828
1.2799401840453828
1.2799401840453828
1.2799401840453828
1.2799401840453828
1.2799401840453828
1.2799401840453828
1.2799401840453828
1.2799401840453828
1.2799401840453828
1.2799401840453828
1.2799401840453828
1.2799401840453828
1.2799401840453828
1.2799401840453828
1.2799401840453828
1.2799401840453828
1.2799401840453828
1.2799401840453828
1.2799401840453828
1.2799401840453828
1.2799401840453828
1.2799401840453828
1.2799401840453828
1.2799401840453828
1.2799401840453828
1.2799401840453828
1.2799401840453828
1.2799401840453828
1.2799401840453828
1.2799401840453828
1.2799401840453828
1.2799401840453828
1.2799401840453828
1.2799401840453828
1.2799401840453828
1.2799401840453828
1.2799401840453828
1.2799401840453828
1.2799401840453828
1.2799401840453828
1.2799401840453828
1.2799401840453828
1.2799401840453828
1.2799401840453828
1.2799401840453828
1.2799401840453828
1.2799401840453828
1.2799401840453828
1.2799401840453828
1.2799401840453828
1.2799401840453828
1.2799401840453828
1.2799401840453828
1.2799401840453828
1.2799401840453828
1.2799401840453828
1.2799401840453828
1.2799401840453828
1.2799401840453828
1.2799401840453828
1.2799401840453828
1.2799401840453828
1.2799401840453828
1.2799401840453828
1.2799401840453828
1.2799401840453828
1.2799401840453828
1.2799401840453828
1.2799401840453828
1.2799401840453828
1.2799401840453828
1.2799401840453828
1.2799401840453828
1.2799401840453828
1.2799401840453828
1.2799401840453828
1.2799401840453828
1.2799401840453828
1.2799401840453828
1.2799401840453828
1.2799401840453828
1.2799401840453828
1.2799401840453828
1.2799401840453828
1.2799401840453828
1.2799401840453828
1.2799401840453828
1.2799401840453828
1.2799401840453828
1.2799401840453828
1.2799401840453828
1.2799401840453828
1.2799401840453828
1.2799401840453828
1.2799401840453828
1.2799401840453828
1.2799401840453828
1.2799401840453828
1.2799401840453828
1.2799401840453828
1.2799401840453828
1.2799401840453828
1.2799401840453828
1.2799401840453828
1.2799401840453828
1.2799401840453828
1.2799401840453828
1.2799401840453828
1.2799401840453828
1.2799401840453828
1.2799401840453828
1.2799401840453828
1.2799401840453828
1.2799401840453828
1.2799401840453828
1.2799401840453828
1.2799401840453828
1.2799401840453828
1.2799401840453828
1.2799401840453828
1.2799401840453828
1.2799401840453828
1.2799401840453828
1.2799401840453828
1.2799401840453828
1.2799401840453828
1.2799401840453828
1.2799401840453828
1.2799401840453828
1.2799401840453828
1.2799401840453828
1.2799401840453828
1.2799401840453828
1.2799401840453828
1.2799401840453828
1.2799401840453828
1.2799401840453828
1.2799401840453828
1.2799401840453828
1.2799401840453828
1.2799401840453828
1.2799401840453828
1.2799401840453828
1.2799401840453828
1.2799401840453828
1.2799401840453828
1.2799401840453828
1.2799401840453828
1.2799401840453828
1.2799401840453828
1.2799401840453828
1.2799401840453828
1.2799401840453828
1.2799401840453828
1.2799401840453828
1.2799401840453828
1.2799401840453828
1.2799401840453828
1.2799401840453828
1.2799401840453828
1.2799401840453828
1.2799401840453828
1.2799401840453828
1.2799401840453828
1.2799401840453828
1.2799401840453828
1.2799401840453828
1.2799401840453828
1.2799401840453828
1.2799401840453828
1.2799401840453828
1.2799401840453828
1.2799401840453828
1.2799401840453828
1.2799401840453828
1.2799401840453828
1.2799401840453828
1.2799401840453828
1.2799401840453828
1.2799401840453828
1.2799401840453828
1.2799401840453828
1.2799401840453828
1.2799401840453828
1.2799401840453828
1.2799401840453828
1.2799401840453828
1.2799401840453828
1.2799401840453828
1.2799401840453828
1.2799401840453828
1.2799401840453828
1.2799401840453828
1.2799401840453828
1.2799401840453828
1.2799401840453828
1.2799401840453828
1.2799401840453828
1.2799401840453828
1.2799401840453828
1.2799401840453828
1.2799401840453828
1.2799401840453828
1.2799401840453828
1.2799401840453828
1.2799401840453828
1.2799401840453828
1.2799401840453828
1.2799401840453828
1.2799401840453828
1.2799401840453828
1.2799401840453828
1.2799401840453828
1.2799401840453828
1.2799401840453828
1.2799401840453828
1.2799401840453828
1.2799401840453828
1.2799401840453828
1.2799401840453828
1.2799401840453828
1.2799401840453828
1.2799401840453828
1.2799401840453828
1.2799401840453828
1.2799401840453828
1.2799401840453828
1.2799401840453828
1.2799401840453828
1.2799401840453828
1.2799401840453828
1.2799401840453828
1.2799401840453828
1.2799401840453828
1.2799401840453828
1.2799401840453828
1.2799401840453828
1.2799401840453828
1.2799401840453828
1.2799401840453828
1.2799401840453828
1.2799401840453828
1.2799401840453828
1.2799401840453828
1.2799401840453828
1.2799401840453828
1.2799401840453828
1.2799401840453828
1.2799401840453828
1.2799401840453828
1.2799401840453828
1.2799401840453828
1.2799401840453828
1.2799401840453828
1.2799401840453828
1.2799401840453828
1.2799401840453828
1.2799401840453828
1.2799401840453828
1.2799401840453828
1.2799401840453828
1.2799401840453828
1.2799401840453828
1.2799401840453828
1.2799401840453828
1.2799401840453828
1.2799401840453828
1.2799401840453828
1.2799401840453828
1.2799401840453828
1.2799401840453828
1.2799401840453828
1.2799401840453828
1.2799401840453828
1.2799401840453828
1.2799401840453828
1.2799401840453828
1.2799401840453828
1.2799401840453828
1.2799401840453828
1.2799401840453828
1.2799401840453828
1.2799401840453828
1.2799401840453828
1.2799401840453828
1.2799401840453828
1.2799401840453828
1.2799401840453828
1.2799401840453828
1.2799401840453828
1.2799401840453828
1.2799401840453828
1.2799401840453828
1.2799401840453828
1.2799401840453828
1.2799401840453828
1.2799401840453828
1.2799401840453828
1.2799401840453828
1.2799401840453828
1.2799401840453828
1.2799401840453828
1.2799401840453828
1.2799401840453828
1.2799401840453828
1.2799401840453828
1.2799401840453828
1.2799401840453828
1.2799401840453828
1.2799401840453828
1.2799401840453828
1.2799401840453828
1.2799401840453828
1.2799401840453828
1.2799401840453828
1.2799401840453828
1.2799401840453828
1.2799401840453828
1.2799401840453828
1.2799401840453828
1.2799401840453828
1.2799401840453828
1.2799401840453828
1.2799401840453828
1.2799401840453828
1.2799401840453828
1.2799401840453828
1.2799401840453828
1.2799401840453828
1.2799401840453828
1.2799401840453828
1.2799401840453828
